0.00013002
0.00021334
0.00022943
0.00022943
0.00027395
0.00027395
0.00016750
0.00020787
0.00020787
0.00019095
0.00019095
0.00018012
0.00012699
0.00011248
0.00015202
0.00022739
0.00022739
0.00025182
0.00044970
0.00045605
0.00045605
0.00029234
0.00019849
0.00019849
0.00017711
0.00027033
0.00027033
0.00020286
0.00019040
0.00039599
0.00041053
0.00041053
0.00020813
0.00013795
0.00023481
0.00026410
0.00026410
0.00013868
0.00014319
0.00014914
0.00014914
0.00021228
0.00021228
0.00013587
0.00011399
0.00016689
0.00016689
0.00019060
0.00025797
0.00025797
0.00031369
0.00031369
0.00018238
0.00011617
0.00012327
0.00012327
0.00006645
0.00008859
0.00013790
0.00027089
0.00040197
0.00040197
0.00026653
0.00026653
0.00041561
0.00041561
0.00026937
0.00014993
0.00022408
0.00035837
0.00035837
0.00021949
0.00021949
0.00020662
0.00019515
0.00007497
0.00019145
0.00019605
0.00020207
0.00023459
0.00024333
0.00036772
0.00042002
0.00042002
0.00026490
0.00019377
0.00019377
0.00027546
0.00027546
0.00026223
0.00018216
0.00017995
0.00017607
0.00017778
0.00017778
0.00015379
0.00015379
0.00016302
0.00016302
0.00011656
0.00021665
0.00021665
0.00019522
0.00019522
0.00005284
0.00015832
0.00015832
0.00023147
0.00023147
0.00004362
0.00020545
0.00024130
0.00024130
0.00018335
0.00018557
0.00023668
0.00023668
0.00016939
0.00009422
0.00014920
0.00015910
0.00023666
0.00036884
0.00036884
0.00022550
0.00031370
0.00031370
0.00019612
0.00021187
0.00033693
0.00033693
0.00021092
0.00012055
0.00013145
0.00013145
0.00011964
0.00011964
0.00013935
0.00025067
0.00029361
0.00041819
0.00041819
0.00025187
0.00022240
0.00031490
0.00031490
0.00020267
0.00039240
0.00045303
0.00045303
0.00032522
0.00019840
0.00004531
0.00017241
0.00013704
0.00012527
0.00012527
0.00028639
0.00028639
0.00037508
0.00037508
0.00021235
0.00020073
0.00021115
0.00021115
0.00024802
0.00024802
0.00010543
0.00017241
0.00019099
0.00035218
0.00035218
0.00018616
0.00026997
0.00032694
0.00032694
0.00026136
0.00016350
0.00012352
0.00020213
0.00020213
0.00019412
0.00019412
0.00014806
0.00000000
0.00000000
0.00000000
0.00000000
0.00000000
0.00000000
0.00000000
0.00055984
0.00109631
0.00000000
0.00000000
0.00000000
0.00000000
0.00109631
0.00093462
0.00000000
0.00000000
0.00001153
0.00000000
0.00016905
0.00023809
0.00029882
0.00029882
0.00029658
0.00029658
0.00024307
0.00024307
0.00022791
0.00026218
0.00026218
0.00023956
0.00025995
0.00025995
0.00013141
0.00000000
0.00000000
0.00000000
0.00012352
0.00000000
0.00008455
0.00016881
0.00016881
0.00011234
0.00007961
0.00018457
0.00019913
0.00019913
0.00024037
0.00028215
0.00028215
0.00019323
0.00019323
0.00031389
0.00031389
0.00029841
0.00029841
0.00010920
0.00008949
0.00008949
0.00017663
0.00021170
0.00021170
0.00011309
0.00014462
0.00014462
0.00013056
0.00017448
0.00017448
0.00014143
0.00022790
0.00029542
0.00029542
0.00036166
0.00036166
0.00023755
0.00018725
0.00018725
0.00016776
0.00020191
0.00020191
0.00013688
0.00013958
0.00013958
0.00022942
0.00022942
0.00017974
0.00011601
0.00010432
0.00022591
0.00022591
0.00017648
0.00012562
0.00015425
0.00026935
0.00026935
0.00026319
0.00018946
0.00013372
0.00016715
0.00026270
0.00026270
0.00021875
0.00020579
0.00012304
0.00015384
0.00015384
0.00012756
0.00006896
0.00032524
0.00032524
0.00030610
0.00013990
0.00034136
0.00034136
0.00022731
0.00012717
0.00004981
0.00028930
0.00028930
0.00013805
0.00013805
0.00011014
0.00011014
0.00015203
0.00015203
0.00013120
0.00009530
0.00012519
0.00012519
0.00016628
0.00026336
0.00026336
