1.49980
2.39600
3.88129
4.77743
6.26521
7.15846
8.64808
9.50590
10.76759
11.56577
12.94317
13.64788
14.54487
15.17402
16.22684
16.88739
18.01310
18.73137
19.95859
20.75936
22.13896
22.90577
24.05080
24.79392
26.09889
26.85033
27.89114
28.67691
30.10216
30.89604
32.06565
32.80362
34.07239
34.80601
35.99585
36.61690
37.40505
37.80001
38.30741
38.37986
38.11584
37.84470
37.19928
36.88050
36.43598
36.23496
36.00069
35.97953
36.15148
36.23278
36.34695
36.42603
36.57457
36.69269
36.93546
37.20705
37.86126
38.33803
39.26956
39.73912
40.38072
40.78085
41.47060
41.84832
42.41857
42.76181
43.33592
43.68856
44.29510
44.66001
45.26988
45.65611
46.30404
46.92178
48.23638
49.02559
50.38775
51.07368
51.93108
52.32683
52.68243
53.10703
54.12680
54.53916
54.88090
55.14040
55.55196
55.91925
56.72260
57.13035
57.69844
58.01167
58.49692
58.60506
58.45531
58.42940
58.48283
58.35377
57.85220
57.69895
57.65084
57.63120
57.63676
57.56892
57.35864
57.30343
57.31467
57.28794
57.17855
57.33724
57.98925
58.20153
58.26277
58.34797
58.52501
58.67793
58.93376
59.36384
60.45538
61.14948
62.43288
63.01281
63.59840
63.99386
64.67490
65.10392
65.85318
66.31238
67.09785
67.58293
68.40322
69.01959
70.19934
71.00295
72.42613
73.28225
74.71513
75.59156
76.97180
77.78534
78.96855
79.67593
80.80937
81.44575
82.29669
83.03014
84.45954
85.29331
86.54616
87.27963
88.43916
89.14285
90.34450
91.02912
92.13605
92.63159
93.11201
93.37522
93.70705
93.88190
94.12024
94.23874
94.38575
94.50552
94.73691
95.02091
95.68439
96.25736
97.44749
98.10298
99.02469
99.45368
99.88282
100.19615
100.73453
101.09231
101.70106
102.21194
103.29327
103.84504
104.62689
105.00447
105.43879
105.64505
105.92111
105.86724
105.32373
105.32123
105.75607
106.19487
107.19805
107.72747
108.56281
108.85589
108.88974
109.19649
110.05954
110.60723
111.58752
112.29582
113.61609
114.47528
115.93645
116.81225
118.25626
119.09320
120.38710
121.19978
122.55410
123.40227
124.79571
125.66669
127.14069
128.02640
129.48010
130.37014
131.76716
132.51929
133.52775
134.20420
135.38104
136.04717
136.98454
137.59753
138.64176
139.34605
140.64441
141.28138
142.09474
142.39356
142.53420
142.55647
142.45788
142.38719
142.19549
142.28630
142.77335
142.97359
143.23089
143.31750
143.32989
143.44597
143.80974
144.06975
144.59247
144.85561
145.19501
145.33614
145.43915
145.65983
146.26801
146.76612
147.80788
148.37186
149.21627
149.65581
150.26219
150.63565
151.26422
151.65338
152.30129
152.68387
153.29983
153.68911
154.32209
154.80599
155.77622
156.31604
157.12602
157.74647
158.99138
159.57361
160.23727
160.56709
160.91512
161.33244
162.33154
162.81504
163.43876
163.82384
164.48361
164.73775
164.87035
165.05187
165.49055
165.59759
165.50238
165.53994
165.73715
165.77468
165.68070
165.86807
166.54168
166.94959
167.68240
168.04881
168.54262
168.75046
168.87688
168.99958
169.25239
169.38509
169.58397
169.73780
170.01401
170.32306
171.02604
171.46262
172.18161
172.79174
173.98976
174.70746
175.83236
176.55022
177.76196
178.59992
180.07099
180.90686
182.17803
182.98385
184.36439
185.14388
186.34736
187.01221
187.96017
188.44793
189.11297
189.40117
189.62396
189.92570
190.70625
190.99120
191.14289
191.29834
191.58360
191.84516
192.37901
192.86828
193.90765
194.52897
195.60168
196.25896
197.40814
197.90787
198.34219
198.67853
199.28848
199.63648
200.16479
200.52960
201.24409
201.43270
201.33371
201.29746
201.26051
201.18563
200.93021
201.01373
201.51325
201.77680
202.18595
202.52988
203.25861
203.67793
204.24349
204.76520
205.85184
206.59706
207.96123
208.78952
210.07913
210.81625
211.85382
212.53577
213.73352
214.44949
215.68246
216.23259
216.75225
217.03757
217.37588
217.75684
218.68718
219.12787
219.69462
220.02303
220.52452
220.97370
221.92627
222.52114
223.54882
224.14254
225.03723
225.69364
226.90655
227.63973
228.76287
229.42764
230.51377
231.25131
232.55610
233.39473
234.83480
235.57548
236.51056
236.97833
237.51863
237.91959
238.65097
238.97154
239.29489
239.39589
239.35600
239.34516
239.31914
239.33797
239.35586
239.51064
240.05615
240.08424
239.66954
239.34946
238.65191
238.22239
237.46408
237.03282
236.38011
235.94599
235.17692
234.58327
233.44791
232.72425
231.44778
230.70383
229.48910
228.77164
227.57676
226.95900
226.17117
225.58778
224.49729
223.68640
222.19763
221.32557
219.96391
219.18093
218.00578
217.24862
215.95037
215.16955
213.86078
213.04186
211.64944
210.80605
209.38462
208.56990
207.36472
206.52773
205.04057
204.16093
202.71047
201.84442
200.48718
199.67157
198.31142
197.50239
196.15896
195.39266
194.25304
193.46733
192.04647
191.22338
189.89071
189.08627
187.73436
187.02706
186.13049
185.60754
184.76922
184.36225
183.88032
183.64511
183.42293
183.19525
182.66813
182.50590
182.51211
182.32177
181.75629
181.25802
180.16751
179.52800
178.55121
177.87354
176.64360
175.86573
174.48488
173.75382
172.80452
172.06871
170.68202
169.92050
168.84357
168.20748
167.21036
166.61108
165.61938
165.01554
163.97236
163.50499
163.02792
162.76764
162.41954
162.14848
161.63256
161.40155
161.13631
161.00823
160.82223
160.91023
161.39094
161.64273
161.95969
162.39047
163.44135
164.01334
164.89268
165.43792
166.37364
166.90139
167.66365
168.24727
169.39691
170.00096
170.81422
171.40464
172.48641
173.26416
174.69577
175.59155
177.05779
177.92591
179.33522
180.17484
181.53895
182.40786
183.90141
184.78260
186.21928
187.08286
188.53417
189.33343
190.49800
191.07439
191.71081
192.22012
193.19305
193.90677
195.24238
195.95505
197.00102
197.53742
198.24736
198.65970
199.29385
199.63795
200.13258
200.44260
200.94465
201.31532
202.02526
202.48233
203.30092
203.80638
204.67507
205.10708
205.61773
206.05470
206.99084
207.46635
208.16759
208.58338
209.26545
209.72915
210.59066
211.03882
211.66805
212.09911
212.89191
213.49269
214.66629
215.40145
216.67435
217.45670
218.74940
219.49701
220.69023
221.33427
222.19243
222.75031
223.70511
224.42604
225.80411
226.63738
228.04777
228.91865
230.37926
231.25177
232.65539
233.50487
234.93292
235.76976
237.15654
237.83503
238.57651
239.09850
240.01749
240.56240
241.49812
241.81110
241.88653
241.80588
241.41636
241.18431
240.80539
240.49591
239.87487
239.36030
238.30844
237.61914
236.39217
