0.00005508
0.00002335
0.00005508
0.00001343
0.00000000
0.00004660
0.00004660
0.00007811
0.00007811
0.00008915
0.00030283
0.00030283
0.00006946
0.00007087
0.00007087
0.00008646
0.00008646
0.00002107
0.00001685
0.00025178
0.00025178
0.00005711
0.00003643
0.00007228
0.00323254
0.00323254
0.00127770
0.00117569
0.00164638
0.00417913
0.00417913
0.00417559
0.00012453
0.00000000
0.00000000
0.00000338
0.00003780
0.00003780
0.00005854
0.00005854
0.00005440
0.00007013
0.00007013
0.00003355
0.00004128
0.00004697
0.00004697
0.00000000
0.00007730
0.00001590
0.00007730
0.00005228
0.00003419
0.00000427
0.00004003
0.00163562
0.00163562
0.00012366
0.00122001
0.00122001
0.00005583
0.00002225
0.00004009
0.00004009
0.00088210
0.00088210
0.00003130
0.00003702
0.00003702
0.00009625
0.00004259
0.00000000
0.00072816
0.00072816
0.00013468
0.00059157
0.00059157
0.00163281
0.00175250
0.00175250
0.00035791
0.00035791
0.00002458
0.00004399
0.00004924
0.00004924
0.00004250
0.00002389
0.00002389
0.00002499
0.00002499
0.00000000
0.00004391
0.00179273
0.00179273
0.00004391
0.00002121
0.00004212
0.00001315
0.00000000
