1.49976
2.37807
3.76822
4.63208
6.09609
6.64382
6.63318
6.92349
7.61237
8.15759
9.04038
9.76449
10.99789
11.76180
13.08518
13.57473
13.52465
13.82810
14.40042
14.73729
15.28124
15.30398
14.71758
14.82842
15.62884
16.22795
17.32351
17.80937
17.69860
17.77824
18.22979
17.66715
16.18898
15.42205
14.91937
14.50546
14.00124
13.66089
13.04940
13.47614
14.83381
15.65941
17.03886
17.92599
19.42154
20.24998
21.26546
21.98060
23.23197
23.80022
23.78110
24.20563
25.36511
25.90707
26.39329
27.11575
28.55576
29.29971
29.55054
29.75074
29.93687
30.09887
30.36785
30.82050
31.94661
32.59539
33.66860
34.33245
35.30374
36.19407
37.21713
37.96835
39.24396
39.93412
40.86461
40.86743
39.94613
39.22905
37.78168
36.91983
35.44471
34.78920
34.53881
34.08248
32.95591
32.61782
32.84621
33.06202
33.77037
33.62628
32.66394
32.21662
31.59531
31.31004
30.87680
31.10884
32.11155
32.92202
34.41530
35.11247
35.42849
35.56270
35.59208
35.39038
34.87862
34.64725
34.29702
34.72679
36.02886
36.81689
37.98032
38.80429
40.28924
41.06707
42.02234
42.71181
43.92344
44.58880
45.58674
46.19786
47.20369
47.72597
48.55600
48.59514
47.88033
47.37483
46.25966
45.92590
46.11717
46.02392
45.40952
45.84587
47.31428
48.19518
49.63620
50.36507
50.82782
51.21408
51.64204
51.93611
52.46173
52.67222
52.97424
52.75873
52.00142
51.73606
51.57181
51.61872
52.13357
51.84155
50.58517
49.90913
48.80716
48.19375
47.23157
46.72772
46.06314
45.60189
44.90251
44.11588
42.74338
41.95383
40.77455
40.04881
38.96984
38.09926
36.64322
35.83444
34.74956
34.09589
33.08891
32.81973
33.11253
33.81425
35.30924
36.11588
37.09942
37.45254
37.06993
36.99823
36.94990
36.98044
37.01389
37.38749
37.97117
38.72014
39.98021
40.82738
42.16785
42.88081
43.76318
44.05511
44.01441
44.08479
44.09448
44.68007
46.09501
46.32703
45.41368
44.85141
43.74464
43.29547
42.15015
42.21942
43.39644
44.22259
45.12738
44.79888
43.33243
42.61882
41.19410
40.49388
40.10687
39.37552
38.53689
38.03462
37.49843
37.74351
38.92024
38.84383
37.47335
37.31192
38.24455
38.97442
40.30934
40.97154
41.55127
41.83606
42.06042
41.70235
40.70879
39.85254
39.38629
38.66066
37.27213
36.80127
36.94607
37.42949
38.80399
39.47238
40.10249
40.84719
42.29084
42.98391
43.55228
43.82320
43.93065
44.39738
45.66514
46.22872
46.62754
47.41661
48.75418
49.57429
50.92762
51.62543
52.53919
53.03683
53.79887
53.86584
53.24896
53.11345
53.38454
52.95591
51.94798
51.54011
51.55726
51.19072
50.18752
49.62449
48.87864
48.24236
46.87311
46.50330
46.90703
47.14253
47.61098
48.12692
49.29166
49.77022
50.15612
50.46846
50.92391
51.47583
52.22236
52.19667
51.16271
51.27771
52.53615
52.91099
52.76978
53.23995
54.57251
55.42462
56.81292
57.63426
58.85480
59.69194
60.57036
60.57095
59.64137
59.13343
58.52061
59.02510
60.46539
61.17657
61.72317
62.33279
63.55652
64.29528
65.40487
66.27852
67.05778
67.27532
66.88816
67.01906
67.61962
68.18271
68.93449
69.79349
71.19973
71.89896
72.29427
73.16539
74.06703
74.43843
74.24499
74.86102
76.04363
76.71675
77.66463
77.66306
76.67087
76.22318
75.58479
75.25725
74.79101
74.73234
75.04981
75.13354
75.06498
75.17418
75.55113
75.78275
76.19655
76.45547
76.73790
77.37787
78.55797
79.35340
80.07286
80.63159
81.54333
82.34075
83.65002
84.54953
85.91367
86.69848
87.87096
88.62067
89.91480
90.69535
91.92975
92.54158
92.31991
92.30139
92.33924
91.88434
90.60436
89.89925
88.72711
88.40664
88.91017
88.35529
86.85606
86.01061
85.01255
84.26926
82.91126
82.11940
80.85691
80.22720
80.15718
79.64282
78.55683
77.86892
76.60061
76.52623
77.65035
78.29289
79.46803
80.20315
81.40426
82.17490
83.51435
84.08702
84.10168
83.68370
82.62174
82.07863
81.36418
80.95444
80.44884
79.90493
78.97997
78.53127
78.09975
78.04332
78.22816
78.39673
78.90340
78.79711
78.06742
77.73046
77.55228
77.21238
76.31612
75.96626
75.55294
75.78760
76.93846
77.19263
76.82433
76.88953
77.38935
77.45295
77.05089
77.36697
78.21643
78.80746
79.70176
80.59979
81.31826
82.03451
83.31789
84.07667
85.29979
86.09833
87.50982
88.15621
88.23492
88.91749
90.29288
91.18234
92.65381
93.38669
93.65846
93.81420
93.83373
93.85665
94.07082
93.61518
92.22210
91.42745
90.33323
90.25873
91.05697
91.89490
92.95091
93.65461
94.83398
95.33892
95.60271
96.17310
96.87466
97.75054
98.89570
99.52348
99.20665
99.41078
100.01279
100.66092
101.72543
102.51941
103.70782
104.58791
105.82071
106.02516
105.11817
104.61446
103.74427
103.02351
101.64281
101.29531
101.82427
102.35537
103.57571
104.25391
105.12305
105.48004
105.63822
106.00445
106.82282
107.49063
108.77050
109.53214
110.85711
111.40447
111.82777
111.73817
110.98064
110.45532
109.41932
108.70374
107.57759
106.84193
106.67593
106.58195
106.75508
106.72845
106.52939
106.37324
105.92597
106.04902
106.87247
107.05840
106.88902
106.94823
107.24439
107.39202
107.33652
108.07851
109.34953
110.18627
111.50229
112.36963
113.24962
113.62280
113.73798
113.75903
113.43301
113.84379
114.91606
115.45835
116.12929
116.70298
117.79378
118.58905
119.53806
120.32911
121.63812
122.46048
123.28223
124.04454
125.47107
126.32039
127.27490
127.93660
129.02848
129.78329
131.17654
131.81990
132.02944
132.78748
134.25868
134.72757
134.14259
134.38893
135.17204
135.72642
136.79061
137.40240
138.32292
138.73512
139.31916
139.04766
137.76878
137.27475
137.12668
137.53250
138.88631
139.54696
140.42920
140.95879
141.74419
142.23944
143.01076
143.85069
144.91676
145.02585
144.02929
144.12108
145.35153
145.31069
144.09251
143.25081
141.79688
140.93467
139.55598
138.98597
138.60607
138.79660
139.54920
140.42721
141.35436
142.22246
143.44429
143.86989
144.63358
145.48373
146.72903
147.43861
147.29590
147.29624
147.25523
146.98221
146.69228
145.93344
144.50561
143.85612
143.31886
143.61233
144.71343
145.40878
145.48276
146.12958
147.54468
148.22128
148.59688
148.90043
149.14022
149.79012
151.16430
151.71696
152.41356
152.87302
153.71030
153.99667
154.09738
153.59062
152.44361
151.84025
151.33309
151.01867
150.72559
150.17712
150.21772
150.24394
150.25985
150.83965
152.28470
152.93126
153.43324
154.00707
155.22134
155.96126
157.24726
157.98563
159.30785
159.41758
158.28678
157.65402
156.77652
156.37867
156.32153
156.21979
156.00487
155.36740
154.12724
153.53457
153.47655
153.68340
153.35511
153.59122
154.55042
155.10297
155.33271
155.57609
155.90574
156.03847
156.09311
156.28021
156.79514
156.96561
157.03316
157.08843
157.23408
157.03246
156.26616
155.94417
155.69056
155.79164
155.49697
155.18541
154.56704
153.86756
152.88214
152.91906
154.04025
154.60189
155.40138
156.06820
156.63349
157.49666
158.76060
159.12962
158.70868
158.22080
157.10512
156.52136
155.42922
154.89287
154.19938
153.61434
152.61666
151.85998
151.43090
150.98751
150.30208
149.51990
148.08430
147.32696
146.77959
146.39591
145.83683
145.70969
145.89307
145.90639
145.59274
146.15338
147.55812
148.18983
147.84465
147.90572
148.38795
147.90386
146.51390
145.86530
145.81924
145.18230
144.35207
143.82796
142.97763
142.83818
143.43020
143.21815
142.19276
141.46157
140.01106
139.39945
138.94006
139.15962
140.02686
140.91349
141.89684
142.71442
144.11539
144.97289
146.42616
147.28051
148.65714
149.53476
151.02973
151.76481
152.09578
152.70224
153.99611
154.50347
154.77976
154.88103
154.89772
154.57407
153.67486
153.23661
152.30627
151.55588
150.40940
149.66865
148.91013
148.41772
147.94830
148.37932
149.68971
150.17498
150.16829
150.41786
150.03124
150.33969
151.51520
151.84969
152.23969
152.84144
154.00173
153.95370
152.72023
151.93680
151.80972
151.63242
151.56113
151.53817
151.44163
151.81189
152.61518
153.05635
153.00096
153.19325
153.68455
154.00851
154.48069
154.50370
155.47366
155.95798
156.42355
156.23370
155.18486
155.20934
156.16952
156.52775
156.92285
156.83972
156.15193
155.83026
155.23966
155.40785
156.30836
156.74416
157.33398
157.75532
158.59042
158.85845
158.86671
158.99782
159.46733
159.32725
158.47916
158.08053
157.31668
157.58072
158.78388
159.56516
160.28971
160.71274
161.16000
161.57764
161.79971
162.42087
163.45897
163.94983
164.64492
164.31574
162.89299
162.21091
161.79237
161.49969
161.11275
160.90068
160.53522
160.55943
160.96172
161.30227
162.06471
162.50044
163.22722
163.52472
163.73211
163.60237
162.96363
162.47010
161.26868
161.26183
162.40994
163.15078
164.54237
165.27484
166.14150
166.62136
167.29083
167.62455
168.06342
168.15290
167.96167
167.77920
167.38545
166.80330
165.51445
164.69594
164.08467
163.83682
163.80696
164.10603
164.80921
165.56092
166.95656
167.23672
166.39111
166.24003
166.40980
166.45444
166.40450
166.74474
167.72223
168.40043
169.04929
168.80863
167.49130
166.77023
165.60471
164.82277
163.53399
162.72584
162.73546
161.98238
160.53240
159.82815
159.31335
158.97804
158.74671
157.99572
156.98493
156.48983
156.27778
156.08229
155.58775
155.92466
157.32775
157.54451
156.64121
156.17461
155.33913
154.78465
153.77066
153.16413
152.01521
151.94926
152.97971
153.44913
154.13119
154.57462
155.46046
155.54486
154.91261
154.60166
154.49203
154.84363
155.89016
156.22149
155.97591
156.66563
158.03490
158.78478
159.66293
160.44859
161.94744
162.52076
162.13886
162.62984
163.85953
164.37248
164.63507
165.01524
165.91132
166.34498
167.10175
166.81452
165.46599
164.62597
163.69508
162.94582
161.53860
160.82387
160.07616
159.46470
158.39948
157.82648
157.52479
157.26445
156.73884
156.80767
157.53184
157.72590
157.39942
157.31139
157.31396
157.01126
156.09909
156.01237
156.66083
156.95314
157.19371
157.26862
157.23441
157.15103
156.69663
157.06881
158.42355
159.07438
159.73515
160.38625
161.56986
162.42359
163.07765
163.22609
162.77949
162.65955
162.69224
162.95264
163.55730
164.33318
165.20493
165.97378
167.32705
168.07617
168.56739
168.99030
169.75184
169.92061
169.64756
169.16491
168.32834
167.79819
166.86098
166.14631
164.87366
164.02650
163.75847
163.69897
163.24699
163.50573
164.76330
165.54814
166.74784
167.25373
167.21455
167.08773
166.71066
166.39507
165.84944
165.40980
165.31687
164.88453
164.35333
163.60851
162.78472
162.41180
162.17290
162.12349
162.20038
162.37148
162.47330
163.06344
164.54429
165.22129
165.78460
166.02548
166.16375
166.20704
166.34869
165.89840
164.66491
164.44049
164.86313
164.56235
164.09097
163.95843
163.83951
163.82965
163.80054
164.42906
165.71712
166.47549
167.54525
168.03048
168.23472
168.36084
168.73066
168.17843
166.82845
166.16888
166.03818
165.85258
165.60295
165.31774
164.73161
164.18328
163.43578
163.38397
164.07144
164.35956
164.82600
164.80043
164.17799
164.12453
164.44012
164.82630
165.44018
165.90676
166.41057
166.78745
167.26584
168.07497
169.34727
170.13194
171.32623
172.11108
173.19611
173.51769
173.39336
173.03164
171.92677
171.51429
171.31834
171.13890
170.89698
170.48342
169.41617
168.91546
168.59722
168.30195
167.82478
167.53443
167.01558
166.88757
166.91164
167.22619
168.01523
168.90387
169.90779
170.78829
171.91577
172.73636
172.98160
172.69590
171.82136
170.95164
169.82217
169.45816
169.75396
170.10334
170.92508
171.62890
173.03047
173.65770
173.96026
174.33953
175.10553
175.61017
176.50035
177.16115
178.36442
179.08526
180.09351
180.63043
181.32166
181.69992
182.23786
182.54594
183.03471
183.22108
183.31035
183.46893
183.94216
183.94840
183.58457
183.16182
182.35006
181.91552
181.29871
180.93108
180.37619
179.91362
179.28388
178.41184
177.13942
176.78668
177.24230
177.76192
179.10453
179.26301
178.23435
177.90854
177.97603
177.58441
176.74854
175.89369
174.66420
173.93320
172.83533
172.27051
171.48615
171.24278
171.15744
171.80619
173.29877
174.10062
175.09112
175.05344
173.87760
173.52284
173.43990
173.68494
174.55788
175.08643
176.01947
176.58331
177.36274
177.96583
178.90019
179.50985
180.36741
181.01099
181.93907
182.59183
183.79471
184.44099
185.21222
185.98044
186.49820
186.77674
186.87682
186.81417
186.48692
186.14849
185.39213
184.95208
184.16040
183.91553
183.99369
183.74839
182.92128
182.57636
182.30055
182.20911
182.26280
182.23302
182.14870
181.94870
181.64606
180.82785
179.78227
179.01718
177.64594
177.14153
177.41146
176.81455
175.31535
174.97485
175.87880
176.31708
176.98822
177.66795
178.71942
179.10996
179.18118
179.25472
179.34409
179.38423
179.26449
179.74916
181.16935
181.61885
181.30486
181.55120
182.28753
183.06669
183.98660
184.08461
183.22489
182.88227
182.51292
182.24528
181.75064
181.58162
181.71947
181.21918
179.80215
179.20083
179.25171
179.01011
178.43227
177.82968
176.70096
175.80454
175.27671
174.97438
174.74291
174.53526
174.08462
173.90883
173.48270
173.77011
175.14150
175.73830
176.06844
176.59951
177.81576
178.57106
179.51370
179.68325
179.26998
178.63499
177.43562
176.67179
175.29034
174.85023
175.11073
174.88152
174.35137
173.86426
172.90547
173.28733
174.76470
175.54392
176.95154
177.48938
177.24187
177.86639
179.30514
180.08743
181.01221
181.43454
181.61806
181.97144
182.83928
182.82149
181.81020
181.74586
182.50521
182.98046
183.73172
184.10619
184.41351
184.92178
186.24095
186.35485
185.20493
185.16409
186.07949
186.57105
187.30205
187.31461
186.42135
186.65182
187.93324
188.46256
188.16891
188.07566
187.81308
187.73990
187.98086
187.59120
186.59248
186.35963
186.67110
186.94411
187.53539
187.90580
188.51884
189.05604
190.17410
190.89920
192.18595
192.87926
193.84776
194.42736
195.27824
195.65587
195.68560
196.40131
197.86670
198.41359
198.24205
197.96129
197.19172
196.75811
195.99991
195.85521
196.33878
196.20247
195.67993
195.83204
196.43921
196.92373
197.36076
198.07548
199.51460
200.29450
200.64607
201.39738
202.82897
203.59698
204.21615
204.67632
205.31562
206.09627
207.43080
208.16949
209.20444
209.75880
210.50027
210.94292
211.66156
211.98893
212.57436
212.15530
210.89710
210.12469
209.02159
208.31511
207.18179
206.53617
206.54743
206.42676
206.34882
205.98080
204.92354
204.79938
205.36281
206.11070
207.60383
208.37209
209.08146
209.42090
209.52179
209.82676
210.51632
211.26904
212.74156
213.30539
212.62974
213.13271
214.57686
215.39884
216.67241
217.39145
218.30056
218.94123
219.51515
219.26204
217.97089
217.27044
216.11754
215.44963
214.42413
213.86086
213.00813
212.71603
212.79647
213.04486
213.33146
212.66343
211.40111
210.60113
209.51923
208.66178
208.38705
207.56092
206.48353
205.92486
205.46818
205.89685
207.30556
207.87649
207.86046
208.12418
208.78030
209.27491
210.29385
210.69927
210.79822
210.88656
210.78993
211.14757
212.17273
213.02958
214.24831
214.33098
213.20223
212.94286
213.05123
213.12867
213.32758
213.22257
212.52551
212.43764
212.96849
212.84887
212.15395
211.43600
209.97292
209.38088
209.81901
209.20012
207.73351
206.89731
205.78703
205.44215
205.76570
205.93480
206.35641
207.16057
208.44808
209.09341
210.55241
211.41435
212.82030
213.32006
212.91335
212.11885
210.75605
209.97740
208.85096
208.14378
207.04880
206.44134
205.06093
204.23147
202.86706
202.29098
202.20642
201.72508
200.51686
199.86522
198.67171
197.77246
196.52385
195.88744
195.25584
194.69446
194.18649
194.08741
194.53740
194.66063
194.73590
194.52023
193.54483
193.81163
195.16148
195.99804
197.36509
198.12453
198.16165
198.28496
198.29700
198.52752
198.98324
198.90301
198.69990
198.47258
197.84299
197.22374
196.16856
195.64673
195.05142
194.71501
194.13482
194.43472
195.46978
196.15363
196.94816
197.20423
197.22357
196.94151
195.80364
195.04086
193.84078
193.43578
193.97263
194.22744
194.73555
194.99603
195.40323
195.34695
194.84989
194.35775
193.25533
192.62245
192.16995
191.50803
190.78942
190.37501
189.99681
189.32696
187.85288
186.97501
185.74219
184.86174
183.56110
183.35822
184.12922
184.80535
185.97572
186.33637
185.75340
185.21639
184.59312
184.55035
185.07929
184.71840
183.34852
182.62575
181.90438
181.42610
180.63739
180.72633
181.88935
181.73350
180.33977
179.77037
179.28919
178.91583
178.12569
178.06305
178.71772
178.84046
178.82382
178.33337
177.17246
176.50390
175.45365
174.93658
174.89150
174.30530
172.95248
172.45617
172.67750
172.79081
173.32246
172.95540
171.54254
170.86479
170.02531
169.93738
170.74830
170.54161
169.33690
168.69188
167.93949
168.04909
169.16529
169.45560
169.40763
169.17473
168.61141
167.77035
166.44919
165.59811
164.18940
163.47982
162.86369
163.33432
164.81251
165.62028
166.69627
167.02170
166.45874
166.11728
165.53636
164.78112
163.60563
163.06729
162.73793
162.14258
160.84925
160.34045
160.78142
160.19032
158.76240
157.87162
156.42158
155.76976
155.35158
155.21353
155.18701
155.58968
156.60782
157.46723
157.98896
158.84239
159.47089
160.35441
161.18907
161.73981
162.72221
162.58002
161.26901
160.89187
161.06889
160.95273
160.54017
160.35097
160.12334
160.24081
161.03182
160.82884
159.63593
159.17185
159.52258
159.77511
160.39608
160.80725
161.56645
161.77745
162.40174
162.06659
160.76886
160.03450
158.72940
158.27196
158.26194
158.47306
158.96803
159.64937
160.44866
160.99669
161.89591
162.40176
163.32007
163.21676
161.99809
161.94817
162.97045
163.74698
164.78766
165.07078
164.71147
164.16485
162.92040
162.32936
160.86313
160.04438
158.90168
158.67221
159.47919
159.10127
157.74935
157.20791
156.95761
156.72880
156.38485
156.06441
155.59255
154.92730
154.25905
153.82486
153.25493
152.73635
151.65574
151.16473
150.78415
150.16303
148.83174
147.97750
146.48584
145.63318
144.31562
143.65830
143.19217
142.38026
141.61526
140.87529
139.48564
138.64712
137.43261
136.67364
135.35748
134.83270
134.87805
134.43501
133.25423
132.57416
131.53719
130.82400
130.45055
129.98221
129.00017
128.51194
127.87405
128.20796
129.60040
130.15428
130.59058
130.49543
129.66965
129.28640
128.70571
128.49500
128.19122
128.72611
130.20879
131.09041
132.25003
132.94249
133.86160
134.45306
135.43707
136.10641
137.33208
138.02671
138.80093
139.54797
140.15661
140.76930
141.87009
142.63007
143.87057
144.67266
145.96797
146.78403
147.47356
148.21995
149.32137
150.03311
151.17075
152.00048
153.34157
153.98278
154.48164
154.74950
155.20779
154.86502
153.54291
152.73040
151.38055
150.72238
150.91637
150.71819
150.37793
150.09511
149.52907
149.17414
148.50890
148.30370
148.54536
148.07941
146.70249
145.99217
144.94438
144.70481
145.00751
144.60156
143.44411
143.22267
143.94413
144.69210
145.75568
146.12991
146.61608
146.88304
147.21306
147.57201
148.27677
148.71031
148.69912
148.64562
148.13897
148.54054
149.94641
150.34616
149.84097
150.26308
151.69019
152.27936
152.63736
153.03526
153.67084
154.40180
155.84972
156.61830
157.60476
158.15182
158.79164
159.56407
161.05461
161.89040
163.00429
163.83529
164.96337
165.58757
166.21107
166.53948
166.78883
167.34177
168.71496
169.26420
169.67256
169.24100
167.88247
167.38285
167.30800
167.14643
167.08870
166.47199
165.41918
165.08339
165.36447
165.62655
166.32406
166.40039
165.91178
165.69761
165.55686
164.99758
164.11322
163.36186
162.26724
161.58359
160.44724
159.77144
158.72106
158.00769
157.41746
156.78435
155.44702
154.94543
155.00851
155.23655
156.04610
156.55401
157.47643
158.05898
159.00515
159.83261
161.27918
161.97636
161.99379
162.03446
161.89484
161.91082
161.98051
162.36637
163.46659
164.08540
165.15261
165.46533
165.43790
165.06598
164.49252
163.70582
162.85672
163.05369
164.40631
165.23415
166.72949
167.42930
167.64241
168.12278
168.67373
169.01979
169.20077
169.34132
169.32165
169.37748
169.48507
169.73935
170.45967
170.78477
171.14062
170.61369
169.23877
168.54343
168.15350
167.35553
166.35170
165.59035
164.15325
163.77622
164.43370
164.49450
164.32317
163.72128
162.35077
161.47644
160.33646
159.60969
158.46267
157.76431
156.65564
156.24948
156.23085
156.07248
155.78762
155.28336
153.97243
153.47313
152.97825
153.46558
154.96390
155.47153
155.10588
154.58747
153.28899
152.66476
152.87799
152.28834
150.99629
150.24959
149.10439
148.30202
146.83533
146.30266
146.61350
147.07396
148.40192
148.78500
148.59666
148.45588
148.10695
148.32235
149.03365
