1.49999
2.39987
3.89946
4.79425
6.27933
7.09944
8.21750
8.46352
7.65396
6.82484
5.91626
5.46106
5.77138
6.33848
7.56255
8.01919
8.45165
8.98305
9.51433
9.34050
8.63542
8.69982
9.25997
9.51315
10.27232
10.83167
11.32935
11.22745
10.39692
11.10733
11.82095
12.40041
13.57834
13.55404
12.20394
12.43521
13.86974
14.55819
15.51018
15.96442
16.91505
17.27138
15.84907
15.58035
16.68241
17.54249
17.42927
17.98335
18.72493
18.75826
18.76717
19.30552
19.52655
18.87641
18.80408
18.01111
17.76001
16.87668
16.96698
17.35270
17.38409
16.84382
15.65523
15.30328
14.03694
13.47184
12.12925
11.51396
10.79111
10.09825
10.02141
10.44459
10.30778
11.06757
10.91659
11.03507
11.54998
12.42342
13.53130
13.97404
13.61394
14.24825
14.43268
15.28494
15.81769
16.10622
15.99036
15.22087
14.27851
13.70956
13.11262
13.55266
14.03520
14.88327
15.44475
16.04429
16.19294
15.71852
15.30846
15.70408
16.42126
16.89570
17.74879
18.44790
19.88210
20.66198
21.73230
22.15012
23.29044
23.65198
23.96528
23.57554
22.55296
21.74885
21.25273
22.14835
22.64851
22.42599
21.20469
20.51420
21.28402
21.66190
22.34128
22.76703
23.51204
23.94589
24.55603
24.86348
25.49984
24.78577
23.66234
22.85765
21.65567
20.82873
20.74741
20.57812
20.06374
20.83984
21.50893
21.14847
19.98377
20.11536
21.42495
21.76629
21.85952
22.61196
24.10606
24.35063
23.16881
22.92646
22.80420
21.98051
22.20895
22.97715
24.35969
25.16277
26.50864
26.87544
26.11237
25.41152
26.00979
25.99591
25.26684
25.10101
25.69177
25.96367
26.40596
26.96412
28.26482
28.81812
29.10210
29.85480
30.44611
31.13471
31.36593
31.87369
31.45268
30.55779
30.24569
30.28227
29.74240
30.12304
31.57705
31.80263
30.69279
31.21536
32.64057
33.45580
34.92086
35.07957
33.65344
33.04546
33.66218
33.97353
34.62656
34.70686
34.30733
33.78671
32.66297
