 0.40000	 14.82843590	 29.93462563	 59.50846863	 14.48892498	 31.36330223	 59.20254898	           0	           2
 0.40000	 14.55513000	 31.82074738	 59.97473526	 15.12979221	 30.69070816	 60.77648544	          -1	           3
 0.40000	 14.65466118	 30.28611565	 61.42491913	 13.22571564	 30.69525719	 61.62662888	          -2	           4
 0.40000	 12.67957020	 29.98949432	 61.51007462	 13.50061226	 28.76821709	 61.21953964	          -3	           5
 0.40000	 12.90406609	 28.47147179	 60.61451340	 12.01340866	 29.67771149	 60.65515137	          -4	           6
 0.40000	 11.34855556	 30.21523857	 60.37421036	 10.26569271	 31.03351402	 59.73568726	          -5	           7
 0.40000	  9.68280125	 31.15599251	 59.06105804	  9.23550701	 30.53368759	 57.77165604	          -6	           8
 0.40000	  8.63249397	 30.66080856	 57.11582947	  7.48103523	 31.53660393	 56.71952438	          -7	           9
 0.40000	  7.00326920	 32.04947662	 56.15506363	  6.50267887	 32.75783539	 54.93131256	          -8	          10
 0.40000	  6.85804749	 33.35037994	 54.35454559	  8.16524506	 34.06455994	 54.17797852	          -9	          11
 0.40000	  9.06388474	 34.08839798	 54.22086716	 10.17868996	 33.10516739	 54.42182922	         -10	          12
 0.40000	 10.62514400	 33.69544983	 54.93383789	  9.56765842	 34.75923920	 54.92868423	         -11	          13
 0.40000	  9.92614174	 35.58433151	 54.95616150	 11.37483788	 35.92102814	 54.76149750	         -12	          14
 0.40000	 12.05566311	 35.33252335	 54.74876785	 11.48427963	 33.94919586	 54.84792328	         -13	          15
 0.40000	 12.17709637	 33.39227676	 54.98849487	 13.31826305	 34.36489868	 55.02901840	         -14	          16
 0.40000	 14.18269157	 34.61449432	 55.01070786	 15.62852001	 35.00350952	 54.92044449	         -15	          17
 0.40000	 16.28277016	 34.43577194	 54.67647934	 15.94250774	 32.97971725	 54.55741119	         -16	          18
 0.40000	 16.26148605	 32.67002869	 53.77492905	 16.86593056	 33.72880173	 52.90113449	         -17	          19
 0.40000	 16.93315125	 34.31092834	 52.21817017	 16.25752258	 35.04022217	 51.09493256	         -18	          20
 0.40000	 16.78498840	 35.76718521	 51.03814697	 17.74518967	 35.50787735	 52.16092300	         -19	          21
 0.40000	 18.47589874	 35.40950394	 52.67683792	 19.77040672	 35.07705307	 53.35763931	         -20	          22
 0.40000	 20.44474220	 34.56488800	 53.66199112	 21.27541733	 33.33880234	 53.89952850	         -21	          23
 0.40000	 21.53079605	 32.48098755	 53.99194336	 21.71878815	 31.03019524	 54.32280350	         -22	          24
 0.40000	 20.84486198	 30.98439598	 54.09243774	 20.41557693	 32.24365616	 53.39950562	         -23	          25
 0.40000	 20.43662262	 32.20454788	 52.50062180	 21.14549255	 31.18830490	 51.65523911	         -24	          26
 0.40000	 21.31871223	 30.42613792	 52.10126495	 20.53577805	 30.53394890	 53.37608719	         -25	          27
 0.40000	 21.32709885	 30.30595779	 53.75041199	 22.36144257	 31.03820229	 52.94776535	         -26	          28
 0.40000	 22.98729706	 31.25075912	 52.33622360	 23.69027519	 31.76062202	 51.11300278	         -27	          29
 0.40000	 24.29341125	 32.02949524	 50.50086975	 25.50336838	 32.41111755	 49.70051575	         -28	          30
 0.40000	 26.22024918	 32.67067719	 49.22195435	 27.46286011	 33.16266251	 48.54083252	         -29	          31
 0.40000	 27.86701393	 33.27834320	 47.74505997	 28.13730621	 33.41191864	 46.27571487	         -30	          32
 0.40000	 27.31475639	 33.45618057	 45.91321182	 26.41974258	 33.42826843	 47.11657715	         -31	          33
 0.40000	 25.86377525	 33.46063232	 47.82347488	 24.82248688	 34.11469650	 48.68244553	         -32	          34
 0.40000	 24.37720299	 33.43184280	 49.06378555	 24.98466301	 32.18122101	 48.50092697	         -33	          35
 0.40000	 25.77060699	 32.01541138	 48.09511566	 26.77742767	 33.10668182	 47.88224030	         -34	          36
 0.40000	 27.15588951	 33.85284805	 47.55091095	 28.18480301	 34.87617111	 47.17132568	         -35	          37
 0.40000	 28.09763145	 35.68552780	 46.78767776	 26.81406403	 36.41487885	 46.52230453	         -36	          38
 0.40000	 26.73087311	 36.78837967	 45.70780563	 27.65458488	 36.65534210	 44.53350067	         -37	          39
 0.40000	 28.44545174	 36.22948456	 44.58889008	 28.73966217	 35.83724594	 46.00644684	         -38	          40
 0.40000	 29.04537582	 35.00520325	 46.16191101	 29.25979614	 33.95976257	 45.10780334	         -39	          41
 0.40000	 28.70370483	 33.43523407	 44.63293076	 27.22665787	 33.54378510	 44.39538956	         -40	          42
 0.40000	 26.37801743	 33.36172485	 44.63295364	 25.37293434	 32.89865875	 45.64544296	         -41	          43
 0.40000	 24.79945946	 32.73767090	 46.31985092	 24.01063919	 32.68064880	 47.59430313	         -42	          44
 0.40000	 23.48495865	 32.41998672	 48.27658844	 22.83764076	 31.40594864	 49.17247391	         -43	          45
 0.40000	 22.14349556	 31.88674736	 49.48398590	 22.41585541	 33.17224121	 48.76056290	         -44	          46
 0.40000	 22.02578354	 33.94371796	 48.51050186	 20.80550957	 34.81595612	 48.50862503	         -45	          47
 0.40000	 20.39535141	 35.26741791	 47.84694672	 20.87669754	 35.51745224	 46.44844055	         -46	          48
 0.40000	 20.30850601	 35.20956802	 45.82214355	 19.11925888	 34.42856216	 46.29709244	         -47	          49
 0.40000	 18.59394646	 33.77606964	 46.62593460	 18.35065842	 32.72328949	 47.66628265	         -48	          50
 0.40000	 17.93791580	 31.93973923	 47.50626373	 17.29481506	 31.24362564	 46.34358597	         -49	          51
 0.40000	 17.48001671	 31.57285500	 45.52678299	 18.36245537	 32.78571701	 45.53885269	         -50	          52
 0.40000	 18.88847351	 33.50150681	 45.39458084	 20.04909325	 34.44021988	 45.24705124	         -51	          53
 0.40000	 19.64914131	 35.23297501	 45.10057068	 18.18474770	 34.90863419	 45.08475494	         -52	          54
 0.40000	 17.28736115	 34.85353851	 45.04637146	 15.80042458	 34.66529083	 44.98772812	         -53	          55
 0.40000	 14.91547108	 34.51013565	 45.03915405	 13.50747204	 34.36256790	 45.53480530	         -54	          56
 0.40000	 13.03967285	 33.83745575	 44.97330093	 14.04373646	 33.30099869	 43.99651337	         -55	          57
 0.40000	 14.02429581	 33.44559097	 43.10847473	 13.17351723	 34.44451141	 42.38164520	         -56	          58
 0.40000	 12.81476974	 35.09957123	 41.87959671	 12.23814106	 36.35532379	 41.29604340	         -57	          59
 0.40000	 12.47802830	 36.81246185	 40.55886078	 13.47900677	 36.35036087	 39.54178238	         -58	          60
 0.40000	 14.06228161	 36.98764801	 39.28953552	 13.80297852	 38.32834244	 39.91034698	         -59	          61
 0.40000	 14.61879253	 38.61736298	 40.15703201	 15.63292980	 37.53271484	 39.94500732	         -60	          62
 0.40000	 16.35533905	 37.00131607	 39.87026215	 17.54171562	 36.09585953	 39.72039032	         -61	          63
 0.40000	 18.26004028	 35.56545639	 39.60920715	 19.44617653	 34.67422867	 39.38891983	         -62	          64
 0.40000	 20.27320480	 34.34789658	 39.24988937	 21.64746475	 33.79881287	 39.00532913	         -63	          65
 0.40000	 22.11729431	 34.56634521	 38.99785614	 20.95613480	 35.49905777	 39.17608643	         -64	          66
 0.40000	 20.30145836	 35.93978119	 39.60861969	 19.29491615	 35.99684906	 40.71923447	         -65	          67
 0.40000	 18.72177696	 35.78413391	 41.37958527	 17.75713539	 34.96722412	 42.18708038	         -66	          68
 0.40000	 17.98980904	 34.71017456	 43.01759338	 19.36889267	 34.67204666	 43.60634232	         -67	          69
 0.40000	 19.57762909	 35.53521347	 43.75289917	 18.43083954	 36.27667618	 43.13240051	         -68	          70
 0.40000	 17.76416588	 36.53622818	 42.58652496	 16.78290558	 36.22690201	 41.49511719	         -69	          71
 0.40000	 16.21349716	 35.90682220	 40.87621307	 15.37750149	 35.08138275	 39.94369125	         -70	          72
 0.40000	 14.87746811	 34.59265518	 39.37714386	 13.88799381	 33.97772598	 38.43228912	         -71	          73
 0.40000	 14.04812813	 33.14566040	 38.12878036	 15.35850239	 32.57594299	 38.58519745	         -72	          74
 0.40000	 15.39486790	 31.67674637	 38.59236145	 14.10412502	 31.01162148	 38.21609116	         -73	          75
 0.40000	 14.44942474	 30.20008278	 38.39531326	 15.80869675	 30.67267418	 38.81838226	         -74	          76
 0.40000	 16.59527969	 30.98663902	 39.12270737	 17.67164612	 31.90443039	 39.62166214	         -75	          77
 0.40000	 18.24492836	 32.54816818	 39.87995148	 18.96053696	 33.85750961	 40.03281403	         -76	          78
 0.40000	 19.44856262	 34.09555817	 40.75047684	 19.33443069	 33.31250000	 42.02475357	         -77	          79
 0.40000	 20.22751617	 33.32936859	 42.13456726	 20.43202591	 33.78995514	 40.72175217	         -78	          80
 0.40000	 20.66400528	 34.65958023	 40.73664856	 20.53567886	 35.06044006	 42.17640686	         -79	          81
 0.40000	 21.06594276	 35.78030014	 42.27935410	 21.91530609	 36.29477310	 41.15512466	         -80	          82
 0.40000	 22.07135391	 35.69219589	 40.50510788	 21.48788452	 34.48503876	 41.17756653	         -81	          83
 0.40000	 21.25264740	 33.63074875	 41.33430481	 21.48837280	 32.15256500	 41.23807907	         -82	          84
 0.40000	 21.89803505	 31.81691551	 41.96567917	 22.35568237	 32.66599655	 43.11441040	         -83	          85
 0.40000	 22.15525627	 32.83291626	 43.97568512	 21.11615562	 32.95372391	 45.05065155	         -84	          86
 0.40000	 20.66076279	 32.21985626	 45.30360794	 20.88964081	 30.93582726	 44.56286240	         -85	          87
 0.40000	 21.01394463	 30.12933159	 44.18349838	 21.45033455	 28.76588058	 43.73576355	         -86	          88
 0.40000	 21.47500992	 28.54456902	 42.86384201	 20.92800522	 29.50267220	 41.84757996	         -87	          89
 0.40000	 21.30095673	 30.05282593	 41.24085617	 22.62349319	 30.72409821	 41.01676559	         -88	          90
 0.40000	 23.49347115	 30.52809525	 40.89596558	 24.29312515	 29.25915527	 40.91180801	         -89	          91
 0.40000	 25.11456108	 28.95572662	 41.11926270	 26.31915092	 29.14747429	 41.99223709	         -90	          92
 0.40000	 27.00085640	 29.41087341	 41.46704865	 26.39477348	 29.59334564	 40.10712051	         -91	          93
 0.40000	 26.84257507	 29.73170280	 39.33886337	 28.32608795	 29.71933365	 39.11765289	         -92	          94
 0.40000	 28.69894409	 30.00042343	 38.34834290	 28.40164948	 30.62784958	 37.01872253	         -93	          95
 0.40000	 27.50262451	 30.58739281	 37.02554703	 27.37625694	 30.17824745	 38.46308899	         -94	          96
 0.40000	 26.85074615	 29.45252228	 38.37911224	 26.87774086	 29.21161461	 36.89886856	         -95	          97
 0.40000	 26.63505745	 28.97113991	 36.06638336	 25.93011856	 28.91034889	 34.74379730	         -96	          98
 0.40000	 25.86945343	 28.23197365	 34.15555573	 26.20505333	 26.77003098	 34.15207672	         -97	          99
 0.40000	 27.00136375	 26.46109581	 34.43553543	 27.92044830	 27.32493401	 35.24733734	         -98	         100
 0.40000	 28.43814087	 27.97032928	 34.89324570	 28.10587883	 28.40791321	 33.49748230	         -99	         101
 0.40000	 28.64403152	 28.72054863	 32.84746552	 30.11009598	 28.92424774	 32.60448837	        -100	         102
 0.40000	 30.97977448	 28.84616280	 32.38684082	 32.33169937	 28.19659424	 32.37105942	        -101	         103
 0.40000	 32.70162964	 28.47351456	 31.59876823	 31.52813339	 29.15851212	 30.96342850	        -102	         104
 0.40000	 31.91805840	 29.84890747	 30.53770638	 33.33477402	 29.87251472	 31.02992058	        -103	         105
 0.40000	 34.21092987	 29.66958809	 30.99858284	 35.31208801	 28.80960083	 30.45285797	        -104	         106
 0.40000	 35.88762283	 28.16910172	 30.71433830	 36.34206772	 27.44842911	 31.94884300	        -105	         107
 0.40000	 36.13090515	 26.66852951	 32.34509659	 35.18201065	 25.52821350	 32.12329483	        -106	         108
 0.40000	 34.31618881	 25.29658890	 32.04168320	 32.95401001	 25.89625359	 31.85526848	        -107	         109
 0.40000	 32.12527084	 26.24063492	 31.92090607	 30.84296036	 26.94317055	 32.25545883	        -108	         110
 0.40000	 30.12954521	 27.25974274	 32.70339584	 28.98704147	 27.76977348	 33.53072739	        -109	         111
 0.40000	 29.07990646	 27.46997070	 34.37427139	 30.37887383	 26.73801231	 34.53816986	        -110	         112
 0.40000	 30.81804085	 26.03874207	 34.18029404	 30.56565666	 25.28473854	 32.90843201	        -111	         113
 0.40000	 30.42050171	 24.83236885	 32.14421082	 30.26396561	 24.12662125	 30.82994080	        -112	         114
 0.40000	 29.49758911	 24.11163139	 30.35840416	 28.21658897	 24.75806999	 30.79556847	        -113	         115
 0.40000	 27.48779678	 25.28365517	 30.84549141	 26.73882866	 26.58304405	 30.82156754	        -114	         116
 0.40000	 25.85857010	 26.42623711	 30.71889114	 25.70156097	 24.93537712	 30.77017975	        -115	         117
 0.40000	 24.93809700	 24.96072769	 30.29436684	 24.91063690	 26.43199158	 30.00355911	        -116	         118
 0.40000	 24.70077515	 27.25989723	 29.71998215	 24.08774757	 28.55902290	 29.28820419	        -117	         119
 0.40000	 24.58765602	 29.25245476	 29.00685883	 26.08647156	 29.24815369	 28.94822311	        -118	         120
 0.40000	 26.78616524	 28.68515778	 29.00626373	 26.85977364	 27.21150589	 29.27612686	        -119	         121
 0.40000	 27.10035706	 26.35960770	 29.43795395	 27.66360855	 25.01183128	 29.77867699	        -120	         122
 0.40000	 27.66903114	 24.11708641	 29.68246651	 26.85655975	 22.99920464	 29.09924698	        -121	         123
 0.40000	 27.52842331	 22.40771675	 29.00583649	 28.68151474	 23.29647064	 29.36716461	        -122	         124
 0.40000	 29.50899315	 23.15278625	 29.69116020	 30.92343330	 22.65956497	 29.76975632	        -123	         125
 0.40000	 31.14430618	 21.94656563	 30.27284622	 30.16589165	 21.10959625	 31.04241371	        -124	         126
 0.40000	 29.29648209	 21.31216812	 31.15670204	 28.61351776	 22.62406158	 30.90685081	        -125	         127
 0.40000	 28.79112816	 22.68183136	 30.02649117	 29.73050499	 21.57198143	 29.65812302	        -126	         128
 0.40000	 30.27712440	 21.23663521	 29.02676773	 31.26988411	 21.32703972	 27.90595627	        -127	         129
 0.40000	 30.99496841	 20.90041161	 27.16276360	 29.62500000	 20.29471207	 27.24172020	        -128	         130
 0.40000	 28.84159279	 19.86934662	 27.11860275	 27.56127548	 19.11152077	 26.92803764	        -129	         131
 0.40000	 26.71236038	 18.89461899	 26.72274971	 25.23344803	 18.70325661	 26.56109428	        -130	         132
 0.40000	 25.09215546	 19.22371674	 25.84063339	 26.54006958	 19.55177879	 25.62644768	        -131	         133
 0.40000	 26.86625099	 20.38216782	 25.50795937	 26.01014519	 21.59580612	 25.71801567	        -132	         134
 0.40000	 26.30552864	 22.40982056	 25.96298599	 27.61527252	 22.96222687	 26.44186020	        -133	         135
 0.40000	 28.49987984	 22.83167458	 26.34046936	 29.35243416	 21.84048462	 25.60522652	        -134	         136
 0.40000	 29.72167969	 21.11425591	 25.22305489	 29.88537788	 19.72286034	 24.68731308	        -135	         137
 0.40000	 29.90313721	 18.90349007	 24.31568909	 29.56118011	 17.58768082	 23.68197632	        -136	         138
 0.40000	 29.94941902	 16.89941788	 23.25129890	 31.29980659	 16.40417480	 22.82574844	        -137	         139
 0.40000	 31.89568901	 16.10026741	 22.22373962	 32.43730164	 15.92608356	 20.83585548	        -138	         140
 0.40000	 32.79808426	 15.28365517	 20.31908035	 32.90149307	 13.79652691	 20.48563576	        -139	         141
 0.40000	 33.58822250	 13.58281898	 19.94449425	 33.53431702	 14.89437294	 19.21863365	        -140	         142
 0.40000	 34.30260086	 14.65243435	 18.81552505	 34.75274658	 13.40010643	 19.50768852	        -141	         143
 0.40000	 35.61570740	 13.48283768	 19.75014114	 36.23551941	 14.84803104	 19.70403862	        -142	         144
 0.40000	 35.78092957	 15.61546516	 19.58356285	 34.44805527	 16.29210091	 19.45845985	        -143	         145
 0.40000	 33.83105850	 15.67782974	 19.68626022	 34.86425781	 14.59437752	 19.77893066	        -144	         146
 0.40000	 35.31627274	 14.17193508	 20.44206429	 35.95772934	 15.52323341	 20.55180740	        -145	         147
 0.40000	 36.83358383	 15.72902870	 20.54471397	 38.20858765	 15.13012409	 20.52129173	        -146	         148
 0.40000	 38.25774002	 14.24227524	 20.65992165	 36.91306686	 13.66132832	 20.98277664	        -147	         149
 0.40000	 36.89469910	 12.85900211	 20.57550240	 38.09582138	 12.65796089	 19.69985962	        -148	         150
 0.40000	 38.79854965	 12.49444103	 19.16204453	 39.92652512	 12.49365425	 18.17330360	        -149	         151
 0.40000	 40.80219650	 12.32385826	 18.29264450	 41.51337051	 12.26586914	 19.61203957	        -150	         152
 0.40000	 41.93202591	 11.47343159	 19.69408607	 41.65084839	 10.51011658	 18.57922935	        -151	         153
 0.40000	 41.18227386	 10.24208450	 17.85911942	 40.07109070	 10.72294617	 16.97369003	        -152	         154
 0.40000	 39.42174149	 10.94599342	 16.39194679	 38.18638992	 11.12633610	 15.56052589	        -153	         155
 0.40000	 38.21393585	 11.77544403	 14.93776512	 39.53944016	 12.45948887	 14.77961922	        -154	         156
 0.40000	 39.93630600	 13.24930859	 14.94876194	 39.58246231	 14.51336384	 15.67466068	        -155	         157
 0.40000	 40.12565231	 14.95312214	 16.24173164	 41.48531342	 14.55776024	 16.73659897	        -156	         158
 0.40000	 42.29164886	 14.41039944	 17.10785294	 43.61725235	 14.14016819	 17.75554657	        -157	         159
 0.40000	 44.43835831	 13.83829975	 17.96628761	 45.75024414	 13.17026901	 18.25368690	        -158	         160
 0.40000	 46.44209290	 13.73909378	 18.34219170	 46.24451447	 15.21598816	 18.16976357	        -159	         161
 0.40000	 45.45533371	 15.64750195	 18.19947624	 44.36923218	 14.63036728	 18.38882065	        -160	         162
 0.40000	 43.48659134	 14.77302742	 18.49122429	 42.63502502	 16.00716400	 18.53234863	        -161	         163
 0.40000	 42.84742355	 16.76179123	 18.97430038	 44.18555450	 16.92857742	 19.63114166	        -162	         164
 0.40000	 44.97283173	 16.97673988	 20.06423950	 46.27759171	 16.88446999	 20.79837036	        -163	         165
 0.40000	 46.89658737	 16.24219704	 20.91762352	 46.99206161	 14.81780529	 20.45733452	        -164	         166
 0.40000	 47.28025055	 13.99140835	 20.24797440	 48.00452042	 12.74495888	 19.83365440	        -165	         167
 0.40000	 48.18840027	 11.86630726	 19.89733887	 48.16101837	 10.42684937	 20.31823349	        -166	         168
 0.40000	 47.79576111	 10.04757023	 21.04806519	 46.82863998	 10.41826725	 22.13308144	        -167	         169
 0.40000	 47.08061218	 11.18456364	 22.53219414	 48.30035019	 11.65965652	 21.79978943	        -168	         170
 0.40000	 48.71953583	 12.40650082	 21.52335548	 48.65240479	 13.85066700	 21.12362671	        -169	         171
 0.40000	 48.85729599	 14.70902443	 21.29999733	 49.46094894	 15.69096851	 22.25982285	        -170	         172
 0.40000	 49.59547424	 16.48873901	 22.65392876	 49.39355469	 17.93176842	 23.00991631	        -171	         173
 0.40000	 49.54919052	 18.77124214	 23.29413986	 50.17084885	 20.03318977	 23.81453896	        -172	         174
 0.40000	 50.60757828	 20.77447128	 24.07833099	 51.45625305	 22.01008034	 24.13252258	        -173	         175
 0.40000	 51.76155090	 22.22346497	 24.95178032	 51.38381195	 21.27145195	 26.04765129	        -174	         176
 0.40000	 51.06172180	 20.84913445	 26.77414322	 50.27120972	 20.01125145	 27.73487663	        -175	         177
 0.40000	 49.85303497	 20.34614372	 28.45796967	 49.82988739	 21.80939865	 28.78699303	        -176	         178
 0.40000	 49.95516586	 22.67383575	 29.00349426	 50.49468994	 24.07179260	 29.07001495	        -177	         179
 0.40000	 50.94525909	 24.77269745	 29.40988159	 51.92353821	 25.45691109	 30.31796646	        -178	         180
 0.40000	 52.12562943	 26.07316208	 30.94177246	 51.76823044	 27.14126968	 31.93230438	        -179	         181
 0.40000	 51.59346390	 27.78720856	 32.53395081	 51.48694611	 28.91450500	 33.51768875	        -180	         182
 0.40000	 50.77468872	 29.24259377	 33.95921326	 49.35739136	 28.75247192	 33.92795944	        -181	         183
 0.40000	 48.47888565	 28.92344856	 34.02168274	 47.24131775	 29.75297546	 34.19531250	        -182	         184
 0.40000	 46.56131744	 30.33643723	 34.27837372	 45.61121750	 31.48335457	 34.45620346	        -183	         185
 0.40000	 45.08255386	 32.18009186	 34.24475098	 44.35415649	 33.18613815	 33.40393066	        -184	         186
 0.40000	 44.18778610	 33.96178436	 32.97929382	 44.03678513	 35.32651138	 32.37551880	        -185	         187
 0.40000	 44.84659195	 35.71580124	 32.32513046	 45.91016388	 34.92405319	 33.02647018	        -186	         188
 0.40000	 46.12237167	 34.06498718	 32.86267090	 45.29034042	 33.03458786	 32.15843964	        -187	         189
 0.40000	 44.78691864	 33.35372925	 31.48417664	 44.85463715	 34.85166931	 31.52260208	        -188	         190
 0.40000	 45.12163544	 35.57933807	 31.06534576	 46.10506058	 36.02375031	 30.02360916	        -189	         191
 0.40000	 46.31552124	 36.67497253	 29.43932724	 45.94149780	 37.98083878	 28.80328941	        -190	         192
 0.40000	 45.91990662	 38.75191879	 28.34007835	 46.26342773	 39.99602509	 27.57592010	        -191	         193
 0.40000	 45.92278290	 40.60167313	 27.00410271	 44.70975876	 40.77371979	 26.13874054	        -192	         194
 0.40000	 44.18694687	 41.50185013	 26.05932808	 44.15100479	 42.88890076	 26.62914848	        -193	         195
 0.40000	 44.31473160	 43.19759369	 27.45847321	 44.54241562	 42.30592346	 28.64294815	        -194	         196
 0.40000	 45.32390976	 42.56909180	 29.00340652	 46.04716110	 43.54135513	 28.11934662	        -195	         197
 0.40000	 45.94518280	 44.21601868	 27.53260040	 44.67898178	 44.60544968	 26.82908440	        -196	         198
 0.40000	 44.49222946	 45.44554901	 26.56609154	 45.06148911	 46.83224106	 26.51223183	        -197	         199
 0.40000	 45.65408707	 46.90886688	 27.18519020	 45.46391296	 45.62245941	 27.93276787	        -198	         200
 0.40000	 46.28596497	 45.25907135	 27.97813606	 47.27608490	 45.74735260	 26.96266937	        -199	         201
 0.40000	 47.33098984	 46.64383316	 27.01876259	 46.22554016	 47.01648331	 27.96163559	        -200	         202
 0.40000	 45.63343048	 47.42890930	 28.49928474	 44.50811768	 48.02920151	 29.28869438	        -201	         203
 0.40000	 44.48221588	 48.47246552	 30.07143211	 45.67133331	 48.94834900	 30.85207367	        -202	         204
 0.40000	 45.62563324	 48.86071014	 31.74655151	 44.43849564	 48.18205643	 32.36298370	        -203	         205
 0.40000	 43.97080231	 48.33370972	 33.11668396	 43.04671478	 48.28710938	 34.29724121	        -204	         206
 0.40000	 42.37517166	 48.69960022	 34.73159027	 42.01788330	 49.98588943	 35.41538620	        -205	         207
 0.40000	 42.25469208	 50.51966858	 36.10007858	 43.08677292	 51.24358749	 37.11671829	        -206	         208
 0.40000	 43.62861633	 50.57225800	 37.37333679	 43.12240982	 49.39192963	 36.59823990	        -207	         209
 0.40000	 42.88154984	 48.81349945	 35.95182037	 42.07149506	 47.79100418	 35.21125031	        -208	         210
 0.40000	 42.34179688	 46.93864059	 35.31654739	 43.79651260	 46.81283569	 35.66016006	        -209	         211
 0.40000	 44.09146118	 46.08303070	 36.09658432	 43.45031357	 44.88421249	 35.46274948	        -210	         212
 0.40000	 42.83110046	 44.71169662	 36.09220505	 42.27186203	 46.03136444	 36.53443527	        -211	         213
 0.40000	 41.50966263	 45.66152573	 36.83899307	 40.40185928	 44.69537735	 37.13815689	        -212	         214
 0.40000	 40.33189392	 43.92644119	 37.60105515	 41.62730408	 43.39722443	 38.14138412	        -213	         215
 0.40000	 41.28157425	 42.90057373	 38.80750656	 39.81850052	 43.19663620	 38.66024399	        -214	         216
 0.40000	 39.17307663	 43.65343475	 38.23060226	 39.42921066	 44.48573685	 37.00928497	        -215	         217
 0.40000	 38.65818024	 44.93677139	 37.11903381	 38.26971436	 44.30224991	 38.42147064	        -216	         218
 0.40000	 38.06224060	 43.57991409	 38.91652679	 38.41544724	 42.14239883	 38.67396545	        -217	         219
 0.40000	 37.96218109	 41.74452591	 39.34204865	 37.24606705	 42.89305496	 39.98849487	        -218	         220
 0.40000	 37.08732605	 43.57703781	 40.55128479	 37.48418045	 44.76928711	 41.37027740	        -219	         221
 0.40000	 37.78340149	 45.46575546	 41.85490036	 38.36319733	 46.60467911	 42.63996506	        -220	         222
 0.40000	 39.04651642	 47.08367157	 42.97652817	 40.49987030	 47.31940842	 43.26267624	        -221	         223
 0.40000	 41.34849548	 47.57629395	 43.10951233	 42.53412628	 47.96940231	 42.27918625	        -222	         224
 0.40000	 43.19561768	 48.46393204	 41.92216110	 44.15291214	 49.49612427	 41.40452194	        -223	         225
 0.40000	 44.27688599	 50.36806107	 41.58927155	 43.51165771	 51.14810944	 42.61678696	        -224	         226
 0.40000	 43.59625244	 52.04391861	 42.60511398	 44.41564178	 52.79604340	 41.59876633	        -225	         227
 0.40000	 44.90770721	 53.24230194	 40.99187469	 45.83745575	 53.64376450	 39.88549423	        -226	         228
 0.40000	 46.10683060	 54.24863434	 39.27620697	 45.97514725	 55.58464432	 38.60732651	        -227	         229
 0.40000	 45.94337082	 56.33028030	 38.10460663	 45.72437286	 57.31100082	 36.99101639	        -228	         230
 0.40000	 46.09101105	 58.12626266	 37.09516144	 46.68538284	 58.44164658	 38.43572998	        -229	         231
 0.40000	 47.55270767	 58.35264206	 38.65848541	 48.59417725	 57.60812759	 37.87688065	        -230	         232
 0.40000	 49.26710510	 57.31014633	 37.35914993	 50.24922943	 56.66683197	 36.42566299	        -231	         233
 0.40000	 50.52020645	 57.35675049	 35.91523743	 49.71427155	 58.49856186	 36.45980072	        -232	         234
 0.40000	 49.49526978	 59.36454010	 36.56876755	 49.62624741	 60.84798050	 36.74808884	        -233	         235
 0.40000	 49.05798721	 61.46141815	 36.41543579	 47.85480881	 61.14151382	 35.57889175	        -234	         236
 0.40000	 47.11182022	 61.08770370	 35.07425308	 45.88264465	 60.98413849	 34.22106934	        -235	         237
 0.40000	 45.09561539	 60.93758774	 33.78755569	 43.72814178	 60.76757812	 33.19522858	        -236	         238
 0.40000	 42.99634552	 61.22893906	 32.94739151	 42.71139908	 62.70088577	 32.90201950	        -237	         239
 0.40000	 41.82609558	 62.57557678	 32.79875183	 41.92766190	 61.08602142	 32.94313431	        -238	         240
 0.40000	 41.59102631	 60.37466049	 32.50674820	 40.92346191	 60.14957047	 31.18254280	        -239	         241
 0.40000	 40.76547623	 59.48160934	 30.60057259	 41.01446915	 58.02589035	 30.33854485	        -240	         242
 0.40000	 41.20317841	 57.17276001	 30.12374687	 41.67745590	 55.78907013	 29.79210663	        -241	         243
 0.40000	 41.86345673	 54.92430115	 29.62751579	 42.07835770	 53.44821167	 29.47036934	        -242	         244
 0.40000	 41.96952057	 52.60658264	 29.17104912	 41.41511917	 51.58458710	 28.22338104	        -243	         245
 0.40000	 41.14492798	 50.74271393	 28.39149094	 41.06649017	 49.97417450	 29.67723274	        -244	         246
 0.40000	 40.98089600	 49.41976166	 30.38088799	 40.70168686	 48.56711960	 31.58290672	        -245	         247
 0.40000	 41.10255814	 47.95468521	 32.10637283	 42.14537430	 46.87704468	 32.07368469	        -246	         248
 0.40000	 42.73261642	 47.55812073	 32.15031815	 42.92242813	 48.68277740	 33.12458038	        -247	         249
 0.40000	 42.73881912	 49.05801773	 33.92549515	 41.33225632	 48.63262939	 33.62492752	        -248	         250
 0.40000	 40.50862503	 48.86754990	 33.90093231	 39.77965927	 50.17382050	 34.01084137	        -249	         251
 0.40000	 39.35716248	 50.47795486	 34.74488068	 39.12980270	 50.09452057	 36.17707062	        -250	         252
 0.40000	 39.59785843	 49.36859131	 36.42986679	 40.42951584	 48.78724670	 35.32508087	        -251	         253
 0.40000	 40.96676254	 48.26917267	 34.82138824	 41.74784088	 47.66068268	 33.69449615	        -252	         254
 0.40000	 42.61912918	 47.65645218	 33.46775818	 44.06053925	 47.24407196	 33.51758194	        -253	         255
 0.40000	 44.72256088	 47.75869751	 33.19015884	 45.07960892	 49.04223633	 33.87932587	        -254	         256
 0.40000	 45.27632523	 49.76095200	 34.38377762	 45.70695496	 51.06738281	 34.98180771	        -255	         257
 0.40000	 45.18679810	 51.30136490	 35.67790985	 43.91002274	 50.57682419	 35.98572922	        -256	         258
 0.40000	 43.90508652	 49.69524384	 36.16622543	 44.35361481	 48.34404373	 36.63842010	        -257	         259
 0.40000	 44.67497635	 47.53083420	 36.85094833	 45.51418686	 46.35588074	 37.25729370	        -258	         260
 0.40000	 44.99674988	 45.63880920	 37.42446136	 43.52013779	 45.88217545	 37.32312012	        -259	         261
 0.40000	 42.92015457	 46.46213913	 36.98604584	 42.84846878	 47.60918045	 36.02212906	        -260	         262
 0.40000	 43.16767120	 47.82411575	 35.20817947	 42.33200836	 47.15487289	 34.15752029	        -261	         263
 0.40000	 41.72927475	 46.49238586	 34.06872177	 41.79436111	 45.75047302	 35.37081909	        -262	         264
 0.40000	 41.49238205	 45.15064621	 35.97053146	 42.23933792	 44.42750931	 37.05190659	        -263	         265
 0.40000	 43.13727951	 44.36423111	 37.02254105	 44.11482239	 44.42888641	 35.88650894	        -264	         266
 0.40000	 44.35282898	 44.77303696	 35.08901215	 43.90684891	 46.13669586	 34.65126419	        -265	         267
 0.40000	 43.60938263	 46.46237946	 33.86669922	 43.97657013	 46.23744583	 32.42980957	        -266	         268
 0.40000	 43.28717804	 45.79419327	 32.05802155	 42.50553513	 45.03781128	 33.09091568	        -267	         269
 0.40000	 41.99810028	 45.54550552	 33.63399887	 42.54100418	 46.82775879	 33.07608795	        -268	         270
 0.40000	 43.30072403	 47.08798218	 32.66916656	 44.75649643	 47.32412720	 32.39523697	        -269	         271
 0.40000	 45.52785492	 47.05934143	 32.77633286	 45.76926804	 45.58654022	 32.62591553	        -270	         272
 0.40000	 46.64128113	 45.37334061	 32.56259155	 47.91955566	 46.14564896	 32.70198822	        -271	         273
 0.40000	 47.88584900	 46.94130707	 32.28291321	 46.51597977	 47.28219604	 31.77577209	        -272	         274
 0.40000	 45.78421021	 46.81686401	 31.53528786	 45.66089249	 45.33786774	 31.75265884	        -273	         275
 0.40000	 45.48959732	 44.46850967	 31.59560013	 45.09704971	 43.19613266	 30.90502357	        -274	         276
 0.40000	 45.54342651	 42.41691589	 30.84683990	 46.92049408	 42.03677750	 31.30403328	        -275	         277
 0.40000	 47.61349487	 41.92690277	 31.86748695	 48.39499664	 42.17948151	 33.12258530	        -276	         278
 0.40000	 48.58100510	 42.39549637	 33.97605515	 48.30202103	 42.87637711	 35.36911392	        -277	         279
 0.40000	 48.18889999	 43.13488770	 36.22344208	 48.05315781	 43.42113113	 37.68950272	        -278	         280
 0.40000	 47.76638794	 43.98762894	 38.32709885	 47.09800339	 45.28733826	 38.66429138	        -279	         281
 0.40000	 46.75743866	 45.97348785	 39.13641357	 45.98048019	 46.72536087	 40.17605209	        -280	         282
 0.40000	 46.59852600	 47.34925461	 40.37286758	 47.69687653	 46.90377808	 39.45361710	        -281	         283
 0.40000	 48.48357773	 46.79136276	 39.03153229	 49.85112000	 46.61688614	 38.44074249	        -282	         284
 0.40000	 50.47948074	 46.26321793	 37.90248871	 50.98496628	 45.37458420	 36.80498123	        -283	         285
 0.40000	 51.47763824	 44.73004532	 36.41567612	 52.35919571	 43.53012466	 36.59722137	        -284	         286
 0.40000	 52.78495026	 43.37408066	 35.81988144	 52.29018402	 44.31189728	 34.75892258	        -285	         287
 0.40000	 52.41219711	 45.17834854	 34.54873657	 53.24812317	 46.18804550	 35.27785110	        -286	         288
 0.40000	 52.65057755	 46.84169769	 35.43800354	 51.27247620	 46.26182556	 35.31730652	        -287	         289
 0.40000	 51.10664749	 46.52293777	 34.47200394	 52.54197693	 46.82586670	 34.15906525	        -288	         290
 0.40000	 52.98319626	 47.58230591	 33.95172119	 52.57187653	 49.01135254	 34.14795685	        -289	         291
 0.40000	 52.85955429	 49.85997391	 34.23038101	 53.91451263	 50.91726303	 34.36798096	        -290	         292
 0.40000	 54.73968887	 51.27600861	 34.37304688	 56.23588943	 51.29815674	 34.27051163	        -291	         293
 0.40000	 57.07810974	 51.01864624	 34.12178421	 58.19306564	 50.08340836	 33.75867462	        -292	         294
 0.40000	 58.81114197	 49.46897125	 33.53471756	 59.43448257	 48.12435913	 33.30376816	        -293	         295
 0.40000	 60.21075058	 48.24297333	 32.86406326	 60.55178833	 49.68655014	 32.64120865	        -294	         296
 0.40000	 60.07574844	 50.44157410	 32.52645874	 58.58511353	 50.49279785	 32.68519974	        -295	         297
 0.40000	 57.76696014	 50.86705399	 32.66833496	 56.73003769	 51.94874573	 32.73614883	        -296	         298
 0.40000	 56.03260422	 51.80898666	 32.18483353	 56.17097092	 50.65573502	 31.23571777	        -297	         299
 0.40000	 56.26850128	 49.76533890	 31.32233620	 56.30812073	 48.99194336	 32.60694122	        -298	         300
 0.40000	 57.12250900	 48.62137604	 32.70360565	 58.06035233	 49.01203537	 31.60011292	        -299	         301
 0.40000	 58.67709351	 49.58781052	 31.28715515	 58.95307541	 51.05800247	 31.39791298	        -300	         302
 0.40000	 59.84261322	 51.12464905	 31.27906799	 60.25448227	 49.69208145	 31.11169243	        -301	         303
 0.40000	 61.10685730	 49.40576553	 31.07443619	 62.43635178	 50.07411194	 30.88525009	        -302	         304
 0.40000	 62.84322739	 50.18970871	 31.67961693	 61.93084717	 49.80813599	 32.80736923	        -303	         305
 0.40000	 61.66552734	 49.53017426	 33.62104034	 61.51158905	 48.91052628	 34.97823715	        -304	         306
 0.40000	 61.11569214	 48.56791306	 35.71004486	 60.34253693	 48.10288239	 36.90830612	        -305	         307
 0.40000	 59.50621414	 47.98591232	 36.59698868	 59.55550766	 48.10696793	 35.10272980	        -306	         308
 0.40000	 59.74270248	 48.93138123	 34.79397583	 60.20371246	 49.77896118	 35.94242096	        -307	         309
 0.40000	 60.50713730	 50.17911148	 36.68906784	 60.93206406	 50.25864029	 38.12529755	        -308	         310
 0.40000	 61.28927612	 50.59549713	 38.87935257	 62.02569580	 51.59889603	 39.71641159	        -309	         311
 0.40000	 62.20645905	 51.71869278	 40.58973694	 62.28056335	 50.83136368	 41.79674911	        -310	         312
 0.40000	 61.60135269	 51.35467148	 42.08470917	 61.10458755	 52.36211014	 41.09049225	        -311	         313
 0.40000	 60.68582153	 52.98490524	 41.58729935	 60.57262802	 52.74315643	 43.06338882	        -312	         314
 0.40000	 60.24659729	 51.93992615	 43.30672836	 59.52255249	 50.93922806	 42.45554733	        -313	         315
 0.40000	 60.15504837	 50.52461624	 41.96741486	 61.25760651	 51.00658417	 42.86298370	        -314	         316
 0.40000	 61.17882538	 51.88506317	 42.68431854	 59.84169006	 52.01404572	 42.01691437	        -315	           0
