1.49989
2.39640
3.88079
4.75889
6.14984
6.98962
8.26373
9.06843
10.44704
11.24934
12.54038
13.36942
14.81133
15.65621
17.02604
17.73950
18.66481
19.32568
20.45209
21.17156
22.42323
23.22939
24.64556
25.47183
26.79354
27.61382
29.01527
29.84697
31.20807
32.01345
33.31741
34.16957
35.61438
36.39241
37.47511
38.04037
38.84205
39.08891
39.08711
38.94945
38.44814
38.20909
37.87796
37.68621
37.40978
37.11455
36.41012
36.02937
35.49849
35.04194
34.07884
33.60843
33.08009
32.72519
32.10577
31.73550
31.11882
30.74707
30.13780
29.77101
29.19501
28.92622
28.64682
