0.00029478
0.00048641
0.00084256
0.00088336
0.00088336
0.00069319
0.00069319
0.00077071
0.00112910
0.00132233
0.00134614
0.00134614
0.00086329
0.00052517
0.00048852
0.00031810
0.00029064
0.00029064
0.00039388
0.00039388
0.00027333
0.00027926
0.00085537
0.00167924
0.00272696
0.00334143
0.00364871
0.00364871
0.00341908
0.00262728
0.00192838
0.00109378
0.00109378
0.00099462
0.00119726
0.00119726
0.00086227
0.00053308
0.00053308
0.00044360
0.00044360
0.00031790
0.00045468
0.00051423
0.00051423
0.00031197
0.00020026
0.00020026
0.00041745
0.00085361
0.00122650
0.00122650
0.00110720
0.00078104
0.00105629
0.00105629
0.00097004
0.00069879
0.00092512
0.00111852
0.00111852
0.00066475
0.00074120
0.00074120
0.00069522
0.00069522
0.00050405
0.00029981
0.00032861
0.00033693
0.00077226
0.00112736
0.00197043
0.00251846
0.00264159
0.00264159
0.00205294
0.00136008
0.00113597
0.00073273
0.00052951
0.00119177
0.00153604
0.00195519
0.00195519
0.00131284
0.00067168
0.00062026
0.00076653
0.00076653
0.00076417
0.00054305
0.00075627
0.00075627
0.00064322
0.00072177
0.00072253
0.00076429
0.00119733
0.00136082
0.00136082
0.00114055
0.00077076
0.00069230
0.00038260
0.00090711
0.00118665
0.00118665
0.00091801
0.00074807
0.00074807
0.00067246
0.00050300
0.00051359
0.00070175
0.00070175
0.00065740
0.00108024
0.00140369
0.00140369
0.00100650
0.00052359
0.00047759
0.00052030
0.00052030
0.00050327
0.00065646
0.00079681
0.00084423
0.00086457
0.00131405
0.00169201
0.00169201
0.00202433
0.00202433
0.00143643
0.00079570
0.00060834
0.00032611
0.00037745
0.00044803
0.00044803
0.00069018
0.00069018
0.00051519
0.00039069
0.00039069
0.00073042
0.00073042
0.00066664
0.00058145
0.00036027
0.00033694
0.00033694
0.00050667
0.00080830
0.00080830
0.00054999
0.00048033
0.00048033
0.00077645
0.00077645
0.00061867
0.00061867
0.00074283
0.00074283
0.00065223
0.00079073
0.00079073
0.00074024
0.00070592
0.00060698
0.00050743
0.00047758
0.00039746
0.00039567
0.00039567
0.00047731
0.00055543
0.00055543
0.00033392
0.00022202
0.00022202
0.00026902
0.00031919
0.00062807
0.00091930
0.00091930
0.00085559
0.00129128
0.00129128
0.00080630
0.00044263
0.00044263
0.00053398
0.00053398
0.00022215
0.00032297
0.00034159
0.00038936
0.00038987
0.00038987
0.00038058
0.00034352
0.00048505
0.00049682
0.00063005
0.00083817
0.00083817
0.00083727
0.00074115
0.00051576
0.00051576
0.00053399
0.00057314
0.00088134
0.00088134
0.00086224
0.00114110
0.00168642
0.00220378
0.00256565
0.00256565
0.00265894
0.00265894
0.00248384
0.00191443
0.00094882
0.00094882
0.00060575
0.00033308
0.00033308
0.00050477
0.00082902
0.00113924
0.00165085
0.00167751
0.00167751
0.00133530
0.00105750
0.00049300
0.00067891
0.00072490
0.00093830
0.00093830
0.00062021
0.00029837
0.00034427
0.00036906
0.00039048
0.00039048
0.00037981
0.00045425
0.00050710
0.00050710
0.00041640
0.00068937
0.00068937
0.00053852
0.00053852
0.00050206
0.00050206
0.00055497
0.00078914
0.00078914
0.00062959
0.00101778
0.00163110
0.00189554
0.00189554
0.00176193
0.00176193
0.00155395
0.00102946
0.00045115
0.00042238
0.00061060
0.00061060
0.00057219
0.00047267
0.00047267
0.00057316
0.00063796
0.00063796
0.00043811
0.00053250
0.00064617
0.00127010
0.00147259
0.00167535
0.00167535
0.00132863
0.00109930
0.00072217
0.00063167
0.00076574
0.00076574
0.00076473
0.00076473
0.00052509
0.00054442
0.00054442
0.00048665
0.00056554
0.00065114
0.00065114
0.00045682
0.00045682
0.00029837
0.00037014
0.00051571
0.00068043
0.00082887
0.00116662
0.00124021
0.00124021
0.00101911
0.00122353
0.00122353
0.00115607
0.00061861
0.00050224
0.00050224
0.00081690
0.00106387
0.00106387
0.00090212
0.00058293
0.00108659
0.00171577
0.00171577
0.00112445
0.00053924
0.00048693
0.00093634
0.00093634
0.00080221
0.00079091
0.00034575
0.00049795
0.00049795
0.00096702
0.00116831
0.00116831
0.00078204
0.00051475
0.00051475
0.00043624
0.00058896
0.00058896
0.00057945
0.00082013
0.00082013
0.00060056
0.00055308
0.00055308
0.00060947
0.00060947
0.00055365
0.00055365
0.00093666
0.00093666
0.00045043
0.00053455
0.00068599
0.00081309
0.00081309
0.00084811
0.00084811
0.00056234
0.00070053
0.00070053
0.00068994
0.00068994
0.00063774
0.00052053
0.00066080
0.00138738
0.00173146
0.00226453
0.00226453
0.00176688
0.00123743
0.00062249
0.00035954
0.00051679
0.00051679
0.00062857
0.00062857
0.00063507
0.00078387
0.00088177
0.00088177
0.00079701
0.00056196
0.00040786
0.00076269
0.00076269
0.00055484
0.00025044
0.00049404
0.00094797
0.00098715
0.00098783
0.00098783
0.00064094
0.00036191
0.00023805
0.00033416
0.00065598
0.00088505
0.00088505
0.00078250
0.00055576
0.00041303
0.00070845
0.00070845
0.00037088
0.00054436
0.00065732
0.00099230
0.00099230
0.00066158
0.00057390
0.00057390
0.00046170
0.00084480
0.00096061
0.00096061
0.00082566
0.00066156
0.00066156
0.00112652
0.00138398
0.00138398
0.00103911
0.00070274
0.00032911
0.00057142
0.00059701
0.00059701
0.00084520
0.00149157
0.00211993
0.00246386
0.00246386
0.00210142
0.00132439
0.00070854
0.00057465
0.00057465
0.00047025
0.00021313
0.00044574
0.00066800
0.00110509
0.00157830
0.00200025
0.00226458
0.00226458
0.00223768
0.00223768
0.00186830
0.00100778
0.00056481
0.00056481
0.00039251
0.00055283
0.00055283
0.00037582
0.00039686
0.00041113
0.00079840
0.00089079
0.00089079
0.00056090
0.00048368
0.00050101
0.00050101
0.00053262
0.00053262
0.00052404
0.00089015
0.00089015
0.00086215
0.00077016
0.00077016
0.00104897
0.00128675
0.00169555
0.00169555
0.00152095
0.00137766
0.00205434
0.00286997
0.00298416
0.00298416
0.00280579
0.00274479
0.00214959
0.00129624
0.00101952
0.00041130
0.00050864
0.00050864
0.00040164
0.00040164
0.00044558
0.00050480
0.00050480
0.00040102
0.00066325
0.00088736
0.00112415
0.00115412
0.00115412
0.00089455
0.00089455
0.00063538
0.00077097
0.00077097
0.00069035
0.00073401
0.00114759
0.00114759
0.00069104
0.00063221
0.00114411
0.00228603
0.00271120
0.00290030
0.00290659
0.00290659
0.00245991
0.00179565
0.00085744
0.00062240
0.00063277
0.00121376
0.00121376
0.00131119
0.00131119
0.00123953
0.00123953
0.00108559
0.00088563
0.00062104
0.00062104
0.00078747
0.00082785
0.00118075
0.00118075
0.00113915
0.00113915
0.00097201
0.00058678
0.00058678
0.00092462
0.00142845
0.00153503
0.00176858
0.00176858
0.00117907
0.00088908
0.00064537
0.00057793
0.00081444
0.00081444
0.00077815
0.00070517
0.00086486
0.00128278
0.00160152
0.00160152
0.00144075
0.00101334
0.00091580
0.00080374
0.00080374
0.00115382
0.00115382
0.00106028
0.00114598
0.00155788
0.00186419
0.00194055
0.00194055
0.00162564
0.00102411
0.00054669
0.00045463
0.00074821
0.00074821
0.00119594
0.00147502
0.00147502
0.00142985
0.00142985
0.00080095
0.00056945
0.00056945
0.00045786
0.00056350
0.00057763
0.00057763
0.00034277
0.00054254
0.00054254
0.00048420
0.00031981
0.00045633
0.00045633
0.00077473
0.00088132
0.00088132
0.00057738
0.00113360
0.00139610
0.00139610
0.00121359
0.00160118
0.00224477
0.00237927
0.00303865
0.00331589
0.00331589
0.00266401
0.00206852
0.00110858
0.00110858
0.00059538
0.00036069
0.00034443
0.00059099
0.00094263
0.00168295
0.00214721
0.00214721
0.00212961
0.00155372
0.00169620
0.00238942
0.00277957
0.00277957
0.00250070
0.00177278
0.00106366
0.00094260
0.00082217
0.00082716
0.00082716
0.00067303
0.00086092
0.00098630
0.00131555
0.00131555
0.00122269
0.00084789
0.00070586
0.00067006
0.00104014
0.00104014
0.00064326
0.00036237
0.00054327
0.00093888
0.00136230
0.00136230
0.00120304
0.00120304
0.00098943
0.00096291
0.00067496
0.00083661
0.00083661
0.00052059
0.00081301
0.00081301
0.00041278
0.00079653
0.00102102
0.00121213
0.00165308
0.00165308
0.00140647
0.00096861
0.00052190
0.00052082
0.00069021
0.00086263
0.00131363
0.00171107
0.00175355
0.00175355
0.00148254
0.00103570
0.00069643
0.00066402
0.00066402
0.00083161
0.00101176
0.00116218
0.00116218
0.00103111
0.00063894
0.00042424
0.00042424
0.00069286
0.00077754
0.00077754
0.00092981
0.00092981
0.00083261
0.00067875
0.00099262
0.00110819
0.00131579
0.00153349
0.00153349
0.00133251
0.00113308
0.00079121
0.00027282
0.00049720
0.00096696
0.00097729
0.00097729
0.00138563
0.00141370
0.00158285
0.00158285
0.00166123
0.00205700
0.00211555
0.00211555
0.00192416
0.00192416
0.00172893
0.00107673
0.00058764
0.00061378
0.00061378
0.00050109
0.00037444
0.00044229
0.00044229
0.00038257
0.00038257
0.00033497
0.00021429
0.00021429
0.00019153
0.00027282
0.00030054
0.00039313
0.00101371
0.00125789
0.00169365
0.00197670
0.00197670
0.00146876
0.00099506
0.00069978
0.00086232
0.00086232
0.00062660
0.00062660
0.00081824
0.00094352
0.00094352
0.00062988
0.00062988
0.00028133
0.00028133
0.00040712
0.00047083
0.00077388
0.00077388
0.00060240
0.00084130
0.00084130
0.00099064
0.00099064
0.00071472
0.00064829
0.00064829
0.00050904
0.00070990
0.00076934
0.00084742
0.00098030
0.00098030
0.00080565
0.00080565
0.00044132
0.00074234
0.00074234
0.00048458
0.00053882
0.00053882
0.00074450
0.00087710
0.00087710
0.00082814
0.00069662
0.00032724
0.00077610
0.00112935
0.00112935
0.00058463
0.00090857
0.00090857
0.00064814
0.00054870
0.00063839
0.00076573
0.00076573
0.00063331
0.00044493
0.00069291
0.00074918
0.00090609
0.00090609
0.00121311
0.00121311
0.00080796
0.00062034
0.00090824
0.00158459
0.00158459
0.00148313
0.00102314
0.00081494
0.00084026
0.00096275
0.00162053
0.00214573
0.00245761
0.00245761
0.00213155
0.00164540
0.00103806
0.00051194
0.00109491
0.00109491
0.00133594
0.00133594
0.00082199
0.00040719
0.00063064
0.00072642
0.00072642
0.00061813
0.00095165
0.00095165
0.00071022
0.00043959
0.00051391
0.00067777
0.00073872
0.00106564
0.00106564
0.00059214
0.00049280
0.00061962
0.00061962
0.00044078
0.00048785
0.00092173
0.00110077
0.00110077
0.00077693
0.00079792
0.00079792
0.00045836
0.00041484
0.00062428
0.00062428
0.00059739
0.00051058
0.00045426
0.00055736
0.00065391
0.00065391
0.00060906
0.00060906
0.00051167
0.00111514
0.00137856
0.00137856
0.00097657
0.00045541
0.00045541
0.00039476
0.00039476
0.00032538
0.00043882
0.00043882
0.00051827
0.00052799
0.00052799
0.00052212
0.00067336
0.00067336
0.00030035
0.00045365
0.00051883
0.00051883
0.00053153
0.00053153
0.00040906
0.00076723
0.00088473
0.00088473
0.00056925
0.00048614
0.00087399
0.00119302
0.00119302
0.00091101
0.00039864
0.00084104
0.00136379
0.00158847
0.00158847
0.00152394
0.00152037
0.00152037
0.00131427
0.00117968
0.00060225
0.00031705
0.00073729
0.00080681
0.00080681
0.00049645
0.00050336
0.00051891
0.00059592
0.00091700
0.00091700
0.00078281
0.00078281
0.00055076
0.00033795
0.00034942
0.00034942
0.00081616
0.00090635
0.00090811
0.00090811
0.00067275
0.00049020
0.00065502
0.00069266
0.00144128
0.00230962
0.00291239
0.00345069
0.00345069
0.00340548
0.00305714
0.00220388
0.00184074
0.00098701
0.00086444
0.00086444
0.00068431
0.00045645
0.00036240
0.00066988
0.00073326
0.00073326
0.00031323
0.00031358
0.00031358
0.00031242
0.00040423
0.00099643
0.00124933
0.00124933
0.00118284
0.00077819
0.00052539
0.00050376
0.00050376
0.00044415
0.00033350
0.00028970
0.00044304
0.00044659
0.00060058
0.00108862
0.00108862
0.00069996
0.00045142
0.00054976
0.00110568
0.00110568
0.00080739
