1.50004
1.82782
0.93841
1.33996
2.80995
3.69695
5.04437
5.37457
5.16999
5.92033
7.13853
7.00374
6.13399
6.19074
6.69359
6.33232
6.55632
6.63761
7.39279
7.65328
6.79564
5.96742
4.72830
4.21111
3.76564
2.87351
2.44849
1.86588
2.33405
3.02305
4.30820
4.97881
4.77254
5.54695
6.63276
7.25159
6.88562
6.64485
5.93962
6.34591
7.64587
7.81967
6.76523
6.31049
5.68903
5.92575
7.06383
7.85223
9.34339
9.40349
7.95888
7.22444
6.13204
5.95821
6.84151
6.82832
7.65720
8.41732
7.67280
7.62416
8.85163
9.25210
8.96667
9.23910
9.88134
10.19005
10.55661
10.86647
11.77753
11.27717
10.04905
9.26865
9.36492
8.58135
7.70358
7.23993
6.42667
6.95914
7.89606
8.29963
7.43095
6.70894
6.96475
7.32752
6.29296
5.76797
5.59262
4.81695
4.27044
4.21792
4.93912
5.80551
6.86240
6.52364
5.34497
5.01975
3.97074
4.60794
5.71546
5.81071
4.64800
3.85756
4.11530
4.23260
4.17473
3.99614
4.60241
5.03036
6.22245
6.42884
5.64327
5.60132
6.40455
6.59228
6.90969
6.09111
5.62637
5.72885
6.76425
7.23111
8.05871
7.54715
6.21601
5.31601
4.02007
3.25415
2.43188
3.19568
3.88070
4.03607
3.90693
3.56728
3.07319
2.67127
2.84716
3.32376
3.53118
4.04366
5.26798
5.24129
3.96041
3.12230
2.01134
1.72003
3.17163
3.60439
2.79299
2.94232
3.61411
4.25704
4.27796
4.80485
5.90819
6.30697
5.37768
5.17014
5.10803
5.57665
6.20116
6.56422
7.34815
8.13370
9.57172
10.06647
9.24309
8.49553
7.46953
6.76110
5.37216
4.68542
4.05918
4.58101
5.14573
5.35625
5.07754
4.74995
5.04775
5.18005
4.98597
5.59767
5.71303
6.13397
7.06329
7.52094
7.13809
7.19842
7.54186
7.88452
8.76532
8.56673
7.62076
8.11952
9.59798
10.03725
8.91422
8.34670
9.15168
9.26510
10.31897
10.91027
9.84777
10.40643
11.46101
12.15895
12.89336
13.78165
14.96364
15.77397
17.17752
17.82808
18.15239
18.62080
18.98401
19.69465
20.17771
20.28091
19.89054
19.92086
20.10796
20.85259
21.02551
20.27988
20.07430
20.45673
21.08065
21.57251
22.50679
23.07656
23.76192
24.66130
25.11260
25.82094
26.17140
25.68873
24.60731
24.10690
25.11075
25.40501
26.30784
26.63570
27.20070
26.82144
26.38580
25.76428
25.78173
25.26294
25.60307
24.75275
24.40739
24.79008
25.69008
26.01955
26.92998
27.50469
28.66452
29.17099
29.87607
29.43709
28.17754
27.30036
25.99759
25.24376
24.09371
23.41243
22.14150
22.38873
23.86128
24.44491
24.95960
24.22662
23.77090
23.39626
23.60461
23.70492
24.30860
24.34437
24.23159
23.50161
23.35207
23.22675
23.35569
23.79089
24.39074
24.16423
22.94123
22.14315
20.85679
20.07296
18.92872
18.10039
18.08315
17.21726
16.00296
15.81863
16.85060
17.67431
17.90036
17.25372
16.99780
16.97198
16.88055
16.42716
15.19695
15.00467
14.90769
15.23947
15.31335
16.15469
17.08912
17.70278
18.45893
19.12324
19.34673
20.10157
21.13670
20.63251
19.49647
19.41413
20.16159
20.62729
22.02316
22.15607
20.87198
19.98753
18.96921
19.23600
20.71144
21.46009
22.37000
23.06935
24.00264
24.65499
25.73494
26.47678
27.48256
28.21163
29.40039
30.22884
30.89229
30.46289
29.19579
28.80028
28.98153
29.13936
27.97249
27.78799
28.79619
29.68105
30.53993
30.37408
29.00056
28.14297
26.75373
27.00112
28.41678
29.28671
30.74218
31.50148
32.91473
33.31081
31.97557
31.42784
31.74431
31.46880
30.87803
30.80587
31.71943
31.93267
31.37767
31.03937
30.57489
30.01980
29.19090
28.33987
28.00978
28.02082
28.47089
28.94212
29.50014
29.38461
28.69520
28.82945
30.09031
30.52705
29.26260
28.64765
29.17239
29.45223
29.80154
30.45674
31.70854
32.36570
32.46580
32.72550
33.13210
33.36817
33.71234
33.92673
34.48159
34.61434
35.27330
34.97298
33.87478
34.50213
35.59405
35.85544
34.66255
34.19430
35.28368
35.21589
34.22881
33.76850
33.65845
33.53993
33.60275
33.59887
33.40563
33.50808
33.87085
34.71919
34.34040
34.06019
33.63822
33.02948
32.33068
31.59093
30.77755
30.19869
29.90359
29.12949
28.20594
28.59682
29.90268
30.73299
31.82119
32.47820
31.74469
30.95114
31.23781
31.01289
30.38559
30.16748
30.23383
29.90563
28.53815
27.88984
26.61599
26.51176
27.82894
28.55219
29.99961
30.85819
32.03493
32.48778
32.27033
31.99835
32.07498
32.35634
32.63926
32.39001
32.10652
31.46597
31.79172
32.42875
33.23580
34.12708
34.43730
35.24203
34.90639
34.97552
35.18583
35.54912
36.26334
36.49114
36.82049
37.14749
36.89595
36.29122
34.87435
34.29540
33.55307
32.81395
33.58018
33.88074
33.48225
32.58071
32.69524
32.42039
32.00997
32.17484
33.11561
34.01385
35.23378
35.74664
35.62564
34.86682
33.90355
33.72072
33.11314
32.55277
33.29638
34.03348
35.37193
36.05795
37.40889
37.97538
37.18368
36.69158
36.95783
36.37170
35.71071
35.74606
37.04412
37.02796
36.02376
36.19797
37.57263
37.70926
36.60204
35.73695
34.98322
34.71730
35.37257
34.96701
34.08148
33.36935
32.40688
32.44013
33.54428
34.04093
34.82648
34.83026
33.85989
34.56284
35.51101
36.14024
36.70042
37.49267
36.93047
37.46979
38.95427
39.64991
39.87312
40.25874
40.65838
40.82777
39.79445
39.54949
40.65296
41.39194
42.19500
42.45953
41.61462
41.05266
40.35091
40.85001
41.59957
42.06224
43.06704
43.58645
44.04825
44.63402
45.56137
45.66521
44.98420
44.54211
43.84418
43.43798
42.80578
42.69212
42.91673
42.73301
42.27306
42.33163
41.62839
40.89263
40.11292
39.82669
40.03648
40.87894
41.66585
42.18366
41.39955
41.34658
42.21142
42.12768
40.73860
40.01275
39.28440
39.05738
38.27944
37.73476
36.78925
36.22410
36.37026
37.15007
37.02575
37.27660
38.73017
39.38084
39.30753
39.58752
39.93167
40.39049
40.57297
40.74475
41.58966
41.71651
41.12265
41.33195
41.76540
41.42680
40.86998
40.47171
40.18622
40.20815
40.47367
39.65713
39.37541
39.16166
38.73336
39.37595
39.86207
40.38266
41.73901
41.46865
40.12436
39.23858
37.97522
37.14974
35.83517
