0.00032751
0.00032751
0.00040014
0.00092939
0.00162695
0.00201552
0.00201552
0.00156768
0.00090017
0.00090017
0.00071277
0.00048214
0.00048214
0.00043321
0.00041391
0.00069937
0.00077022
0.00077022
0.00076543
0.00074164
0.00063206
0.00042947
0.00035450
0.00035450
0.00024934
0.00048648
0.00048648
0.00069860
0.00069860
0.00059111
0.00045835
0.00045835
0.00034574
0.00034574
0.00036194
0.00054029
0.00054029
0.00031536
0.00036512
0.00089092
0.00124696
0.00177769
0.00177769
0.00173669
0.00123203
0.00118977
0.00085820
0.00066950
0.00048438
0.00048438
0.00034819
0.00037648
0.00037648
0.00011615
0.00030282
0.00045117
0.00045117
0.00030929
0.00037829
0.00062777
0.00077442
0.00077442
0.00065325
0.00038923
0.00033109
0.00028413
0.00040040
0.00040040
0.00052069
0.00054260
0.00063349
0.00072432
0.00109633
0.00109633
0.00108925
0.00088531
0.00064473
0.00053093
0.00034588
0.00038778
0.00092919
0.00149064
0.00149064
0.00146770
0.00098966
0.00036534
0.00068811
0.00068811
0.00042102
0.00041563
0.00041563
0.00057030
0.00066905
0.00066905
0.00117324
0.00158416
0.00162492
0.00162492
0.00134872
0.00139458
0.00218476
0.00280463
0.00280463
0.00294022
0.00294022
0.00274172
0.00249623
0.00217520
0.00206840
0.00199470
0.00179746
0.00129398
0.00113633
0.00078300
0.00050610
0.00033821
0.00035812
0.00047799
0.00047799
0.00042898
0.00042898
0.00033943
0.00033943
0.00032461
0.00036618
0.00050998
0.00078342
0.00078342
0.00059663
0.00048582
0.00052833
0.00052833
0.00043719
0.00058402
0.00058402
0.00049574
0.00045296
0.00045539
0.00045539
0.00064957
0.00064957
0.00055779
0.00055779
0.00000000
0.00016599
0.00008910
0.00069175
0.00069175
0.00064474
0.00034495
0.00054755
0.00074788
0.00074788
0.00070758
0.00060185
0.00060185
0.00088510
0.00164487
0.00198518
0.00233429
0.00264829
0.00266839
0.00266839
0.00224318
0.00184545
0.00159304
0.00099579
0.00079909
0.00046182
0.00038036
0.00038036
0.00024945
0.00071559
0.00080424
0.00080424
0.00070859
0.00066744
0.00055319
0.00078792
0.00080503
0.00080503
0.00068773
0.00064498
0.00048208
0.00051411
0.00051411
0.00042476
0.00042476
0.00024999
0.00041673
0.00053173
0.00083319
0.00083319
0.00070633
0.00057150
0.00064529
0.00064529
0.00053588
0.00071353
0.00117649
0.00140551
0.00140551
0.00129040
0.00084382
0.00106075
0.00141605
0.00141605
0.00104434
0.00059526
0.00040157
0.00060627
0.00060627
0.00073126
0.00073126
0.00046253
0.00048276
0.00048276
0.00052420
0.00054312
0.00106488
0.00145347
0.00145347
0.00127335
0.00076292
0.00078063
0.00078063
0.00065403
0.00133074
0.00187455
0.00203132
0.00203132
0.00189484
0.00138483
0.00057733
0.00057733
0.00053799
0.00053799
0.00040723
0.00062876
0.00062876
0.00062756
0.00058288
0.00031896
0.00045471
0.00045471
0.00040223
0.00031126
0.00032336
0.00032336
0.00029389
0.00040672
0.00064025
0.00078530
0.00078530
0.00055531
0.00040895
0.00028422
0.00039104
0.00039104
0.00053362
0.00053362
0.00102116
0.00130687
0.00130687
0.00093392
0.00090782
0.00053373
0.00042968
0.00051148
0.00052305
0.00052305
0.00040401
0.00040401
0.00029270
0.00031118
0.00031118
0.00026377
0.00027140
0.00027140
0.00025613
0.00036362
0.00036362
0.00023666
0.00039163
0.00045860
0.00052169
0.00052169
0.00044133
0.00045245
0.00045245
0.00064831
0.00067353
0.00067353
0.00031292
0.00037992
0.00071592
0.00071592
0.00054240
0.00046170
0.00058975
0.00058975
0.00048377
0.00048377
0.00098010
0.00195859
0.00226497
0.00226497
0.00191866
0.00109270
0.00068965
0.00039090
0.00061518
0.00061518
0.00048293
0.00057683
0.00058465
0.00058465
0.00048945
0.00048945
0.00047631
0.00030366
0.00037600
0.00044745
0.00045591
0.00045591
0.00044772
0.00067081
0.00067081
0.00068308
0.00068308
0.00055043
0.00041223
0.00061532
0.00061532
0.00041862
0.00057622
0.00057622
0.00074384
0.00074384
0.00046769
0.00062996
0.00062996
0.00014397
0.00016599
0.00041795
0.00041795
0.00040592
0.00086733
0.00086733
0.00126872
0.00146124
0.00146124
0.00105468
0.00073998
0.00056566
0.00077026
0.00077026
0.00094144
0.00122908
0.00122908
0.00082539
0.00044905
0.00058455
0.00058455
0.00042875
0.00086817
0.00087594
0.00087594
0.00086855
0.00086855
0.00060907
0.00038884
0.00030019
0.00063764
0.00063764
0.00079051
0.00079051
0.00045417
0.00028108
0.00039123
0.00039123
0.00085307
0.00085307
0.00047986
0.00076425
0.00076425
0.00051276
0.00051276
0.00069395
0.00069395
0.00054761
0.00054815
0.00054815
0.00044578
0.00067642
0.00067642
0.00059831
0.00066559
0.00066559
0.00051174
0.00081035
0.00081035
0.00069040
0.00049389
0.00049389
0.00039766
0.00057149
0.00092426
0.00092426
0.00082663
0.00098102
0.00098102
0.00107903
0.00107903
0.00100402
0.00092060
0.00053609
0.00067838
0.00067838
0.00061132
0.00094482
0.00094482
0.00106509
0.00106509
0.00092883
0.00078081
0.00122228
0.00122228
0.00084191
0.00068868
0.00068868
0.00073590
0.00073590
0.00092564
0.00140292
0.00140292
0.00130741
0.00130741
0.00094680
0.00094680
0.00063007
0.00063007
0.00098532
0.00098532
0.00083555
0.00067209
0.00070298
0.00109918
0.00122560
0.00182186
0.00196659
0.00196659
0.00131635
0.00071957
0.00133243
0.00157275
0.00172555
0.00172555
0.00156070
0.00129261
0.00129261
0.00122444
0.00067449
0.00057074
0.00093053
0.00093053
0.00108974
0.00108974
0.00088430
0.00066349
0.00089506
0.00089506
0.00087714
0.00114007
0.00114007
0.00093427
0.00070406
0.00048810
0.00051762
0.00097061
0.00113208
0.00113208
0.00098736
0.00098625
0.00062390
0.00044387
0.00076623
0.00076623
0.00084145
0.00084145
0.00093889
0.00093889
0.00090754
0.00125228
0.00207598
0.00280945
0.00280945
0.00214464
0.00164144
0.00119999
0.00076675
0.00076675
0.00084847
0.00095686
0.00095686
0.00112105
0.00112105
0.00096616
0.00096616
0.00071198
0.00055304
0.00055453
0.00061301
0.00061301
0.00095810
0.00095810
0.00086694
0.00100844
0.00100844
0.00067830
0.00097532
0.00097532
0.00093304
0.00093304
0.00067209
0.00062912
0.00054035
0.00000000
0.00000000
0.00007955
0.00058538
0.00081894
0.00081894
0.00091721
0.00091721
0.00060560
0.00079501
0.00084395
0.00084395
0.00083538
0.00083538
0.00071600
0.00084419
0.00109808
0.00117567
0.00178627
0.00235590
0.00235590
0.00182918
0.00182918
0.00135459
0.00075208
0.00061840
0.00061840
0.00061205
0.00058762
0.00101355
0.00101355
0.00082001
0.00062941
0.00070329
0.00070329
0.00145573
0.00179482
0.00253356
0.00265029
0.00265029
0.00254831
0.00292631
0.00359357
0.00359357
0.00297230
0.00222527
0.00235121
0.00239200
0.00265375
0.00313309
0.00313309
0.00249592
0.00160397
0.00109060
0.00058528
0.00085788
0.00085788
0.00122321
0.00122321
0.00102707
0.00087375
0.00098600
0.00098600
0.00110885
0.00110885
0.00076571
0.00076571
0.00075210
0.00089349
0.00089349
0.00056052
0.00099598
0.00115444
0.00115444
0.00059554
0.00070588
0.00145918
0.00145918
0.00115737
0.00115737
0.00091056
0.00122232
0.00133468
0.00133468
0.00072699
0.00072699
0.00065776
0.00085632
0.00117472
0.00117472
0.00100843
0.00087241
0.00077524
0.00077524
0.00068844
0.00120885
0.00120885
0.00097264
0.00081150
0.00104460
0.00104460
0.00102813
0.00088925
0.00118561
0.00118561
0.00113653
0.00086914
0.00094705
0.00134425
0.00134425
0.00108518
0.00101310
0.00105408
0.00105408
0.00070583
0.00081189
0.00081189
0.00076504
0.00129609
0.00196550
0.00204862
0.00204862
0.00155311
0.00092269
0.00089011
0.00122605
0.00162293
0.00202554
0.00202554
0.00205440
0.00279103
0.00279103
0.00181479
0.00082958
0.00102370
0.00102370
0.00098484
0.00098484
0.00071550
0.00071426
0.00071426
0.00096699
0.00173423
0.00182016
0.00296527
0.00296527
0.00240456
0.00149787
0.00104784
0.00160706
0.00160706
0.00102883
0.00071622
0.00071622
0.00099226
0.00102280
0.00125374
0.00125374
0.00085461
0.00152896
0.00265101
0.00342309
0.00342309
0.00317071
0.00240668
0.00105916
0.00081957
0.00081957
0.00063061
0.00095169
0.00110179
0.00110179
0.00092595
0.00092595
0.00098385
0.00098385
0.00163915
0.00215859
0.00215859
0.00135173
0.00088059
0.00136699
0.00136699
0.00114515
0.00114515
0.00070289
0.00102340
0.00127291
0.00127291
0.00076471
0.00151806
0.00151806
0.00127840
0.00104831
0.00188348
0.00188348
0.00112782
0.00092844
0.00123656
0.00126730
0.00133938
0.00133938
0.00076263
0.00077416
0.00082723
0.00082723
0.00102260
0.00102260
0.00087002
0.00083014
0.00083014
0.00089902
0.00089902
0.00105239
0.00158233
0.00216836
0.00216836
0.00206860
0.00128360
0.00068663
0.00086180
0.00086180
0.00130661
0.00161544
0.00161544
0.00106435
0.00140831
0.00140831
0.00092887
0.00092887
0.00117953
0.00141769
0.00141769
0.00116602
0.00091876
0.00091876
0.00053323
0.00067196
0.00113806
0.00113806
0.00164076
0.00164076
0.00132508
0.00165130
0.00165130
0.00232253
0.00288243
0.00288243
0.00255890
0.00154837
0.00086501
0.00121738
0.00189178
0.00242564
0.00242564
0.00173571
0.00262050
0.00262050
0.00174137
0.00157923
0.00097325
0.00123902
0.00123902
0.00119382
0.00081502
0.00159588
0.00279110
0.00279110
0.00277093
0.00152772
0.00152772
0.00158437
0.00158437
0.00152532
0.00141104
0.00195603
0.00195603
0.00179179
0.00131513
0.00122522
0.00123893
0.00197392
0.00200947
0.00200947
0.00151406
0.00114427
0.00149727
0.00149727
0.00146747
0.00157208
0.00157208
0.00092778
0.00092056
0.00136145
0.00136145
0.00135128
0.00092874
0.00092874
0.00086764
0.00153284
0.00153284
0.00141381
0.00105600
0.00177332
0.00177332
0.00137674
0.00137674
0.00092993
0.00147951
0.00221754
0.00221754
0.00166181
0.00101297
0.00101297
0.00076378
0.00076378
0.00109420
0.00165622
0.00165622
0.00126556
0.00098064
0.00120621
0.00153705
0.00153705
0.00160166
0.00160166
0.00118614
0.00155454
0.00248175
0.00248175
0.00185619
0.00153400
0.00067752
0.00069509
0.00104385
0.00133038
0.00202808
0.00202808
0.00108654
0.00108654
0.00071106
0.00113250
0.00113250
0.00079958
0.00096152
0.00145677
0.00188236
0.00246992
0.00246992
0.00273616
0.00273616
0.00149055
0.00052417
0.00081710
0.00081710
0.00073383
0.00117092
0.00119392
0.00119392
0.00109649
0.00074051
0.00097657
0.00097657
0.00096070
0.00092737
0.00079157
0.00112455
0.00112455
0.00123509
0.00151422
0.00164306
0.00165113
0.00191423
0.00263143
0.00263143
0.00203123
0.00104151
0.00082906
0.00091660
0.00143823
0.00143823
0.00086990
0.00053476
0.00109356
0.00122182
0.00122182
0.00093018
0.00137414
0.00137414
0.00131613
0.00104401
0.00080760
0.00093569
0.00093569
0.00154019
0.00154019
0.00121040
0.00121040
0.00144560
0.00144560
0.00086701
0.00090517
0.00140822
0.00140822
0.00087501
0.00087501
0.00097511
0.00134325
0.00134325
0.00125360
0.00115914
0.00115914
0.00071973
0.00172806
0.00172806
0.00130593
0.00193355
0.00236339
0.00236339
0.00138648
0.00075169
0.00120592
0.00144203
0.00197570
0.00241005
0.00241005
0.00164895
0.00095749
0.00095749
0.00127042
0.00127042
0.00110513
0.00099699
0.00103420
0.00103420
0.00101607
0.00134961
0.00134961
0.00173746
0.00173746
0.00098233
0.00072811
0.00072811
0.00090465
0.00112356
0.00112356
0.00142231
0.00142231
0.00129048
0.00133202
0.00202234
0.00205544
0.00241610
0.00241610
0.00227031
0.00208640
0.00192383
0.00144337
0.00099351
0.00106854
0.00106854
0.00082234
0.00108148
0.00163154
0.00171212
0.00178950
0.00178950
0.00145915
0.00145915
0.00115900
0.00174342
0.00174342
0.00086237
