1.49981
2.39199
3.86078
4.74780
6.22965
7.12265
8.61627
9.51252
11.00885
11.90585
13.40134
14.28045
15.59386
16.48511
17.94209
18.82414
20.29844
21.18055
22.63418
23.51055
24.98200
25.83345
27.09413
27.78347
28.72336
29.41433
30.68155
31.33574
32.21891
32.73312
33.53350
34.03782
34.89529
35.51821
36.71050
37.41586
38.49833
39.09556
39.95193
40.55877
41.60886
42.31315
43.61926
44.24205
44.93787
45.41204
46.23187
46.59962
46.98023
47.11694
47.15332
47.17146
47.18172
47.17238
47.10555
47.16906
47.43611
47.53301
47.59865
47.77631
48.28379
48.63033
49.28597
49.70371
50.43698
50.99384
52.11226
52.72516
53.65727
54.16529
54.86190
55.48439
56.74712
57.51845
58.72961
59.56341
60.95881
61.79488
63.18991
63.99754
65.24555
66.11255
67.58214
68.45292
69.80374
70.62727
72.02721
72.75014
73.69458
74.19228
74.84986
75.35824
76.36078
76.93806
77.88257
78.44205
79.35974
79.86795
80.57502
81.04364
81.85366
82.45293
83.57051
84.14404
84.93804
85.37410
86.02642
86.42912
87.10666
87.59648
88.55952
89.02238
89.53866
89.89234
90.50201
90.91610
91.67389
92.21255
93.26573
93.74201
94.25536
94.55234
94.98274
95.31807
95.92981
96.54967
97.91415
98.55526
99.26646
99.72853
100.50573
100.98790
101.79626
102.37457
103.43795
103.84029
104.05217
104.30236
104.85840
105.17847
105.70690
106.01462
106.47011
106.92441
107.97760
108.40578
108.75762
109.00444
109.46595
109.55421
109.35608
109.38308
109.58260
109.94193
110.88311
111.48291
112.56480
113.20668
114.27294
114.97721
116.25101
117.00894
118.22895
118.97880
120.13179
120.87982
122.18072
123.02423
124.47570
125.28574
126.49879
127.18425
128.24818
128.74065
129.19963
129.73977
130.93606
131.71039
133.00652
133.78627
135.08840
135.86484
137.14380
137.93952
139.27927
140.08212
141.42727
142.19318
143.29850
144.02354
145.33374
145.95208
146.59644
147.11862
148.09670
148.80452
150.09293
150.91127
152.24809
