1.49969
2.38056
3.80291
4.59783
5.77423
6.54571
7.88160
8.72210
10.16016
11.00470
12.38368
13.22355
14.61261
15.47189
16.92480
17.77259
19.03656
19.85511
21.20834
21.98649
23.17760
23.91123
25.15829
25.91660
27.19379
27.95561
29.24734
29.88026
30.62791
31.17217
32.17940
32.78403
33.78815
34.37732
35.34962
35.74952
36.00918
36.27151
36.80427
37.14097
37.72572
38.09736
38.76268
39.15564
39.79449
40.22931
41.02049
41.43582
41.91471
42.47798
43.68927
44.46430
45.82606
46.66238
48.07602
48.90513
50.22801
51.09251
52.53258
53.33295
54.51754
55.22238
56.34179
57.04416
58.24366
58.97737
60.09374
60.72635
61.66511
62.23701
63.11889
63.66710
64.59260
65.09397
65.76101
66.30164
67.39420
67.79998
67.99666
68.26303
68.81860
69.32892
70.41768
71.10628
72.28646
73.09118
74.40613
75.24259
76.67057
77.51089
78.85299
79.71124
81.07834
81.97318
83.41481
84.30653
85.80312
86.67736
88.03395
88.91927
90.41366
91.31139
92.80518
93.67935
95.08476
95.89332
97.13793
97.90044
99.09411
99.82413
100.95418
101.51682
102.10675
102.67701
103.86173
104.62702
105.90868
106.68483
107.98091
108.80187
110.20823
111.05470
112.47535
113.33523
114.77131
115.66216
117.03893
117.87141
119.23882
120.12498
121.61318
122.49686
123.87039
124.73258
126.15829
127.02060
128.35647
129.07490
130.06749
130.69788
131.78303
132.43169
133.51339
134.17834
135.30938
135.98943
137.14408
137.70306
138.37388
138.65215
138.83907
139.01771
139.35555
139.73987
140.65603
141.09955
141.69754
141.95648
142.20043
142.37662
142.65329
142.95177
143.57754
143.99942
144.78117
145.04692
145.10891
145.24431
145.56808
145.70301
145.93852
146.02761
146.09446
146.17964
146.37563
146.52711
146.84509
147.25005
148.21712
148.80183
149.79240
150.49920
151.80440
152.61613
154.01690
154.84176
156.17704
156.98679
158.36225
159.20430
160.60802
161.46193
162.90677
163.78335
165.24378
166.04988
167.15896
167.85738
168.91059
169.58321
170.72183
171.40663
172.58071
173.17031
173.90598
174.39286
175.22634
175.76361
176.64573
177.18568
178.07954
178.67115
179.63624
180.15713
180.85749
181.41418
182.48131
183.11190
184.05593
184.57025
185.26749
185.76357
186.68588
187.33759
188.54056
189.30696
190.61844
191.44169
192.85747
193.73123
195.12481
195.87501
196.82967
197.41039
198.32689
199.01173
200.29283
201.04438
202.26993
203.06650
204.43362
205.31365
206.81158
207.70611
209.18259
210.06019
211.51645
212.36736
213.64676
214.51047
216.00513
216.89320
218.35232
219.22121
220.65908
221.53963
223.02515
223.90339
225.20862
225.83967
226.48506
226.95888
227.77472
228.41014
229.66880
230.41147
231.62221
232.48582
233.98314
234.85309
236.14992
236.93172
238.21947
238.98302
240.24685
240.99546
242.23105
243.00935
244.35491
245.15470
246.46747
247.24555
248.51591
249.27998
250.56380
251.27195
252.25955
252.86456
253.86785
254.51553
255.65487
256.35017
257.52930
258.06052
258.58544
258.81957
258.95728
259.32419
260.30630
260.85406
261.66182
262.21386
263.19032
263.82790
264.96932
265.75354
267.12598
267.83101
268.72081
269.26805
270.18489
270.57650
270.91104
271.20016
271.69689
272.25344
273.50304
274.30149
275.69794
276.52517
277.86431
278.67924
280.05803
280.87120
282.20928
282.99625
284.25345
285.04506
286.25486
287.05068
288.45604
289.28165
290.64108
291.41849
292.66289
293.26055
293.95176
294.33696
294.88524
295.14112
295.39570
295.62032
295.99923
296.46225
297.55659
298.17084
299.10708
299.76654
300.90939
301.49312
302.25865
302.76191
303.63507
304.15028
305.00088
305.52200
306.41406
306.99578
308.05154
308.61423
309.43555
309.85553
310.38807
310.54975
310.46280
310.55839
310.91867
311.17347
311.65759
312.19237
313.43186
314.08526
315.01772
315.67702
316.89800
317.60824
318.75200
319.39245
320.32851
320.91095
321.89296
322.52650
323.68797
324.17976
324.58535
324.80462
325.07392
325.31838
325.84342
326.11636
326.51473
326.75381
327.15207
327.40940
327.87645
328.11575
328.48277
328.44638
327.93702
327.66125
327.20357
326.90364
326.35614
326.01538
325.46033
325.15956
324.70153
324.57813
324.71088
324.64867
324.33091
324.38025
324.83209
325.11852
325.66354
325.95542
326.33825
326.84183
328.05504
328.65466
329.39200
329.97401
331.06252
331.59630
332.26073
332.75138
333.70489
334.18297
334.75727
335.33645
336.58696
337.32122
338.52999
339.33119
340.73961
341.50947
342.59826
343.32462
344.59736
345.31107
346.38299
347.06216
348.23074
348.94302
350.00105
350.80773
352.28941
353.17514
354.66348
355.51762
356.81092
357.57249
358.73011
359.56512
361.02225
361.89946
363.26870
364.11463
365.49758
366.26421
367.39995
368.09050
369.25110
369.94023
371.07224
371.73058
372.73847
373.43557
374.71338
375.48167
376.77933
377.60362
379.04120
379.91391
381.38719
382.26647
383.70517
384.48331
385.54852
386.17080
387.12465
387.81238
389.15007
389.79601
390.57250
391.03200
391.72857
392.06756
392.43719
392.85246
393.83251
394.23163
394.57933
394.82194
395.25021
395.57158
396.24332
396.48710
396.58172
396.71385
397.05876
397.01176
396.49589
396.27683
396.01987
395.94150
395.94024
396.09150
396.60367
397.00611
397.80161
398.41524
399.64173
400.36525
401.58952
402.17939
402.87707
403.08839
403.04723
402.91433
402.49953
402.12838
401.29910
400.86613
400.29379
399.88081
399.19428
398.80271
398.17476
397.91614
397.64126
397.57109
397.64045
397.65179
397.63596
397.58505
397.43049
397.37880
397.34399
397.44689
397.80840
398.01662
398.34304
398.66632
399.41388
399.72262
399.94397
400.26503
400.99937
401.43756
402.16401
402.80847
404.11788
404.92573
406.32318
407.15750
408.55290
409.39162
410.77604
411.64003
413.01737
413.91096
415.33781
416.17658
417.54054
418.35489
419.70398
420.44878
421.58715
422.15545
422.88797
423.19305
423.46207
423.46844
423.21637
422.93230
422.16492
421.92162
421.84585
421.81317
421.80038
421.81322
421.83777
421.99980
422.48245
422.95182
423.96532
424.65458
425.86522
426.72211
428.20053
429.07848
430.50030
431.36745
432.80539
433.65441
435.05086
435.86876
437.20400
438.02559
439.43585
440.27528
441.65153
442.48242
443.72726
444.55583
445.99523
446.79501
447.95189
448.59227
449.50726
450.09622
451.07683
451.73694
452.96086
453.50090
453.98378
454.33480
454.92966
455.19011
455.49925
455.38504
454.72187
454.35079
453.70182
453.40786
453.14150
452.83780
452.15652
451.59070
450.38828
449.78575
449.02790
448.66624
448.28721
448.16757
448.22687
448.08683
447.62989
447.20703
446.30640
445.60479
444.24564
443.43718
442.08746
441.23961
439.78094
438.90845
437.45024
436.58236
435.15786
434.29364
432.83830
431.94588
430.49499
429.65184
428.36344
427.58345
426.28442
425.45786
424.07411
423.24699
421.88887
421.16819
420.22659
419.56562
418.39724
417.65220
416.30718
415.62430
414.72669
414.18495
413.30957
412.87594
412.32394
411.90451
411.07969
410.57259
409.69173
409.23005
408.57837
408.24938
407.81780
407.40821
406.49190
405.95809
405.12697
404.60058
403.66971
403.17246
402.43384
402.07004
401.66049
401.18735
400.07933
399.45230
398.43878
397.79235
396.74180
395.96394
394.51896
393.76367
392.82725
392.20301
391.15827
390.54285
389.64869
389.02064
387.86470
387.15825
385.97077
385.38705
384.66628
384.29268
383.82567
383.49820
382.88000
382.50447
381.89030
381.60533
381.24296
381.30417
381.84696
382.11893
382.52651
382.83242
383.48065
383.73437
383.90932
384.24419
385.11055
385.68776
386.74862
387.46883
388.82364
389.52942
390.49895
391.00860
391.59115
392.14571
393.30331
394.00594
395.23039
395.78658
396.37744
396.68438
397.02391
397.44537
398.41412
398.99374
399.97211
400.55156
401.50460
401.96724
402.54283
402.90093
403.51923
403.84397
404.29147
404.73553
405.75285
406.28278
407.05207
407.51830
408.27067
408.66537
409.23302
409.57097
410.13043
410.56918
411.47018
411.89355
412.38541
412.73592
413.40613
413.80043
414.44475
414.80305
415.35280
415.76347
416.57750
417.10302
418.04042
418.64387
419.73368
420.37431
421.41308
422.09220
423.23261
423.83980
424.69663
425.25413
426.21151
426.96416
428.38178
429.21688
430.60157
431.37334
432.49715
433.13826
434.14533
434.69118
435.45631
436.10227
437.42564
438.16826
439.38156
439.99902
440.79782
441.31305
442.18109
442.90922
444.34436
445.19127
446.59917
447.44445
448.86250
449.70690
451.10179
451.94650
453.36736
454.22369
455.66125
456.49877
457.84056
458.68017
460.12481
461.01326
462.42999
463.26570
464.63482
465.45865
466.77324
467.56971
468.87239
469.72067
471.17572
471.99104
473.08716
473.86530
475.27871
476.12995
477.54991
478.41744
479.88667
480.74190
482.09465
482.95350
484.42650
485.30589
486.74479
487.58638
488.87100
489.67955
491.07731
491.90115
493.25471
494.07561
495.45560
496.32584
497.76647
498.60048
499.90922
500.70435
501.90666
502.64394
503.88067
504.61090
505.82094
506.46241
507.37480
507.90821
508.78360
509.20008
509.70698
510.03559
510.63053
510.82646
510.88728
510.92786
510.97699
511.07379
511.35024
511.54884
511.93298
512.27439
513.09579
513.31294
513.23161
512.97174
512.21460
511.72398
510.84057
510.32557
509.48460
508.99266
508.15191
507.85570
507.78887
507.74821
507.69873
507.86320
508.42082
508.82215
509.64593
509.89981
509.89210
509.93936
510.08513
510.07135
509.90131
509.89070
509.97803
510.03763
510.13722
510.26345
510.54356
510.88007
511.67850
512.14038
512.90690
513.36299
514.11840
514.65177
515.64810
516.27438
517.36909
518.06799
519.29188
519.98800
521.09543
521.57244
521.94398
522.15614
522.47343
522.46477
522.09469
521.89845
521.55751
521.41186
521.35944
521.12189
520.43065
520.06706
519.47283
519.24254
519.07394
519.04782
519.24510
519.09438
518.44206
518.14966
517.84751
517.48536
516.64646
516.14654
515.32355
514.79272
513.96014
513.40281
512.45745
511.89670
510.98131
510.45892
509.65359
509.19940
508.50372
508.21016
508.01019
507.65180
506.75174
506.21807
505.34357
504.81640
503.98193
503.40790
502.35348
501.63986
500.39401
499.66327
498.49533
497.74830
496.53178
495.82005
494.80019
494.18471
493.15863
492.66609
492.04727
491.87506
491.97644
492.05373
492.26101
492.33614
492.36781
492.56575
493.17981
493.52048
494.06263
494.41539
494.95770
495.44521
496.41102
497.17112
498.61963
499.48951
500.89206
501.69488
502.95484
503.69164
504.90819
505.61815
506.76892
507.40755
508.34852
508.81602
509.36366
509.64501
509.92830
510.14430
510.48872
510.65680
510.84600
511.15647
511.93513
512.40938
513.24713
513.73850
514.56197
514.96779
515.44961
515.59298
515.58092
515.37605
514.71163
514.17907
513.09092
512.34195
510.95354
510.21176
509.18380
508.65409
507.93442
507.57968
507.24796
507.07954
506.91002
506.80012
506.61962
506.48304
506.20720
505.95364
505.38543
504.95168
504.08239
503.61271
502.91750
502.53796
501.92823
501.75421
501.67979
501.80803
502.32293
502.50484
502.55128
502.68586
503.04117
503.38369
504.19693
504.59264
505.04760
505.57530
506.80524
507.41693
508.15883
508.59114
509.14435
509.50269
510.14110
510.36681
510.48366
510.45359
510.28817
509.96288
509.10984
508.58000
507.62371
507.06164
506.12656
505.68983
505.21628
504.76968
503.84725
503.16473
501.83886
501.09444
500.04708
499.31723
498.01125
497.13268
495.65448
494.76917
493.31454
492.47215
491.13540
490.39017
489.35948
488.71760
487.67633
486.87320
485.38583
484.50739
483.14165
482.28517
480.92418
480.06727
478.61758
477.75890
476.33923
475.46669
473.97730
473.12900
471.87679
471.12370
470.02657
469.41579
468.50231
467.94983
467.03675
466.41368
465.30925
464.59399
463.32865
462.57947
461.34531
460.58936
459.29894
458.62287
457.69654
457.13495
456.18555
455.66710
454.91363
454.31727
453.16795
452.35647
450.87409
450.01181
448.59680
447.85079
446.85156
446.19556
445.03361
444.29351
442.99211
442.23543
441.02932
440.21167
438.75321
437.87748
436.41554
435.52527
434.02846
433.13170
431.63440
430.74604
429.29094
428.42536
426.99549
426.15641
424.79716
423.98704
422.63787
421.83448
420.49285
419.78704
418.87801
418.38956
417.70224
417.28891
416.56663
416.34415
416.34425
416.41240
416.67847
416.77757
416.85925
416.92678
417.09037
417.09299
416.92868
416.78981
416.47700
416.28206
415.93008
415.87809
416.02440
416.14116
416.39134
416.59734
417.00042
417.30420
417.87541
418.22349
418.82560
419.27975
420.18936
420.57354
420.91581
421.14468
421.53216
421.71464
421.92732
422.11103
422.49590
422.84085
423.60365
423.91085
424.15734
424.13501
423.81341
423.50970
422.75262
422.41714
422.02981
421.81133
421.53272
421.18231
420.35079
419.90861
419.21972
418.98636
418.98382
418.71484
417.88456
417.51812
417.09961
416.78608
416.13750
415.91851
415.86663
415.85056
415.89166
415.90753
415.89902
416.04949
416.53606
416.84795
417.38424
417.75500
418.44019
418.82366
419.39959
419.62261
419.70805
420.04593
420.96779
421.63362
422.92224
423.58945
424.51200
425.11394
426.17732
426.85900
428.03293
428.62009
429.39101
429.86692
430.68014
431.10260
431.70669
432.10878
432.86379
433.20926
433.51494
433.83174
434.53588
435.02531
435.91833
436.44694
437.29860
438.00926
439.40183
440.24860
441.67016
442.49689
443.68329
444.35038
445.21557
445.84212
446.99298
447.64093
448.64562
449.11614
449.65153
449.97945
450.51749
450.94236
451.81405
452.32674
453.17154
453.61268
454.17306
454.71401
455.84940
456.52658
457.66728
458.33092
459.40991
459.96293
460.66695
461.15966
461.99858
462.57758
463.55265
464.12729
465.05359
465.62377
466.62566
467.17565
467.96200
468.34727
468.77524
469.19647
470.08734
470.67878
471.76313
472.40850
473.49376
474.08598
474.97079
475.48986
476.33424
476.79894
477.50291
477.93187
478.65742
479.09372
479.82299
480.26516
481.01031
481.46761
482.23922
482.83248
484.01863
484.55875
485.06513
485.58542
486.67634
487.41089
488.72899
489.36061
490.08746
490.48958
491.09328
491.36601
491.62399
491.83388
492.17185
492.52073
493.28255
493.72231
494.49602
494.72756
494.67786
494.72560
494.87498
495.00834
495.25613
495.63886
496.61504
497.17281
498.10061
498.62299
499.44572
499.84146
500.32545
500.39952
500.10982
499.95399
499.66428
499.49852
499.25642
499.12943
498.96004
498.81106
498.44044
498.44280
498.76146
499.12939
500.02250
500.52942
501.35848
501.83711
502.63266
502.97853
503.27167
503.57177
504.20486
504.63730
505.47332
505.75776
505.77965
506.04179
506.77136
507.34567
508.53848
509.09716
509.74962
510.22579
511.10549
511.64025
512.54271
513.22142
514.54412
515.15850
515.81150
516.19172
516.76748
517.04851
517.39132
517.64624
518.06053
518.51426
519.60935
520.00714
520.16971
520.41220
520.89200
521.37891
522.45413
523.06752
523.98335
524.42034
524.88527
525.18895
525.74094
525.87887
525.76405
525.68429
525.50418
525.41950
525.31828
525.42137
525.85884
526.14734
526.67040
526.96832
527.43620
527.83094
528.66504
529.13596
529.87260
530.22695
530.70065
530.73658
530.34850
530.22167
530.24473
530.04143
529.37311
529.23188
529.47495
529.53319
529.53575
529.41774
529.04088
528.70438
528.02664
527.59132
526.81534
526.24693
525.10802
524.60279
524.12637
523.75408
523.04430
522.80275
522.73100
522.76386
522.96015
523.07106
523.24743
523.42584
523.83252
524.19737
524.97714
525.56640
526.71634
527.53384
528.99659
529.86462
531.29634
532.15712
533.60452
534.44709
535.80653
536.60918
537.93428
538.66709
539.69862
540.34613
541.41760
542.06867
543.17590
543.83611
544.92153
545.57721
546.69448
547.27614
548.01160
548.43116
549.05790
549.35068
549.72121
549.84825
549.89430
549.87558
549.76096
549.72781
549.77439
549.57409
548.84393
548.72658
548.99752
549.08543
549.16007
549.36298
549.95185
550.35606
551.11209
551.66130
552.72354
553.34219
554.34678
554.84977
555.50324
555.91360
556.61690
557.14647
558.19542
558.76882
559.61929
560.16516
561.11962
561.68647
562.62605
563.27709
564.43200
565.20313
566.60661
567.44604
568.80425
569.58430
570.82215
571.64307
573.10076
573.97289
575.43050
576.28412
577.66406
578.46645
579.75876
580.55698
581.92500
582.77308
584.23309
585.09273
586.47143
587.28753
588.64067
589.43053
590.66686
591.49318
592.87942
593.72568
595.16251
596.01950
597.44720
598.30991
599.73726
600.57692
601.93822
602.71545
603.92270
604.60534
605.67014
606.28253
607.25413
607.90679
609.08333
609.88140
611.28935
612.17865
613.65903
614.53985
615.99428
616.86836
618.24172
619.07775
620.32698
621.14003
622.56806
623.42131
624.83209
625.68529
627.12466
627.92350
629.10125
629.83256
631.08170
631.85640
633.18926
633.96687
635.22507
635.98331
637.25598
638.04228
639.37839
640.15069
641.37886
641.97381
642.69378
642.99260
643.24050
643.39498
643.65396
643.73217
643.75912
643.57345
642.86394
642.66421
642.71046
642.48529
641.75704
641.23400
640.19465
639.67560
638.97298
638.64084
638.25735
637.96228
637.36300
636.96879
636.25781
635.77366
634.91047
634.50870
634.03424
633.96782
634.23587
634.18011
633.72105
633.43811
632.91048
632.78771
632.87007
632.83207
632.62550
632.39677
631.84268
631.45952
630.73861
630.23603
629.29556
628.84744
628.31503
628.06701
627.77659
627.55603
627.11162
626.76011
626.03587
625.49959
624.44580
623.76134
622.53662
621.79087
620.53015
619.75978
618.44253
617.64444
616.29549
615.56396
614.52194
613.94102
613.06350
612.62879
612.10459
611.75646
611.14660
610.81718
610.33105
609.99313
609.35276
608.95620
608.27119
607.77444
606.83316
606.21646
605.10553
604.43763
603.33053
602.54050
601.10944
600.24594
598.78816
597.94160
596.58378
595.79988
594.54960
593.78029
592.45717
591.71246
590.55759
589.77502
588.39128
587.51367
586.07578
585.20676
583.74287
582.89521
581.53749
580.85444
580.01846
579.40866
578.26786
577.58786
576.46096
575.74519
574.49978
573.72108
572.37366
571.55809
570.19210
569.38295
568.04685
567.25172
565.94749
565.19055
564.00970
563.29509
562.09625
561.36100
560.09767
559.42364
558.46728
557.76305
556.40484
555.60803
554.29118
553.50485
552.19687
551.33683
549.84184
548.94841
547.45423
546.58825
545.25952
544.43162
543.02020
542.18309
540.83170
539.99050
538.54517
537.68615
536.26627
535.41143
533.97979
533.11630
531.68890
530.83331
529.41306
528.57278
527.33134
526.59397
525.38525
524.57899
523.14077
522.31132
521.08631
520.35056
519.11897
518.41124
517.28696
516.50023
515.05651
514.19400
512.75189
511.89220
510.46873
509.61811
508.21312
507.34298
505.85781
504.96853
503.50437
502.62729
501.16240
500.32212
499.01129
498.21767
496.86677
496.11125
494.97878
494.15329
492.66680
491.77194
490.28760
489.40599
487.94220
487.04809
485.56706
484.68418
483.21389
482.33563
480.86536
479.98408
478.51334
477.62502
476.25964
475.43692
474.24633
473.39033
471.89445
471.03246
469.79455
469.01829
467.72960
466.96987
465.73144
464.93528
463.56188
462.68636
461.28654
460.53940
459.52123
459.01614
458.39574
458.02242
457.41079
456.99594
456.22927
455.75241
454.93250
454.31050
453.09092
452.30481
450.89970
450.05432
448.62596
447.83940
446.72131
446.03037
444.85523
444.20762
443.22910
442.62748
441.60509
440.91221
439.63725
438.89384
437.68826
436.94872
435.67309
435.02242
434.14429
433.74496
433.34322
433.03299
432.41846
432.14319
431.84177
431.73168
431.74641
431.71109
431.59316
431.54851
431.52627
431.40485
431.00188
430.94575
431.14234
431.39268
432.08076
432.31647
432.36290
432.45202
432.66436
432.82930
433.17967
433.33568
433.46985
433.58928
433.85621
433.83382
433.49027
433.37638
433.30185
433.40247
433.81885
434.09963
434.62876
434.89988
435.23734
435.54285
436.17892
436.55450
437.17152
437.64256
438.57961
439.06726
439.70443
440.06140
440.60145
440.86460
441.06523
441.42401
442.30687
443.00265
444.35175
445.16433
446.52897
447.39522
448.88697
449.78195
451.26210
452.15365
453.64828
454.48764
455.66412
456.39571
457.61156
458.37399
459.58414
460.36473
461.73695
462.52892
463.79692
464.52045
465.66624
466.35029
467.50040
468.17941
469.32483
469.83525
470.25003
470.73262
471.78903
472.56346
474.01722
474.86178
476.25364
476.98253
477.87142
478.59969
480.02554
480.73902
481.59162
482.10818
482.96645
483.39967
483.96498
484.14274
484.06597
484.25308
484.91871
485.09175
485.07022
484.79738
483.91230
483.51992
483.08387
482.65090
481.71572
481.17805
480.30370
479.81391
479.05051
478.67487
478.20521
477.87700
477.28027
476.76769
475.73104
475.11302
474.09213
473.42295
472.24717
471.60874
470.67204
470.05478
468.93901
468.35748
467.54896
467.02605
466.09253
465.40985
464.12028
