0.00078871
0.00078871
0.00071869
0.00091554
0.00091554
0.00040542
0.00080306
0.00111955
0.00111955
0.00109088
0.00132244
0.00132244
0.00077351
0.00100862
0.00124429
0.00124429
0.00078654
0.00071473
0.00071473
0.00060744
0.00060750
0.00069692
0.00070399
0.00082432
0.00082432
0.00071712
0.00071588
0.00090322
0.00090322
0.00067285
0.00087704
0.00087704
0.00090215
0.00090215
0.00043538
0.00072037
0.00118087
0.00157128
0.00215053
0.00215053
0.00138563
0.00082120
0.00105224
0.00105224
0.00090536
0.00090536
0.00057207
0.00104400
0.00104400
0.00095106
0.00115021
0.00115021
0.00100821
0.00100821
0.00098759
0.00098759
0.00130202
0.00160839
0.00160839
0.00193142
0.00193142
0.00208019
0.00263263
0.00263263
0.00198023
0.00108849
0.00056645
0.00052524
0.00056660
0.00056660
0.00085069
0.00108131
0.00134298
0.00201421
0.00259129
0.00259129
0.00196069
0.00129564
0.00119948
0.00100018
0.00099227
0.00162056
0.00162056
0.00140016
0.00124334
0.00103317
0.00084021
0.00089200
0.00089200
0.00068312
0.00075291
0.00099772
0.00099772
0.00074213
0.00049838
0.00040403
0.00081386
0.00202021
0.00234456
0.00284898
0.00284898
0.00246666
0.00189011
0.00111636
0.00085802
0.00085802
0.00076931
0.00050542
0.00054598
0.00084071
0.00098599
0.00098599
0.00118234
0.00118234
0.00109212
0.00061037
0.00048492
0.00074853
0.00086467
0.00147776
0.00224988
0.00259417
0.00259417
0.00200651
0.00128099
0.00076637
0.00048811
0.00056749
0.00065739
0.00066034
0.00066034
0.00063516
0.00070455
0.00070455
0.00052186
0.00066105
0.00083363
0.00083363
0.00065307
0.00067268
0.00076781
0.00076781
0.00107588
0.00154370
0.00237714
0.00296818
0.00296818
0.00258144
0.00243711
0.00165341
0.00069028
0.00069028
0.00055274
0.00058698
0.00058698
0.00073557
0.00073557
0.00053841
0.00046841
0.00050460
0.00064551
0.00064551
0.00079591
0.00107201
0.00107201
0.00088984
0.00048520
0.00048520
0.00052980
0.00087494
0.00087494
0.00068275
0.00086319
0.00086319
0.00121837
0.00143706
0.00168567
0.00168567
0.00101471
0.00065255
0.00076311
0.00126659
0.00126659
0.00086472
0.00099839
0.00149205
0.00149205
0.00136426
0.00081005
0.00105525
0.00118163
0.00118163
0.00131749
0.00163388
0.00178052
0.00178052
0.00121884
0.00112905
0.00112905
0.00141047
0.00198642
0.00198642
0.00141788
0.00112734
0.00112734
0.00080131
0.00076623
0.00068349
0.00097683
0.00097683
0.00093666
0.00093666
0.00087658
0.00121074
0.00121074
0.00085803
0.00083930
0.00095948
0.00095948
0.00086172
0.00072265
0.00137463
0.00200092
0.00259221
0.00321904
0.00321904
0.00261218
0.00207922
0.00128083
0.00107205
0.00070597
0.00070597
0.00094900
0.00094900
0.00078131
0.00078767
0.00078767
0.00096990
0.00150791
0.00150791
0.00113263
0.00145189
0.00186272
0.00186272
0.00166989
0.00197085
0.00197085
0.00158619
0.00124887
0.00059603
0.00109250
0.00122903
0.00134729
0.00199204
0.00255453
0.00255453
0.00201238
0.00137834
0.00075870
0.00114096
0.00132907
0.00132907
0.00096968
0.00055160
0.00106125
0.00176967
0.00237776
0.00269467
0.00269467
0.00230470
0.00230470
0.00212842
0.00194095
0.00158750
0.00105024
0.00057477
0.00067905
0.00105215
0.00131299
0.00131299
0.00116571
0.00087212
0.00087951
0.00087951
0.00066324
0.00081714
0.00098964
0.00098964
0.00096333
0.00096333
0.00098077
0.00098077
0.00063073
0.00057331
0.00050006
0.00068834
0.00070389
0.00089676
0.00089676
0.00092703
0.00092703
0.00096436
0.00096436
0.00093456
0.00110643
0.00147271
0.00165311
0.00165311
0.00159202
0.00105920
0.00146418
0.00146418
0.00097700
0.00112754
0.00112754
0.00065779
0.00050725
0.00062237
0.00062237
0.00046788
0.00053438
0.00053438
0.00051986
0.00051986
0.00049832
0.00066378
0.00066378
0.00080577
0.00113589
0.00113589
0.00091206
0.00071847
0.00075247
0.00075247
0.00050090
0.00050090
0.00052983
0.00071151
0.00076843
0.00127761
0.00183262
0.00183262
0.00168798
0.00137267
0.00083955
0.00074048
0.00059940
0.00073426
0.00073426
0.00060835
0.00058730
0.00057262
0.00044031
0.00035126
0.00045601
0.00045954
0.00045954
0.00047729
0.00047729
0.00046433
0.00046433
0.00040880
0.00051288
0.00056421
0.00072990
0.00087404
0.00087404
0.00084864
0.00063602
0.00046501
0.00044708
0.00061651
0.00061651
0.00055531
0.00055531
0.00056972
0.00056972
0.00059597
0.00069018
0.00100126
0.00100126
0.00061032
0.00095656
0.00104413
0.00104413
0.00125776
0.00125776
0.00146411
0.00146411
0.00151670
0.00189802
0.00189802
0.00145099
0.00095722
0.00129047
0.00163748
0.00163748
0.00163195
0.00230007
0.00263330
0.00263330
0.00229937
0.00148220
0.00088117
0.00102664
0.00102664
0.00073746
0.00045842
0.00045725
0.00051267
0.00080361
0.00080361
0.00067608
0.00077943
0.00136814
0.00136814
0.00082807
0.00058195
0.00065921
0.00065921
0.00069513
0.00073527
0.00101119
0.00133961
0.00133961
0.00102847
0.00094078
0.00069347
0.00046518
0.00021427
0.00055826
0.00057217
0.00086990
0.00121615
0.00121615
0.00098160
0.00098160
0.00083151
0.00083151
0.00067265
0.00113384
0.00113384
0.00125691
0.00153830
0.00153830
0.00133015
0.00076051
0.00071533
0.00048407
0.00072415
0.00110513
0.00110513
0.00060647
0.00046412
0.00063962
0.00070683
0.00089585
0.00093431
0.00126211
0.00141226
0.00160587
0.00200769
0.00200769
0.00136869
0.00069114
0.00104163
0.00151970
0.00197703
0.00202049
0.00204087
0.00235407
0.00235407
0.00218794
0.00171324
0.00114675
0.00090123
0.00082401
0.00078357
0.00079167
0.00079167
0.00066900
0.00067504
0.00067504
0.00060234
0.00060234
0.00054872
0.00095184
0.00140045
0.00140045
0.00124897
0.00101146
0.00050746
0.00061919
0.00066096
0.00066096
0.00045430
0.00089213
0.00089213
0.00063738
0.00053266
0.00042185
0.00046215
0.00052252
0.00076207
0.00087234
0.00087234
0.00122366
0.00154163
0.00154163
0.00130229
0.00064926
0.00067234
0.00068762
0.00068762
0.00061144
0.00061144
0.00060239
0.00053804
0.00053804
0.00032984
0.00041612
0.00048411
0.00075186
0.00075186
0.00043853
0.00078597
0.00078597
0.00068298
0.00068298
0.00058164
0.00073419
0.00073419
0.00049894
0.00029769
0.00053050
0.00083009
0.00083009
0.00060065
0.00050527
0.00089325
0.00089325
0.00077824
0.00077824
0.00070651
0.00060800
0.00051479
0.00073125
0.00073125
0.00064310
0.00048915
0.00050625
0.00050625
0.00050372
0.00049407
0.00049407
0.00051767
0.00073048
0.00073048
0.00044119
0.00059404
0.00059404
0.00055305
0.00053388
0.00097881
0.00118675
0.00118675
0.00113449
0.00096311
0.00056801
0.00056801
0.00057906
0.00084453
0.00143545
0.00159328
0.00159328
0.00132053
0.00103560
0.00085206
0.00082020
0.00082020
0.00054254
0.00024972
0.00000000
0.00068047
0.00035448
0.00067938
0.00072253
0.00072253
0.00058805
0.00061157
0.00062633
0.00077847
0.00077847
0.00116951
0.00194436
0.00217891
0.00217891
0.00159723
0.00139072
0.00139072
0.00095986
0.00071569
0.00089058
0.00089058
0.00058240
0.00067019
0.00078979
0.00078979
0.00116831
0.00143484
0.00164456
0.00164456
0.00141498
0.00117901
0.00160958
0.00160958
0.00101284
0.00055529
0.00079047
0.00079047
0.00094639
0.00094639
0.00059470
0.00068047
0.00076370
0.00108061
0.00108061
0.00053918
0.00080926
0.00080926
0.00086507
0.00086507
0.00080220
0.00089470
0.00115838
0.00115838
0.00104300
0.00104300
0.00122803
0.00122803
0.00080490
0.00120169
0.00120169
0.00105966
0.00078795
0.00074840
0.00123638
0.00186171
0.00238519
0.00238519
0.00185552
0.00174172
0.00120083
0.00097463
0.00093729
0.00093729
0.00101000
0.00112962
0.00112962
0.00065140
0.00066001
0.00083052
0.00107350
0.00107350
0.00103240
0.00110600
0.00110600
0.00118344
0.00118344
0.00080362
0.00096146
0.00096146
0.00076600
0.00076600
0.00062183
0.00062183
0.00106445
0.00128468
0.00190132
0.00223349
0.00238363
0.00238363
0.00220933
0.00173254
0.00103558
0.00057479
0.00063104
0.00063104
0.00049473
0.00055010
0.00065545
0.00065545
0.00092927
0.00164619
0.00197546
0.00247234
0.00309428
0.00309428
0.00249862
0.00180209
0.00081739
0.00067918
0.00060112
0.00036688
0.00067093
0.00095922
0.00103754
0.00103754
0.00080019
0.00079672
0.00051033
0.00035437
0.00054148
0.00054148
0.00051121
0.00049061
0.00049061
0.00056124
0.00073639
0.00117955
0.00132546
0.00132546
0.00106442
0.00045180
0.00052757
0.00052757
0.00053291
0.00089381
0.00092723
0.00092723
0.00049709
0.00045952
0.00045952
0.00040410
0.00040410
0.00031721
0.00053249
0.00065303
0.00121621
0.00143423
0.00143423
0.00117059
0.00058447
0.00045983
0.00070841
0.00090596
0.00105141
0.00158711
0.00158711
0.00129270
0.00066347
0.00053934
0.00032234
0.00032603
0.00032603
0.00070016
0.00070016
0.00045007
0.00052091
0.00054973
0.00058474
0.00061427
0.00114676
0.00146283
0.00146283
0.00130734
0.00091481
0.00069940
0.00054944
0.00054743
0.00054743
0.00049655
0.00079606
0.00088803
0.00088803
0.00084229
0.00084229
0.00069814
0.00141016
0.00207803
0.00252247
0.00252247
0.00271380
0.00295998
0.00295998
0.00275405
0.00212092
0.00145643
0.00098190
0.00108851
0.00173602
0.00206551
0.00206551
0.00170873
0.00156590
0.00125993
0.00055997
0.00060881
0.00060881
0.00054593
0.00076449
0.00103713
0.00124536
0.00172745
0.00172745
0.00160511
0.00160511
0.00124098
0.00058090
0.00053304
0.00080844
0.00080844
0.00050633
0.00053072
0.00057772
0.00092810
0.00095819
0.00095819
0.00076821
0.00047756
0.00084674
0.00095650
0.00095650
0.00092039
0.00074175
0.00055212
0.00062049
0.00074646
0.00076513
0.00076513
0.00060158
0.00105234
0.00130087
0.00158094
0.00233558
0.00271735
0.00336647
0.00373015
0.00373015
0.00349283
0.00268514
0.00195338
0.00087817
0.00044554
0.00046318
0.00089959
0.00118584
0.00120191
0.00120191
0.00111027
0.00078357
0.00072122
0.00049312
0.00049312
0.00044060
0.00047801
0.00052084
0.00088405
0.00118827
0.00118827
0.00106426
0.00077515
0.00077515
0.00076663
0.00040359
0.00055554
0.00055554
0.00047819
0.00052283
0.00052283
0.00058497
0.00058497
0.00041554
0.00029674
0.00029674
0.00083025
0.00087341
0.00087341
0.00071109
0.00087223
0.00087223
0.00073119
0.00075622
0.00075622
0.00063459
0.00063459
0.00056693
0.00035652
0.00035652
0.00027990
0.00038775
0.00038775
0.00038660
0.00050778
0.00050778
0.00047080
0.00047080
0.00040498
0.00046961
0.00046961
0.00028102
0.00028102
0.00028217
0.00070093
0.00153639
0.00204520
0.00204520
0.00189736
0.00127612
0.00086929
0.00057243
0.00050600
0.00050600
0.00047056
0.00047056
0.00041193
0.00040459
0.00040139
0.00049513
0.00093831
0.00184953
0.00249678
0.00257071
0.00257071
0.00204869
0.00137042
0.00094586
0.00075395
0.00078842
0.00135334
0.00135334
0.00089562
0.00056775
0.00063244
0.00068507
0.00068507
0.00072282
0.00088654
0.00088654
0.00081572
0.00074553
0.00061137
0.00051441
0.00038532
0.00054139
0.00061081
0.00061081
0.00056282
0.00055764
0.00055764
0.00045934
0.00033641
0.00057723
0.00057723
0.00023724
0.00040991
0.00040991
0.00049273
0.00049273
0.00036299
0.00038187
0.00038187
0.00023235
0.00069549
0.00069549
0.00064097
0.00044326
0.00059392
0.00065953
0.00065953
0.00050898
0.00036291
0.00036291
0.00052997
0.00052997
0.00068297
0.00068297
0.00050989
0.00053993
0.00063543
0.00094842
0.00100680
0.00100680
0.00082095
0.00082095
0.00081217
0.00061066
0.00061066
0.00053444
0.00045889
0.00044680
0.00099170
0.00182863
0.00222217
0.00222217
0.00182258
0.00122191
0.00096632
0.00073930
0.00034995
