0.00015755
0.00207058
0.00207058
0.00060044
0.00014935
0.00019513
0.00037973
0.00037973
0.00030953
0.00017558
0.00016154
0.00016154
0.00047303
0.00233381
0.00233381
0.00026358
0.00021317
0.00008644
0.00058100
0.00058100
0.00022023
0.00014221
0.00011399
0.00030169
0.00030169
0.00024387
0.00017710
0.00006562
0.00009624
0.00009624
0.00000000
0.00025388
0.00021513
0.00000000
0.00021513
0.00000000
0.00025388
0.00021277
0.00021277
0.00023639
0.00023639
0.00017143
0.00018625
0.00018625
0.00005620
0.00000000
0.00000000
0.00090213
0.00051712
0.00000000
0.00000000
0.00011542
0.00011542
0.00000000
0.00250280
0.00395125
0.00395125
0.00277535
0.00349832
0.00349832
0.00171357
0.00012495
0.00019765
0.00000000
0.00049560
0.00090213
0.00037931
0.00158148
0.00158148
0.00222091
0.00222091
0.00222214
0.00222214
0.00177284
0.00174198
0.00174198
0.00010694
0.00013096
0.00132498
0.00132498
0.00012523
0.00002741
0.00009624
0.00029294
0.00307397
0.00307397
0.00262135
0.00267873
0.00305649
0.00305649
0.00188495
0.00188495
0.00013934
0.00050160
0.00214470
0.00214470
0.00052767
0.00043947
0.00225247
0.00225247
0.00015472
0.00014863
0.00000000
0.00000000
0.00000000
0.00112622
0.00112622
0.00016775
0.00016951
0.00095863
0.00186980
0.00186980
0.00032958
0.00173644
0.00173644
0.00101382
0.00101382
0.00012399
0.00105074
0.00159313
0.00159313
0.00065781
0.00005374
0.00015257
0.00251190
0.00251190
0.00356562
0.00356562
0.00417694
0.00417694
0.00032208
0.00037040
0.00147208
0.00147208
0.00010352
0.00000000
0.00130117
0.00130117
0.00014524
0.00013807
0.00004479
0.00014955
0.00017571
0.00048715
0.00039431
0.00151790
0.00151790
0.00011014
0.00209322
0.00209322
0.00224318
0.00224318
0.00095863
0.00186836
0.00186836
0.00030363
0.00162541
0.00162541
0.00023126
0.00185016
0.00213833
0.00213833
0.00258485
0.00258485
0.00027952
0.00064154
0.00052767
0.00069802
0.00266834
0.00266834
0.00324679
0.00324679
0.00080407
0.00053554
0.00031287
0.00088503
0.00088503
0.00080407
0.00020848
0.00242933
0.00242933
0.00042008
0.00042182
0.00046614
0.00326757
0.00326757
0.00248288
0.00248288
0.00255035
0.00255035
0.00044711
0.00053082
0.00060044
0.00045013
0.00039307
0.00039307
0.00004541
0.00018412
0.00000000
0.00008445
0.00021343
0.00021343
0.00021571
0.00021571
0.00028654
0.00028654
0.00012982
0.00012982
0.00025579
0.00007771
0.00019655
0.00019655
0.00188066
0.00188066
0.00100189
0.00100189
0.00012934
0.00028981
0.00000000
0.00021316
0.00022139
0.00022139
0.00184018
0.00184018
0.00000000
0.00017763
0.00119032
0.00119032
0.00017763
0.00000000
0.00078504
0.00078504
0.00000000
0.00125288
0.00125288
0.00059815
0.00224265
0.00224265
0.00317450
0.00317450
0.00021827
0.00003616
0.00095583
0.00095583
0.00013872
0.00012414
0.00017219
0.00017219
0.00039682
0.00039682
0.00011885
0.00251895
0.00251895
0.00211324
0.00211324
0.00013256
0.00021011
0.00000000
0.00000000
0.00019653
0.00019653
0.00018375
0.00033228
0.00033228
0.00032126
0.00038775
0.00038775
0.00006925
0.00000000
0.00000000
0.00214852
0.00214852
0.00014457
0.00000000
0.00000000
0.00000000
0.00000000
0.00000326
0.00047436
0.00186808
0.00186808
0.00308695
0.00308695
0.00042964
0.00035320
0.00030235
0.00000000
0.00012476
0.00145494
0.00145494
0.00030235
0.00029124
0.00002760
0.00020598
0.00009298
0.00002808
0.00002808
0.00032329
0.00032329
0.00022355
0.00205049
0.00205049
0.00010051
0.00006213
0.00011032
0.00011032
0.00007022
0.00000000
0.00011283
0.00011283
0.00006310
0.00000000
0.00000000
0.00014124
0.00022355
0.00012002
0.00168843
0.00168843
0.00163176
0.00013754
0.00000000
0.00000000
0.00000000
0.00000000
0.00008363
0.00009144
0.00021669
0.00021669
0.00012206
0.00091260
0.00091260
0.00054459
0.00016598
0.00000023
0.00000000
0.00000775
0.00010944
0.00018949
0.00187776
0.00187776
0.00018171
0.00018171
0.00016584
0.00016584
0.00191800
0.00191800
0.00010043
0.00067122
0.00067122
0.00015037
0.00015037
0.00004630
0.00015664
0.00015664
0.00012857
0.00021740
0.00021740
0.00020551
0.00005448
0.00021067
0.00027396
0.00027396
0.00019867
0.00010110
0.00013338
0.00014700
0.00025602
0.00025602
0.00019030
0.00003831
0.00015375
0.00015375
0.00017078
0.00101646
0.00101646
0.00007864
0.00016893
0.00016893
0.00042254
0.00042254
0.00044011
0.00186972
0.00186972
0.00018718
0.00012921
0.00003205
0.00006652
0.00024276
0.00134025
0.00153344
0.00153344
0.00044433
0.00185567
0.00185567
0.00022596
0.00074462
0.00074462
0.00015542
0.00000000
0.00151147
0.00151147
0.00057773
0.00046374
0.00226837
0.00226837
0.00013271
0.00001244
0.00026283
0.00027611
0.00268721
0.00268721
0.00261767
0.00261767
0.00027611
0.00009619
0.00000000
0.00000000
0.00009619
0.00014547
0.00018557
0.00018557
0.00004700
0.00003689
0.00156933
0.00156933
0.00007485
0.00000000
0.00010665
0.00006368
0.00006368
0.00000000
0.00000000
0.00000000
0.00000000
0.00016040
0.00017613
0.00000000
0.00000000
0.00000000
0.00007752
0.00024193
0.00000000
0.00154532
0.00154532
0.00010990
0.00248365
0.00248365
0.00013052
0.00013052
0.00012715
0.00014972
0.00014972
0.00010225
0.00010225
0.00015985
0.00017303
0.00022591
0.00022591
0.00023163
0.00023163
0.00021427
0.00011169
0.00008381
0.00013006
0.00013006
0.00016150
0.00016150
0.00013388
0.00027633
0.00027633
0.00017896
0.00011720
0.00011720
0.00158592
0.00158592
0.00010540
0.00012034
0.00013689
0.00013689
0.00038127
0.00038127
0.00024850
0.00020496
0.00012687
0.00151861
0.00151861
0.00009262
0.00226996
0.00226996
0.00006258
0.00023479
0.00023479
0.00000000
0.00022405
0.00027104
0.00002776
0.00019769
0.00019769
0.00016607
0.00015941
0.00013075
0.00005013
0.00016054
0.00016054
0.00011233
0.00052656
0.00052656
0.00014344
0.00014344
0.00003330
0.00000000
0.00000000
0.00019697
0.00247366
0.00247366
0.00110296
0.00011910
0.00011895
0.00170037
0.00170037
0.00062452
0.00062452
0.00003108
0.00012511
0.00011442
0.00015710
0.00000000
0.00034535
0.00150193
0.00150193
0.00020238
0.00002836
0.00226378
0.00226378
0.00029572
0.00030752
0.00123115
0.00123115
0.00106073
0.00010881
0.00125609
0.00148504
0.00148504
0.00009209
0.00006624
0.00105871
0.00105871
0.00000000
0.00006007
0.00002298
0.00000000
0.00007993
0.00007993
0.00007300
0.00030442
0.00030442
0.00201029
0.00201029
0.00133433
0.00133433
0.00000000
0.00005610
0.00013468
0.00013468
0.00006462
0.00006462
0.00002303
0.00014221
0.00024589
0.00133561
0.00133561
0.00254092
0.00254092
0.00235824
0.00126076
0.00126076
0.00017633
0.00016742
0.00017546
0.00000000
0.00029091
0.00082399
0.00082399
0.00009444
0.00057408
0.00016342
0.00009208
0.00019428
0.00089550
0.00089550
0.00046311
0.00046311
0.00013550
0.00018981
0.00289029
0.00289029
0.00018981
0.00000000
0.00000000
0.00014521
0.00015965
0.00002043
0.00181089
0.00181089
0.00022865
0.00013253
0.00013253
0.00011267
0.00000000
0.00000000
0.00024297
0.00024297
0.00012317
0.00074433
0.00169802
0.00169802
0.00007892
0.00004237
0.00005801
0.00005801
0.00015461
0.00015461
0.00007721
0.00038710
0.00038710
0.00006345
0.00012223
0.00012223
0.00009285
0.00017301
0.00017301
0.00012509
0.00201479
0.00201479
0.00046060
0.00190691
0.00190691
0.00013420
0.00016318
0.00020500
0.00020500
0.00063866
0.00178807
0.00178807
0.00000000
0.00004712
0.00163412
0.00163412
0.00013896
0.00013896
0.00009138
0.00012076
0.00005735
0.00013406
0.00000000
0.00018231
0.00000000
0.00074396
0.00074396
0.00000000
0.00000000
0.00018207
0.00026025
0.00045399
0.00136632
0.00136632
0.00139664
0.00139664
0.00336285
0.00336285
0.00026025
0.00000000
0.00000000
0.00000000
0.00000000
0.00001317
0.00011981
0.00012352
0.00012352
0.00005251
0.00006863
0.00011655
0.00011655
0.00007556
0.00000000
0.00016277
0.00004819
0.00004819
0.00013533
0.00013533
0.00011818
0.00010073
0.00010073
0.00089614
0.00089614
0.00002222
0.00000000
0.00109014
0.00109014
0.00009650
0.00212692
0.00212692
0.00027456
0.00000000
0.00011880
0.00021807
0.00191384
0.00191384
0.00159476
0.00052101
0.00052101
0.00032715
0.00000000
0.00017485
0.00011335
0.00119295
0.00119295
0.00099807
0.00010134
0.00012682
0.00025641
0.00154985
0.00154985
0.00012765
0.00005935
0.00005935
0.00026381
0.00026381
0.00005392
0.00007104
0.00009562
0.00011638
0.00011638
0.00177025
0.00177025
0.00012682
0.00017815
0.00213866
0.00213866
0.00134764
0.00153382
0.00153382
0.00000000
0.00000000
0.00008350
0.00008350
0.00008163
0.00008163
0.00000000
0.00166335
0.00166335
0.00011612
0.00000000
0.00009252
0.00138337
0.00138337
0.00112488
0.00109009
0.00109009
0.00005538
0.00000000
0.00123517
0.00123517
0.00006714
0.00006714
0.00004448
0.00008790
0.00000000
0.00000000
0.00013105
0.00015312
0.00015542
0.00000000
0.00005628
0.00005628
0.00002348
0.00003064
0.00000000
0.00013736
0.00017028
0.00158855
0.00158855
0.00010447
0.00010447
0.00006221
0.00118090
0.00118090
0.00005442
0.00021842
0.00000000
0.00000000
0.00000000
0.00007403
0.00030752
0.00103820
0.00121130
0.00121130
0.00009239
0.00162731
0.00162731
0.00000830
0.00000830
0.00002306
0.00002306
0.00002965
0.00002965
0.00000088
0.00012238
0.00011810
0.00044422
0.00044422
0.00017692
0.00172037
0.00172037
0.00100395
0.00143741
0.00143741
0.00132857
0.00008674
0.00027365
0.00073399
0.00073399
0.00014530
0.00012711
0.00017407
0.00000000
0.00013199
0.00126965
0.00126965
0.00119573
0.00000000
0.00007237
0.00198565
0.00198565
0.00133023
0.00133023
0.00003147
0.00000000
0.00027104
0.00027924
0.00275402
0.00443039
0.00443039
0.00043076
0.00000000
0.00000000
0.00000000
0.00000000
0.00019932
0.00180541
0.00236163
0.00236163
0.00084881
0.00006700
0.00001820
0.00008181
0.00012141
0.00011250
0.00013020
0.00013020
0.00308451
0.00428616
0.00428616
0.00110830
0.00081463
0.00051004
0.00109722
0.00109722
0.00110830
0.00075719
0.00000000
0.00110414
0.00110414
0.00107334
0.00009689
0.00005136
0.00008657
0.00011212
0.00011212
0.00002337
0.00049289
0.00049289
0.00013930
0.00032287
0.00306344
0.00306344
0.00088618
0.00089169
0.00089169
0.00005182
0.00001935
0.00000000
0.00011199
0.00025109
0.00025109
0.00019620
0.00019620
0.00007719
0.00009690
0.00009690
0.00003440
0.00009767
0.00009767
0.00000000
0.00000000
0.00050667
0.00050667
0.00000000
0.00013440
0.00166840
0.00166840
0.00074900
0.00074900
0.00013440
0.00002866
0.00002866
0.00118478
0.00118478
0.00015306
0.00013170
0.00013170
0.00009998
0.00043564
0.00043564
0.00000000
0.00016244
0.00124954
0.00124954
0.00018731
0.00044113
0.00000000
0.00000000
0.00000000
0.00125484
0.00125484
0.00038929
0.00007308
0.00006958
0.00012533
0.00062930
0.00128699
0.00251724
0.00251724
0.00012533
0.00003103
0.00000000
0.00000000
0.00000000
0.00009682
0.00000000
0.00000000
0.00021824
0.00010381
0.00146560
0.00146560
0.00044123
0.00328600
0.00328600
0.00191404
0.00176433
0.00000000
0.00140129
0.00140129
0.00035204
0.00009940
0.00016991
0.00016991
0.00012673
0.00009167
0.00011478
0.00009316
0.00287936
0.00287936
0.00081710
0.00212505
0.00212505
0.00023503
0.00000000
0.00001292
0.00014303
0.00114350
0.00114350
0.00000000
0.00048973
0.00048973
0.00013420
0.00208875
0.00208875
0.00041221
0.00041221
0.00023503
0.00022682
0.00004562
0.00071260
0.00173722
0.00173722
0.00138912
0.00007978
0.00005452
0.00001416
