0.00001659
0.00006813
0.00006813
0.00006246
0.00005935
0.00003568
0.00003996
0.00003996
0.00003159
0.00002826
0.00011422
0.00013147
0.00014290
0.00015044
0.00015844
0.00015844
0.00008308
0.00004602
0.00005297
0.00006023
0.00006023
0.00008247
0.00010236
0.00010236
0.00006998
0.00013116
0.00013116
0.00009581
0.00008133
0.00009790
0.00009790
0.00012609
0.00012609
0.00009566
0.00009566
0.00008037
0.00008249
0.00008249
0.00009010
0.00013159
0.00013159
0.00009468
0.00009468
0.00008723
0.00014648
0.00014648
0.00016845
0.00016845
0.00016575
0.00016679
0.00016679
0.00008391
0.00009588
0.00012879
0.00018745
0.00018745
0.00012168
0.00008282
0.00009481
0.00014393
0.00017274
0.00017274
0.00008262
0.00013924
0.00019893
0.00019893
0.00014510
0.00014510
0.00016638
0.00016638
0.00016034
0.00014296
0.00037668
0.00057530
0.00062019
0.00062019
0.00032534
0.00013160
0.00013160
0.00018870
0.00027363
0.00034607
0.00034607
0.00026806
0.00022041
0.00021589
0.00017241
0.00020038
0.00020038
0.00035474
0.00054019
0.00054019
0.00049323
0.00034821
0.00010636
0.00010636
0.00013194
0.00015414
0.00015414
0.00011926
