1.49987
2.39574
3.88305
4.65351
5.44477
6.27302
7.75126
8.61030
9.86004
10.64823
11.64526
12.38971
13.70394
14.48657
15.25607
15.73204
16.41437
16.82001
17.33964
17.99248
19.36079
20.04198
20.59440
20.87198
20.95543
21.04498
21.23924
21.07431
20.48512
20.04113
19.12430
18.59565
17.61564
17.52423
18.20441
18.87177
20.17367
20.97857
22.29957
23.12562
24.05358
24.85014
25.93373
26.51761
26.93629
27.31044
27.99825
28.14888
27.78828
27.92706
28.56934
28.92549
29.48675
29.93962
30.73850
31.32607
32.24059
32.81231
33.67143
34.42099
35.77415
36.53491
37.64053
38.07327
38.27888
38.21169
37.80118
37.24061
35.95705
35.66350
36.18731
36.43788
36.94930
37.13274
37.13725
37.43686
38.19117
39.01959
40.44582
41.34363
42.83137
43.64726
44.77524
44.98543
44.43327
43.93673
42.80356
42.46828
42.59703
43.19445
44.66639
45.38762
45.91186
46.06389
45.88863
45.77321
45.62212
45.26067
44.15343
44.01747
44.76656
44.98383
44.93567
45.19671
45.94733
46.48529
47.21375
47.49806
47.58208
47.93541
48.80450
49.35840
50.32753
50.99655
52.21832
52.92234
53.68332
54.23968
55.21496
55.74176
56.44437
57.06859
58.03727
58.69939
59.83779
60.47209
61.04889
61.32408
61.37970
61.97725
63.44196
64.31485
65.80162
66.65157
67.98556
68.64405
69.41976
69.86007
70.43709
71.03088
72.25375
73.08154
74.14134
74.83170
75.85159
76.69586
78.11687
78.97146
80.39965
81.13519
82.04527
82.60235
83.48704
83.66537
83.26512
83.19440
83.35413
83.23421
82.87665
82.23812
80.77201
79.91022
78.47041
77.60729
76.36764
75.48761
74.42302
74.06249
74.23228
74.24380
74.24527
74.24793
74.25131
74.27369
74.26295
74.60769
75.60964
76.38152
77.66039
78.43150
79.71095
80.28575
80.53311
80.78420
81.25481
81.35182
81.33500
80.87161
79.61075
78.83952
77.48448
76.68068
75.32978
74.61601
73.65251
73.04109
71.99152
71.53810
71.02096
71.18276
72.15746
72.78695
74.00524
74.55161
75.25296
75.12212
74.11618
73.31372
72.00565
71.20171
69.87198
69.09736
67.95924
67.26457
66.07560
65.58543
65.42131
65.20670
64.63095
64.92332
66.18036
67.01486
68.26692
68.72299
68.85882
68.55804
67.54971
66.88853
66.00533
65.94006
66.80294
66.77711
66.07490
65.35977
64.04646
63.21494
61.78592
60.93426
59.51712
58.66521
57.22129
56.60159
56.52494
56.46589
56.46510
56.71138
57.51971
57.56129
56.90010
56.52606
55.87248
55.58429
55.40753
54.93379
53.82601
53.19574
52.79528
52.10971
50.63711
49.84437
48.80052
47.99319
46.50602
45.63983
44.19937
43.64092
43.47935
43.85201
45.09537
45.91057
47.00186
47.63201
48.59784
48.95807
49.09791
49.27441
49.61165
49.81421
50.14489
50.31165
50.42300
50.86197
52.05877
52.76811
54.03258
54.55587
54.86818
55.23217
55.98737
56.58266
57.71770
58.50369
59.82184
60.59835
61.85001
62.51234
63.41514
64.04363
65.17084
65.83800
66.93971
67.56812
68.47287
69.03061
69.87708
70.40286
71.31659
71.63919
71.73252
71.88349
72.28426
72.31352
71.96409
71.93686
72.18242
72.15709
72.01585
71.46411
70.13748
69.25700
68.07468
67.42582
66.60944
65.99917
64.95809
64.06823
62.78731
61.95556
60.60469
59.73740
58.27978
57.45290
56.35166
55.47700
54.08351
53.20539
52.05746
51.31361
50.23001
49.35275
48.26120
47.56799
46.54524
46.04765
45.47746
45.41566
45.81515
46.14929
46.86951
47.14201
47.31349
47.44017
47.74439
47.55039
46.69717
46.13160
45.00073
44.58641
44.68550
44.29146
43.20508
42.58690
41.56092
40.96679
40.15290
39.63470
38.88216
38.23890
36.94940
36.36359
36.07868
36.03467
36.19781
36.68162
37.92324
38.72234
40.11648
40.96086
42.03913
42.53725
42.95611
43.28943
43.78988
44.34088
45.51113
46.26662
47.31286
48.07383
49.22918
50.07376
51.53516
52.42023
53.87530
54.66214
55.17490
55.66857
56.57788
57.12746
58.10689
58.38599
58.19874
58.34627
58.88998
59.26828
60.11895
60.08731
59.15724
58.70365
58.06927
58.09836
58.84014
59.23953
59.89695
60.25773
60.74883
60.70425
60.05768
59.68892
59.07675
58.49284
57.26144
56.56366
55.34318
55.08778
55.65992
55.97152
56.53759
57.10740
58.35451
59.08918
60.34928
60.91084
61.42780
61.63992
61.74520
61.57716
60.96345
60.73972
60.60102
60.38903
59.71202
59.85085
60.87890
61.44255
62.26201
63.01533
64.04112
64.90609
66.16785
66.96724
68.34623
68.87953
68.92381
68.98746
68.95580
69.08895
69.54119
69.78473
70.03639
70.61007
71.85296
72.55868
73.59867
74.22565
75.00874
75.52299
76.29733
77.02047
78.44760
79.08608
79.57314
79.86190
80.11783
80.51495
81.31835
81.98044
82.93404
83.58361
84.73179
85.41572
86.55889
87.23945
88.39497
88.96039
89.62700
89.81626
89.75770
89.36251
88.22023
87.55208
86.49274
85.89527
84.96281
84.48413
83.79437
83.57304
83.68128
83.34710
82.33703
81.63940
80.44147
79.70466
78.62340
78.04122
77.41586
76.73722
75.50233
74.64168
73.74410
73.01918
71.67114
71.11556
70.91407
70.77317
70.64769
70.51869
70.32332
69.90571
68.86616
68.52354
68.68801
68.23002
66.90463
66.40182
66.40957
65.96719
64.78691
64.00058
62.55803
61.74382
60.61718
59.74799
58.34218
57.49369
56.09994
55.29363
54.08866
53.29899
51.88232
51.20980
50.60180
50.16506
49.38502
49.36471
50.10366
50.47707
50.97474
51.59939
52.78558
53.42773
53.94177
54.23790
54.59032
54.72490
54.76361
54.95988
55.56108
55.82231
56.03058
56.42173
57.38494
57.98323
58.63160
59.00598
59.34570
59.08849
57.90362
57.53263
57.51789
57.52972
57.61290
57.97542
59.02633
59.53805
59.99731
60.29966
60.90012
60.77366
59.76082
59.57455
59.98926
60.04141
59.73677
60.09864
61.26902
61.92197
62.56655
63.33196
64.55329
65.28877
65.88846
66.43232
67.13740
67.62013
68.41308
69.09336
70.47581
71.17568
72.05177
72.56564
73.32088
73.84769
74.84553
74.99753
74.37928
74.28268
74.52946
74.37546
73.68250
73.33097
72.71080
72.64758
73.08235
73.30885
73.82153
73.72141
72.97519
72.30816
70.96391
70.07858
68.71753
68.24124
68.27682
68.79400
70.18294
71.03788
72.39701
73.02463
73.48488
73.85316
74.54755
74.78948
74.81042
75.03806
75.55861
76.11430
77.39282
77.95538
78.48773
78.83842
79.44867
79.56482
79.29098
79.20137
79.10251
79.07866
79.18992
78.97022
78.21397
77.81443
77.34113
77.05620
76.52079
76.62941
77.47300
77.79136
77.95560
78.47694
79.80615
80.48134
81.41684
81.43260
80.40805
80.38262
81.23288
81.56083
81.95963
82.07552
81.93858
82.19753
83.07303
83.57710
84.16416
84.38013
84.42326
84.49946
84.66434
84.72141
84.91953
84.48790
83.17960
82.48460
81.40557
80.88744
80.34227
79.82905
78.84307
78.15670
77.31448
77.14692
77.55397
77.87442
78.56266
79.16436
80.42113
81.14336
82.24367
82.99407
83.94740
84.54166
85.44428
86.18470
87.55697
88.43668
89.64126
90.53601
91.71828
92.58925
94.06241
94.87899
95.97166
96.40066
96.46076
96.97574
98.17974
98.87373
99.80513
100.12802
100.00359
99.85344
99.36520
99.09341
98.69777
98.35494
97.89226
97.44560
96.53941
95.90423
94.81205
94.16453
93.26272
92.71098
91.82858
91.25875
90.18720
89.79466
89.65637
89.70926
90.05284
90.30176
90.77455
91.13926
91.73773
92.41472
93.63203
94.23225
94.93907
95.30770
95.76043
96.10383
96.58867
97.20317
98.56380
99.35167
100.65840
101.40026
102.55789
103.26997
104.45110
105.26169
106.49699
107.26576
108.13005
108.56839
109.91298
110.47395
110.88540
110.80335
110.10351
109.61398
108.78720
108.59409
108.87297
108.95426
109.03824
109.17039
109.55242
109.65120
109.52801
109.72678
110.43637
110.81314
111.37387
111.66739
111.99764
112.09325
112.07175
111.88695
111.17823
111.14315
111.71702
111.96801
112.15222
112.30356
112.46104
112.67214
113.17700
113.40323
113.66120
113.84429
114.23046
114.25024
114.01429
113.58978
112.70896
111.99921
110.73209
110.02185
109.06263
108.44783
107.38649
107.05458
107.12182
107.06780
107.07166
106.59915
105.25763
104.54839
103.66554
103.18537
102.51569
102.15927
101.66030
101.31897
100.64276
100.36649
100.12264
99.96732
99.60420
99.79213
100.80001
100.92749
100.38249
99.98644
99.35331
98.78044
97.72834
96.84913
95.60769
94.85790
93.66973
93.17357
92.77253
92.72151
92.88299
93.50681
94.98281
95.85462
97.29594
98.16506
99.35587
100.08586
101.23761
102.06315
103.53903
104.42260
105.90216
106.65316
107.15072
107.81606
108.74635
109.14413
109.32238
109.07424
108.06748
107.66394
107.30133
107.14079
107.02021
107.00932
107.04521
107.33237
108.31056
108.37036
107.59085
107.22626
106.69928
106.50491
106.60102
106.37576
105.59307
105.32218
105.08839
105.28480
106.10978
106.52183
107.10003
107.30565
107.26417
107.27866
107.26867
107.35504
107.54871
107.94457
109.04414
109.54185
110.09842
110.27894
110.09247
110.23968
110.76445
111.04224
111.49477
111.67595
111.84152
111.93103
112.04993
112.14164
112.41345
112.24756
111.44677
111.14947
111.04144
110.83889
110.25348
110.36632
111.18149
111.82682
113.10721
113.96021
115.21120
115.90240
116.87870
117.29979
117.58910
117.90429
118.47679
118.44298
117.69461
117.51949
117.49926
117.82963
118.76004
119.18701
119.56537
119.76319
119.91844
120.26799
121.19352
121.74817
122.68011
123.36965
124.44121
125.14214
126.35908
127.08685
128.27994
129.08559
130.48316
131.33020
132.47998
133.29412
134.65374
135.41016
136.16752
136.24557
135.53551
135.47873
135.84137
136.29243
137.37556
138.00440
139.00438
139.67593
140.82784
141.59967
142.98939
143.82133
145.22605
146.06512
147.45705
148.14152
148.91819
148.84220
147.79369
147.29619
146.53459
146.11949
145.59781
145.00831
143.77914
142.89344
141.65571
140.98832
140.25009
140.12964
140.68605
140.52835
139.58345
139.37777
139.66257
139.70879
139.63314
139.74752
140.11793
140.52822
141.50362
141.95995
142.45229
142.84064
143.56044
144.11113
145.20788
145.76801
146.22056
146.58345
147.12117
147.77100
149.14001
149.95015
151.31718
152.03596
152.94492
153.48371
154.34870
154.60765
154.31716
154.52782
155.35362
155.83023
156.16554
156.55910
157.52052
158.09673
159.12833
159.55468
159.65141
159.97845
160.70744
161.19179
161.97183
162.57543
163.62278
163.86934
163.41860
163.50431
164.07712
164.37712
164.84565
165.12136
165.54265
165.79551
166.34897
166.16754
165.13081
164.64525
164.03829
163.56361
162.77840
162.61558
162.96722
163.00436
162.82931
162.89149
163.16422
163.38724
163.85020
164.16326
164.71905
165.08976
165.80423
166.09049
166.30192
166.48138
166.86076
166.89145
166.64560
166.39165
165.81578
165.25267
164.03000
163.31446
162.08414
161.52192
160.95446
160.82340
161.08232
161.04848
160.60480
160.91689
162.09369
162.79188
163.59771
164.34733
165.77058
166.46859
167.11325
167.70384
168.87625
169.35995
169.68333
170.02494
170.60017
170.75416
170.61742
170.75152
171.21157
171.64715
172.58673
173.15454
174.14812
174.66868
175.48320
175.58074
175.04301
174.69875
173.97150
173.64879
173.27316
172.99303
172.46914
172.07532
171.23813
170.94849
170.83674
170.74129
170.45347
170.72211
171.86320
172.02365
171.35902
171.08386
170.71247
170.40872
170.03878
169.41776
168.17130
167.31146
165.82154
165.05569
164.55819
163.93906
162.72883
162.01222
160.74549
160.37785
160.73708
160.61230
160.01303
159.70658
159.28158
158.87289
158.12443
157.75526
157.35261
157.39114
157.93802
158.33410
159.12617
159.66428
160.34804
160.88710
161.88285
162.61206
163.89614
164.67767
165.85794
166.64054
167.59117
168.46788
169.85947
170.72479
172.16164
172.93260
174.01898
174.37431
174.32658
174.36545
174.49946
174.30994
173.62987
173.15694
172.20577
171.73372
171.04423
170.91017
171.26099
171.23311
170.88797
170.65114
170.35309
169.65271
168.18721
167.45857
167.01874
167.12160
167.98526
168.49635
169.39471
170.05841
171.26311
172.13775
173.52748
174.36888
175.07459
175.77722
177.14787
177.96401
179.27966
180.17870
181.50228
182.17185
182.79806
183.52716
184.91186
185.43333
185.42165
185.67866
186.34436
186.75262
187.49110
187.86102
188.30520
188.69376
189.56454
189.80991
189.73379
189.70298
189.58918
189.59713
189.71984
189.87907
190.18533
190.73705
192.11964
192.61503
192.57829
192.73797
193.28892
193.07963
191.97493
191.29532
190.03998
189.47415
189.29319
189.15812
189.11752
188.84665
188.22177
187.62075
186.30932
185.61732
184.58168
184.11301
183.62552
183.91272
185.24840
185.62192
185.46547
185.23805
184.43493
184.38777
185.08763
185.20295
184.90675
185.09478
185.88819
186.41636
187.36130
187.94922
188.88737
189.67257
191.16589
191.90453
192.50536
192.88796
193.29288
193.98594
195.47638
196.14440
196.44139
196.93946
197.99357
198.24682
197.93335
197.88704
197.90729
197.97894
198.20988
198.25580
198.18590
198.21445
198.44349
198.27411
197.58429
197.28112
197.04304
196.75024
196.08154
195.62680
194.77940
194.20580
193.18648
192.58477
191.60223
191.05575
190.48367
190.13819
189.62020
189.34660
189.03151
188.63853
187.63766
187.50997
188.12461
188.42357
188.88241
189.32378
190.41992
190.58403
189.96894
189.72351
189.39042
189.22574
189.13696
188.58313
187.23550
186.48024
185.11965
184.29456
182.89166
182.15635
181.21587
180.71447
180.12621
179.75291
179.22586
178.59709
177.25596
176.47346
175.26046
174.72355
174.04547
174.21968
174.48336
174.71076
175.05528
175.67395
176.92632
177.69007
178.98015
179.70332
180.58421
181.34897
182.72625
183.61899
185.07451
185.92685
187.39103
188.20983
188.92843
189.45052
190.36018
190.39945
189.68905
189.00258
187.87707
187.00574
185.54360
184.65669
183.25254
182.36078
180.95716
180.23127
179.57524
179.54629
180.27998
180.46765
180.54129
180.32981
179.57421
179.14898
178.54253
177.98707
177.10594
176.67124
176.16515
175.82795
175.08894
175.21452
176.27154
176.85874
177.71457
178.14576
178.70064
178.83838
178.61332
178.52443
178.37685
178.31437
178.32965
178.09082
177.38084
176.79167
175.81838
175.33442
174.85209
174.12943
172.82353
172.07100
170.89546
170.37514
169.99180
169.62974
168.70229
168.65003
169.44008
169.96106
170.80423
171.32430
172.25723
172.51965
172.38972
172.37955
172.55401
172.11776
170.77031
169.97817
168.68880
168.09677
167.61751
167.20355
166.43512
166.49596
167.42202
167.95443
168.94904
169.35836
169.57195
170.08664
171.25961
171.74513
172.12344
172.40358
173.04742
172.85962
171.73397
171.10347
169.95974
169.65724
170.03361
169.88966
169.11064
169.01246
169.47441
169.61681
169.57767
170.01369
171.12899
171.77639
172.79858
173.51747
174.63072
175.21120
175.80234
176.23825
176.93328
177.57937
178.67033
179.34902
180.49190
181.06571
181.57702
181.77975
181.81727
181.90158
182.00628
182.38525
183.38413
184.18115
185.57340
186.33347
187.32540
187.73716
187.98197
188.20688
188.49083
189.08897
190.48143
191.30750
192.37508
193.05725
194.13848
194.80828
195.67064
196.28166
197.41410
197.78068
197.75070
197.68981
197.44708
197.19024
196.57262
196.21336
195.72517
195.19206
193.95554
193.41925
192.92383
192.88331
193.43917
193.29383
192.38559
191.93002
191.36747
190.63149
189.29310
188.46536
187.09054
186.32911
185.45482
185.11087
184.98932
184.82147
184.34358
184.46940
185.25599
185.82962
186.72538
187.29822
188.27274
188.86943
189.91180
190.45034
191.19255
192.01750
193.41121
194.03215
194.36923
194.57368
194.73183
195.06369
195.93788
196.48407
197.42762
198.14648
199.52741
200.32822
201.52967
202.35826
203.65616
204.41742
205.56553
206.40836
207.89981
208.63582
209.03757
209.24322
209.20318
209.68838
211.07167
211.58158
211.70073
211.96593
212.63232
212.86724
213.07081
212.91656
212.17894
212.08711
212.37959
212.92557
214.22757
215.01775
216.29528
217.06793
218.28825
219.17157
220.65469
221.37789
222.03314
222.09065
221.51662
221.15736
220.47960
220.07297
219.35447
219.02376
218.64048
218.45719
218.39084
218.16873
217.53904
217.21560
216.84901
216.27259
215.12706
214.44046
213.31697
212.62693
211.45912
210.76951
209.63747
208.95568
207.87014
207.14762
206.33835
206.20596
205.47545
205.02204
204.41846
204.04323
203.44441
202.99386
202.17561
201.89468
201.95776
201.50014
200.22316
199.37582
197.92442
197.04552
195.59787
194.80269
194.14657
193.67827
192.90963
192.45741
191.71605
191.38954
190.58200
190.51117
191.10206
191.15392
190.74287
190.71621
190.91418
191.24619
191.97134
192.41898
193.20256
193.64067
194.30086
194.71968
195.41203
195.93850
196.95314
197.61478
198.86817
199.34068
199.42186
199.62917
200.07758
200.29246
200.54129
200.70535
200.81864
201.37836
202.73829
203.35799
203.77819
204.20252
205.04973
205.53011
206.30251
206.65657
207.16543
207.03756
206.15922
205.76637
205.30042
205.00214
204.40536
204.45732
205.26636
205.35643
205.21952
205.44201
205.18313
205.06904
205.07947
204.68081
203.49427
202.93719
202.15568
202.02693
202.44780
202.65347
203.03765
203.16507
203.19522
203.24282
203.27882
203.47247
203.95216
204.14429
204.37775
204.29554
203.74362
203.55731
203.36577
203.52445
204.16663
204.71371
205.90878
206.35915
206.61298
206.63611
206.45109
206.05304
204.95175
204.44437
203.95326
203.61267
203.03905
202.69279
202.10829
201.84047
201.61726
201.31568
200.54922
200.24642
200.17257
200.11859
200.01612
200.31916
201.19017
201.73178
202.61951
203.37140
204.79088
205.65177
206.97196
207.79591
209.18894
210.02152
211.42637
212.17472
213.12677
213.74231
214.83491
215.11530
214.96476
214.40470
212.97900
212.13026
210.70389
209.83674
208.64974
207.77367
206.29192
205.43386
204.17921
203.39905
202.04457
201.25770
199.86803
198.99675
197.60733
196.72230
195.23988
194.41049
193.26053
192.48016
191.15721
190.26514
189.14527
188.59486
188.29020
188.06805
187.92032
187.43494
186.15528
185.41517
184.19423
183.35200
181.85719
180.98840
179.62197
178.84600
177.72156
176.88565
175.41549
174.63261
173.64742
173.04455
172.06526
171.61566
171.13814
170.86831
170.54874
170.10761
169.06033
168.30690
166.93343
166.05098
164.93018
164.23020
163.10539
162.45361
161.52496
160.69002
159.32379
158.55242
157.44136
156.80629
155.76706
155.52477
155.91919
155.88442
155.37253
155.51603
156.45674
156.58368
156.07644
155.83610
155.41917
155.17139
154.92572
155.13313
155.88684
156.26562
156.81334
157.18868
157.85825
158.26858
158.99974
159.23900
159.16828
159.37098
159.79275
160.44388
161.69766
162.57062
164.01914
164.82436
165.53565
166.31624
167.80947
168.69688
170.15350
170.94593
171.60091
172.14062
173.10557
173.67144
174.48342
175.20958
176.26076
177.02638
178.35902
179.20549
180.02735
180.54971
181.23852
181.95031
183.34943
184.08865
184.97505
185.55852
186.54326
187.16778
188.23074
188.92096
189.71175
190.53212
191.99564
192.81337
193.73103
194.47542
195.50273
196.15656
197.34697
197.58696
197.02894
196.74802
196.09726
196.17799
197.05605
197.45933
198.01231
198.38333
198.98396
199.10182
198.87801
198.59883
197.70562
197.72057
198.57260
199.23256
200.52115
201.37534
202.28962
202.90542
203.83502
204.62147
206.03954
206.90246
208.32748
209.22010
210.53982
211.38810
212.75598
213.37393
213.79833
214.06003
214.40751
214.65367
215.06600
215.47483
216.15910
216.78062
218.03231
218.87314
220.15555
220.93395
222.13361
222.89971
224.20726
224.98778
226.30644
226.90851
227.14137
227.70292
228.97696
229.69585
230.83950
231.57829
232.73198
233.60740
234.93305
235.46782
235.49244
235.88995
236.89497
237.67830
239.15601
240.03004
241.47763
242.36739
243.86530
244.75681
246.22322
247.11548
248.61234
249.46258
250.75885
251.17263
250.97854
250.94373
250.83203
250.95907
251.43089
251.91910
253.03637
253.52644
254.27166
254.69394
255.10893
255.70256
256.98566
257.72053
258.47099
258.47732
257.68998
257.05332
255.74148
254.90306
253.58493
252.84785
251.75963
251.10771
250.04513
249.47860
248.75660
248.26639
247.32758
247.04493
247.10823
247.03581
246.96575
246.36024
244.88118
243.99925
242.56928
241.74367
240.40314
239.84933
239.69340
239.10821
237.68831
236.93900
235.83230
235.43872
235.41533
235.67144
236.61002
237.08246
237.80075
238.25322
238.98628
239.53799
240.37861
241.10990
242.28671
242.96648
244.03324
244.62722
245.49354
