1.49998
2.39906
3.88925
4.75095
5.95082
6.68707
7.68815
8.11218
8.39497
8.68000
9.06770
9.11697
8.91642
9.76907
10.01715
9.70495
9.61742
9.92922
10.76403
11.48232
12.79235
13.68548
15.06942
15.70241
16.13710
16.55710
17.49500
17.06605
15.66252
15.75242
17.10578
17.82746
17.41542
16.85444
16.14812
15.85391
15.39342
14.93283
13.85049
14.49849
15.75528
16.44363
17.77669
18.31379
17.25172
16.67520
16.91154
16.90885
16.92115
17.09667
17.50302
17.77631
17.50005
16.61429
15.74734
15.24066
15.42931
15.73937
16.70915
16.95991
16.49296
15.71878
15.07390
