1.49999
2.38325
3.79767
4.42475
4.57806
4.94318
5.80598
5.59457
4.24010
3.60491
2.82495
2.94374
3.89344
4.63841
5.99265
6.76054
7.47103
8.03949
8.99683
9.78259
11.26855
11.72245
11.25806
11.03892
10.70582
10.44773
9.98437
9.62333
8.91817
8.66055
8.44177
8.70315
9.81897
9.84751
8.84881
8.42920
8.00185
8.27773
9.32733
9.73203
9.90741
10.08578
10.28563
10.69206
11.20812
11.64217
12.41134
12.87765
13.60541
14.11502
14.99311
15.74093
17.17998
17.56186
16.90124
16.90141
17.23577
17.83670
18.99511
19.55991
19.75383
20.05743
20.71099
