 0.10000	 25.25824547	 42.72945786	 41.41650009	 26.40151596	 42.09513855	 40.68131256	           0	           2
 0.10000	 27.08278656	 41.80749130	 40.16852188	 28.29461479	 41.58161926	 39.31391525	          -1	           3
 0.10000	 28.44776154	 41.28926468	 38.47673035	 27.64520073	 40.65094757	 37.38201904	          -2	           4
 0.10000	 26.91404915	 40.98212814	 36.97506714	 26.33329201	 42.33927536	 37.24100876	          -3	           5
 0.10000	 25.70603752	 42.57194901	 37.84291458	 25.24554443	 41.83187485	 39.06359482	          -4	           6
 0.10000	 24.79860115	 41.09961319	 39.33541107	 24.21135521	 39.84495544	 38.76025772	          -5	           7
 0.10000	 24.14129639	 38.99677277	 38.46785355	 24.70248604	 37.67092514	 38.04694366	          -6	           8
 0.10000	 24.46108055	 36.96038055	 37.55031204	 23.36311340	 36.43616104	 36.67308807	          -7	           9
 0.10000	 22.65041161	 36.18938065	 36.18225861	 21.33228493	 35.85129166	 35.55131149	          -8	          10
 0.10000	 20.74102211	 36.29264832	 35.03606415	 20.59854126	 37.73434830	 34.64743805	          -9	          11
 0.10000	 20.67064476	 38.18032837	 33.86914444	 21.13510895	 37.86186981	 32.47895050	         -10	          12
 0.10000	 21.46541595	 37.72090912	 31.65385818	 22.15933990	 37.50843811	 30.34116173	         -11	          13
 0.10000	 22.44387436	 36.92573929	 29.71717262	 22.32477379	 35.52777481	 29.18666077	         -12	          14
 0.10000	 23.01423454	 34.95063782	 29.22492981	 24.30349731	 35.33575058	 29.88776588	         -13	          15
 0.10000	 25.05673027	 35.09955978	 30.31964684	 26.03104782	 34.24249649	 31.07181931	         -14	          16
 0.10000	 26.56423378	 33.65264511	 31.49274254	 27.23175621	 32.50685501	 32.19345093	         -15	          17
 0.10000	 27.85465431	 31.86916924	 32.31434250	 29.08621979	 31.08164024	 31.97915077	         -16	          18
 0.10000	 29.71340561	 30.46486473	 31.79115105	 30.44868469	 29.21531296	 31.40736389	         -17	          19
 0.10000	 31.23069382	 28.78815651	 31.28433609	 32.73016357	 28.79130745	 31.31114197	         -18	          20
 0.10000	 33.62197495	 28.67852402	 31.28341103	 35.08597565	 28.36413193	 31.19994164	         -19	          21
 0.10000	 35.98377609	 28.40777016	 31.16617393	 37.38016129	 28.95474243	 31.14974213	         -20	          22
 0.10000	 38.27233887	 28.85429192	 31.09215546	 39.52946854	 28.05987167	 30.89706993	         -21	          23
 0.10000	 40.29868317	 27.59825706	 30.96620750	 41.55230713	 26.93141174	 31.44941711	         -22	          24
 0.10000	 41.99561691	 26.14839172	 31.43814850	 41.87884903	 24.73598289	 30.94693565	         -23	          25
 0.10000	 42.04439926	 23.86561584	 30.78950691	 42.67087936	 22.50560570	 30.70186806	         -24	          26
 0.10000	 42.57764053	 21.61267853	 30.64101028	 41.72702026	 20.37880135	 30.57978058	         -25	          27
 0.10000	 41.18112946	 19.66536903	 30.52686310	 40.25873566	 18.50653458	 30.28983879	         -26	          28
 0.10000	 39.43677521	 18.28442955	 30.58122253	 38.50655365	 18.97674751	 31.53271675	         -27	          29
 0.10000	 37.65477753	 19.07672119	 31.80533791	 36.21096802	 18.67577934	 31.73770142	         -28	          30
 0.10000	 35.40396118	 19.02906609	 31.55417824	 34.74429703	 20.27835083	 31.05023575	         -29	          31
 0.10000	 34.37535095	 21.06181145	 30.80571747	 33.92284012	 22.44802284	 30.45447350	         -30	          32
 0.10000	 33.84140778	 23.33969116	 30.36488342	 34.10978699	 24.80237579	 30.56071663	         -31	          33
 0.10000	 34.05599976	 25.63914490	 30.23395157	 33.88867188	 26.60236549	 29.09637260	         -32	          34
 0.10000	 33.18470383	 26.99073982	 28.69202423	 31.69814491	 26.92050552	 28.87925339	         -33	          35
 0.10000	 30.87182999	 26.63215446	 28.66999245	 29.89925766	 25.69659805	 28.01531982	         -34	          36
 0.10000	 29.23599815	 25.20203590	 27.66156006	 28.07777405	 24.41604424	 27.12259674	         -35	          37
 0.10000	 27.40648079	 24.02587509	 26.66772461	 26.28680038	 23.34365082	 25.93917656	         -36	          38
 0.10000	 26.06214142	 23.59243011	 25.10398865	 26.65999222	 24.80088997	 24.44663239	         -37	          39
 0.10000	 27.45352554	 24.98937225	 24.06628990	 28.74151421	 24.22065735	 24.05626869	         -38	          40
 0.10000	 29.59278870	 23.97040176	 24.20649719	 31.00863647	 23.94677734	 24.70120430	         -39	          41
 0.10000	 31.40442848	 23.35652161	 25.25336266	 30.66101456	 22.32488632	 26.04899597	         -40	          42
 0.10000	 31.06939125	 21.52418900	 26.09390068	 32.30118942	 21.29004669	 25.27064133	         -41	          43
 0.10000	 33.09130478	 21.25063515	 24.84177399	 34.36859894	 21.73101044	 24.21916771	         -42	          44
 0.10000	 35.11333847	 21.64468384	 23.72149277	 36.22986984	 21.01771355	 22.94041252	         -43	          45
 0.10000	 36.38756943	 20.50763893	 22.21598816	 35.67768097	 19.76685524	 21.12186432	         -44	          46
 0.10000	 35.13219833	 19.29141808	 20.58701324	 33.96515656	 18.52816963	 20.03462219	         -45	          47
 0.10000	 33.18867874	 18.23479843	 19.68733597	 31.80194664	 17.96829796	 19.18163109	         -46	          48
 0.10000	 30.99349403	 18.13139725	 18.82160187	 29.97472954	 19.13475800	 18.36851501	         -47	          49
 0.10000	 29.30998039	 18.87982178	 17.81797218	 29.26803970	 17.52519608	 17.17519379	         -48	          50
 0.10000	 28.95443535	 16.69721222	 17.33635139	 28.39278984	 15.96496773	 18.51883888	         -49	          51
 0.10000	 28.24897194	 15.26071548	 19.06034660	 28.48533630	 13.91255379	 19.67395782	         -50	          52
 0.10000	 28.15063667	 13.20552731	 20.11896515	 27.20640755	 12.26744843	 20.81064606	         -51	          53
 0.10000	 26.34236145	 12.49852657	 20.91037178	 25.88851357	 13.82291126	 20.37187958	         -52	          54
 0.10000	 25.49736214	 14.58161545	 20.08682251	 24.89829063	 15.85385036	 19.56489563	         -53	          55
 0.10000	 24.68697739	 16.67355919	 19.25953102	 24.35297012	 18.05888367	 18.79132843	         -54	          56
 0.10000	 24.90883636	 18.72598457	 18.55484962	 26.40541077	 18.82288361	 18.52674866	         -55	          57
 0.10000	 27.20164299	 18.40940475	 18.59693336	 27.68492699	 17.00074959	 18.77586555	         -56	          58
 0.10000	 28.27363205	 16.49770927	 19.23436737	 29.27407074	 16.39410591	 20.34712219	         -57	          59
 0.10000	 29.86524391	 16.45544815	 21.02274513	 30.75421333	 16.86072922	 22.16082001	         -58	          60
 0.10000	 31.32474709	 17.22910309	 22.75118065	 32.42521286	 17.93630028	 23.48511887	         -59	          61
 0.10000	 32.53456116	 18.67393875	 23.98883057	 31.79696083	 19.88641167	 24.47431374	         -60	          62
 0.10000	 31.06806946	 20.33927727	 24.74533844	 29.58905220	 20.55588341	 24.86973381	         -61	          63
 0.10000	 28.88201714	 20.09108734	 25.17628479	 28.65338707	 18.70837784	 25.71083260	         -62	          64
 0.10000	 28.39574432	 17.92424965	 26.06942940	 28.23340225	 16.64194298	 26.83051491	         -63	          65
 0.10000	 27.44513702	 16.21498680	 26.75108337	 26.38549995	 16.82442093	 25.88179779	         -64	          66
 0.10000	 25.73719215	 17.17048264	 25.36244774	 24.82732010	 17.93612480	 24.44829178	         -65	          67
 0.10000	 24.25655746	 18.36075783	 23.89719009	 23.25036240	 18.76017952	 22.85894775	         -66	          68
 0.10000	 23.00754356	 19.62601089	 22.82322311	 23.70026970	 20.51666260	 23.81155777	         -67	          69
 0.10000	 23.71494675	 21.27527618	 24.29545593	 23.35607529	 22.58117676	 24.94021606	         -68	          70
 0.10000	 22.64815521	 23.06386757	 25.21544456	 21.16192245	 22.87131882	 25.15245438	         -69	          71
 0.10000	 20.45866394	 23.29995918	 25.51521873	 20.24737740	 24.28978539	 26.62226677	         -70	          72
 0.10000	 19.82003593	 25.05619812	 26.42254448	 19.46129799	 25.37330437	 25.00104141	         -71	          73
 0.10000	 19.19062614	 25.57778931	 24.16752243	 18.88370895	 25.58872414	 22.69934082	         -72	          74
 0.10000	 18.32731438	 25.92726135	 22.07829666	 17.19780540	 26.89897156	 21.90544891	         -73	          75
 0.10000	 16.34533882	 27.04974556	 21.65957832	 14.87830162	 26.74238777	 21.60216522	         -74	          76
 0.10000	 14.74635887	 26.28571701	 20.83799171	 15.46132851	 25.50373268	 19.77625465	         -75	          77
 0.10000	 15.37372303	 24.89566422	 19.11864471	 14.41272354	 23.91500473	 18.51471138	         -76	          78
 0.10000	 14.36398888	 23.46643066	 17.73605919	 15.20748997	 23.11230659	 16.54733276	         -77	          79
 0.10000	 14.95811081	 23.47932243	 15.76434708	 13.85394001	 24.49186134	 15.69005108	         -78	          80
 0.10000	 13.13821888	 25.03020287	 15.77855110	 12.21206951	 26.17700577	 15.50100899	         -79	          81
 0.10000	 11.32505798	 26.03166008	 15.45600414	 10.84749317	 24.61514091	 15.57984734	         -80	          82
 0.10000	 10.45832634	 23.85045242	 15.85130882	  9.77573586	 22.71018219	 16.54688454	         -81	          83
 0.10000	 10.01222610	 22.09845161	 17.16315460	 11.34840202	 21.82357979	 17.78688812	         -82	          84
 0.10000	 11.56151485	 21.63821983	 18.64140511	 10.76275539	 21.56540489	 19.90893745	         -83	          85
 0.10000	 10.52532482	 21.77188873	 20.75206947	 10.19701481	 22.41841507	 22.06514168	         -84	          86
 0.10000	 10.66575813	 23.03668785	 22.52119255	 11.94456482	 23.72328186	 22.14278793	         -85	          87
 0.10000	 12.76898289	 24.00246239	 21.91407967	 14.17709732	 23.89764595	 21.40793037	         -86	          88
 0.10000	 14.62597847	 24.58772850	 21.04424095	 13.94066143	 25.88631821	 20.73770523	         -87	          89
 0.10000	 14.02009583	 26.77650261	 20.63204956	 13.67779446	 28.22799683	 20.47111130	         -88	          90
 0.10000	 13.41701221	 29.01628876	 20.12407875	 12.84279442	 30.08321190	 19.23984718	         -89	          91
 0.10000	 12.80088139	 30.37437248	 18.38932991	 13.23358059	 30.01041603	 17.00000763	         -90	          92
 0.10000	 13.69020081	 29.75683594	 16.26716042	 14.85689354	 29.38223648	 15.40204525	         -91	          93
 0.10000	 15.11586380	 28.62490273	 14.99065590	 14.63260078	 27.20599174	 14.93707848	         -92	          94
 0.10000	 14.19953442	 26.41742325	 14.94966316	 13.16847706	 25.33589745	 14.82022285	         -93	          95
 0.10000	 12.59546947	 24.66928673	 15.01167107	 11.81000328	 23.47834778	 14.54901123	         -94	          96
 0.10000	 11.39004898	 22.75140762	 14.22614670	 10.81315422	 21.54422760	 13.54857349	         -95	          97
 0.10000	 10.47161388	 20.79562378	 13.18513012	  9.81882763	 19.54572296	 12.67413807	         -96	          98
 0.10000	  9.87963390	 18.73422241	 12.29023075	 10.78116512	 17.73592377	 11.62655926	         -97	          99
 0.10000	 10.98543358	 16.86038971	 11.58670521	 10.87350941	 15.51690006	 12.24431515	         -98	         100
 0.10000	 10.34137821	 14.80915356	 12.08339500	  9.17731571	 14.41541004	 11.22322750	         -99	           0
