0.00007735
0.00017992
0.00023109
0.00023109
0.00013075
0.00009805
0.00008144
0.00004149
0.00008902
0.00009934
0.00013122
0.00021594
0.00021594
0.00019541
0.00011609
0.00010723
0.00010803
0.00020559
0.00028793
0.00028793
0.00018346
0.00013215
0.00005971
0.00005924
0.00009641
0.00017273
0.00017273
0.00010744
0.00010744
0.00006360
0.00006119
0.00014265
0.00014684
0.00014684
0.00009859
0.00009859
0.00011406
0.00011406
0.00010455
0.00010455
0.00011031
0.00011031
0.00019274
0.00019274
0.00015703
0.00012728
0.00012728
0.00010715
0.00010522
0.00010471
0.00017957
0.00017957
0.00020119
0.00021766
0.00021766
0.00014592
0.00008394
0.00007011
0.00009217
0.00010043
0.00012393
0.00030185
0.00043007
0.00043007
0.00030663
0.00011034
0.00009258
0.00010017
0.00010017
0.00010081
0.00016853
0.00024450
0.00024450
0.00022098
0.00005527
0.00004729
0.00006613
0.00012821
0.00012821
0.00010750
0.00009013
0.00011557
0.00011557
0.00012475
0.00012475
0.00005672
0.00011083
0.00014366
0.00014366
0.00017537
0.00017537
0.00013204
0.00010498
0.00001268
0.00006197
0.00006197
0.00004886
0.00005206
0.00005206
0.00004816
