0.00040784
0.00071082
0.00096566
0.00119894
0.00123892
0.00130101
0.00146966
0.00177282
0.00177282
0.00176159
0.00130215
0.00123551
0.00146907
0.00146907
0.00140512
0.00143703
0.00181208
0.00196187
0.00196187
0.00141709
0.00099887
0.00104648
0.00140039
0.00203865
0.00207706
0.00207706
0.00165342
0.00186680
0.00186680
0.00175243
0.00161324
0.00165844
0.00165844
0.00108861
0.00077995
0.00085305
0.00085305
0.00073256
0.00103575
0.00124622
0.00124622
0.00100309
0.00104889
0.00104889
0.00114940
0.00134876
0.00152413
0.00191905
0.00197254
0.00197254
0.00191570
0.00191570
0.00160847
0.00160242
0.00160242
0.00143420
0.00143296
0.00201281
0.00201281
0.00156121
0.00120880
0.00121835
0.00181144
0.00181144
0.00155158
0.00131714
0.00144095
0.00162007
0.00162007
0.00138146
0.00123388
0.00132622
0.00151298
0.00197718
0.00260584
0.00286091
0.00286091
0.00223722
0.00164517
0.00128708
0.00128708
0.00108072
0.00113187
0.00149013
0.00149013
0.00166109
0.00166109
0.00128838
0.00161492
0.00226674
0.00279903
0.00279903
0.00222334
0.00191432
0.00127747
0.00151705
0.00210883
0.00210883
0.00152583
0.00153043
0.00153043
0.00122235
0.00159913
0.00180855
0.00180855
0.00164317
0.00204525
0.00224341
0.00258410
0.00258410
0.00249638
0.00191750
0.00135779
0.00123601
0.00123601
0.00112615
0.00133257
0.00175764
0.00175764
0.00167859
0.00166357
0.00225537
0.00225537
0.00200816
0.00233487
0.00233487
0.00166858
0.00140772
0.00169579
0.00174525
0.00202968
0.00231436
0.00240626
0.00240626
0.00165815
0.00172857
0.00172857
0.00175956
0.00184870
0.00184870
0.00178429
0.00178429
0.00190795
0.00230001
0.00263602
0.00281507
0.00301406
0.00301406
0.00222129
0.00164739
0.00143998
0.00147221
0.00177478
0.00177478
0.00149098
0.00128117
0.00128117
0.00098732
0.00101851
0.00101851
0.00097131
0.00097131
0.00066005
0.00084869
0.00112224
0.00144788
0.00159562
0.00159562
0.00156278
0.00154234
0.00152853
0.00123529
0.00120095
0.00120095
0.00170727
0.00192224
0.00192224
0.00142368
0.00154346
0.00183997
0.00221586
0.00259860
0.00281619
0.00281619
0.00212448
0.00168002
0.00218746
0.00222644
0.00222644
0.00164925
0.00124592
0.00124592
0.00119490
0.00108776
0.00154688
0.00212167
0.00212167
0.00185275
0.00185275
0.00171510
0.00109270
0.00114714
0.00114714
0.00113168
0.00153476
0.00153476
0.00115413
0.00115413
0.00149914
0.00189425
0.00208569
0.00208569
0.00169019
0.00104953
0.00138287
0.00151892
0.00183111
0.00230522
0.00230522
0.00162429
0.00107707
0.00141972
0.00145921
0.00163209
0.00163209
0.00138057
0.00131337
0.00131337
0.00152394
0.00193657
0.00240549
0.00240549
0.00237738
0.00188128
0.00124580
0.00149510
0.00225409
0.00272114
0.00272114
0.00227855
0.00203051
0.00147006
0.00152033
0.00175351
0.00175351
0.00145066
0.00133957
0.00154917
0.00154917
0.00167396
0.00167396
0.00138799
0.00157686
0.00196217
0.00196217
0.00170534
0.00156332
0.00219460
0.00219460
0.00209164
0.00224471
0.00232565
0.00232565
0.00186329
0.00141199
0.00139171
0.00183762
0.00183762
0.00135751
0.00135751
0.00168154
0.00168157
0.00168157
0.00125596
0.00147512
0.00212343
0.00261669
0.00261669
0.00235246
0.00235246
0.00160852
0.00148982
0.00167393
0.00190088
0.00190088
0.00168569
0.00144647
0.00164712
0.00191509
0.00199615
0.00246043
0.00282130
0.00282130
0.00245451
0.00195699
0.00185872
0.00215438
0.00215438
0.00183002
0.00152359
0.00144380
0.00164614
0.00164614
0.00144971
0.00129130
0.00129130
0.00103365
0.00122968
0.00151814
0.00151814
0.00120416
0.00123183
0.00141501
0.00141501
0.00125681
0.00112986
0.00099350
0.00105468
0.00105468
0.00111200
0.00111954
0.00113539
0.00113539
0.00108735
0.00095837
0.00094386
0.00095679
0.00097882
0.00113712
0.00132543
0.00155577
0.00173297
0.00173297
0.00162040
0.00137944
0.00112742
0.00093509
0.00093509
0.00092498
0.00096045
0.00160100
0.00160100
0.00154485
0.00105365
0.00120688
0.00128109
0.00134282
0.00156736
0.00156736
0.00154206
0.00144919
0.00131432
0.00119375
0.00117239
0.00117239
0.00106481
0.00082619
0.00110101
0.00118384
0.00142934
0.00169739
0.00211249
0.00240094
0.00240094
0.00212442
0.00170988
0.00144233
0.00153421
0.00175591
0.00192684
0.00192684
0.00178023
0.00174264
0.00149957
0.00158391
0.00168442
0.00168442
0.00136847
0.00112422
0.00101028
0.00081092
0.00126688
0.00126688
0.00094220
0.00105989
0.00105989
0.00104238
0.00104238
0.00102522
0.00139835
0.00139835
0.00080671
0.00074135
0.00085827
0.00085827
0.00088222
0.00104374
0.00105614
0.00105614
0.00096381
0.00080425
0.00102443
0.00178279
0.00178279
0.00135852
0.00106693
0.00098297
0.00099157
0.00131980
0.00145870
0.00153938
0.00153938
0.00135399
0.00159893
0.00187524
0.00210553
0.00210553
0.00180421
0.00153014
0.00141366
0.00168630
0.00182270
0.00206945
0.00206945
0.00163955
0.00105010
0.00106635
0.00115902
0.00120310
0.00120310
0.00127439
0.00127439
0.00112708
0.00107777
0.00108618
0.00121947
0.00121947
0.00105043
0.00126694
0.00135495
0.00169654
0.00239577
0.00291311
0.00291311
0.00239712
0.00177888
0.00141992
0.00137507
0.00137507
0.00124111
0.00124111
0.00116347
0.00116347
0.00148818
0.00148818
0.00143830
0.00148462
0.00148462
0.00128385
0.00095830
0.00150396
0.00151790
0.00151790
0.00158395
0.00158395
0.00191207
0.00191207
0.00170562
0.00130072
0.00133694
0.00155443
0.00191548
0.00191548
0.00139635
0.00159484
0.00215198
0.00215198
0.00198263
0.00176144
0.00176144
0.00168985
0.00139176
0.00125200
0.00110145
0.00085529
0.00063520
0.00089763
0.00115748
0.00146819
0.00171843
0.00171843
0.00157411
0.00147799
0.00113244
0.00105990
0.00086059
0.00099142
0.00099142
0.00080860
0.00067860
0.00090597
0.00103522
0.00103522
0.00105295
0.00108291
0.00108291
0.00114335
0.00114335
0.00153180
0.00153180
0.00148810
0.00172034
0.00188152
0.00189277
0.00189277
0.00183203
0.00162683
0.00131126
0.00071579
0.00086591
0.00115367
0.00141281
0.00141281
0.00132316
0.00083591
0.00091120
0.00107850
0.00111728
0.00111728
0.00140383
0.00140383
0.00136948
0.00118703
0.00119765
0.00144681
0.00144681
0.00141491
0.00110552
0.00094585
0.00072345
0.00060017
0.00060017
0.00084275
0.00084275
0.00091033
0.00101150
0.00167271
0.00210753
0.00210753
0.00165979
0.00139659
0.00151852
0.00190273
0.00202902
0.00203109
0.00203109
0.00179162
0.00210891
0.00210891
0.00144410
0.00148483
0.00189076
0.00198020
0.00213609
0.00213609
0.00178468
0.00202896
0.00230224
0.00230224
0.00261714
0.00261714
0.00225028
0.00169774
0.00180469
0.00224116
0.00224116
0.00183339
0.00169550
0.00188967
0.00259797
0.00295853
0.00295853
0.00238112
0.00231144
0.00221391
0.00202058
0.00149558
0.00122756
0.00143951
0.00208905
0.00208905
0.00177499
0.00149183
0.00165829
0.00209916
0.00255135
0.00280301
0.00280301
0.00277418
0.00286157
0.00286157
0.00257198
0.00206563
0.00146456
0.00121229
0.00143950
0.00143950
0.00122117
0.00133125
0.00168297
0.00168297
0.00148904
0.00148088
0.00208364
0.00208364
0.00199038
0.00222710
0.00222710
0.00204460
0.00204460
0.00157451
0.00177671
0.00194883
0.00194883
0.00185475
0.00155079
0.00153940
0.00151974
0.00179116
0.00179116
0.00147183
0.00135672
0.00137582
0.00137582
0.00119042
0.00105127
0.00078374
0.00061513
0.00061513
0.00054277
0.00064716
0.00111903
0.00111903
0.00106390
0.00105182
0.00105182
0.00097099
0.00097099
0.00115168
0.00126800
0.00126800
0.00091886
0.00068620
0.00078702
0.00078702
0.00092936
0.00092936
0.00114442
0.00124902
0.00124902
0.00115862
0.00115862
0.00142422
0.00192174
0.00246387
0.00246387
0.00223531
0.00223531
0.00193779
0.00160965
0.00137474
0.00169236
0.00169236
0.00122327
0.00130700
0.00188848
0.00208852
0.00208852
0.00201003
0.00230609
0.00230609
0.00185498
0.00189997
0.00250905
0.00250905
0.00194944
0.00203560
0.00203560
0.00129485
0.00136698
0.00189613
0.00189613
0.00178835
0.00178835
0.00168899
0.00164624
0.00164624
0.00141341
0.00188023
0.00188023
0.00149690
0.00158301
0.00174481
0.00174481
0.00121120
0.00133519
0.00133519
0.00104774
0.00157231
0.00163427
0.00163427
0.00149714
0.00119794
0.00152874
0.00152874
0.00163593
0.00163593
0.00137556
0.00165733
0.00171551
0.00171551
0.00158797
0.00145641
0.00178842
0.00178842
0.00127765
0.00111557
0.00119683
0.00172623
0.00222387
0.00226026
0.00226026
0.00169852
0.00136636
0.00182748
0.00182748
0.00172698
0.00248359
0.00248359
0.00238126
0.00176955
0.00167304
0.00167304
0.00134877
0.00163706
0.00173271
0.00173271
0.00150964
0.00151314
0.00151314
0.00167605
0.00231990
0.00292157
0.00301778
0.00301778
0.00270516
0.00254914
0.00269951
0.00269951
0.00246133
0.00200204
0.00219160
0.00219160
0.00205837
0.00151413
0.00167093
0.00201876
0.00201876
0.00129793
0.00107828
0.00123403
0.00162927
0.00162927
0.00113259
0.00144221
0.00194464
0.00226982
0.00276192
0.00276192
0.00242079
0.00184681
0.00140850
0.00127093
0.00127093
0.00136451
0.00169590
0.00169590
0.00109524
0.00131574
0.00189294
0.00192808
0.00192808
0.00148771
0.00107246
0.00139899
0.00160007
0.00166055
0.00166055
0.00133091
0.00117046
0.00139958
0.00207296
0.00269164
0.00269164
0.00216522
0.00208200
0.00208200
0.00159380
0.00138870
0.00113444
0.00150586
0.00213731
0.00236772
0.00236772
0.00185395
0.00157921
0.00157921
0.00151408
0.00128928
0.00159359
0.00159359
0.00163477
0.00163477
0.00142875
0.00142875
0.00142399
0.00117367
0.00155913
0.00192820
0.00192820
0.00167247
0.00135580
0.00173458
0.00191910
0.00233799
0.00245110
0.00245110
0.00207112
0.00161058
0.00112425
0.00098104
0.00130058
0.00139169
0.00139169
0.00126089
0.00118539
0.00118539
0.00150502
0.00161111
0.00161111
0.00120007
0.00120007
0.00113703
0.00081933
0.00070539
0.00090268
0.00134674
0.00185258
0.00241194
0.00299074
0.00299074
0.00281268
0.00234367
0.00181937
0.00141963
0.00168691
0.00168691
0.00156000
0.00138257
0.00149629
0.00199399
0.00199399
0.00157574
0.00147588
0.00159488
0.00159488
0.00156927
0.00156927
0.00142142
0.00150469
0.00161450
0.00161450
0.00139058
0.00139058
0.00143214
0.00166838
0.00166838
0.00155298
0.00164258
0.00189206
0.00234662
0.00264007
0.00264007
0.00222527
0.00226720
0.00226720
0.00212128
0.00172581
0.00238917
0.00238917
0.00185575
0.00183211
0.00208270
0.00238174
0.00238174
0.00188991
0.00196325
0.00196325
0.00215552
0.00250210
0.00322779
0.00322779
0.00294673
0.00228632
0.00162650
0.00153162
0.00224236
0.00224236
0.00192874
0.00226730
0.00226730
0.00227080
0.00282691
0.00282691
0.00214237
0.00153495
0.00122274
0.00116122
0.00112235
0.00129652
0.00187895
0.00275137
0.00347521
0.00387524
0.00387524
0.00314664
0.00226412
0.00218688
0.00218688
0.00157294
0.00135888
0.00183389
0.00187557
0.00237572
0.00237572
0.00212542
0.00157755
0.00185609
0.00185609
0.00166481
0.00178173
0.00197650
0.00253916
0.00253916
0.00220288
0.00268497
0.00342928
0.00342928
0.00324538
0.00273629
0.00200999
0.00186514
0.00156588
0.00154140
0.00199687
0.00210075
0.00210075
0.00163329
0.00171220
0.00171220
0.00159056
0.00128102
0.00178351
0.00192344
0.00273603
0.00273603
0.00267672
0.00198357
0.00214214
0.00290291
0.00290291
0.00292534
0.00297974
0.00297974
0.00218674
0.00290647
0.00290647
0.00172251
0.00211739
0.00299801
0.00299801
0.00250096
0.00202035
0.00199344
0.00236278
0.00236278
0.00227649
0.00196267
0.00127131
0.00064200
