0.00009011
0.00039226
0.00069216
0.00069216
0.00088383
0.00142698
0.00142698
0.00070428
0.00064185
0.00050479
0.00050443
0.00050443
0.00044903
0.00054237
0.00054237
0.00057274
0.00057274
0.00037466
0.00059184
0.00100441
0.00100441
0.00101724
0.00101724
0.00076539
0.00076539
0.00051580
0.00077666
0.00081362
0.00081362
0.00057066
0.00057066
0.00086447
0.00086447
0.00062115
0.00099526
0.00099526
0.00096092
0.00124978
0.00124978
0.00105964
0.00105964
0.00053547
0.00074721
0.00074721
0.00078908
0.00078908
0.00044700
0.00053974
0.00056649
0.00056649
0.00071592
0.00071592
0.00070418
0.00070418
0.00081307
0.00081307
0.00069017
0.00087586
0.00087586
0.00074884
0.00061733
0.00042683
0.00086798
0.00109969
0.00109969
0.00086632
0.00034706
0.00040991
0.00078889
0.00078889
0.00058793
0.00057674
0.00058773
0.00061917
0.00074080
0.00074080
0.00051620
0.00043343
0.00037946
0.00061938
0.00092920
0.00102465
0.00102465
0.00055557
0.00049059
0.00055238
0.00071885
0.00071885
0.00057399
0.00020202
0.00076201
0.00076201
0.00024400
0.00084132
0.00084132
0.00103645
0.00103645
0.00081287
0.00023931
0.00048173
0.00048173
0.00033827
0.00070181
0.00103000
0.00103000
0.00073373
0.00073373
0.00064847
0.00033140
0.00065690
0.00065690
0.00050997
0.00067177
0.00067177
0.00045050
0.00043321
0.00058435
0.00065079
0.00065079
0.00068194
0.00068194
0.00061860
0.00046418
0.00058694
0.00058694
0.00048716
0.00070619
0.00070619
0.00062045
0.00066366
0.00096399
0.00096399
0.00067353
0.00050800
0.00064220
0.00064220
0.00034608
0.00034345
0.00071951
0.00071951
0.00044709
0.00044709
0.00024189
0.00019962
0.00032709
0.00047527
0.00047753
0.00047753
0.00043441
0.00072284
0.00090629
0.00090629
0.00066805
0.00066805
0.00034264
0.00042459
0.00042459
0.00030730
0.00045629
0.00064944
0.00085266
0.00085266
0.00024117
0.00030310
0.00058204
0.00076868
0.00088595
0.00088595
0.00034299
0.00033359
0.00033359
0.00037495
0.00044952
0.00044952
0.00041520
0.00067962
0.00067962
0.00055289
0.00037616
0.00037616
0.00033931
0.00000000
0.00000000
0.00000000
0.00021274
0.00057138
0.00025648
0.00050430
0.00000000
0.00000000
0.00000000
0.00028078
0.00028078
0.00057247
0.00057247
0.00039505
0.00024342
0.00057138
0.00003279
0.00037778
0.00071347
0.00071347
0.00045803
0.00045803
0.00029172
0.00039314
0.00039314
0.00044989
0.00069774
0.00069774
0.00055452
0.00026522
0.00045539
0.00045679
0.00045679
0.00069811
0.00069811
0.00033936
0.00034473
0.00062127
0.00062127
0.00057691
0.00057691
0.00050599
0.00042138
0.00042138
0.00031781
0.00031781
0.00029071
0.00039821
0.00045254
0.00095567
0.00095567
0.00051570
0.00038729
0.00067678
0.00079930
0.00079930
0.00057597
0.00049440
0.00066818
0.00066818
0.00047889
0.00036736
0.00043855
0.00043855
0.00050686
0.00050686
0.00038586
0.00035149
0.00049150
0.00049150
0.00030110
0.00030110
0.00058478
0.00058478
0.00044968
0.00044635
0.00044635
0.00039191
0.00008469
0.00065934
0.00065934
0.00052548
0.00036685
0.00036827
0.00036827
0.00032466
0.00058247
0.00058247
0.00039918
0.00029452
0.00029452
0.00264966
0.00264966
0.00018275
0.00048922
0.00048922
0.00052651
0.00052651
0.00030143
0.00030143
0.00021532
0.00000000
0.00000000
0.00000000
0.00000000
0.00075403
0.00000000
0.00000000
0.00014738
0.00047297
0.00047297
0.00028664
0.00034322
0.00032594
0.00030966
0.00037176
0.00049592
0.00049592
0.00039398
0.00026511
0.00030393
0.00030549
0.00071362
0.00071362
0.00030418
0.00060704
0.00060704
0.00046844
0.00046303
0.00030888
0.00033441
0.00034322
0.00029211
0.00037666
0.00039610
0.00048510
0.00048510
0.00026890
0.00052415
0.00052415
0.00042852
0.00040388
0.00040388
0.00022937
0.00024118
0.00025969
0.00038526
0.00038526
0.00046634
0.00101161
0.00101161
0.00081431
0.00056738
0.00056738
0.00030182
0.00044337
0.00044337
0.00033071
0.00033071
0.00054332
0.00054332
0.00017205
0.00024045
0.00049875
0.00049875
0.00050139
0.00050139
0.00046318
0.00044019
0.00053781
0.00053781
0.00037866
0.00028793
0.00024218
0.00043902
0.00043902
0.00045465
0.00045465
0.00054428
0.00087612
0.00087612
0.00041110
0.00041110
0.00036074
0.00036074
0.00028887
0.00051340
0.00078733
0.00078733
0.00057787
0.00085458
0.00085458
0.00064779
0.00059866
0.00054213
0.00045628
0.00041152
0.00054975
0.00060184
0.00060184
0.00043283
0.00048726
0.00068903
0.00068903
0.00075394
0.00075394
0.00023820
0.00040316
0.00041327
0.00041327
0.00045897
0.00045897
0.00056744
0.00056744
0.00040225
0.00027861
0.00023188
0.00045039
0.00054567
0.00054567
0.00047366
0.00041525
0.00041525
0.00031859
0.00000000
0.00030993
0.00015446
0.00039367
0.00040947
0.00043755
0.00060063
0.00060063
0.00029556
0.00018813
0.00045124
0.00045287
0.00045287
0.00042092
0.00042358
0.00073515
0.00073515
0.00062983
0.00064316
0.00064316
0.00045906
0.00043455
0.00072179
0.00072179
0.00050371
0.00032620
0.00070063
0.00070063
0.00060401
0.00058483
0.00039989
0.00084664
0.00084664
0.00101211
0.00102499
0.00102499
0.00075110
0.00057251
0.00057251
0.00056519
0.00059753
0.00059753
0.00036969
0.00038924
0.00038924
0.00066746
0.00066746
0.00091385
0.00097676
0.00097676
0.00053741
0.00055828
0.00055828
0.00043705
0.00058773
0.00071515
0.00071515
0.00033194
0.00028248
0.00057935
0.00057935
0.00034635
0.00053280
0.00053280
0.00035317
0.00059156
0.00059156
0.00044091
0.00046146
0.00046146
0.00043205
0.00020757
0.00036258
0.00036258
0.00051702
0.00051702
0.00030150
0.00039300
0.00039300
0.00022608
0.00031848
0.00065292
0.00065292
0.00047177
0.00025283
0.00028791
0.00029430
0.00029930
0.00034505
0.00034505
0.00040575
0.00040575
0.00040477
0.00032254
0.00066470
0.00066941
0.00066941
0.00036111
0.00054037
0.00054037
0.00048347
0.00048347
0.00028717
0.00028717
0.00027162
0.00026098
0.00016431
0.00037053
0.00052770
0.00083120
0.00083120
0.00080971
0.00046245
0.00038836
0.00038836
0.00024458
0.00074380
0.00074380
0.00041687
0.00041687
0.00018052
0.00036611
0.00036611
0.00029060
0.00055544
0.00067643
0.00067643
0.00043651
0.00028432
0.00058290
0.00058290
0.00029171
0.00025710
0.00039771
0.00043980
0.00043980
0.00027019
0.00029845
0.00029845
0.00027022
0.00032565
0.00032565
0.00030417
0.00021754
0.00041555
0.00044510
0.00044510
0.00025462
0.00025462
0.00039082
0.00039082
0.00045635
0.00048322
0.00048322
0.00029630
0.00047802
0.00047802
0.00022568
0.00040197
0.00040197
0.00017267
0.00031020
0.00031020
0.00026081
0.00021235
0.00020316
0.00040557
0.00040557
0.00026595
0.00026595
0.00022914
0.00027464
0.00044444
0.00044444
0.00043532
0.00043532
0.00023910
0.00023910
0.00043816
0.00043816
0.00049982
0.00049982
0.00024668
0.00023093
0.00036678
0.00036678
0.00028118
0.00020833
0.00024971
0.00036233
0.00036233
0.00035427
0.00035427
0.00027349
0.00022442
0.00029013
0.00029013
0.00025757
0.00019747
0.00003215
0.00000000
0.00022442
0.00017902
0.00031587
0.00052031
0.00052031
0.00050538
0.00042880
0.00025159
0.00013441
0.00013098
0.00036747
0.00070223
0.00079512
0.00079512
0.00053138
0.00042963
0.00031581
0.00032300
0.00032300
0.00027356
0.00048869
0.00048869
0.00009986
0.00005422
0.00017858
0.00017858
0.00025852
0.00036927
0.00036927
0.00039398
0.00039398
0.00029338
0.00022368
0.00030523
0.00053183
0.00053183
0.00043462
0.00026340
0.00043846
0.00043846
0.00043547
0.00051030
0.00051030
0.00039607
0.00022151
0.00047332
0.00047332
0.00031166
0.00036684
0.00041917
0.00041917
0.00044283
0.00059061
0.00059061
0.00050359
0.00025138
0.00017263
0.00022695
0.00030647
0.00040152
0.00040152
0.00026333
0.00026333
0.00032358
0.00050758
0.00050758
0.00026080
0.00014540
0.00000000
0.00000000
0.00000000
0.00020220
0.00075534
0.00000000
0.00000000
0.00000000
0.00000000
0.00006808
0.00020893
0.00020893
0.00004575
0.00000000
0.00000000
0.00075534
0.00060516
0.00020632
0.00023019
0.00023019
0.00017176
0.00018241
0.00023645
0.00023645
0.00046756
0.00046756
0.00030517
0.00021647
0.00022762
0.00037226
0.00037226
0.00026700
0.00024702
0.00024702
0.00021629
0.00012815
0.00016922
0.00024704
0.00032225
0.00042238
0.00042238
0.00028458
0.00019533
0.00020179
0.00020179
0.00019637
0.00000000
0.00022750
0.00022750
0.00026908
0.00026908
0.00005242
0.00015513
0.00026660
0.00026660
0.00012885
0.00011617
0.00017822
0.00029826
0.00029826
0.00018053
0.00007078
0.00016474
0.00016474
0.00013207
0.00013207
0.00011985
0.00015686
0.00018230
0.00031138
0.00031138
0.00008074
0.00008092
0.00008092
0.00023985
0.00023985
0.00024608
0.00024608
0.00023418
0.00013273
0.00009619
0.00007196
0.00005711
0.00021977
0.00021977
0.00025136
0.00029722
0.00029722
0.00010935
0.00010935
0.00009093
0.00021669
0.00021669
0.00018917
0.00018917
0.00018750
0.00018750
0.00014532
0.00027209
0.00027209
0.00023196
0.00009296
0.00025165
0.00025165
0.00021047
0.00025145
0.00025145
0.00036878
0.00036878
0.00020807
0.00020807
0.00027740
0.00043346
0.00043346
0.00040535
0.00024401
0.00015196
0.00015196
0.00037643
0.00037643
0.00034877
0.00030899
0.00020310
0.00016424
0.00021381
0.00021381
0.00019425
0.00012131
0.00011964
0.00013219
0.00019819
0.00019819
0.00010776
0.00020337
0.00021690
0.00022522
0.00022522
0.00013991
0.00018609
0.00018844
0.00021259
0.00032120
0.00032120
0.00030045
0.00030045
0.00027198
0.00037288
0.00037288
0.00021085
0.00012789
0.00027566
0.00033527
0.00033527
0.00024883
0.00030980
0.00030980
0.00017364
0.00012394
0.00012094
0.00014024
0.00030120
0.00030120
0.00024835
0.00019946
0.00018127
0.00033022
0.00074024
0.00091703
0.00091703
0.00071979
0.00050419
0.00041934
0.00022141
0.00022728
0.00022728
0.00012314
0.00018887
0.00024528
0.00024528
0.00041527
0.00049327
0.00049327
0.00025155
0.00018448
0.00024346
0.00024346
0.00016207
0.00014056
0.00020193
0.00020193
0.00026092
0.00026092
0.00027218
0.00036390
0.00036390
0.00027863
0.00034203
0.00034203
0.00031242
0.00030720
0.00033609
0.00033609
0.00019192
0.00034220
0.00034220
0.00023856
0.00019758
0.00019758
0.00015675
0.00019327
0.00028586
0.00028586
0.00027091
0.00015617
0.00013239
0.00015993
0.00017386
0.00023340
0.00041832
0.00041832
0.00020813
0.00020813
0.00021307
0.00021307
0.00023386
0.00028607
0.00039722
0.00039722
0.00030820
0.00024523
0.00023734
0.00013027
0.00012628
0.00016057
0.00017833
0.00018960
0.00023443
0.00041456
0.00041456
0.00025887
0.00021926
0.00024544
0.00034149
0.00034149
0.00022390
0.00019187
0.00019187
0.00013251
0.00014568
0.00020876
0.00020876
0.00019928
0.00019928
0.00016963
0.00026580
0.00036795
0.00036795
0.00020876
0.00018555
0.00007737
0.00018347
0.00029006
0.00029006
0.00021478
0.00017151
0.00020071
0.00020071
0.00018690
0.00018690
0.00005677
0.00014822
0.00014822
0.00013685
0.00013685
0.00013612
0.00021927
0.00025196
0.00025196
0.00019020
0.00014793
0.00016201
0.00020289
0.00025700
0.00033135
0.00033135
0.00017818
0.00020436
0.00020436
0.00024164
0.00031199
0.00031199
0.00030817
0.00017354
0.00018034
0.00018034
0.00006587
0.00018144
0.00018144
0.00018454
0.00024980
0.00032739
0.00032739
0.00017735
0.00012221
0.00026906
0.00038576
0.00038576
0.00027891
0.00029702
0.00024330
0.00034290
0.00034290
0.00017049
0.00019260
0.00020835
0.00020835
0.00020274
0.00020862
0.00020862
0.00019913
0.00021386
0.00021386
0.00043456
0.00043456
0.00027829
