0.00044519
0.00044519
0.00063374
0.00063374
0.00060991
0.00017903
0.00046459
0.00046459
0.00035978
0.00006093
0.00022134
0.00024465
0.00024465
0.00036659
0.00036659
0.00039097
0.00039097
0.00033004
0.00036216
0.00036216
0.00044674
0.00044674
0.00012562
0.00021084
0.00034477
0.00034477
0.00027415
0.00019944
0.00027004
0.00030737
0.00030737
0.00050623
0.00050623
0.00039641
0.00040641
0.00040641
0.00019796
0.00019796
0.00027275
0.00048848
0.00048848
0.00027240
0.00028217
0.00039779
0.00039779
0.00035541
0.00052233
0.00052233
0.00023897
0.00019226
0.00019801
0.00019801
0.00022025
0.00022025
0.00025718
0.00047996
0.00047996
0.00047076
0.00041737
0.00057778
0.00057778
0.00038640
0.00008033
0.00033801
0.00049220
0.00049220
0.00032556
0.00048299
0.00048299
0.00048106
0.00034077
0.00021675
0.00036973
0.00067711
0.00067711
0.00044937
0.00013869
0.00025668
0.00035546
0.00035546
0.00039037
0.00039037
0.00030016
0.00020775
0.00043341
0.00043341
0.00022427
0.00022427
0.00038204
0.00038204
0.00036725
0.00050255
0.00050255
0.00034369
0.00024607
0.00028021
0.00028021
0.00051857
0.00051857
0.00037692
0.00042099
0.00042099
0.00038428
0.00039724
0.00039724
0.00003192
0.00020839
0.00069669
0.00069669
0.00051754
0.00021787
0.00026008
0.00044068
0.00067468
0.00067468
0.00046459
0.00039151
0.00052896
0.00052896
0.00044218
0.00044218
0.00033735
0.00033735
0.00039196
0.00039196
0.00048375
0.00074690
0.00074690
0.00038719
0.00006454
0.00081988
0.00200145
0.00168257
0.00000000
0.00000000
0.00000000
0.00000000
0.00000533
0.00032461
0.00032461
0.00020377
0.00020377
0.00000401
0.00000000
0.00000000
0.00000000
0.00168257
0.00200145
0.00081988
0.00000000
0.00000000
0.00000000
0.00021104
0.00029910
0.00029910
0.00045104
0.00049060
0.00052897
0.00052897
0.00035717
0.00032676
0.00032676
0.00029806
0.00044957
0.00044957
0.00023865
0.00033618
0.00046654
0.00065006
0.00065006
0.00064536
0.00064536
0.00038523
0.00033707
0.00044218
0.00044218
0.00036588
0.00048448
0.00048448
0.00025412
0.00032845
0.00032845
0.00032476
0.00016588
0.00044501
0.00076326
0.00076326
0.00076251
0.00054228
0.00042482
0.00059826
0.00059826
0.00035295
0.00035295
0.00062752
0.00062752
0.00033076
0.00036522
0.00036522
0.00025363
0.00025363
0.00013065
0.00025371
0.00041299
0.00041299
0.00060288
0.00060288
0.00050259
0.00050259
0.00029733
0.00022238
0.00041510
0.00041510
0.00046020
0.00046020
0.00035743
0.00035743
0.00041045
0.00041045
0.00024547
0.00021454
0.00043247
0.00043247
0.00039489
0.00039489
0.00048501
0.00048501
0.00042651
0.00029520
0.00029520
0.00029216
0.00030222
0.00030222
0.00027709
0.00030986
0.00030986
0.00048836
0.00062210
0.00062210
0.00053601
0.00049899
0.00027002
0.00027002
0.00056484
0.00056484
0.00053096
0.00034301
0.00034301
0.00028200
0.00024497
0.00036173
0.00038707
0.00038707
0.00024054
0.00024054
0.00037680
0.00037680
0.00022460
0.00030016
0.00040168
0.00040168
0.00037306
0.00037306
0.00033836
0.00033836
0.00044705
0.00044705
0.00033658
0.00050344
0.00050344
0.00043404
0.00032887
0.00032887
0.00026137
0.00033421
0.00035062
0.00035062
0.00035213
0.00039955
0.00039955
0.00037636
0.00040406
0.00045756
0.00045756
0.00044388
0.00044388
0.00019614
0.00016381
0.00041745
0.00068289
0.00068289
0.00037163
0.00031284
0.00031284
0.00037745
0.00041493
0.00041493
0.00012415
0.00023612
0.00048584
0.00048584
0.00030523
0.00030517
0.00036208
0.00036208
0.00024461
0.00027895
0.00027895
0.00022977
0.00023851
0.00045695
0.00060651
0.00060651
0.00046624
0.00024361
0.00022155
0.00022155
0.00028149
0.00028149
0.00027061
0.00042121
0.00044508
0.00044508
0.00014238
0.00023444
0.00023444
0.00026063
0.00026063
0.00044896
0.00066736
0.00066736
0.00039974
0.00019777
0.00019777
0.00041056
0.00041056
0.00039308
0.00039308
0.00025978
0.00028560
0.00028560
0.00028251
0.00039883
0.00039883
0.00019246
0.00042574
0.00042574
0.00037846
0.00025555
0.00025555
0.00041207
0.00042588
0.00042588
0.00044101
0.00062374
0.00062374
0.00038062
0.00029881
0.00030844
0.00040125
0.00048711
0.00048711
0.00023452
0.00030030
0.00032914
0.00032914
0.00044205
0.00044205
0.00042315
0.00043770
0.00043770
0.00023241
0.00024385
0.00042495
0.00042495
0.00031437
0.00056714
0.00062721
0.00062721
0.00040846
0.00040846
0.00024498
0.00025534
0.00034532
0.00034532
0.00041546
0.00041546
0.00035010
0.00013843
0.00000000
0.00046144
0.00000000
0.00000000
0.00000000
0.00046144
0.00000000
0.00015563
0.00015563
0.00020268
0.00041839
0.00030447
0.00045373
0.00045373
0.00044606
0.00046940
0.00046940
0.00025795
0.00025795
0.00023202
0.00023202
0.00022919
0.00023551
0.00040570
0.00076106
0.00076106
0.00058978
0.00042053
0.00031390
0.00031390
0.00020921
0.00047116
0.00047116
0.00043363
0.00043363
0.00032539
0.00031844
0.00047957
0.00047957
0.00035218
0.00035218
0.00020981
0.00028586
0.00038724
0.00044434
0.00044434
0.00033889
0.00042626
0.00044336
0.00044336
0.00026011
0.00030271
0.00037628
0.00037628
0.00041654
0.00047079
0.00047079
0.00040897
0.00042460
0.00042460
0.00030823
0.00035938
0.00035938
0.00018540
0.00018540
0.00013870
0.00021399
0.00021399
0.00027385
0.00027385
0.00035867
0.00035867
0.00029903
0.00167777
0.00167777
0.00049743
0.00020296
0.00020296
0.00019046
0.00039115
0.00039115
0.00011145
0.00022832
0.00022832
0.00029038
0.00029038
0.00022967
0.00022967
0.00037370
0.00014841
0.00020381
0.00027909
0.00036328
0.00040047
0.00040047
0.00028318
0.00025136
0.00025136
0.00019258
0.00019258
0.00030170
0.00035937
0.00035937
0.00025845
0.00012018
0.00021525
0.00034964
0.00034964
0.00026337
0.00016716
0.00023150
0.00023150
0.00017332
0.00019829
0.00019829
0.00022707
0.00022707
0.00016687
0.00024899
0.00034792
0.00040634
0.00040634
0.00031435
0.00030711
0.00030711
0.00024803
0.00012449
0.00016544
0.00016544
0.00016420
0.00016420
0.00015104
0.00015104
0.00011460
0.00011460
0.00012585
0.00014067
0.00014067
0.00018609
0.00018609
0.00012265
0.00014938
0.00016375
0.00016375
0.00020786
0.00020786
0.00015379
0.00015379
0.00006249
0.00008569
0.00009665
0.00011635
0.00016929
0.00016929
0.00019453
0.00021179
0.00021179
0.00019206
0.00023140
0.00023140
0.00017025
0.00020925
0.00020925
0.00007140
0.00025361
0.00032835
0.00034443
0.00042688
0.00042688
0.00021392
0.00019792
0.00027224
0.00027224
0.00019966
0.00014210
0.00014345
0.00014345
0.00013069
0.00013069
0.00022430
0.00050137
0.00050137
0.00033230
0.00016734
0.00031928
0.00031928
0.00025103
0.00021404
0.00032075
0.00039608
0.00039608
0.00036645
0.00033747
0.00033747
0.00031094
0.00031094
0.00023339
0.00018494
0.00017099
0.00018182
0.00024926
0.00024926
0.00022923
0.00023949
0.00023949
0.00032777
0.00032777
0.00015022
0.00028886
0.00041831
0.00041831
0.00036981
0.00051855
0.00051855
0.00043027
0.00043027
0.00021692
0.00031215
0.00053240
0.00053240
0.00022696
0.00032502
0.00032502
0.00037255
0.00049071
0.00049071
0.00032062
0.00036316
0.00036316
0.00036936
0.00036936
0.00024937
0.00022736
0.00025616
0.00037865
0.00037865
0.00022608
0.00017610
0.00019083
0.00019083
0.00017373
0.00015961
0.00014910
0.00025201
0.00038697
0.00038697
0.00036100
0.00036100
0.00025589
0.00022662
0.00018864
0.00035931
0.00035931
0.00018969
0.00021068
0.00021068
0.00013331
0.00024413
0.00024413
0.00035074
0.00035074
0.00032858
0.00017506
0.00032468
0.00032468
0.00024407
0.00030197
0.00032474
0.00032474
0.00025044
0.00025321
0.00025321
0.00033620
0.00048647
0.00048647
0.00045641
0.00045641
0.00043086
0.00018310
0.00028155
0.00028155
0.00035618
0.00035618
0.00021933
0.00021933
0.00022150
0.00030405
0.00040019
0.00040019
0.00023963
0.00022555
0.00030175
0.00030175
0.00019706
0.00027554
0.00027554
0.00025942
0.00019426
0.00018899
0.00028735
0.00033330
0.00033330
0.00022152
0.00018966
0.00017436
0.00023142
0.00023142
0.00019933
0.00013756
0.00013756
0.00017828
0.00023837
0.00023837
0.00025723
0.00025723
0.00022287
0.00022287
0.00019895
0.00025490
0.00053171
0.00053171
0.00047975
0.00030250
0.00028392
0.00029804
0.00029804
0.00017829
0.00012998
0.00014212
0.00014212
0.00012188
0.00013433
0.00013433
0.00018279
0.00028392
0.00028392
0.00026718
0.00026718
0.00014875
0.00014082
0.00035239
0.00035239
0.00030051
0.00025158
0.00015361
0.00019378
0.00019378
0.00008482
0.00017841
0.00032901
0.00033501
0.00033501
0.00025371
0.00025371
0.00016485
0.00016485
0.00019180
0.00019180
0.00015612
0.00008614
0.00008614
0.00015162
0.00025753
0.00026071
0.00026071
0.00020267
0.00023677
0.00023677
0.00009139
0.00009558
0.00014288
0.00022965
0.00022965
0.00019433
0.00019433
0.00023930
0.00023930
0.00014426
0.00014426
0.00013450
0.00021079
0.00023142
0.00023142
0.00012785
0.00014526
0.00014526
0.00016637
0.00019529
0.00019529
0.00013316
0.00008112
0.00006249
0.00018164
0.00026038
0.00026038
0.00017549
0.00017896
0.00017896
0.00007516
0.00004804
0.00012206
0.00012206
0.00021010
0.00021010
0.00020844
0.00020011
0.00020011
0.00011976
0.00011976
0.00014412
0.00014412
0.00013210
0.00007945
0.00002332
0.00016154
0.00016154
0.00015363
0.00018234
0.00018234
0.00017767
0.00021808
0.00021808
0.00007112
0.00007112
0.00019866
0.00019866
0.00025446
0.00025446
0.00019447
0.00016891
0.00023131
0.00023131
0.00022989
0.00022989
0.00018041
0.00014144
0.00005097
0.00014087
0.00014087
0.00013823
0.00012239
0.00030072
0.00030072
0.00028513
0.00017060
0.00017060
0.00011902
0.00020427
0.00020427
0.00014633
0.00013822
0.00016065
0.00024744
0.00024744
0.00024228
0.00012158
0.00015805
0.00016460
0.00016460
0.00013191
0.00015810
0.00015810
0.00018800
0.00018800
0.00023306
0.00023306
0.00021967
0.00005738
0.00019838
0.00021634
0.00021634
0.00012254
0.00015859
0.00015859
0.00005134
0.00013660
0.00013660
0.00028838
0.00031067
0.00031067
0.00018707
0.00028004
0.00028004
0.00019045
0.00027409
0.00049939
0.00049939
0.00031677
0.00034626
0.00034626
0.00022822
0.00026204
0.00026204
0.00018861
0.00022710
0.00022710
0.00025641
0.00028194
0.00028194
0.00012252
0.00013946
0.00013946
0.00016026
0.00016026
0.00027850
0.00027850
0.00024775
0.00024944
0.00024944
0.00017248
0.00016935
0.00023643
0.00033430
0.00033430
0.00023260
0.00023260
0.00015763
0.00015763
0.00022672
0.00031990
0.00031990
0.00016394
0.00021516
0.00021516
0.00003880
0.00018057
0.00002496
0.00000000
0.00003103
0.00003376
0.00003376
0.00002435
0.00017650
0.00018057
0.00000000
0.00000000
0.00009011
0.00018444
0.00018444
0.00013911
0.00014327
0.00014327
0.00007329
0.00007329
0.00007217
0.00014251
0.00016794
0.00023283
0.00023283
0.00014105
0.00014105
0.00008619
0.00013783
0.00013783
0.00011595
0.00006105
0.00010166
0.00010166
0.00009561
0.00014047
0.00014047
0.00003893
0.00018259
0.00000000
0.00005609
0.00010311
0.00010311
0.00012243
0.00012243
0.00016547
0.00016547
0.00018259
0.00013002
0.00000000
0.00006218
0.00010862
0.00024486
0.00024486
0.00021437
0.00021437
0.00023785
0.00034550
0.00034550
0.00019129
0.00015181
0.00025865
0.00045675
0.00045675
0.00045334
0.00034527
0.00021532
0.00010266
0.00016951
0.00016951
0.00016979
0.00012187
0.00010332
0.00016359
0.00028753
0.00028753
0.00020485
0.00016294
0.00016294
0.00021177
0.00021177
0.00029780
0.00030460
0.00030460
0.00016744
0.00012612
0.00012612
