0.00010370
0.00011464
0.00011464
0.00022804
0.00024700
0.00033746
0.00033746
0.00025781
0.00011750
0.00013832
0.00023197
0.00023197
0.00039903
0.00057015
0.00113994
0.00146605
0.00146605
0.00140769
0.00094368
0.00033350
0.00014606
0.00014030
0.00016550
0.00043706
0.00083444
0.00129500
0.00149470
0.00149470
0.00120106
0.00050191
0.00035770
0.00022536
0.00016388
0.00017364
0.00017364
0.00017287
0.00036243
0.00041823
0.00041823
0.00034360
0.00025421
0.00015030
0.00019759
0.00027685
0.00029233
0.00033689
0.00062229
0.00067053
0.00067053
0.00045729
0.00034029
0.00017039
0.00011690
0.00032898
0.00063132
0.00069663
0.00069663
0.00042747
0.00020316
0.00022149
0.00022149
0.00021920
0.00032816
0.00038410
0.00038410
0.00032526
0.00022277
0.00030849
0.00036241
0.00055016
0.00073662
0.00102518
0.00117446
0.00145725
0.00145725
0.00128865
0.00081337
0.00045285
0.00020144
0.00017055
0.00017055
0.00020357
0.00039248
0.00042715
0.00042715
0.00025275
0.00041822
0.00068925
0.00072154
0.00072154
0.00058843
0.00040480
0.00016825
0.00010735
0.00014094
0.00019944
0.00019944
0.00018605
0.00015213
0.00010540
