 0.30000	 18.88977242	 26.21281624	 17.58492661	 17.85033798	 25.80514336	 16.58324814	           0	           2
 0.30000	 17.83227348	 26.49680138	 16.00770187	 18.98864746	 27.22635078	 16.62465477	          -1	           3
 0.30000	 19.79401016	 27.56199265	 16.84601021	 20.99288750	 28.37318039	 17.23941803	          -2	           4
 0.30000	 20.53622437	 29.15056229	 17.25912285	 19.30467224	 28.30141258	 17.14908791	          -3	           5
 0.30000	 18.43684769	 28.53946304	 17.15821838	 18.25794411	 29.45877075	 18.32990265	          -4	           6
 0.30000	 17.60688782	 28.99969482	 18.74855995	 17.64373779	 27.70723152	 17.98824501	          -5	           7
 0.30000	 16.74764824	 27.71863365	 18.09629631	 15.70848560	 28.47369957	 18.87074089	          -6	           8
 0.30000	 15.30139542	 27.66580009	 18.88895798	 16.40175056	 26.88358688	 18.23499107	          -7	           9
 0.30000	 16.95826149	 26.87958717	 17.52739906	 17.23563385	 27.57581329	 16.22800446	          -8	          10
 0.30000	 17.37989044	 27.15141487	 15.44752598	 16.23131752	 26.18707085	 15.47740269	          -9	          11
 0.30000	 15.43526936	 25.76711655	 15.46748447	 14.43315697	 24.69021034	 15.17407322	         -10	          12
 0.30000	 14.35837555	 24.97750664	 14.32439709	 15.37162113	 26.04504967	 14.61375141	         -11	          13
 0.30000	 15.97456646	 26.69791412	 14.75620270	 17.00962639	 27.77542496	 14.88911438	         -12	          14
 0.30000	 16.90962601	 28.38111687	 15.54731274	 15.73547935	 29.22571182	 15.94484329	         -13	          15
 0.30000	 15.19878197	 28.50546837	 15.88383675	 16.40202522	 27.63049507	 15.69281101	         -14	          16
 0.30000	 15.80358791	 26.95517349	 15.72829533	 14.60106945	 27.82219696	 15.95695686	         -15	          17
 0.30000	 14.86705494	 28.27473068	 16.68795204	 15.16794872	 28.89707756	 18.01909065	         -16	          18
 0.30000	 14.28278351	 29.07823372	 18.02373505	 13.96807957	 28.41391373	 16.71617126	         -17	          19
 0.30000	 14.44933319	 29.00213051	 16.23402214	 15.20404911	 29.61651993	 17.37549782	         -18	          20
 0.30000	 14.72677422	 30.21148109	 17.85469818	 13.88757992	 30.40945625	 16.62728882	         -19	          21
 0.30000	 13.17803955	 30.37524605	 17.18231392	 13.98787403	 29.86803627	 18.33857346	         -20	          22
 0.30000	 13.33925438	 30.15693474	 18.89260483	 12.71069527	 30.94204330	 17.77972031	         -21	          23
 0.30000	 12.28314590	 30.26021767	 17.37689400	 12.94806480	 29.24430466	 18.25768661	         -22	          24
 0.30000	 13.36998940	 28.45652390	 18.36496162	 14.11740875	 27.21293259	 17.98429298	         -23	          25
 0.30000	 14.91366196	 27.06045914	 17.59347153	 15.84851646	 28.12516594	 17.10114098	         -24	          26
 0.30000	 16.47751045	 28.68113136	 16.77684784	 17.75720596	 27.95600891	 17.07107544	         -25	          27
 0.30000	 18.29976845	 27.86594009	 16.35858154	 19.37849426	 28.90768623	 16.32461929	         -26	          28
 0.30000	 19.28583336	 29.51184845	 16.98540306	 19.59434891	 29.19167900	 18.41802216	         -27	          29
 0.30000	 19.83888054	 28.86317253	 19.21962929	 19.97518349	 28.79595947	 20.71195984	         -28	          30
 0.30000	 19.58666611	 28.76408768	 21.52330589	 18.26944351	 28.75380516	 22.24089241	         -29	          31
 0.30000	 17.52979851	 28.60679245	 22.73228455	 16.52735138	 28.30023384	 23.80518723	         -30	          32
 0.30000	 16.01444054	 27.75310707	 23.30774117	 15.27611065	 27.49576950	 22.02772141	         -31	          33
 0.30000	 14.58016872	 27.31716347	 22.57508087	 15.33802414	 27.47557449	 23.85989761	         -32	          34
 0.30000	 15.36424351	 28.37705612	 23.86081314	 14.91333675	 28.27306747	 22.43400383	         -33	          35
 0.30000	 14.60635376	 29.01958084	 22.03601456	 14.79718876	 30.33939171	 22.72278023	         -34	          36
 0.30000	 14.22557545	 30.76436234	 23.27303696	 12.89665222	 30.34758949	 23.83009338	         -35	          37
 0.30000	 12.57268906	 29.61856842	 24.24684143	 13.14017963	 28.25597191	 24.51401711	         -36	          38
 0.30000	 13.72796631	 27.59994888	 24.70001793	 14.14157581	 26.21050072	 24.31449699	         -37	          39
 0.30000	 13.56197834	 25.84643555	 23.71899223	 13.48070240	 27.27771378	 23.27834892	         -38	          40
 0.30000	 12.94696140	 27.35424042	 24.00466728	 13.22187805	 26.00078011	 24.59028053	         -39	          41
 0.30000	 13.90200329	 25.64974785	 25.06482506	 15.38191986	 25.88784599	 25.00691032	         -40	          42
 0.30000	 16.22055244	 25.93014336	 25.33126068	 17.12682152	 25.97198677	 26.52584076	         -41	          43
 0.30000	 17.64106941	 25.27914619	 26.78214073	 17.52183151	 23.99322701	 26.01910782	         -42	          44
 0.30000	 17.97269440	 23.29740715	 25.66874313	 19.07470894	 22.28882980	 25.53328514	         -43	          45
 0.30000	 19.30398560	 22.64090729	 24.73739815	 18.31648445	 23.76846886	 24.67876434	         -44	          46
 0.30000	 18.99341965	 24.30865669	 24.92750168	 19.89665031	 23.15386581	 25.24486923	         -45	          47
 0.30000	 20.27623558	 22.34003258	 25.30693436	 21.13244247	 21.16845703	 25.68692970	         -46	          48
 0.30000	 21.84368706	 21.34884644	 25.16580200	 21.19837761	 22.60009766	 24.64822388	         -47	          49
 0.30000	 20.65179443	 23.14336777	 24.18339920	 19.36437607	 23.69857407	 23.65022469	         -48	          50
 0.30000	 19.42536163	 24.44714737	 24.14758492	 20.72522926	 23.90329361	 24.66197586	         -49	          51
 0.30000	 21.16468239	 23.59259605	 25.38335037	 22.48752975	 23.52215195	 26.08698082	         -50	          52
 0.30000	 22.83197403	 23.07802010	 26.78988647	 22.33241844	 22.33076096	 27.99072266	         -51	          53
 0.30000	 21.52187538	 22.72182083	 27.99892998	 21.81076241	 23.54615402	 26.77953720	         -52	          54
 0.30000	 21.27283859	 24.07559013	 26.28961182	 19.85668945	 24.32402992	 25.86245728	         -53	          55
 0.30000	 20.26515579	 24.74468994	 25.17277908	 21.72120094	 24.39678383	 25.26905823	         -54	          56
 0.30000	 22.34197807	 23.79128456	 25.02692413	 23.36402130	 22.70086288	 25.15568161	         -55	          57
 0.30000	 23.73502922	 21.88150024	 25.19129372	 23.41503716	 20.48290253	 25.62899399	         -56	          58
 0.30000	 23.83337784	 19.87440109	 25.11437035	 24.77580261	 20.50883675	 24.13492203	         -57	          59
 0.30000	 24.54036331	 21.33853149	 23.87764931	 23.33425713	 22.19835663	 24.11446381	         -58	          60
 0.30000	 22.88741302	 22.88612366	 23.74360275	 22.01552773	 24.10456848	 23.67074776	         -59	          61
 0.30000	 21.28105545	 23.62729454	 23.45936012	 22.10457039	 22.40333366	 23.73091316	         -60	          62
 0.30000	 22.43381500	 22.36569405	 22.89408684	 22.32658005	 23.81991196	 22.54229736	         -61	          63
 0.30000	 22.93077850	 24.46401978	 22.36883545	 24.32761574	 24.96326637	 22.59152412	         -62	          64
 0.30000	 24.84131050	 24.29385948	 22.90473557	 24.16961098	 22.96180153	 23.06098175	         -63	          65
 0.30000	 23.85994720	 22.41353416	 22.41779900	 23.16470528	 21.09889030	 22.22171974	         -64	          66
 0.30000	 22.72947693	 21.12980652	 23.01097870	 23.46881294	 22.41606140	 23.23208809	         -65	          67
 0.30000	 24.29478836	 22.07324982	 23.12933922	 23.70738411	 20.72296715	 22.84374046	         -66	          68
 0.30000	 23.27947235	 20.05970001	 22.41151619	 23.24295235	 18.62533760	 21.97430038	         -67	          69
 0.30000	 23.50053787	 17.84736252	 21.60237312	 24.62167168	 17.03467941	 21.02565002	         -68	          70
 0.30000	 24.17414856	 16.25380898	 21.01400948	 22.81762695	 16.50699234	 21.60199738	         -69	          71
 0.30000	 22.79975319	 17.32046509	 21.21512985	 23.97123337	 16.91830254	 20.36899567	         -70	          72
 0.30000	 24.77663422	 16.52182007	 20.30251122	 25.78798294	 15.88896179	 19.39326286	         -71	          73
 0.30000	 25.97923660	 15.93027496	 18.51479721	 25.56502533	 16.85390091	 17.40786552	         -72	          74
 0.30000	 24.72181511	 16.92374039	 17.10113144	 23.59710503	 16.18058586	 17.75888443	         -73	          75
 0.30000	 23.02918625	 15.76308441	 18.31825447	 22.58364296	 15.16092110	 19.61769676	         -74	          76
 0.30000	 22.31957436	 14.56741142	 20.24011803	 21.75394630	 13.25623131	 20.69864082	         -75	          77
 0.30000	 22.62834358	 13.10431671	 20.88633919	 23.62352180	 14.20599365	 21.10126495	         -76	          78
 0.30000	 23.67865944	 13.95533466	 21.96421242	 22.64895821	 12.88407421	 21.75893402	         -77	          79
 0.30000	 21.79703712	 12.59798336	 21.69463539	 21.80135727	 12.51829720	 23.19249153	         -78	          80
 0.30000	 22.54201126	 12.76641750	 23.63954926	 23.59090424	 13.29543781	 22.70685577	         -79	          81
 0.30000	 23.99665070	 12.99077606	 21.96350098	 23.65026665	 11.99379539	 20.89764214	         -80	          82
 0.30000	 23.97944641	 11.69026184	 20.11682320	 24.87218666	 10.61947918	 19.56321716	         -81	          83
 0.30000	 24.14919090	 10.17364120	 19.26558495	 23.25497437	 11.22806454	 19.84746552	         -82	          84
 0.30000	 23.40072060	 11.14011860	 20.73123360	 24.72466087	 10.46392155	 20.53152657	         -83	          85
 0.30000	 25.47071838	 10.00073242	 20.33469391	 25.98810387	  8.60560608	 20.52409744	         -84	          86
 0.30000	 26.69906425	  8.10064316	 20.74654579	 28.12027931	  8.07703018	 21.22559357	         -85	          87
 0.30000	 28.95016289	  7.91016483	 21.53104782	 30.33097267	  7.45794249	 21.90360260	         -86	          88
 0.30000	 30.83824921	  7.41112852	 22.64547539	 30.66361809	  7.51813698	 24.13141823	         -87	          89
 0.30000	 30.74525833	  8.28230667	 24.59977913	 30.87596130	  9.69086647	 24.10089493	         -88	          90
 0.30000	 31.76973343	  9.58983040	 24.05965996	 31.61968613	  8.13498211	 24.39264297	         -89	          91
 0.30000	 31.84947777	  7.29327393	 24.61333466	 32.51927948	  5.99449253	 24.95176125	         -90	          92
 0.30000	 33.40429688	  6.15593243	 24.92747879	 33.54667282	  7.60438156	 24.56457901	         -91	          93
 0.30000	 33.69721985	  8.46977711	 24.36868477	 33.71096420	  9.93486786	 24.04735756	         -92	          94
 0.30000	 33.69064331	 10.83069134	 23.96385765	 33.27685928	 12.27163982	 24.01250076	         -93	          95
 0.30000	 33.99288940	 12.81661510	 24.02655411	 35.26020813	 12.01680565	 23.96132469	         -94	          96
 0.30000	 36.06134033	 11.70835495	 24.23158264	 37.07505417	 11.55985641	 25.32717896	         -95	          97
 0.30000	 37.46055222	 10.89106083	 24.86446953	 37.43707275	  9.67938614	 23.98065376	         -96	          98
 0.30000	 37.91743469	  9.29342937	 24.64020348	 37.67802048	 10.38627148	 25.63944817	         -97	          99
 0.30000	 38.11480713	 11.16920662	 25.55986404	 39.42816162	 11.03892326	 24.84710503	         -98	         100
 0.30000	 39.41933060	 10.63295841	 24.04390717	 38.08865738	 10.14812088	 23.54972076	         -99	           0
