1.49996
2.39828
3.89062
4.78527
6.26228
7.14676
8.54871
9.15379
9.40991
9.59787
9.79187
10.00757
10.59202
10.51277
9.64371
9.49305
9.81031
9.99401
10.42253
10.44198
10.00586
10.11017
10.72543
11.30659
12.43250
13.22946
14.67278
15.54526
16.97773
17.80111
18.89662
19.61611
20.85261
21.56033
22.50615
23.24013
24.60832
25.31953
25.95574
25.89236
24.98227
24.41150
23.24210
22.83968
22.67708
22.92312
23.81214
24.33726
25.21481
25.81012
26.49879
27.27578
28.74701
29.58693
30.43922
31.17264
31.98009
32.80051
34.23389
35.04796
36.12378
36.72939
37.49591
38.21086
39.63927
40.43392
41.62444
42.15176
42.55946
42.81314
43.07769
43.55531
44.77978
45.30374
45.95183
45.80551
44.73501
44.10042
42.91094
42.34355
41.68448
41.24251
40.59356
39.89409
38.71132
37.98977
36.79211
36.19080
35.43911
35.00813
34.36441
33.98820
33.39474
33.11840
32.96489
32.88384
32.80270
32.85482
32.98314
33.48129
34.74765
35.50959
36.56777
37.25437
38.36194
39.21758
40.61882
41.44249
42.15276
42.68394
43.59679
44.13561
45.02590
45.48200
46.10170
46.48405
46.97937
47.72132
49.21077
49.94820
50.42169
50.99490
52.19125
52.85936
53.80274
54.63550
56.07241
56.93790
58.22358
59.04571
60.41691
61.15707
62.16471
62.82607
63.95759
64.70286
65.98512
66.39046
66.24355
66.23430
66.03135
66.50332
67.87102
68.65917
69.93875
70.67451
71.44614
72.15407
73.44326
74.21876
75.42993
76.08472
77.05555
77.46016
77.85969
77.76893
77.05702
76.61964
75.79353
75.29576
74.32619
74.30352
75.23651
75.58357
75.74880
76.37379
77.84825
78.57136
79.31863
79.46806
79.18108
78.72461
77.62767
76.89759
75.59113
74.71112
73.21614
72.38997
71.39156
70.60983
69.32269
68.72003
68.15864
67.65028
66.60502
66.02465
65.10287
64.59821
63.81297
63.52312
63.44209
63.21751
62.70383
62.14613
60.90231
60.25148
59.67836
59.81713
60.71192
