0.00039890
0.00092544
0.00145015
0.00175420
0.00199736
0.00226944
0.00249405
0.00249405
0.00247574
0.00233463
0.00259945
0.00280782
0.00295976
0.00295976
0.00286144
0.00271087
0.00269155
0.00282551
0.00318169
0.00318169
0.00304357
0.00259905
0.00180392
0.00161857
0.00187838
0.00235610
0.00283099
0.00337124
0.00370238
0.00370238
0.00357035
0.00327783
0.00278626
0.00219910
0.00256121
0.00271571
0.00282582
0.00282582
0.00276713
0.00253003
0.00248692
0.00277621
0.00305426
0.00305426
0.00295076
0.00293449
0.00303316
0.00342188
0.00349948
0.00349948
0.00313164
0.00274426
0.00294108
0.00294108
0.00293872
0.00257961
0.00225442
0.00200934
0.00198455
0.00235881
0.00290599
0.00316389
0.00336881
0.00336881
0.00319447
0.00269312
0.00265029
0.00326459
0.00360780
0.00360780
0.00350323
0.00310995
0.00275116
0.00275116
0.00283398
0.00290675
0.00290675
0.00302609
0.00303372
0.00303372
0.00254422
0.00223746
0.00210148
0.00210148
0.00208437
0.00186550
0.00233162
0.00242089
0.00242089
0.00235284
0.00229929
0.00242274
0.00269382
0.00269382
0.00268505
0.00228736
0.00186858
0.00169903
0.00123630
0.00058864
