1.49999
2.16677
2.55993
3.12617
4.12065
4.69706
4.67082
5.25289
5.67054
5.94907
7.05175
7.70201
6.67582
6.08778
5.50628
6.37136
7.60522
7.68792
6.46317
6.67361
7.83844
7.63088
6.54933
7.20780
8.16381
8.78310
8.54799
8.54954
9.11063
9.89524
9.46805
9.74734
10.33911
10.69429
10.83500
10.95152
11.10618
11.28239
11.43652
12.17687
12.97285
13.55771
13.61146
13.24929
12.60623
13.36650
14.15044
14.25804
13.45852
13.24187
14.64413
15.46855
16.91046
17.18485
16.27777
16.22945
16.80244
17.00176
16.49538
16.39324
16.57457
17.24110
18.46513
