1.49996
1.98550
1.68126
1.80618
1.95168
2.37721
2.30742
3.19471
3.67544
4.13716
4.83817
5.39920
6.47015
7.05143
7.26844
7.46945
8.39895
8.30018
6.87723
6.44797
7.60425
7.67080
7.01436
6.45673
6.41588
6.12868
6.65514
7.21979
8.11368
8.65139
9.69709
9.33669
8.11622
7.40939
7.17121
7.47608
8.39312
9.03193
8.27635
8.82833
9.95490
10.41122
10.81449
11.01867
11.53192
10.83122
9.71325
9.44617
10.49902
10.94685
11.28621
12.15942
13.15712
13.99891
15.18810
15.71457
14.76966
14.31681
13.64548
12.90947
11.85875
11.65486
12.36926
12.19197
11.25791
11.19317
11.94170
12.40830
13.29870
13.75300
14.15933
14.96695
15.86719
16.58484
16.05983
16.38017
17.28656
17.84563
18.73128
19.10632
18.77360
18.86330
19.23683
19.61080
20.05333
20.31899
20.35254
21.22296
21.87806
22.77338
23.58890
23.72959
23.02379
22.90536
23.26636
23.33887
23.49952
22.95583
21.62172
20.91265
20.10612
20.09931
19.53819
20.09619
21.03709
21.22390
20.93678
20.38654
19.84998
19.74619
20.09047
20.42830
21.02822
21.70300
21.95228
22.59674
22.42088
22.55524
22.96381
22.80930
21.72492
22.11048
23.31846
24.21299
25.50106
26.33994
27.22612
27.84498
28.80872
28.52945
27.26115
27.02482
27.68422
28.54773
29.79259
30.65722
31.48371
31.53744
31.68892
32.41161
33.52061
34.24013
33.68690
32.95364
32.41620
31.70644
30.41115
29.55873
29.22769
29.19964
30.28881
29.96500
28.61004
27.83168
26.73995
27.20007
28.65225
29.54226
30.82218
31.35299
30.91960
30.78029
30.68764
30.36739
30.29950
30.28521
30.56746
30.32023
29.60996
28.77662
27.58773
26.76996
26.20757
26.87758
28.13054
29.01238
30.05009
30.89741
31.12857
31.44887
31.81224
32.10187
32.42684
33.21382
34.20892
34.85911
35.86958
36.49108
37.54495
38.18894
39.21163
39.99116
41.17753
41.88057
42.76373
43.29245
42.79652
43.46296
44.67820
45.57605
46.83534
47.57948
48.72938
49.03982
48.15058
47.62456
46.66779
45.81223
44.54154
44.29500
43.34748
42.66263
42.80370
43.43912
44.77626
45.39354
45.00201
44.65301
44.45202
44.17002
43.51782
43.32696
43.41192
43.26859
42.89843
42.71669
42.32743
42.66235
43.95091
44.61586
45.60652
46.23309
47.30114
47.89981
48.83443
49.37421
50.19573
50.74706
51.67268
52.19855
53.03311
53.43476
53.48793
54.35300
55.10595
55.91666
55.74974
55.72653
55.45646
55.39297
55.46198
55.38449
55.22003
54.87896
54.60225
54.74886
55.59707
55.93116
56.11315
55.45030
54.12966
53.32647
52.01967
51.92149
53.27674
52.91507
51.55317
50.82772
50.94412
50.54781
49.44937
48.69051
47.56418
46.81515
47.39215
47.13322
46.34457
45.84361
44.96550
44.41278
43.50859
43.21575
43.44954
42.88797
41.47346
41.17982
42.09981
41.78724
40.79128
39.98871
38.85342
38.14691
36.97501
36.35917
35.23323
34.50963
33.64308
32.98659
33.49143
34.05549
35.05177
35.79850
35.60932
35.85186
36.48217
36.55086
36.01838
36.05462
36.61280
36.84004
37.32280
37.50506
37.31895
37.37158
37.54061
37.65257
37.75771
38.06413
38.76400
39.44358
40.00522
40.88202
41.17362
41.75040
42.69990
43.53667
45.02130
45.43310
44.88523
44.05799
43.48393
43.29966
43.55612
42.83264
41.48312
40.69657
39.53049
38.70093
38.52639
38.73130
39.67722
40.56075
41.91484
42.06700
40.88607
40.07469
40.15982
39.92787
38.75860
39.23581
40.40241
41.22410
42.53488
42.75317
41.55069
40.88220
40.50602
40.25411
40.77334
40.71678
40.16109
39.88214
39.39558
39.27505
39.38938
39.37130
39.27161
39.08072
38.55555
38.22653
38.07676
37.19253
36.65604
35.85708
35.18464
34.55646
34.90169
34.42110
34.00107
33.42641
32.14898
32.16532
33.44362
34.18829
35.48036
35.85097
35.49464
34.76310
33.69025
32.94332
31.63355
31.16705
31.86504
31.56488
30.27406
29.92463
30.25748
30.42591
30.43633
31.30967
32.02806
32.79396
34.22452
35.05875
36.14519
36.44158
36.45114
35.77397
34.83871
34.05924
33.21883
32.55007
31.62111
30.97742
30.22994
29.44813
28.40193
27.71255
27.08756
26.41093
25.43435
24.60023
23.10536
22.45222
22.73073
22.22157
21.27789
20.59740
20.03405
19.79430
19.56614
19.96773
21.15879
21.65597
21.53706
21.15777
20.13886
19.66854
19.42098
18.85411
17.94915
17.22081
16.88307
17.66959
18.29030
19.14599
19.25471
18.96482
17.64479
17.67017
18.99929
19.12459
18.70660
17.95138
16.93271
16.42923
16.06559
15.79581
15.14498
15.88583
16.72098
17.23644
17.36006
17.87110
17.87934
17.77365
17.52111
16.90594
15.59472
15.62824
16.95774
16.92790
17.13438
17.45714
18.08997
18.57380
19.35844
19.93645
20.03894
19.60122
18.18226
17.28737
15.91486
15.07751
13.59994
13.30860
14.38509
15.00841
15.73853
16.42420
17.14398
17.07868
16.48252
15.79473
15.96709
15.81478
15.02838
14.41939
13.19191
12.72890
12.56703
12.36390
12.20687
11.46629
10.62191
10.26857
10.34366
10.28740
10.18275
10.09647
10.08958
9.57932
8.21789
7.84341
8.33968
8.69574
9.30067
9.33137
8.71262
8.72230
9.36601
9.61078
9.49124
9.80062
10.20461
10.60916
11.52705
11.52439
10.60142
10.08876
9.47991
8.73809
8.32768
7.70275
6.70816
6.48177
6.81920
7.17153
7.34823
7.69493
8.22290
8.98326
9.05735
9.17511
8.91892
8.65134
7.92669
7.58330
7.40285
6.74884
5.95186
5.86877
6.70779
7.26898
8.28410
9.04582
10.03005
10.42300
9.74508
10.02656
10.92649
10.62512
9.15429
9.14586
10.59374
11.06550
10.90578
10.80076
11.40163
12.19737
12.87420
13.32999
14.15589
13.76380
12.50075
11.99871
11.15550
10.84202
10.70039
10.63147
10.81332
10.33456
9.15761
9.16828
8.10405
8.44667
9.54211
10.30589
11.67858
11.75689
10.30000
9.59894
8.79323
8.15816
8.47132
8.70044
8.61834
8.52912
8.17450
8.06900
8.06829
8.18739
8.31445
8.69608
8.86137
9.32906
10.22616
10.66036
10.09836
9.68901
8.85376
9.07584
9.81671
10.19485
11.39488
12.05065
12.91733
13.59113
13.78855
13.71729
12.90222
13.27814
14.30633
14.61458
13.60992
13.92545
15.20911
16.00846
17.24670
17.75088
17.61864
18.21766
19.67164
19.84798
18.62295
17.81592
17.92916
18.16567
19.08820
19.59346
20.52939
20.45652
19.40512
19.03923
18.93868
18.83660
18.80906
18.27900
16.83236
16.09859
15.12140
14.75412
14.76887
14.91389
15.46937
15.64432
15.34563
16.19818
16.91138
17.76665
19.21479
20.05365
21.15056
22.03459
22.81965
23.67586
24.70339
24.93421
24.51683
23.89584
22.68402
22.05928
22.82799
22.70138
21.82830
21.30841
20.62504
20.12591
19.44659
18.91895
18.81390
18.87253
19.33583
19.70696
20.57713
20.66456
19.99851
19.55788
18.60265
18.34636
18.84050
18.31369
16.82671
16.10539
15.51091
15.86294
17.25370
18.10622
19.48179
20.09235
19.37478
19.97764
20.94926
21.72682
23.00130
23.79822
25.02365
25.78919
27.14810
27.61476
27.58601
27.62416
27.33632
28.06335
28.81269
29.48165
30.66490
31.38340
32.64780
33.01971
32.61420
31.96281
30.58191
29.86020
29.08198
28.58631
28.40777
27.69476
26.63121
26.55310
27.56464
28.12972
28.87966
29.76888
30.21971
30.05968
28.74240
29.12499
30.53951
31.33119
32.15700
31.80097
30.39244
29.96655
31.08802
31.18164
30.65790
29.80798
29.25635
28.85988
29.41737
29.71743
30.28951
30.83139
31.39194
32.08689
32.47680
32.75484
33.04148
33.42566
34.49733
34.47697
33.45809
32.66177
31.81432
31.21683
30.17014
30.03471
30.68164
31.20125
31.72359
32.50310
33.53142
34.06612
33.67773
33.66714
33.70915
34.00932
34.73675
35.35806
36.53723
37.23332
38.29040
38.90294
39.60376
40.34364
41.35573
41.60843
43.07838
43.35181
42.43972
41.59455
41.21806
40.63391
40.21362
40.03424
39.66929
39.69855
40.42206
39.91355
39.04504
38.20455
36.74352
35.95344
35.18049
34.47343
33.42365
33.12472
33.45081
34.20373
34.94411
35.18428
34.15068
34.53621
35.88787
36.18098
35.29501
35.03020
35.02360
34.54833
33.36409
32.75634
32.24445
31.66224
31.05837
31.68421
33.04836
33.92138
35.19229
35.69403
35.02300
35.18005
35.83967
36.67623
37.50246
37.68831
37.27289
37.79355
39.27865
39.80961
39.49772
38.85164
38.39303
38.52474
38.56743
38.28667
37.50236
37.62040
38.22579
37.75841
36.32233
36.16283
37.56382
37.47365
36.28285
35.99805
36.29487
37.05483
38.46053
39.34387
40.79696
41.61079
42.59364
43.01332
43.09649
43.76613
45.21067
45.72039
44.82500
44.53883
44.70041
44.27438
43.24309
42.95377
42.80826
43.46720
44.11839
44.73559
45.94707
46.39822
46.37000
46.31262
45.96067
46.00156
46.48534
46.40183
45.65642
45.80722
46.74127
46.36802
44.87319
44.40356
45.15510
45.46024
46.11982
45.93229
44.74325
44.43626
44.90126
45.29344
46.38293
46.42338
45.46927
44.90325
43.77652
43.52770
44.12679
43.80732
43.01901
42.84988
43.32592
43.23759
42.59025
42.23638
41.67248
41.21588
40.37316
40.04269
40.37056
39.61173
38.62705
38.02992
37.14757
36.86705
37.29522
37.15341
36.79907
36.23705
36.10295
35.96184
36.02956
36.50673
37.16660
37.69077
38.74467
39.10556
38.34625
38.09538
37.76163
37.93265
39.09123
39.86765
41.24273
41.96775
42.92381
43.50749
44.29935
44.78350
45.34047
46.04746
45.99060
46.60970
47.55545
47.93263
47.73923
47.20008
45.76340
45.51887
46.66540
46.66637
46.15654
45.63699
45.00187
44.90769
45.53809
45.75688
46.32441
47.06996
47.54386
48.34205
49.45255
48.96949
47.52654
46.67116
45.58978
45.21621
46.36453
47.10159
48.29170
49.09283
50.05385
50.55223
50.64332
51.41241
52.27414
52.77823
52.39162
52.85784
53.54539
54.11353
54.23002
54.83017
55.19529
55.55304
55.69647
56.55942
57.28077
57.71052
56.94222
56.82576
57.06216
57.00072
55.80725
54.93826
54.15983
54.42214
55.45663
56.17713
56.83161
57.05285
56.94046
57.30712
57.88782
58.16588
59.27674
60.10614
60.24992
60.25417
61.75230
62.52740
62.94952
63.11764
62.98937
63.27036
64.20924
64.53506
65.92162
66.13550
65.15440
64.61513
65.00609
65.29116
65.41137
65.02798
64.26150
63.48257
62.33507
62.47077
63.64422
64.25782
63.67342
63.30828
63.63942
63.90879
63.22482
62.47134
61.17264
60.36981
59.08964
58.65953
59.17288
59.29279
59.25077
59.77899
59.55023
59.20929
58.83031
59.27196
59.91388
60.41673
61.09289
61.94879
63.39255
63.39152
62.35713
61.55640
61.93548
62.01673
62.16716
62.21369
62.13090
62.33417
62.71447
62.91047
63.02123
63.56652
64.85302
65.51916
66.54782
66.31175
65.12007
64.74490
65.27193
65.29698
65.91583
66.24653
65.19053
64.67238
63.81673
63.38092
62.54383
62.99532
64.29202
64.87293
63.74468
63.07381
61.69560
61.37852
61.78999
62.07110
62.72027
62.84705
62.08960
62.42025
63.85117
64.67032
65.65988
66.37925
67.63756
68.40648
69.01988
68.66477
67.73815
67.07157
65.89355
65.43935
64.65966
64.28991
63.60728
63.18938
63.48935
63.62550
64.29483
64.51469
63.92952
63.51016
62.67816
62.00933
60.79438
59.94537
59.32639
58.87614
58.28878
58.57884
59.79416
59.95700
58.98466
58.57608
58.18080
57.49691
56.16454
55.90378
56.97577
56.49393
55.26688
54.91584
55.58344
55.52883
54.90976
54.44029
53.43404
53.51819
54.54848
55.19778
56.02024
56.79494
58.09313
58.35883
57.09288
56.77866
56.53144
56.66821
57.31243
57.86547
58.90300
59.23006
59.31144
59.63702
59.51444
59.76327
60.36160
60.74568
60.92287
61.23409
62.37732
62.70704
62.42147
61.54630
60.23876
59.83643
59.71532
60.21122
60.79743
61.13687
61.39290
61.68304
61.79522
62.05775
62.47473
61.99861
60.75599
60.23185
60.85738
61.31375
62.50475
63.23574
64.37254
64.69717
64.42023
64.42923
64.61972
64.63708
64.76634
64.15911
63.05696
62.39858
61.40760
60.79273
59.99020
59.11613
58.48239
58.26715
57.83762
57.71608
57.81042
57.58286
56.73447
56.79600
57.64246
58.11341
58.86730
59.27518
59.64304
60.45286
61.68544
62.42012
63.39190
64.04980
64.49214
64.98325
64.79477
65.02085
65.02630
65.09456
65.23536
65.46875
65.54258
65.27873
64.10737
64.46911
65.81945
66.70985
68.07160
68.14660
66.94623
66.22240
66.34330
66.16775
65.71269
65.67296
65.18099
64.63654
63.75293
64.31019
65.34753
66.21372
67.38857
67.73544
67.01055
66.99151
67.50025
67.79978
68.09943
68.95118
69.98264
70.80851
71.63285
71.43845
70.10374
69.40767
68.12170
68.34669
69.82460
70.01034
68.64610
68.05699
67.63022
67.06750
66.48173
66.10341
65.55282
65.21382
64.50907
64.62811
65.68301
65.80999
64.96021
65.24366
66.55213
66.47943
65.09457
64.25619
63.13997
62.49431
62.40109
62.81708
64.11179
64.80419
65.90240
65.97821
64.98842
64.13039
62.73585
62.87102
63.89567
64.73675
65.13316
65.63546
66.91537
67.48998
67.37686
66.76984
65.34863
65.21487
66.64401
67.24089
67.52522
67.49464
67.06153
67.34303
68.40948
69.08471
69.51771
68.82307
67.58301
67.30229
68.44771
67.78292
66.53678
67.04186
68.43603
68.48650
67.64068
66.76842
66.60510
66.55801
65.42454
65.19278
65.90924
66.03074
64.99639
64.57191
64.13651
64.38298
65.33518
65.70892
66.96474
67.63835
68.28141
67.88493
66.94203
66.11988
64.75809
64.25531
64.11433
64.15830
64.58090
64.73088
64.72839
64.73053
64.94294
64.88338
65.52626
66.17594
67.02849
67.85869
69.10673
69.96862
71.06240
71.86989
72.95111
72.51747
71.20843
70.86101
72.15511
72.81813
73.81076
74.65411
75.49473
76.14415
76.78296
76.93860
76.58017
76.69703
77.16037
77.73878
78.20671
78.56331
78.91673
79.19692
79.64154
80.16328
81.05377
81.92866
83.30942
83.70099
83.17537
82.49481
81.00413
80.23238
79.46346
79.13761
79.08942
78.62445
77.37664
76.83245
76.54166
75.98426
75.10334
74.35931
73.40844
72.57217
71.86788
71.68434
72.55619
72.26021
70.82792
70.18944
69.67326
68.99975
67.57159
67.10682
66.96781
67.04361
67.31794
67.56226
68.33194
69.09456
69.79578
70.64803
71.76329
72.45881
71.72755
71.42187
71.21194
70.51192
69.17313
68.27978
66.83372
66.00989
64.80286
64.53894
65.61238
66.24657
67.43438
68.07134
68.85376
68.97864
68.63453
67.95997
67.78228
67.14457
67.43683
67.26177
65.87623
64.98775
63.50132
62.63493
61.21416
60.88810
61.36496
62.15959
62.66304
63.42884
64.83851
65.61562
67.07138
67.91104
68.74262
68.73457
68.22274
67.82315
66.64535
66.03283
65.35706
64.95055
64.07975
63.29566
62.16228
61.45426
60.07208
60.25668
61.75607
62.42058
63.50230
64.08500
64.17550
64.07763
64.21645
63.46588
62.64020
61.87132
60.39983
59.93098
60.89222
60.43967
59.24779
59.55378
60.13170
60.45174
61.77931
62.24762
61.74354
61.04466
59.82648
59.13643
59.39520
59.08384
57.99921
57.58481
58.11241
58.51380
59.55705
59.71954
59.53067
59.02198
58.51935
58.78113
59.12028
60.00872
61.13549
61.62957
63.11732
63.44977
62.39961
62.01616
62.18928
62.18059
62.22195
62.36195
62.74957
62.97976
63.25951
63.77595
64.81752
65.59907
66.38998
66.90014
67.69740
68.05755
67.08068
67.06392
66.40357
66.97616
68.43622
68.96297
69.41574
69.67959
69.90772
70.16575
71.16831
71.57455
72.04239
71.66925
71.05959
70.51628
69.48175
68.73082
67.37092
66.47440
65.33089
64.56963
64.02557
63.22173
62.59063
61.93578
61.01397
60.74914
61.08787
60.64455
60.01093
59.91413
58.84438
58.16721
57.38499
57.12821
57.38722
57.16713
56.14091
55.43504
54.90622
55.00500
55.25026
55.47040
55.32378
56.04145
56.26935
56.66476
56.69182
56.74450
56.64325
57.34713
58.78572
59.31347
58.74066
58.66830
58.99664
59.50659
59.93509
59.55585
58.93754
58.53337
59.08536
58.67984
57.73882
57.50923
56.58608
56.63864
56.51516
56.55377
56.50374
56.54259
56.10703
55.93071
56.07044
56.17219
57.39599
57.91995
58.02068
57.63908
57.07409
56.56440
55.82755
55.27429
54.24745
53.50239
53.07592
52.83948
52.35140
52.47274
53.16395
53.39631
53.47516
53.50484
53.65505
54.26279
55.68986
56.26469
57.26364
57.90507
58.84289
59.69818
60.02371
60.86455
61.40789
62.03731
62.32182
63.04339
64.44378
65.17771
65.08454
65.60433
66.88960
67.71116
68.82062
69.59643
69.18444
69.92716
71.24639
71.76577
71.89971
71.35144
69.94842
69.19661
68.17259
67.49636
66.32970
65.70629
65.36567
64.97033
64.18544
63.61173
62.72916
61.94817
61.28791
61.29125
62.18273
62.07437
61.16911
60.67751
59.84391
59.68498
59.95399
60.59186
62.02484
62.77938
62.76072
63.46594
64.73314
65.36087
65.89924
66.48806
67.82499
68.04779
67.17936
66.95679
67.18544
66.97528
66.31854
65.67371
65.62709
65.78643
66.29046
66.98765
67.95558
68.66027
70.01924
70.27205
69.49879
69.02098
67.96071
67.36364
66.68392
66.71037
67.37674
68.24936
69.50076
69.86379
69.58901
69.48608
69.31275
68.68058
68.37460
67.84078
66.77780
66.10670
64.88342
64.51989
64.67731
65.02997
66.03775
66.48692
66.77671
67.01518
67.40844
67.74383
68.46848
68.73240
68.73936
69.13614
69.30524
69.01455
68.59064
69.08113
70.56763
71.07956
70.32157
70.07462
69.65122
69.51068
70.17199
70.76338
71.99790
72.24466
71.63869
71.23018
70.54474
69.72394
68.79829
68.36119
68.18028
67.99728
67.49398
67.76755
68.77746
69.23782
69.84324
69.50504
69.64436
69.54622
69.67831
68.83546
68.39258
68.04822
67.62206
67.59833
67.82783
67.31491
66.62218
66.94497
68.26028
68.72298
69.54852
70.37889
70.43389
69.93216
69.20497
69.33495
70.10026
70.68743
71.88009
71.92067
70.80152
70.09946
68.85868
67.98106
66.90334
66.07975
66.06418
65.74413
65.27886
64.93797
64.14262
64.27420
65.40555
65.97326
66.93750
67.01792
66.23035
65.94305
65.93266
65.28407
64.12125
63.35558
62.18678
61.59251
60.99103
60.50635
60.06665
59.40363
59.66952
59.56308
59.34954
58.80959
57.57399
56.83728
55.83861
54.97544
54.67499
54.95012
55.96837
56.38381
56.99584
56.38751
55.51494
55.10633
55.12665
55.45858
55.70009
54.97932
54.66777
54.67594
55.07911
55.07000
55.67193
55.87822
55.70336
55.68753
55.76854
55.74432
55.15640
54.56676
53.71074
53.29890
53.51928
53.69399
53.39659
52.75543
51.88914
51.23823
51.64026
51.87341
52.54347
52.88673
53.27471
53.86931
55.10603
55.79326
56.82909
57.46400
58.52155
58.05738
56.61111
55.73839
54.91962
54.47792
53.83850
53.48054
53.62235
52.89234
52.40117
51.56467
51.33229
50.83436
50.80690
50.59263
50.45990
49.60145
48.81224
48.50497
48.33717
49.03817
49.80562
50.57168
51.78247
52.39135
51.39196
51.81135
52.98328
53.70169
54.31222
54.11158
53.01217
52.56692
51.73754
51.59556
51.99547
51.96954
51.54292
51.74562
52.53107
53.01304
53.38745
54.16989
55.16353
55.12970
53.95807
53.68385
54.10501
54.10428
53.57184
53.45490
53.74106
53.90088
53.87523
53.97331
54.28366
54.08196
53.26867
52.88003
52.00894
52.62722
53.76927
54.64861
56.03828
56.31789
55.09588
54.47753
53.72763
53.71500
54.46497
54.97867
56.08318
56.26126
55.42488
56.02791
57.23910
57.91414
58.66627
59.12284
59.86001
60.19720
60.79666
60.39778
59.03522
58.50937
59.19633
58.55646
57.38557
56.69810
56.71858
56.16858
55.04850
55.41890
56.89935
57.18826
56.05320
56.14811
56.99505
57.81962
58.71525
59.10564
59.14975
59.51111
59.87277
59.34966
58.10222
57.71422
58.15656
58.35201
58.92819
58.58897
57.24363
56.93168
57.83893
57.68002
56.75054
56.56538
55.69990
55.06590
54.39965
53.87048
54.74483
54.38228
53.03004
52.55209
53.46629
54.23167
55.28159
