0.00021911
0.00021911
0.00032131
0.00032131
0.00026322
0.00026322
0.00022258
0.00020037
0.00036460
0.00036460
0.00026026
0.00035439
0.00035439
0.00026830
0.00020563
0.00020563
0.00018905
0.00031991
0.00050044
0.00050044
0.00030936
0.00030936
0.00019095
0.00025006
0.00027339
0.00027339
0.00020279
0.00038046
0.00058174
0.00058174
0.00036140
0.00036140
0.00018615
0.00018615
0.00000000
0.00000000
0.00000000
0.00087135
0.00022309
0.00046144
0.00000000
0.00026214
0.00036455
0.00036455
0.00006726
0.00031797
0.00032245
0.00052736
0.00052736
0.00041377
0.00015112
0.00015112
0.00020593
0.00026484
0.00038921
0.00038921
0.00026453
0.00016960
0.00017097
0.00017097
0.00014639
0.00014639
0.00009521
0.00029700
0.00085239
0.00106136
0.00147107
0.00164603
0.00164603
0.00155897
0.00121122
0.00092320
0.00046090
0.00021142
0.00023331
0.00025604
0.00025604
0.00016562
0.00016562
0.00013045
0.00011244
0.00012030
0.00012468
0.00012468
0.00018490
0.00018490
0.00024183
0.00024183
0.00017840
0.00027377
0.00042673
0.00042673
0.00037207
0.00028445
0.00028445
0.00026109
0.00011157
0.00023008
0.00023008
0.00021435
0.00021435
0.00009439
0.00028694
0.00028694
0.00039605
0.00039605
0.00019781
0.00020297
0.00024135
0.00039618
0.00058478
0.00058478
0.00056434
0.00036348
0.00042137
0.00040454
0.00044128
0.00095323
0.00122325
0.00122325
0.00117345
0.00072497
0.00025129
0.00025129
0.00035107
0.00061714
0.00061714
0.00032238
0.00007225
0.00019564
0.00033331
0.00033331
0.00030549
0.00025610
0.00016297
0.00025541
0.00025541
0.00014758
0.00016232
0.00019942
0.00019942
0.00018349
0.00018349
0.00014737
0.00020557
0.00020557
0.00019686
0.00009902
0.00018235
0.00024606
0.00024606
0.00022997
0.00022997
0.00017568
0.00017568
0.00006328
0.00016064
0.00040788
0.00043610
0.00043610
0.00026620
0.00022030
0.00022798
0.00022798
0.00020329
0.00017793
0.00013098
0.00020046
0.00023027
0.00023027
0.00032893
0.00032893
0.00018622
0.00011013
0.00017505
0.00017505
0.00034151
0.00034151
0.00024735
0.00054080
0.00084958
0.00111753
0.00111753
0.00078683
0.00055851
0.00033168
0.00024749
0.00016164
0.00011423
0.00021940
0.00021940
0.00016044
0.00016044
0.00014934
0.00020052
0.00039584
0.00039584
0.00027758
0.00024242
0.00017545
0.00024590
0.00024590
0.00023940
0.00018905
0.00013502
0.00020637
0.00021289
0.00021289
0.00019027
0.00029819
0.00029819
0.00017803
0.00016630
0.00016630
0.00030390
0.00030390
0.00022261
0.00022261
0.00015843
0.00013481
0.00018192
0.00019547
0.00019547
0.00027927
0.00033560
0.00033560
0.00030171
0.00030171
0.00023282
0.00020634
0.00022416
0.00022416
0.00015086
0.00015086
0.00011178
0.00014249
0.00023958
0.00027968
0.00034180
0.00034180
0.00025877
0.00057190
0.00101155
0.00159723
0.00194191
0.00194191
0.00192408
0.00187005
0.00187005
0.00174978
0.00122783
0.00055338
0.00034082
0.00035884
0.00061500
0.00080997
0.00111662
0.00111662
0.00095703
0.00071131
0.00048758
0.00020997
0.00014358
0.00026181
0.00026181
0.00024740
0.00023881
0.00035973
0.00035973
0.00031513
0.00013617
0.00022864
0.00022864
0.00021204
0.00015280
0.00025091
0.00027777
0.00027777
0.00018846
0.00034325
0.00036338
0.00036338
0.00027341
0.00030301
0.00030301
0.00041045
0.00041045
0.00038238
0.00032215
0.00040056
0.00040056
0.00022723
0.00022723
0.00027849
0.00028760
0.00034237
0.00034237
0.00031292
0.00022884
0.00036571
0.00036571
0.00040059
0.00045465
0.00045465
0.00023851
0.00023851
0.00022597
0.00014190
0.00019547
0.00037523
0.00046268
0.00046268
0.00017420
0.00015666
0.00028465
0.00028465
0.00017364
0.00018954
0.00018954
0.00043125
0.00043125
0.00027155
0.00025006
0.00021170
0.00021170
0.00019403
0.00019403
0.00015409
0.00010925
0.00027399
0.00027399
0.00014598
0.00026358
0.00026358
0.00019264
0.00019264
0.00022117
0.00030046
0.00030046
0.00021026
0.00015117
0.00030150
0.00039369
0.00039369
0.00033978
0.00032514
0.00026485
0.00041875
0.00041875
0.00038811
0.00029344
0.00020705
0.00031641
0.00038507
0.00038507
0.00022419
0.00015607
0.00040422
0.00040422
0.00025998
0.00027396
0.00027396
0.00039315
0.00043117
0.00064853
0.00064853
0.00050873
0.00031391
0.00021807
0.00021807
0.00015929
0.00015929
0.00014306
0.00014306
0.00010710
0.00000000
0.00003494
0.00087135
0.00022309
0.00046144
0.00000000
0.00040454
0.00042137
0.00000000
0.00000000
0.00000000
0.00016645
0.00034366
0.00036529
0.00040404
0.00040404
0.00040199
0.00049341
0.00050613
0.00066928
0.00081308
0.00082366
0.00084063
0.00103114
0.00103114
0.00082878
0.00070947
0.00041045
0.00035399
0.00029762
0.00037253
0.00037253
0.00045825
0.00057170
0.00057170
0.00043043
0.00018151
0.00018151
0.00038977
0.00041101
0.00041101
0.00029342
0.00025026
0.00021164
0.00014712
0.00014712
0.00019267
0.00035377
0.00035377
0.00050913
0.00050913
0.00025808
0.00023284
0.00026464
0.00031395
0.00031395
0.00025650
0.00038101
0.00038101
0.00033239
0.00020909
0.00020909
0.00022192
0.00023060
0.00023060
0.00021044
0.00015492
0.00028303
0.00036400
0.00042935
0.00042935
0.00021954
0.00015495
0.00015495
0.00020247
0.00023543
0.00023543
0.00033565
0.00038043
0.00038043
0.00027341
0.00021706
0.00021706
0.00021619
0.00073953
0.00104543
0.00104543
0.00104494
0.00071116
0.00045012
0.00029624
0.00019671
0.00010925
0.00010925
0.00019603
0.00048217
0.00048217
0.00035348
0.00020227
0.00021577
0.00034033
0.00035828
0.00035828
0.00020928
0.00047904
0.00047904
0.00054685
0.00054685
0.00043157
0.00025538
0.00024323
0.00035130
0.00035130
0.00023707
0.00044824
0.00044824
0.00040862
0.00036167
0.00035644
0.00035644
0.00032686
0.00045135
0.00045135
0.00028855
0.00015804
0.00000000
0.00037616
0.00009034
0.00000000
0.00016573
0.00009175
0.00021685
0.00039847
0.00050832
0.00050832
0.00042100
0.00030371
0.00030371
0.00037616
0.00038958
0.00042653
0.00042653
0.00049704
0.00049704
0.00028551
0.00030696
0.00032702
0.00032702
0.00021671
0.00037724
0.00037724
0.00053475
0.00053475
0.00060446
0.00060446
0.00038392
0.00036700
0.00037107
0.00037107
0.00036726
0.00036726
0.00017705
0.00038949
0.00038949
0.00036039
0.00038281
0.00038281
0.00036704
0.00034555
0.00034555
0.00039256
0.00039256
0.00033395
0.00055992
0.00071247
0.00071247
0.00046038
0.00028263
0.00032129
0.00032129
0.00038129
0.00038129
0.00036297
0.00018220
0.00040378
0.00040998
0.00040998
0.00023134
0.00043407
0.00043407
0.00024767
0.00036813
0.00036813
0.00034862
0.00034862
0.00029466
0.00029466
0.00023340
0.00030039
0.00030039
0.00036510
0.00036510
0.00014890
0.00036889
0.00036889
0.00035968
0.00035968
0.00034562
0.00034562
0.00024906
0.00024906
0.00013457
0.00031540
0.00031540
0.00029861
0.00036323
0.00036323
0.00047695
0.00047695
0.00042850
0.00036501
0.00031071
0.00031071
0.00049073
0.00087808
0.00108896
0.00108896
0.00080436
0.00039679
0.00030931
0.00030931
0.00015232
0.00037887
0.00037887
0.00037879
0.00037879
0.00033555
0.00032253
0.00032253
0.00028598
0.00041476
0.00072061
0.00072061
0.00044350
0.00031160
0.00031160
0.00034115
0.00046469
0.00046469
0.00031766
0.00048587
0.00048587
0.00042736
0.00030008
0.00032757
0.00046457
0.00046457
0.00034130
0.00034130
0.00032274
0.00027367
0.00027367
0.00031626
0.00031626
0.00038584
0.00038584
0.00032141
0.00053467
0.00053467
0.00051023
0.00041431
0.00017052
0.00028545
0.00028545
0.00045164
0.00059900
0.00080452
0.00080452
0.00057002
0.00056180
0.00056180
0.00032262
0.00026686
0.00026686
0.00028138
0.00040870
0.00040870
0.00035538
0.00030950
0.00030950
0.00050070
0.00085229
0.00108681
0.00138098
0.00138098
0.00083513
0.00034909
0.00053276
0.00053276
0.00023128
0.00019102
0.00019584
0.00020899
0.00038048
0.00038048
0.00025489
0.00041733
0.00074164
0.00074164
0.00063763
0.00052173
0.00034205
0.00034205
0.00038862
0.00038862
0.00037060
0.00038894
0.00038894
0.00024958
0.00042931
0.00042931
0.00042644
0.00052570
0.00073679
0.00073679
0.00066702
0.00015013
0.00018778
0.00018778
0.00021637
0.00025967
0.00028750
0.00032156
0.00032156
0.00018818
0.00026764
0.00026764
0.00022390
0.00025345
0.00025345
0.00019231
0.00038538
0.00038538
0.00071875
0.00073848
0.00075164
0.00075164
0.00041104
0.00021153
0.00036465
0.00041157
0.00041157
0.00037133
0.00018771
0.00014103
0.00014103
0.00022639
0.00022639
0.00011507
0.00023849
0.00041819
0.00041819
0.00036088
0.00031895
0.00024297
0.00025559
0.00067031
0.00095111
0.00095111
0.00065954
0.00033096
0.00034092
0.00034092
0.00027442
0.00038888
0.00053425
0.00053425
0.00041503
0.00041503
0.00030490
0.00035300
0.00036296
0.00036296
0.00029009
0.00020806
0.00026753
0.00036229
0.00045179
0.00045179
0.00043540
0.00025572
0.00045544
0.00045544
0.00021206
0.00035004
0.00083717
0.00125844
0.00125844
0.00122198
0.00081779
0.00052773
0.00038117
0.00038117
0.00041510
0.00041510
0.00037109
0.00032123
0.00034736
0.00040950
0.00066379
0.00101789
0.00113803
0.00113803
0.00071254
0.00034360
0.00048500
0.00057934
0.00057934
0.00027579
0.00027579
0.00033635
0.00033635
0.00029099
0.00024849
0.00056000
0.00056000
0.00047015
0.00047015
0.00044670
0.00037541
0.00046573
0.00046573
0.00034556
0.00034556
0.00029144
0.00044576
0.00061436
0.00061436
0.00040432
0.00028529
0.00045183
0.00045183
0.00040314
0.00048411
0.00068535
0.00068535
0.00043896
0.00032680
0.00063373
0.00065508
0.00065508
0.00063549
0.00009935
0.00038229
0.00038229
0.00030858
0.00047419
0.00047419
0.00045031
0.00040955
0.00040955
0.00036029
0.00036029
0.00034008
0.00034008
0.00033310
0.00044163
0.00044163
0.00029579
0.00026693
0.00026693
0.00029478
0.00029478
0.00042742
0.00066281
0.00066281
0.00062438
0.00031489
0.00025884
0.00043975
0.00043975
0.00041627
0.00041627
0.00042877
0.00071130
0.00093479
0.00093479
0.00054524
0.00023347
0.00034549
0.00045488
0.00045488
0.00035906
0.00024309
0.00036191
0.00036191
0.00029416
0.00040218
0.00040218
0.00068804
0.00068804
0.00057525
0.00010690
0.00000669
0.00034866
0.00034866
0.00083732
0.00083732
0.00073494
0.00028555
0.00028555
0.00027840
0.00039674
0.00039674
0.00038319
0.00030224
0.00030224
0.00028197
0.00024430
0.00022203
0.00022203
0.00022993
0.00035396
0.00035396
0.00027471
0.00026178
0.00027865
0.00028410
0.00042129
0.00042129
0.00032983
0.00033203
0.00033203
0.00026371
0.00026371
0.00017436
0.00017436
0.00014685
0.00032640
0.00062424
0.00062424
0.00075392
0.00126937
0.00126937
0.00069707
0.00061227
0.00073141
0.00073141
0.00060884
0.00065193
0.00065193
0.00026061
0.00110428
0.00171335
0.00183217
0.00183217
0.00162668
0.00113297
0.00062369
0.00062369
0.00047506
0.00032022
0.00032022
0.00028014
0.00041592
0.00041592
0.00040436
0.00048454
0.00048454
0.00035820
0.00034853
0.00020012
0.00015630
0.00022867
0.00022867
0.00025420
0.00025420
0.00024548
0.00029145
0.00029145
0.00028840
0.00028176
0.00030903
0.00030903
0.00018219
0.00031306
0.00031306
0.00045315
0.00045315
0.00032821
0.00032821
0.00032336
0.00032445
0.00032445
0.00020449
0.00020449
0.00022884
0.00022884
0.00009159
0.00009834
0.00015752
0.00015752
0.00058795
0.00058795
0.00042330
0.00024665
0.00034429
0.00058638
0.00131548
0.00169682
0.00175906
0.00175906
0.00131283
0.00064258
0.00043324
0.00048440
0.00057195
0.00057195
0.00033981
0.00039402
0.00064363
0.00071131
0.00071131
0.00066066
0.00037092
