1.49967
2.39519
3.87677
4.75435
6.11903
6.91944
8.21674
9.01827
10.38354
11.20710
12.58766
13.42926
14.85027
15.68411
17.04330
17.84434
19.15931
19.91777
21.13468
21.87939
23.13096
23.93990
25.35800
26.22326
27.65778
28.51638
29.94027
30.76584
32.06627
32.78027
33.77954
34.31453
35.03333
35.45771
36.09477
36.59150
37.50930
37.96895
38.56561
38.86930
39.27542
39.44779
39.58215
39.68949
39.87779
40.11199
40.66552
41.10514
42.03854
42.47772
42.91470
43.38907
44.37815
44.96191
45.84143
46.49495
47.68819
48.41621
49.60119
50.44324
51.89831
52.77095
54.20501
55.02933
56.32777
56.95485
57.64724
58.01825
58.52201
58.83272
59.32712
59.65351
60.17335
60.46862
60.98858
61.04151
60.72669
60.41256
59.66014
59.07939
57.85644
57.35957
56.95989
56.89514
57.22600
57.33923
57.53959
57.39475
56.76060
56.45709
56.04426
55.87733
55.80279
55.61264
55.06218
54.89473
54.85663
54.88736
55.00848
55.15287
55.49340
55.89109
56.92492
57.39593
58.00651
58.38522
59.08171
59.29680
59.34655
59.40979
59.52787
59.67131
60.04849
60.17371
60.22385
60.08369
59.55105
59.34363
59.16442
59.08486
58.99742
58.94999
58.87643
58.81820
58.76340
58.46268
57.61784
57.05102
56.05841
55.46057
54.54957
53.90297
52.76205
52.09288
51.04592
50.41550
49.44381
48.80276
47.66008
47.06177
46.20837
45.74269
45.11329
44.62819
43.69403
43.13536
42.20410
41.66355
40.73950
40.42682
40.30003
40.48115
41.25274
41.72080
42.57195
43.00311
43.52716
44.08353
45.28476
46.00271
47.23675
47.88401
48.77003
49.28809
50.13153
50.48617
50.79608
51.03633
51.48057
51.74382
52.17254
52.44727
52.93668
53.13057
53.24700
53.30224
53.35370
53.42678
53.60743
53.77738
54.16463
54.33642
54.51423
54.63637
54.84494
55.09570
55.73336
56.05371
56.45594
56.72214
57.13176
57.64871
58.86969
59.54095
60.54655
61.15701
62.14166
62.73093
63.71773
64.26207
65.09862
65.42547
65.58955
65.85844
66.49849
67.01811
68.10646
68.77025
69.92439
70.50897
71.19050
71.71696
72.72032
73.41095
74.58556
75.29274
76.42773
77.26108
78.74449
79.63428
81.04312
81.89110
83.30084
84.15314
85.56550
86.41299
87.83382
88.68453
90.10091
90.95623
92.39483
93.22416
94.52444
95.24245
96.29199
97.03110
98.40402
99.25161
100.70818
101.57973
103.03882
103.81128
104.74114
105.48933
106.90389
107.71874
109.03890
109.82668
111.13372
111.87769
112.99470
113.80966
115.24817
116.12850
117.50854
118.25842
119.22300
119.97543
121.35158
122.17489
123.54940
124.40495
125.86570
126.74065
128.18276
129.04498
130.48408
131.36167
132.84125
133.69892
135.05443
135.86169
137.20026
137.96465
139.16485
139.89200
141.08021
141.81556
143.07743
143.80079
144.85053
145.42751
146.30013
146.82629
147.71935
148.11009
148.49885
148.65500
148.76435
148.79488
148.77954
148.83533
149.03533
149.21094
149.59430
149.84679
150.30424
150.59761
151.11822
151.33533
151.53559
151.65063
151.82915
151.99950
152.42819
152.55703
152.64044
152.42527
151.67928
151.09209
149.86438
149.24081
148.37637
147.96353
147.54885
147.08515
145.99316
145.60906
145.40003
145.56036
146.29151
146.73138
147.54331
147.91042
148.34581
148.45748
148.39111
148.37236
148.35300
148.41224
148.62914
148.67030
148.57438
148.67336
149.04930
149.20685
149.38628
149.34820
149.11217
149.00949
148.90561
148.84727
148.75465
148.67277
148.49222
148.43826
148.43717
148.40150
148.28719
148.14574
147.77780
147.67119
147.65610
147.91158
148.73804
149.21813
150.02416
150.65290
151.89124
152.61641
153.81334
154.57677
155.91058
156.71822
158.05192
158.86779
160.21624
161.02150
162.34777
163.18346
164.58631
165.38231
166.63374
167.30397
168.27026
168.80915
169.57031
170.24564
171.60118
172.40973
173.64722
174.40147
175.65378
176.43538
177.77795
178.49552
179.42730
180.05962
181.15355
181.82279
182.88057
183.54315
184.67313
185.39478
186.65264
187.45799
188.85548
189.67280
190.98111
191.73864
192.83405
193.46689
194.43384
195.13351
196.47416
197.16257
198.09144
198.57348
199.16940
199.72763
200.93593
201.54641
202.42312
202.88996
203.57624
203.97675
204.61000
205.14946
206.26865
206.88612
207.78807
208.32549
209.18484
209.75769
210.71314
211.47464
212.92871
213.79672
215.24617
216.11528
217.49615
218.31644
219.66660
220.45239
221.72096
222.48529
223.76572
224.45917
225.37449
225.87003
226.58798
226.99891
227.65125
228.00996
228.54703
228.86820
229.40063
229.75757
230.39394
230.89176
231.89042
232.45819
233.36390
233.95155
235.00669
235.52601
236.18518
236.61488
237.37703
237.98938
239.21224
239.94378
241.17633
241.89087
243.06066
243.60720
244.19614
244.58585
245.30560
245.54834
245.64724
245.56121
245.13888
244.86442
244.31347
244.18323
244.32846
244.40010
244.53060
244.61265
244.77821
244.64782
244.08706
243.74623
243.14091
242.79463
242.25648
241.83494
240.95590
240.57473
240.22536
239.86810
239.04178
238.64756
238.19274
237.98865
237.78074
237.54431
236.99157
236.68772
236.22998
235.90474
235.28172
234.92245
234.33812
234.05876
233.72129
233.50872
233.13269
233.04133
233.12031
233.31117
233.90591
234.16695
234.41860
234.78167
235.63970
236.23006
237.32579
237.93353
238.81026
239.48144
240.75573
241.55700
242.96554
243.75135
244.90789
245.64801
246.90124
247.60219
248.68205
249.34254
250.46225
251.16808
252.40842
253.19624
254.53443
255.24811
256.23511
256.89223
258.07931
258.72984
259.64798
260.31737
261.51442
262.16678
263.13353
263.65302
264.42854
264.89496
265.65598
266.22522
267.30221
268.01332
269.20778
269.84638
270.63704
271.24907
272.40911
273.00810
273.82279
274.49057
275.80074
276.56104
277.80399
278.57165
279.90696
280.57526
281.37850
281.99891
283.16741
283.85536
284.99354
285.65269
286.69800
287.41298
288.67257
289.42739
290.68912
291.44590
292.71262
293.47322
294.72188
295.57300
297.03150
297.89317
299.27512
300.16701
301.62869
302.46783
303.71029
304.36676
305.19992
305.79579
306.82837
307.59593
309.03440
309.85459
311.02976
311.83576
313.22145
314.03785
315.31814
316.03649
317.12446
317.74338
318.71494
319.23751
320.02165
320.28777
320.40170
320.24813
319.63286
319.23673
318.50183
318.10362
317.58243
317.12039
316.15823
315.67283
314.93959
314.80028
315.05563
315.37416
316.16035
316.75434
317.91207
318.58646
319.69260
320.32937
321.33428
322.00628
323.24978
324.02363
325.38517
326.21972
327.61469
328.29381
329.01567
329.54883
330.54767
330.91963
331.10342
331.25656
331.48217
331.68285
332.03048
332.44050
333.36917
333.97559
334.99343
335.65057
336.73251
337.46742
338.76724
339.64082
341.13264
342.01572
343.46666
344.32160
345.70990
346.59355
348.09103
348.98427
350.46858
351.36421
352.84439
353.71339
355.06954
355.78281
356.65966
357.25205
358.30402
358.94248
360.01651
360.70983
361.93361
362.64717
363.80441
364.50343
365.67735
366.39631
367.61980
368.35338
369.57697
370.24535
371.22290
371.86445
372.97457
373.60051
374.58399
375.09653
375.85253
376.12859
376.25400
376.28724
376.25631
376.08298
375.55033
375.23388
374.67217
374.43225
374.18616
374.22793
374.63408
374.85285
375.25384
375.19890
374.64515
374.33990
373.79984
373.53090
373.23486
372.83781
371.83336
371.48144
371.34415
371.11908
370.59408
370.29089
369.83491
369.34229
368.21489
367.61020
366.67795
366.08908
365.08211
364.43441
363.31598
362.74823
361.98438
361.50950
360.69335
360.19715
359.35994
358.87134
358.07786
357.63492
356.95023
356.54730
355.89834
355.41437
354.46460
353.75634
352.37920
351.57358
350.25806
349.44081
348.15523
347.36851
346.03226
345.33574
344.52158
343.83603
342.53547
341.74124
340.39808
339.59532
338.37204
337.54025
336.06481
335.24704
334.04025
333.30855
332.10226
331.29599
329.83763
329.01217
327.76353
327.02976
325.82906
325.23031
324.41679
323.93352
323.13430
322.56308
321.46673
320.71869
319.34212
318.54618
317.25842
316.51432
315.33652
314.62588
313.51860
312.80451
311.54038
310.84172
309.79074
309.13992
308.14248
307.40749
306.02033
305.26400
304.19823
303.50642
302.31535
301.61891
300.49612
300.00890
299.57776
299.29907
298.84468
298.57086
298.17978
297.81970
297.12425
296.49594
295.18868
294.48193
293.44139
292.78200
291.63752
291.07241
290.38564
289.86622
288.84252
288.18948
287.13241
286.48894
285.39097
284.88070
284.35176
284.04295
283.56278
283.45742
283.59451
283.69609
283.92493
283.97111
283.88486
283.88366
283.99447
283.95109
283.75060
283.43941
282.63309
281.98045
280.67702
279.89534
278.72072
278.04437
277.11586
276.56158
275.72167
275.22981
274.43205
273.94565
273.12061
272.66222
272.00929
271.69099
271.30591
271.18038
271.14198
271.15118
271.23123
271.28458
271.35816
271.42207
271.59049
271.47487
270.90821
270.69405
270.45326
270.47126
270.79590
271.00854
271.43351
271.68792
272.13373
272.24378
272.13718
272.17863
272.42151
272.36018
272.00392
271.66236
270.87246
270.51355
270.07352
269.71853
268.93265
268.69970
268.73952
268.70182
268.57554
268.50003
268.37081
268.24659
267.92234
267.93091
268.23784
268.48048
269.02598
269.38377
270.07829
270.45994
270.98439
271.27095
271.65998
272.08478
273.09380
273.69034
274.71062
275.20191
275.78419
276.24273
277.10831
277.62924
278.49864
278.99729
279.78960
280.18308
280.61467
281.05078
281.98509
282.67416
284.04382
284.79684
286.00459
286.74010
287.97744
288.67370
289.74227
290.40033
291.44735
292.12097
293.28378
293.99377
295.16941
295.94464
297.24435
298.02390
299.32960
300.08323
301.17240
301.96683
303.38113
304.24919
305.69114
306.55897
307.91732
308.77870
310.25696
311.13826
312.60857
313.48190
314.92983
315.68884
316.58887
317.27104
318.51126
319.35641
320.83594
321.72002
323.19598
324.02341
325.22259
325.78742
326.35341
326.91311
328.09750
328.86816
330.22945
331.03979
332.33240
333.11137
334.40661
335.19648
336.50986
337.38427
338.86078
339.75508
341.17996
342.04049
343.48840
344.31509
345.47725
346.21322
347.44784
348.18962
349.40106
350.24896
351.72920
352.58529
353.91523
354.77325
356.15211
356.94258
358.14179
358.93741
360.33306
361.18222
362.54749
363.37146
364.75029
365.56553
366.92458
367.64509
368.66178
369.28221
370.29380
371.05361
372.47337
373.30987
374.68721
375.54262
376.98398
377.86066
379.34280
380.23199
381.71951
382.59510
384.01149
384.81285
385.97492
386.70369
387.94744
388.67457
389.88314
390.45500
391.07940
391.39762
391.75073
391.98970
392.43647
392.58987
392.59064
392.72408
393.07182
393.45882
394.33372
394.98542
396.26279
396.89907
397.70421
398.00736
398.13458
398.33407
398.78828
399.23895
400.25034
400.85866
401.89174
402.51186
403.50885
404.28539
405.73266
406.62880
408.07201
408.93094
410.32965
411.22286
412.69007
413.58713
415.08202
415.94894
417.28341
417.97144
418.81267
419.36502
420.32052
420.94571
422.09874
422.68175
423.42486
423.79854
424.25461
424.59818
425.22853
425.61470
426.26655
426.65964
427.32327
427.67943
428.20112
428.45450
428.72991
429.09568
430.00853
430.45364
431.08251
431.35721
431.61604
431.72998
431.82517
431.82550
431.70806
431.72772
431.88562
432.14515
432.88281
433.16084
433.40903
433.53429
433.70782
433.64425
433.27481
433.06550
432.71899
432.54594
432.33438
432.13896
431.70724
431.37739
430.73627
430.35122
429.71545
429.26099
428.37937
427.84494
426.93752
426.42417
425.61754
425.16262
424.45784
424.06569
423.45975
423.18961
422.94439
422.69060
422.07247
421.75593
421.31078
421.00237
420.42782
420.09216
419.54814
419.36114
419.32439
419.10584
418.40592
418.04705
417.50683
417.13178
416.44500
415.96370
415.01499
414.65661
414.40406
414.48475
415.01300
415.38392
416.13217
416.45722
416.75654
417.08782
417.81935
418.26709
419.06212
419.34656
419.50956
419.37273
418.69609
418.47633
418.32807
418.23357
418.07490
417.83433
417.14572
416.82695
416.37848
415.98327
415.12015
414.51404
413.31198
412.78674
412.25647
412.09562
412.10774
412.23895
412.69829
412.75838
412.51659
412.35389
412.00333
411.68987
410.99689
410.57852
409.85258
409.41989
408.66986
408.29631
407.78919
407.56973
407.38557
407.09308
406.35979
405.79788
404.65077
404.07226
403.34736
402.82732
401.88935
401.50314
401.12067
400.96701
400.81928
400.95113
401.54214
401.81493
402.18180
402.40696
402.73021
403.13714
404.15908
404.53399
404.79409
404.71504
404.15592
403.77235
402.92335
402.44265
401.65473
401.15375
400.27635
399.75169
398.87714
398.34459
397.44246
396.87355
395.88161
395.23062
394.05648
393.35990
392.21560
391.51276
390.33258
389.54928
388.21545
387.40895
386.05946
385.19741
383.70651
382.82757
381.40906
380.56696
379.18330
378.35809
377.00898
376.12012
374.65295
373.77254
372.44652
371.67330
370.43607
369.68061
368.37717
367.73279
366.94758
366.50992
365.86471
365.64103
365.55978
365.47087
365.37781
365.05258
364.15520
363.49620
362.20622
361.42680
360.10820
359.35475
358.16257
357.54141
356.71022
356.23503
355.60607
355.09684
354.07079
353.52556
352.76878
352.21772
351.23186
350.63668
349.63622
348.98331
347.81006
347.13012
346.02041
345.46803
344.70725
344.49296
344.67698
344.56029
344.13005
343.79895
343.10606
342.77468
342.34653
342.28743
342.53405
342.69767
343.01946
343.21073
343.50864
343.77581
344.37646
344.79017
345.54667
346.20389
347.49912
348.31589
349.62013
350.50217
351.97459
352.83261
354.19162
355.00460
356.34470
357.10892
358.27465
358.96250
360.02169
360.67484
361.79220
362.35910
363.10974
363.55599
364.27180
364.66658
365.27657
365.50236
365.61532
365.79002
366.20117
366.62202
367.55558
368.20235
369.37871
370.00626
370.94439
371.36687
371.77962
372.04269
372.47109
372.73255
373.15512
373.41935
373.78715
374.17693
375.00270
375.55223
376.53614
377.07975
377.90859
378.23968
378.50653
378.55630
378.38777
378.46252
378.85095
378.96780
378.91599
378.95595
379.08778
379.23488
379.57946
379.79674
380.17221
380.32164
380.45217
380.50450
380.54247
380.51442
380.35083
380.24076
380.08316
379.74214
378.84977
378.36949
377.60351
377.35490
377.32351
377.29123
377.26295
377.25096
377.12298
377.30908
378.01883
378.31068
378.61254
378.70900
378.69418
378.68942
378.66902
378.76480
379.07105
379.25829
379.57802
379.81969
380.31234
380.60869
381.12390
381.30435
381.29483
381.49674
382.11092
382.48436
383.08308
383.64824
384.88006
385.63047
386.91456
387.72672
389.15543
389.87763
390.71094
391.26206
392.18347
392.78533
393.80736
394.20703
394.42972
394.48497
394.38560
394.30616
394.05439
394.17176
394.79971
395.14138
395.69709
396.07176
396.73878
397.30468
398.45915
399.06270
399.89225
400.39659
401.25335
401.69113
402.18016
402.64956
403.65543
404.22709
405.16005
405.66826
406.37728
406.83359
407.54937
407.98516
408.68298
409.26224
410.42090
411.04934
411.93849
412.50678
413.51667
414.09618
414.99315
415.55217
416.46211
416.86489
417.29291
417.53790
417.90565
418.00869
417.94534
417.90043
417.75444
417.72982
417.76259
417.83317
418.10978
418.00603
417.41005
417.22537
417.09561
417.12182
417.39400
417.46980
417.52987
417.44243
417.06602
417.02097
417.24176
417.35915
417.58413
417.59682
417.41243
417.38684
417.49330
417.58192
417.75854
417.90761
418.26992
418.37726
418.39656
418.31901
418.06212
417.69888
416.80906
416.16298
414.94778
414.12082
412.64470
411.75940
410.27201
409.42210
408.25953
407.42090
405.99969
405.10848
403.61490
402.73212
401.36320
400.54331
399.19605
398.34548
396.87154
395.98826
394.50043
393.68041
392.55422
392.08690
391.74650
391.76436
392.29437
392.34662
392.01322
391.99041
392.15980
392.28939
392.56469
392.66518
392.76734
392.77618
392.66971
392.57756
392.40090
392.25754
391.97329
391.94375
392.12655
392.30655
392.80391
393.03255
393.30251
393.56653
394.18613
394.35720
394.33786
394.35771
394.40767
394.44912
394.50497
394.63327
395.05514
395.11854
394.96958
394.88682
394.78850
394.56649
393.99160
393.44943
392.22506
391.64318
390.98082
390.57259
389.94052
389.42574
388.39680
387.66205
386.36209
385.57913
384.25003
383.50879
382.35470
381.68977
380.63736
380.01141
378.96928
378.40315
377.60232
377.09921
376.22766
375.71114
374.82846
374.51446
374.45861
374.24562
373.73031
373.31084
372.46194
371.95198
371.09020
370.59886
369.81768
369.35822
368.61724
368.08273
367.11191
366.61456
365.92210
365.52265
364.88009
364.50666
363.93103
363.48888
362.69514
362.18858
361.32108
360.85953
360.22106
359.74166
358.88430
358.40908
357.71544
357.22163
356.29109
355.81184
355.19554
354.75533
353.89710
353.36978
352.50583
352.21767
352.16922
352.14698
352.19926
352.13478
351.89439
351.71396
351.39867
351.09888
350.36456
350.13365
350.07654
350.14578
350.47262
350.75203
351.36845
351.65804
352.08768
352.13581
351.79319
351.77497
351.93962
352.29596
353.25579
353.82823
354.76519
355.19901
355.64231
356.06294
356.93825
357.55123
358.76053
359.39533
360.27639
361.02654
362.46324
363.29886
364.63457
365.39177
366.53839
367.32828
368.75184
369.56072
370.75854
371.50218
372.66458
373.31712
374.18009
374.86624
376.19744
376.99515
378.34210
379.13350
380.42711
381.16192
382.28955
383.05062
384.40526
385.18228
386.35125
387.06004
388.24141
388.89854
389.90196
390.41334
391.07500
391.19810
390.82475
390.84870
391.26679
391.28072
390.95181
390.80987
390.60867
390.55984
390.63385
390.65849
390.71222
390.71133
390.66936
390.62866
390.53851
390.56727
390.78150
390.88107
391.00764
391.08146
391.15207
391.24424
391.44699
391.55650
391.70559
391.83672
392.13178
392.23791
392.32058
392.22998
391.77351
391.62472
391.48545
391.57350
392.02151
392.23380
392.45352
392.87919
393.99227
394.62997
395.66120
396.33254
397.49155
398.29763
399.72957
400.58548
402.02889
402.78747
403.73704
404.35772
405.43096
406.01580
406.89638
407.34843
407.97509
408.23468
408.45624
408.46737
408.31243
408.02176
407.15446
406.88560
406.79111
406.73932
406.66459
406.56296
406.28491
406.12361
405.87170
405.65904
405.15900
405.05719
405.23148
405.15645
404.76956
404.55573
404.22208
403.98225
403.50962
403.46583
403.76052
403.91200
404.13937
404.28054
404.43683
404.84588
405.93230
406.57129
407.64744
408.35671
409.61906
410.35894
411.53583
412.23519
413.40285
413.98033
414.74864
414.99866
414.97057
414.99381
415.02957
414.88665
414.34993
414.05555
413.58787
413.28493
412.65541
412.50670
412.63844
412.55987
412.14184
412.11672
412.39875
412.50192
412.50294
412.77040
413.57399
414.05004
414.87467
415.21003
415.43257
415.71682
416.34391
416.76143
417.51500
417.93478
418.55944
418.95849
419.70819
419.96752
419.99239
420.27098
421.09325
421.53462
422.26262
422.44023
422.28779
422.04817
421.35007
420.96028
420.38096
420.01477
419.39127
419.08848
418.75470
418.37194
417.50849
417.01193
416.17450
415.88868
415.84985
415.69681
415.30001
415.11994
414.90997
414.86549
414.96243
414.94934
414.81859
414.85349
415.08584
415.26153
415.61200
415.83307
416.21489
416.41331
416.68394
416.90744
417.37812
417.62780
417.93244
418.23476
418.89047
419.30537
419.99343
420.40174
421.08903
421.33665
421.42337
421.53644
421.75117
422.01163
422.58325
423.13082
424.31172
425.08023
426.46450
427.25824
428.54119
429.16082
429.82685
430.23110
430.82589
431.04613
431.12432
431.17747
431.24054
431.26293
431.22053
431.30317
431.61133
431.71952
431.81828
431.70486
431.27698
430.84554
429.85375
429.44202
429.06202
428.83223
428.49296
428.29611
427.96686
427.78202
427.53127
427.40834
427.28257
427.21464
427.12410
427.11740
427.15599
427.29655
427.71450
427.90467
428.08900
428.32608
428.86789
429.15328
429.53975
429.85431
430.50655
430.84564
431.24759
431.72727
432.83008
433.55909
434.88052
435.71129
437.12716
437.96713
439.33399
440.20864
441.68380
442.56357
444.02251
444.89202
446.33490
447.19924
448.63241
449.44635
450.70149
451.35391
452.11552
452.78257
454.14397
454.78799
455.51201
455.92602
456.50375
456.78370
457.11993
457.32874
457.70225
457.93114
458.32323
458.57262
459.08139
459.21526
459.17549
459.19178
459.25498
459.32832
459.56433
459.57784
459.38682
459.24551
458.95900
458.61200
457.76562
457.27033
456.44345
455.88628
454.93313
454.31112
453.22476
452.55815
451.40955
450.76504
449.82390
449.23562
448.21498
447.70204
447.03302
446.63785
446.00610
445.65492
445.11206
444.92987
444.82062
444.93885
445.40832
445.82351
446.68689
447.27212
448.33784
448.99310
450.08642
450.80558
452.08681
452.84917
454.13059
454.73457
455.40378
455.85888
456.65157
