0.00055060
0.00076593
0.00076593
0.00066796
0.00057051
0.00057868
0.00057868
0.00050049
0.00041974
0.00077571
0.00077571
0.00097890
0.00124011
0.00124011
0.00065318
0.00074346
0.00099198
0.00129256
0.00153560
0.00153560
0.00145376
0.00157068
0.00166933
0.00166933
0.00142117
0.00082023
0.00046733
0.00033846
0.00038503
0.00038503
0.00056932
0.00056932
0.00069663
0.00069663
0.00069137
0.00057103
0.00058914
0.00112138
0.00179888
0.00179888
0.00142843
0.00117695
0.00061359
0.00095282
0.00095282
0.00090697
0.00065205
0.00045290
0.00095625
0.00152818
0.00152818
0.00121362
0.00084566
0.00070354
0.00070354
0.00058879
0.00050227
0.00026449
0.00066918
0.00110469
0.00110469
0.00098639
0.00062257
0.00080399
0.00080399
0.00059073
0.00059073
0.00051093
0.00051093
0.00042882
0.00028822
0.00024845
0.00024845
0.00020196
0.00024403
0.00024403
0.00021690
0.00018055
0.00045882
0.00045882
0.00040356
0.00047542
0.00053064
0.00053657
0.00074993
0.00074993
0.00038477
0.00071232
0.00071232
0.00065190
0.00027296
0.00047039
0.00047417
0.00047417
0.00062949
0.00079701
0.00129369
0.00195635
0.00237541
0.00237541
0.00230851
0.00182289
0.00122647
0.00070481
0.00055388
0.00055388
0.00065908
0.00065908
0.00063660
0.00074636
0.00088941
0.00098526
0.00098526
0.00113669
0.00113669
0.00107225
0.00076070
0.00073318
0.00073318
0.00118975
0.00129254
0.00129254
0.00125114
0.00089748
0.00067105
0.00051960
0.00064319
0.00064319
0.00054796
0.00054796
0.00062561
0.00081141
0.00089561
0.00093550
0.00093550
0.00060333
0.00083644
0.00083644
0.00073756
0.00057745
0.00031780
0.00047895
0.00047895
0.00035034
0.00038534
0.00054806
0.00060686
0.00060686
0.00099739
0.00161586
0.00188241
0.00188241
0.00130890
0.00079758
0.00079758
0.00089084
0.00089084
0.00039236
0.00054389
0.00056051
0.00073425
0.00073425
0.00061775
0.00042556
0.00042556
0.00031433
0.00031433
0.00042743
0.00042743
0.00053839
0.00053839
0.00039786
0.00050658
0.00050658
0.00033235
0.00036758
0.00061672
0.00061672
0.00044340
0.00041997
0.00041997
0.00029515
0.00054758
0.00055617
0.00055617
0.00047970
0.00070959
0.00127714
0.00129748
0.00129748
0.00123303
0.00066272
0.00050693
0.00046308
0.00046308
0.00059123
0.00059123
0.00041540
0.00082018
0.00121867
0.00121867
0.00086261
0.00056279
0.00092901
0.00092901
0.00068543
0.00037107
0.00037107
0.00027022
0.00108050
0.00147456
0.00147456
0.00111065
0.00074943
0.00050215
0.00045397
0.00045397
0.00033417
0.00053896
0.00131822
0.00174874
0.00174874
0.00174764
0.00125870
0.00050271
0.00037477
0.00055165
0.00055165
0.00054262
0.00034708
0.00034708
0.00030011
0.00044871
0.00044871
0.00036119
0.00037962
0.00037962
0.00030328
0.00045777
0.00057321
0.00057321
0.00038922
0.00038922
0.00047278
0.00047278
0.00046514
0.00046514
0.00042523
0.00043001
0.00062161
0.00062161
0.00046528
0.00042896
0.00024727
0.00030940
0.00050973
0.00064429
0.00064429
0.00057198
0.00050266
0.00074560
0.00074560
0.00063802
0.00061680
0.00054561
0.00052647
0.00058949
0.00058949
0.00044581
0.00109413
0.00190520
0.00274546
0.00274546
0.00273714
0.00184764
0.00140775
0.00147011
0.00147011
0.00135678
0.00121028
0.00087602
0.00071751
0.00062561
0.00056090
0.00056090
0.00050989
0.00054884
0.00056191
0.00056191
0.00054389
0.00054389
0.00040263
0.00040263
0.00039771
0.00053184
0.00053184
0.00047367
0.00074008
0.00101973
0.00164619
0.00217117
0.00222519
0.00222519
0.00164671
0.00109727
0.00063299
0.00076078
0.00104347
0.00104347
0.00095463
0.00095463
0.00088590
0.00060311
0.00051093
0.00083485
0.00178314
0.00283400
0.00333228
0.00333228
0.00304923
0.00252885
0.00144411
0.00085165
0.00068927
0.00051334
0.00050718
0.00072748
0.00072748
0.00150859
0.00224677
0.00301894
0.00301894
0.00272021
0.00297929
0.00297929
0.00255696
0.00196937
0.00081612
0.00089474
0.00089474
0.00039624
0.00082494
0.00082494
0.00086137
0.00104557
0.00158499
0.00158499
0.00118352
0.00064582
0.00058018
0.00066239
0.00083982
0.00122242
0.00122242
0.00111547
0.00177082
0.00187425
0.00187425
0.00132155
0.00093967
0.00090909
0.00090909
0.00058418
0.00058418
0.00040688
0.00060921
0.00060921
0.00069084
0.00069229
0.00069229
0.00055153
0.00057438
0.00057438
0.00051392
0.00072958
0.00072958
0.00057973
0.00117018
0.00180257
0.00180257
0.00192505
0.00202011
0.00202011
0.00127619
0.00067851
0.00065411
0.00098591
0.00098591
0.00072092
0.00094827
0.00094827
0.00068948
0.00075841
0.00075841
0.00061341
0.00061341
0.00050236
0.00050236
0.00038902
0.00059395
0.00059395
0.00058583
0.00071179
0.00071179
0.00060208
0.00077348
0.00115302
0.00121045
0.00121045
0.00113148
0.00097733
0.00066040
0.00094097
0.00109154
0.00109154
0.00082260
0.00064530
0.00064530
0.00063422
0.00063422
0.00055299
0.00071285
0.00071285
0.00070481
0.00070481
0.00082405
0.00088496
0.00090474
0.00175963
0.00199072
0.00199072
0.00249837
0.00258036
0.00258036
0.00233437
0.00142211
0.00083424
0.00083424
0.00049183
0.00049183
0.00034004
0.00051543
0.00069568
0.00113632
0.00178048
0.00206530
0.00206530
0.00158651
0.00078101
0.00084180
0.00084180
0.00069044
0.00109330
0.00109330
0.00073360
0.00044699
0.00064813
0.00064813
0.00044341
0.00054034
0.00054034
0.00053169
0.00053169
0.00090056
0.00090056
0.00062030
0.00056070
0.00056070
0.00062093
0.00062093
0.00061578
0.00061578
0.00045402
0.00054657
0.00054657
0.00048065
0.00039038
0.00072067
0.00072067
0.00054242
0.00052484
0.00073256
0.00083044
0.00083044
0.00046741
0.00062540
0.00062540
0.00078228
0.00102917
0.00113636
0.00212473
0.00294975
0.00332716
0.00332716
0.00301402
0.00214554
0.00105315
0.00134251
0.00134251
0.00107420
0.00080970
0.00080970
0.00114563
0.00114563
0.00118138
0.00176354
0.00232236
0.00299190
0.00367464
0.00367464
0.00304494
0.00246045
0.00162259
0.00129522
0.00090807
0.00097679
0.00102825
0.00119557
0.00119557
0.00080346
0.00078653
0.00083831
0.00122070
0.00122070
0.00067585
0.00052106
0.00065924
0.00065924
0.00101892
0.00101892
0.00056225
0.00094150
0.00094496
0.00094496
0.00065903
0.00071588
0.00101385
0.00127755
0.00127755
0.00125977
0.00149036
0.00149036
0.00156316
0.00156316
0.00131387
0.00137383
0.00137383
0.00116897
0.00123836
0.00155145
0.00155145
0.00123084
0.00100998
0.00100752
0.00114833
0.00114833
0.00103541
0.00101953
0.00101953
0.00089277
0.00089277
0.00069219
0.00067168
0.00070053
0.00074229
0.00092327
0.00092327
0.00080777
0.00098483
0.00098483
0.00089941
0.00080198
0.00065944
0.00076648
0.00076648
0.00081594
0.00145373
0.00155530
0.00190645
0.00190645
0.00163860
0.00129921
0.00099631
0.00101172
0.00137053
0.00141039
0.00141039
0.00099862
0.00068625
0.00062382
0.00057383
0.00053439
0.00072142
0.00072142
0.00068436
0.00087333
0.00087333
0.00067784
0.00104490
0.00104490
0.00101733
0.00104359
0.00104359
0.00097174
0.00095828
0.00076108
0.00076108
0.00099991
0.00102834
0.00102834
0.00073246
0.00066791
0.00079708
0.00146705
0.00146705
0.00099967
0.00072386
0.00066679
0.00067695
0.00098674
0.00098674
0.00083630
0.00083630
0.00098236
0.00098236
0.00079834
0.00097683
0.00099170
0.00099170
0.00141698
0.00188258
0.00271087
0.00271140
0.00271140
0.00220207
0.00148195
0.00111163
0.00111163
0.00089538
0.00051575
0.00068153
0.00089929
0.00097684
0.00097684
0.00075959
0.00067890
0.00076782
0.00076782
0.00065573
0.00065573
0.00114938
0.00114938
0.00111941
0.00117151
0.00164544
0.00164544
0.00137424
0.00077586
0.00051281
0.00051075
0.00060910
0.00098138
0.00098138
0.00083719
0.00106190
0.00114432
0.00114432
0.00102493
0.00102493
0.00096694
0.00057065
0.00092910
0.00129414
0.00129414
0.00098871
0.00064829
0.00065425
0.00065425
0.00054294
0.00054294
0.00048727
0.00054158
0.00054158
0.00045223
0.00062512
0.00074323
0.00074323
0.00060525
0.00063241
0.00075125
0.00075125
0.00084491
0.00147670
0.00147670
0.00121830
0.00066305
0.00055252
0.00085169
0.00085169
0.00055841
0.00062337
0.00078158
0.00078158
0.00103605
0.00103605
0.00075265
0.00074807
0.00148622
0.00199620
0.00226215
0.00260649
0.00260649
0.00214757
0.00159619
0.00096059
0.00091816
0.00111370
0.00111370
0.00154414
0.00189144
0.00247222
0.00247222
0.00240328
0.00211749
0.00207613
0.00207613
0.00145525
0.00120911
0.00072206
0.00068656
0.00109443
0.00109443
0.00104144
0.00104144
0.00078551
0.00077823
0.00078486
0.00127970
0.00127970
0.00085568
0.00066084
0.00095385
0.00130080
0.00172921
0.00172921
0.00163042
0.00127803
0.00073869
0.00081154
0.00091449
0.00091449
0.00067712
0.00067712
0.00112101
0.00140065
0.00140065
0.00134666
0.00082650
0.00068743
0.00084689
0.00126809
0.00143719
0.00168824
0.00245200
0.00308814
0.00308814
0.00252659
0.00171262
0.00153606
0.00153606
0.00107254
0.00102615
0.00071146
0.00071146
0.00098247
0.00098247
0.00095346
0.00152311
0.00169934
0.00169934
0.00121555
0.00069573
0.00108747
0.00138572
0.00138572
0.00089617
0.00089617
0.00063996
0.00100719
0.00141607
0.00188929
0.00206069
0.00235846
0.00280523
0.00280523
0.00208979
0.00168178
0.00128055
0.00075188
0.00093611
0.00108076
0.00156203
0.00156203
0.00182521
0.00182521
0.00112696
0.00111997
0.00123553
0.00123553
0.00122097
0.00081259
0.00080186
0.00093701
0.00093701
0.00055076
0.00066871
0.00092822
0.00092822
0.00084453
0.00070490
0.00102992
0.00102992
0.00074644
0.00077070
0.00111100
0.00111100
0.00080167
0.00047983
0.00062248
0.00072450
0.00072450
0.00069863
0.00071251
0.00071251
0.00091383
0.00091383
0.00065201
0.00065201
0.00063538
0.00085666
0.00102859
0.00172013
0.00172013
0.00141780
0.00082728
0.00077583
0.00110106
0.00110106
0.00083278
0.00091374
0.00100046
0.00100046
0.00076455
0.00094370
0.00094370
0.00087482
0.00097521
0.00115805
0.00115805
0.00084119
0.00071149
0.00067497
0.00074067
0.00087911
0.00134103
0.00134103
0.00125998
0.00094827
0.00047816
0.00103345
0.00103345
0.00060130
0.00062459
0.00093320
0.00154223
0.00154223
0.00092888
0.00068053
0.00087548
0.00087548
0.00114349
0.00171526
0.00171526
0.00122254
0.00102523
0.00099985
0.00103791
0.00103791
0.00152904
0.00220161
0.00220161
0.00216003
0.00169834
0.00169834
0.00160535
0.00115690
0.00082894
0.00103394
0.00146762
0.00165011
0.00165011
0.00150461
0.00106944
0.00151663
0.00198612
0.00198612
0.00140644
0.00170816
0.00170816
0.00140857
0.00071603
0.00073951
0.00113148
0.00148378
0.00148378
0.00120727
0.00132482
0.00206429
0.00228742
0.00228742
0.00200095
0.00159749
0.00095978
0.00098501
0.00098501
0.00076872
0.00114844
0.00153683
0.00153683
0.00151483
0.00088931
0.00089486
0.00101775
0.00101775
0.00099283
0.00049313
0.00101431
0.00101431
0.00143095
0.00199289
0.00206006
0.00206006
0.00152223
0.00117237
0.00117237
0.00079072
0.00079768
0.00079768
0.00068143
0.00106242
0.00106242
0.00099158
0.00107263
0.00107263
0.00078033
0.00099132
0.00135834
0.00147950
0.00152821
0.00159632
0.00159632
0.00096681
0.00051759
0.00097942
0.00097942
0.00145360
0.00169569
0.00169569
0.00161959
0.00116911
0.00102667
0.00121812
0.00121812
0.00120144
0.00120144
0.00140256
0.00204733
0.00204733
0.00161100
0.00099153
0.00061140
0.00065971
0.00085764
0.00088466
0.00111480
0.00122094
0.00122094
0.00103950
0.00084644
0.00092936
0.00141245
0.00169319
0.00169319
0.00143431
0.00124936
0.00118801
0.00074686
0.00087646
0.00087646
0.00036528
