0.00049818
0.00083926
0.00098235
0.00098235
0.00083998
0.00073416
0.00068500
0.00068500
0.00049491
0.00028843
0.00033185
0.00052681
0.00058816
0.00058816
0.00046209
0.00032276
0.00012095
0.00011499
0.00036993
0.00036993
0.00024054
0.00024054
0.00017212
0.00016892
0.00022206
0.00022206
0.00018345
0.00025090
0.00025090
0.00047658
0.00054666
0.00068010
0.00068010
0.00108617
0.00133116
0.00160896
0.00160896
0.00145785
0.00127230
0.00102167
0.00092043
0.00091191
0.00091191
0.00080499
0.00048103
0.00048103
0.00061115
0.00081212
0.00083944
0.00083944
0.00050515
0.00050515
0.00031437
0.00021316
0.00024917
0.00045440
0.00045440
0.00040073
0.00030002
0.00022024
0.00016854
0.00019915
0.00019915
0.00027672
0.00029491
0.00058229
0.00149121
0.00226794
0.00266469
0.00266469
0.00249926
0.00196764
0.00114414
0.00082977
0.00056916
0.00018545
0.00031906
0.00041701
0.00055022
0.00076045
0.00076045
0.00063154
0.00024202
0.00018185
0.00018185
0.00014118
0.00019676
0.00019676
0.00017329
0.00016876
0.00015581
0.00024986
0.00032481
0.00060750
0.00077575
0.00096960
0.00105236
0.00105236
0.00084106
0.00044424
