 1.00000	 24.30945015	 29.00319862	 33.48123550	 24.40992165	 29.20425987	 31.99821091	           0	           2
 1.00000	 24.35593414	 29.06671333	 31.11047173	 24.68951035	 27.78543282	 30.40547943	          -1	           3
 1.00000	 25.20365715	 27.13945198	 30.04703712	 25.41710472	 27.01402855	 28.56762123	          -2	           4
 1.00000	 25.60060501	 27.11445999	 27.68849754	 25.41282082	 28.57228661	 27.98735619	          -3	           5
 1.00000	 24.63248253	 28.86654091	 28.32559776	 23.52745628	 27.87558174	 28.10906410	          -4	           6
 1.00000	 23.33399391	 27.87923431	 28.98837471	 24.54399681	 28.73404884	 29.22308731	          -5	           7
 1.00000	 24.91310310	 27.97848511	 29.55059814	 23.86660957	 27.02096367	 29.06266403	          -6	           8
 1.00000	 24.35442924	 26.27015686	 28.97046280	 25.84169006	 26.07789230	 29.00228310	          -7	           9
 1.00000	 26.58265114	 26.56073952	 29.16877365	 28.03162003	 26.29917145	 28.88233757	          -8	          10
 1.00000	 28.49981689	 25.61650848	 29.23563194	 27.68785095	 24.74732971	 30.14951134	          -9	          11
 1.00000	 26.80718803	 24.79627991	 29.97066689	 26.68366241	 25.69293594	 28.77450180	         -10	          12
 1.00000	 26.06380081	 25.88714218	 28.15126801	 24.87555695	 26.30798340	 27.33821869	         -11	          13
 1.00000	 24.35159302	 25.58104897	 27.25413322	 25.04947472	 24.51987076	 28.05223274	         -12	          14
 1.00000	 25.28745842	 23.68138885	 28.27726746	 25.27769279	 22.54766464	 29.25945854	         -13	          15
 1.00000	 25.85225487	 22.03051186	 29.72056198	 27.23940468	 22.01939774	 30.29135132	         -14	          16
 1.00000	 28.06345940	 22.23011208	 29.99699020	 28.54616165	 22.86943436	 28.72883034	         -15	          17
 1.00000	 28.95737648	 23.09443665	 27.96061516	 29.44741821	 23.42188263	 26.58128548	         -16	          18
 1.00000	 30.10718727	 22.97169113	 26.16662598	 31.12378311	 22.00054169	 26.68948936	         -17	          19
 1.00000	 30.63428497	 21.28756905	 26.93840790	 29.17196274	 21.61153984	 26.85713577	         -18	          20
 1.00000	 29.00704765	 20.90385818	 27.38900185	 30.47576523	 20.65605164	 27.56621552	         -19	          21
 1.00000	 31.23274803	 20.19121361	 27.71035004	 31.81608963	 18.91517448	 28.24073982	         -20	          22
 1.00000	 31.86163902	 18.01999283	 28.32089233	 31.52018547	 16.57608032	 28.10077286	         -21	          23
 1.00000	 30.68725967	 16.38575935	 27.81807709	 29.28010559	 16.41646767	 27.29957008	         -22	          24
 1.00000	 29.30448914	 15.51718712	 27.35631561	 30.78641510	 15.47538185	 27.58477402	         -23	          25
 1.00000	 30.72378922	 15.10308170	 28.40353394	 29.24668121	 15.05533218	 28.14697456	         -24	          26
 1.00000	 28.43997574	 15.38948822	 27.92889595	 27.81349945	 16.55080986	 27.21557999	         -25	          27
 1.00000	 28.07921219	 17.37019539	 26.95502472	 29.41959953	 18.01192093	 27.15864563	         -26	          28
 1.00000	 29.97819138	 18.62087250	 26.80221748	 30.12705612	 19.51651192	 25.60820961	         -27	          29
 1.00000	 30.85608673	 19.99111938	 25.37723160	 32.14930344	 20.19704056	 26.10881615	         -28	          30
 1.00000	 32.98917007	 19.87722206	 26.16076088	 33.94313049	 18.80247498	 25.73064423	         -29	          31
 1.00000	 33.96640015	 17.91823578	 25.56434441	 33.14018631	 16.66985130	 25.47013283	         -30	          32
 1.00000	 32.72906876	 15.88790321	 25.29827309	 31.77766037	 14.73409367	 25.18198967	         -31	          33
 1.00000	 31.73337746	 14.03424549	 25.74639320	 32.49167252	 12.91031170	 26.38813972	         -32	          34
 1.00000	 32.72944260	 12.39068413	 25.69083786	 31.99221230	 13.38223362	 24.84034157	         -33	          35
 1.00000	 32.56383514	 14.07531357	 24.93201637	 33.47151566	 13.04766464	 25.54030800	         -34	          36
 1.00000	 33.49052811	 12.42161465	 26.18680000	 34.25941086	 11.27647305	 26.77637863	         -35	          37
 1.00000	 34.85835648	 11.78266048	 27.22253990	 34.08857346	 12.94699097	 26.67326164	         -36	          38
 1.00000	 33.50849533	 13.52609539	 26.30166245	 32.50512695	 14.49931908	 25.75750542	         -37	          39
 1.00000	 32.06267166	 14.65943718	 26.52909470	 33.15000916	 13.81940651	 27.13049698	         -38	          40
 1.00000	 33.69387817	 14.46193027	 26.80241013	 32.62029648	 15.30946445	 26.18655014	         -39	          41
 1.00000	 31.80204582	 15.64945889	 26.02749443	 30.71027565	 15.14484882	 25.13112068	         -40	          42
 1.00000	 30.21294022	 14.43490124	 24.88839340	 30.04966354	 12.98286438	 25.22759438	         -41	          43
 1.00000	 30.49331665	 12.21565914	 25.38611031	 31.68013763	 12.56516361	 24.53812790	         -42	          44
 1.00000	 31.14715004	 13.24878883	 24.27847290	 30.39323997	 14.34836960	 23.59105682	         -43	          45
 1.00000	 30.63808441	 14.21526814	 22.73403549	 31.30944252	 13.39676476	 21.67093086	         -44	          46
 1.00000	 32.09920120	 13.23496532	 22.08875465	 31.33505630	 13.83128357	 23.23312378	         -45	          47
 1.00000	 30.54713440	 13.40569496	 23.13363266	 31.24721718	 12.29085255	 22.41494751	         -46	          48
 1.00000	 31.89138031	 12.45834064	 23.02834320	 31.91042900	 13.62735367	 23.96821594	         -47	          49
 1.00000	 31.48139763	 14.17894840	 24.53595734	 30.83961678	 13.39431763	 25.64161873	         -48	          50
 1.00000	 30.54096794	 13.67694950	 26.44215012	 29.45874786	 14.69484901	 26.23553467	         -49	          51
 1.00000	 29.14204979	 15.53277874	 26.14823723	 29.39666748	 16.97499084	 25.82391739	         -50	          52
 1.00000	 29.28409576	 17.85832405	 25.69364929	 28.90183830	 19.30709267	 25.62419891	         -51	          53
 1.00000	 28.27354240	 19.91498756	 25.41067505	 26.84480667	 20.05111885	 24.97469711	         -52	          54
 1.00000	 26.44514847	 20.62866592	 24.41203499	 26.11357880	 21.86479187	 23.62973785	         -53	          55
 1.00000	 25.25332069	 21.75004578	 23.87120628	 25.63916206	 20.72000313	 24.89108086	         -54	          56
 1.00000	 25.25889969	 20.01091003	 24.48797226	 24.74755669	 20.87310410	 23.37209892	         -55	          57
 1.00000	 24.32641220	 20.76702309	 22.58385086	 24.01262856	 19.66221046	 21.61902618	         -56	          58
 1.00000	 23.47834396	 20.14946556	 21.08321190	 23.55375671	 21.40170288	 21.90548515	         -57	          59
 1.00000	 23.74291611	 22.27826309	 21.98113632	 24.66429138	 23.44400215	 21.77608299	         -58	          60
 1.00000	 24.50727463	 24.13387680	 21.21989441	 23.27169037	 23.90987587	 20.39944267	         -59	          61
 1.00000	 22.83934212	 24.69854355	 20.43341064	 23.46496964	 25.54327011	 21.50346756	         -60	          62
 1.00000	 24.09621239	 25.81300735	 20.92075920	 23.54842949	 24.86517334	 19.89531326	         -61	          63
 1.00000	 23.41779137	 24.05603027	 19.52352715	 24.22873116	 22.88171577	 19.06167030	         -62	          64
 1.00000	 24.50665665	 22.13583755	 19.48172188	 25.17088318	 20.88028717	 19.96375847	         -63	          65
 1.00000	 25.41174698	 20.71106148	 19.11285210	 24.67705917	 21.92305946	 18.62160301	         -64	          66
 1.00000	 25.08208275	 22.69513702	 18.84511185	 26.36309624	 22.09910583	 19.34885597	         -65	          67
 1.00000	 26.93614197	 22.77144051	 19.52108955	 26.32996559	 24.13554382	 19.37323380	         -66	          68
 1.00000	 26.18037987	 24.97739983	 19.09210396	 26.91511536	 26.26960945	 19.29329109	         -67	          69
 1.00000	 26.54511452	 26.69205093	 18.58632660	 25.51868248	 25.60074234	 18.65942955	         -68	          70
 1.00000	 25.27694321	 24.73406029	 18.64243698	 25.70941734	 23.39182091	 19.15361214	         -69	          71
 1.00000	 26.28174973	 23.28435707	 18.46691895	 25.67254639	 24.50007629	 17.83371353	         -70	          72
 1.00000	 25.34620667	 25.30298996	 17.59071732	 24.85716820	 26.55083656	 18.26430321	         -71	          73
 1.00000	 25.30169296	 27.32416344	 18.14468765	 26.34826660	 27.48237610	 17.08182526	         -72	          74
 1.00000	 27.03905106	 26.91782379	 17.20125008	 26.97394753	 25.81576729	 18.21675301	         -73	          75
 1.00000	 27.50694275	 25.42547798	 18.82815361	 27.82466888	 26.15501785	 20.09969711	         -74	          76
 1.00000	 28.08155632	 26.20913124	 20.96051788	 28.50058365	 25.42117882	 22.16611099	         -75	          77
 1.00000	 28.96735001	 25.23811531	 22.91341400	 30.11111069	 25.27773094	 23.88303375	         -76	          78
 1.00000	 30.25578499	 25.67826462	 24.67587471	 29.45913315	 26.63055229	 25.51753998	         -77	          79
 1.00000	 29.06070709	 27.19466591	 26.09445190	 28.50545883	 28.22341728	 27.03426933	         -78	          80
 1.00000	 27.80460930	 28.47505188	 27.53963280	 26.36913681	 28.06567001	 27.68694687	         -79	          81
 1.00000	 26.17945290	 27.95537376	 28.55976105	 25.75102806	 27.85527611	 29.99375343	         -80	          82
 1.00000	 25.48201942	 28.14460564	 30.80235672	 25.93642044	 28.72368050	 32.10931015	         -81	          83
 1.00000	 26.40542030	 29.21737671	 32.69767380	 26.53021240	 29.76125717	 34.08997726	         -82	          84
 1.00000	 25.82032204	 29.28388786	 34.37070465	 25.86622810	 28.54406166	 33.06668472	         -83	          85
 1.00000	 25.28128052	 29.06503868	 32.62331390	 25.09338570	 29.87276649	 33.87315750	         -84	          86
 1.00000	 25.33148384	 30.41329956	 34.55209351	 26.59581757	 30.85139656	 35.22989655	         -85	          87
 1.00000	 27.19161987	 31.22674751	 35.79015732	 27.93781471	 31.73684692	 36.98719406	         -86	          88
 1.00000	 28.16765976	 32.49920654	 36.56651306	 27.37127876	 32.01509094	 35.39123535	         -87	          89
 1.00000	 27.39904976	 32.32190704	 34.54572678	 28.25175667	 33.34133530	 33.85034943	         -88	          90
 1.00000	 28.63153267	 34.03480911	 33.42061234	 28.75643921	 35.40423584	 32.82149124	         -89	          91
 1.00000	 29.65190697	 35.39498520	 32.73218918	 29.94426918	 34.03896713	 33.30281448	         -90	          92
 1.00000	 30.13305283	 33.20665359	 33.58814621	 29.73307228	 31.83974075	 34.05882263	         -91	          93
 1.00000	 30.58892822	 31.56014061	 34.06530762	 30.99361229	 32.94660568	 33.66036987	         -92	          94
 1.00000	 30.96403694	 33.64898300	 33.09848785	 30.12581444	 34.38458633	 32.09540939	         -93	          95
 1.00000	 29.53073502	 33.92203522	 31.60364342	 28.85404778	 32.59947968	 31.81062889	         -94	          96
 1.00000	 29.63355064	 32.15272141	 31.86335564	 30.37774277	 33.45372772	 31.80473137	         -95	          97
 1.00000	 31.20199394	 33.77882385	 31.64734840	 32.57670975	 33.86577606	 31.05367661	         -96	          98
 1.00000	 32.81929398	 33.00106430	 30.99627113	 31.54739380	 32.39446259	 31.51029778	         -97	          99
 1.00000	 31.43012047	 31.54199982	 31.77378845	 32.38533020	 30.39125252	 31.65847015	         -98	         100
 1.00000	 32.08590317	 30.01102829	 32.41730499	 31.29044724	 31.16480255	 32.95207977	         -99	         101
 1.00000	 30.53619194	 31.27206039	 32.47291565	 30.85051155	 30.45516014	 31.25478935	        -100	         102
 1.00000	 30.49448586	 29.85634232	 30.68512344	 29.44534683	 28.82148361	 30.40543556	        -101	         103
 1.00000	 28.91539192	 28.23836517	 29.97079849	 28.19866562	 27.39252281	 28.96052742	        -102	         104
 1.00000	 27.81781769	 26.97196198	 28.26209068	 27.28209305	 25.86024857	 27.40951538	        -103	         105
 1.00000	 26.79512978	 25.44435310	 26.77734184	 25.78805161	 25.06386375	 25.73290062	        -104	         106
 1.00000	 25.12783623	 25.20074081	 25.13686562	 23.86538887	 25.75209999	 24.54344749	        -105	         107
 1.00000	 24.23780441	 26.41136551	 24.05686951	 25.64570236	 26.05760956	 24.43456650	        -106	         108
 1.00000	 26.33541107	 26.55441475	 24.73018074	 26.42465019	 27.93599129	 25.30739212	        -107	         109
 1.00000	 26.91154099	 28.55666733	 25.74047089	 28.13978958	 29.05050850	 26.44572258	        -108	         110
 1.00000	 28.83608246	 29.40268517	 26.89403152	 29.87429237	 29.93774796	 27.83517647	        -109	         111
 1.00000	 30.65501022	 30.37670517	 27.74749565	 31.49941254	 30.84477997	 26.59953880	        -110	         112
 1.00000	 31.92090034	 31.35764694	 25.99196625	 32.22189713	 32.47565460	 25.03834343	        -111	         113
 1.00000	 32.77423859	 33.02480698	 24.58731270	 34.20690536	 33.46892166	 24.56820679	        -112	         114
 1.00000	 34.74157715	 34.15702820	 24.34216499	 34.78373337	 35.61861038	 24.67690086	        -113	         115
 1.00000	 33.88480377	 35.62867355	 24.73463440	 33.84175491	 34.22219849	 24.21497917	        -114	         116
 1.00000	 34.20581818	 33.59844971	 23.67764664	 34.43774033	 32.43347168	 22.76166725	        -115	         117
 1.00000	 35.16089630	 32.89096069	 22.47702599	 35.00276947	 33.99401855	 23.48120308	        -116	         118
 1.00000	 35.62414932	 33.58673096	 23.99057579	 35.61656189	 32.38576126	 23.09187317	        -117	         119
 1.00000	 35.37514114	 31.84733582	 22.41209793	 35.65155029	 30.67186356	 21.52220154	        -118	         120
 1.00000	 34.96681213	 30.19021606	 21.19185448	 33.63610840	 30.68840599	 21.67251968	        -119	         121
 1.00000	 32.84340286	 30.68826485	 21.24643135	 31.43709755	 30.89729118	 20.76846123	        -120	         122
 1.00000	 31.45179176	 31.61272621	 21.31912994	 32.85174179	 31.44242477	 21.83026886	        -121	         123
 1.00000	 32.60250473	 30.74080658	 22.33592415	 31.26656723	 30.75398064	 21.65387535	        -122	         124
 1.00000	 30.48792267	 30.91119003	 21.23041344	 29.87217903	 32.23658371	 20.89235497	        -123	         125
 1.00000	 30.63378906	 32.64812469	 21.14465141	 30.83109665	 31.55274773	 22.15023994	        -124	         126
 1.00000	 31.68967438	 31.51777840	 22.41776848	 32.41529846	 32.82871246	 22.34818840	        -125	         127
 1.00000	 32.70388031	 32.52196121	 21.54940796	 32.29452896	 31.67811775	 20.37882996	        -126	         128
 1.00000	 33.17230606	 31.65388107	 20.17038727	 33.41349411	 32.98588943	 20.81662750	        -127	         129
 1.00000	 32.71327972	 33.47872162	 21.09442520	 31.47889709	 32.92029190	 21.73825836	        -128	         130
 1.00000	 30.62548065	 33.15729141	 21.89824677	 29.23613930	 33.68783569	 21.70251465	        -129	         131
 1.00000	 28.40060806	 34.02118301	 21.73228264	 27.73362350	 35.35115433	 21.92270660	        -130	         132
 1.00000	 28.32492828	 36.02605438	 21.85062218	 29.75206184	 35.63152695	 21.61027718	        -131	         133
 1.00000	 30.10043144	 34.84348679	 21.87129593	 30.42842674	 33.63438416	 22.69629478	        -132	         134
 1.00000	 30.11005211	 32.79864883	 22.59333611	 29.46053696	 31.75756073	 21.73049736	        -133	         135
 1.00000	 29.03208733	 31.16215897	 21.20831871	 28.25105286	 30.10127258	 20.49084091	        -134	         136
 1.00000	 27.45413780	 30.20755386	 20.90343285	 28.16489029	 31.31117249	 21.62907410	        -135	         137
 1.00000	 28.62397194	 32.01788330	 21.94449234	 29.27318382	 33.09675598	 22.75961113	        -136	         138
 1.00000	 29.69339561	 33.75941849	 23.20035362	 29.68565750	 34.68823624	 24.37817955	        -137	         139
 1.00000	 29.39544296	 35.50546646	 24.61957169	 28.45719528	 36.66627121	 24.76914597	        -138	         140
 1.00000	 27.68506241	 36.20479965	 24.73143196	 27.98207092	 34.78214645	 24.36011314	        -139	         141
 1.00000	 28.23627472	 34.40612411	 23.58273125	 28.85067177	 34.82492828	 22.27991676	        -140	         142
 1.00000	 29.27309799	 35.56809235	 22.57380486	 28.91039276	 35.02792740	 23.92512321	        -141	         143
 1.00000	 28.44430923	 35.80448532	 23.96227264	 28.98818207	 37.10792160	 23.45708084	        -142	         144
 1.00000	 29.86182404	 37.31941986	 23.50367165	 31.08081245	 36.79039383	 24.19952393	        -143	         145
 1.00000	 31.18456650	 35.95048523	 23.89301109	 29.85497475	 35.97396851	 23.19899559	        -144	         146
 1.00000	 30.09279633	 35.23137665	 22.74919319	 31.51266098	 35.25259399	 22.26620102	        -145	         147
 1.00000	 31.71673012	 35.32667160	 23.14270020	 30.38060951	 34.84537125	 23.62568855	        -146	         148
 1.00000	 30.21461868	 35.47476578	 24.24721336	 30.69416046	 34.74316025	 25.46573830	        -147	         149
 1.00000	 30.94301987	 35.49378204	 25.89580727	 31.02097321	 36.98981857	 25.97390556	        -148	         150
 1.00000	 30.46314049	 37.31910706	 25.34226418	 30.06973648	 35.87806702	 25.20786476	        -149	         151
 1.00000	 29.78151512	 36.01081467	 26.05638123	 29.38916397	 37.44945145	 25.89332199	        -150	         152
 1.00000	 28.51480675	 37.59705734	 26.04939461	 27.83438301	 36.34889984	 26.52824974	        -151	         153
 1.00000	 28.25940514	 35.56014633	 26.62053108	 28.84523773	 34.60898590	 25.61948586	        -152	         154
 1.00000	 29.72020912	 34.80727768	 25.69215393	 30.16729164	 35.50314713	 26.94351768	        -153	         155
 1.00000	 29.45512962	 35.91025543	 27.31397247	 27.96393204	 36.01094437	 27.44167519	        -154	         156
 1.00000	 27.25551796	 35.68995667	 26.98812294	 27.57398033	 35.35509491	 25.56106949	        -155	         157
 1.00000	 28.32695389	 35.79340744	 25.33470726	 28.94281769	 36.39303207	 26.56394577	        -156	         158
 1.00000	 28.47385597	 36.87594223	 27.16112900	 27.75819969	 37.06826401	 28.46524620	        -157	         159
 1.00000	 27.31221390	 36.57281876	 29.06983757	 26.68671227	 35.21067047	 29.01245689	        -158	         160
 1.00000	 27.25748825	 34.60676193	 28.66674042	 28.37346077	 35.47092438	 28.15894127	        -159	         161
 1.00000	 29.01444435	 34.84383392	 28.23538971	 28.22627449	 33.63804245	 28.65363121	        -160	         162
 1.00000	 28.74357986	 33.58543396	 29.38899422	 29.37365723	 34.91094971	 29.07929993	        -161	         163
 1.00000	 29.86055565	 35.66759491	 29.06439972	 30.71531677	 36.88589859	 28.87734032	        -162	         164
 1.00000	 30.99337769	 37.47622299	 29.49712181	 30.65756798	 37.72666168	 30.93742752	        -163	         165
 1.00000	 30.63860130	 37.01046371	 31.48213768	 30.80287361	 35.70356369	 30.76456833	        -164	         166
 1.00000	 31.05525780	 34.91963959	 30.40198326	 31.80555153	 33.87249756	 29.63361359	        -165	         167
 1.00000	 31.92011070	 33.07451630	 29.23376274	 31.37567329	 31.74024773	 28.81756020	        -166	         168
 1.00000	 31.79652786	 31.04049110	 28.43918991	 33.23817825	 31.00746727	 28.02617073	        -167	         169
 1.00000	 33.38639069	 30.13237190	 27.87675476	 32.27995682	 29.12265205	 27.95681953	        -168	         170
 1.00000	 31.81790733	 28.37851334	 28.16471481	 31.55279732	 26.98180771	 28.64341927	        -169	         171
 1.00000	 32.29085922	 26.90403175	 29.15743065	 32.64021683	 28.25479317	 28.60674477	        -170	         172
 1.00000	 32.76086044	 29.12952805	 28.78026390	 33.53160477	 30.18748093	 29.51278687	        -171	         173
 1.00000	 34.28123093	 29.76112556	 29.77038002	 34.59061432	 28.36319542	 29.32311440	        -172	         174
 1.00000	 34.90874863	 27.54437637	 29.51891136	 35.48096466	 26.48113632	 30.40893936	        -173	         175
 1.00000	 34.98752594	 25.80019569	 30.72966957	 34.32140732	 24.54367638	 31.20650482	        -174	         176
 1.00000	 34.07860565	 24.37984467	 30.35394287	 35.08189774	 25.38016701	 29.86120987	        -175	         177
 1.00000	 35.79799652	 25.39483833	 30.40654755	 35.42907715	 24.73996735	 31.70466042	        -176	         178
 1.00000	 34.84692001	 25.27788734	 32.13114166	 34.84420395	 26.53428268	 31.31172562	        -177	         179
 1.00000	 34.13465118	 26.20825195	 30.86372566	 33.81940079	 25.07592201	 31.79566383	        -178	         180
 1.00000	 33.50312805	 24.28389931	 31.50741196	 32.66419220	 23.26559258	 30.79367256	        -179	         181
 1.00000	 33.14990997	 22.54567337	 31.04125214	 34.10839081	 23.56733513	 31.57729912	        -180	         182
 1.00000	 34.69662857	 23.23899078	 32.17396545	 34.59693527	 21.85475159	 32.74304962	        -181	         183
 1.00000	 34.68133163	 22.25563240	 33.54640579	 34.76482391	 23.64136505	 32.97825241	        -182	         184
 1.00000	 34.07689285	 24.21453285	 32.88683701	 33.04676437	 24.14925003	 33.97519302	        -183	         185
 1.00000	 32.63401413	 23.37228012	 33.78579330	 32.35351944	 21.98209572	 33.29729080	        -184	         186
 1.00000	 32.87824631	 21.45808983	 33.80723572	 33.75868607	 22.18936729	 34.77676010	        -185	         187
 1.00000	 34.15366745	 22.59020042	 35.47913361	 34.51758957	 23.37471581	 36.70475769	        -186	         188
 1.00000	 33.83934784	 23.94911194	 36.56209183	 33.49158096	 23.17962265	 35.32241058	        -187	         189
 1.00000	 32.77344131	 22.90599823	 34.85420227	 31.49794388	 22.99315262	 34.06976700	        -188	         190
 1.00000	 31.07002068	 23.26434708	 33.32605362	 30.48297882	 24.12863731	 32.24980927	        -189	         191
 1.00000	 29.75484467	 24.02303123	 31.73156357	 28.80128670	 22.86621475	 31.68238258	        -190	         192
 1.00000	 28.02574348	 22.43380547	 31.82868385	 26.81522179	 21.76229095	 32.40629959	        -191	         193
 1.00000	 26.31185913	 22.48469925	 32.59273148	 27.38615036	 23.44596672	 32.17825317	        -192	         194
 1.00000	 27.37544441	 24.29769707	 31.88763046	 26.24981308	 25.18523216	 31.44569016	        -193	         195
 1.00000	 25.68953514	 25.80772972	 31.11568260	 24.83357620	 27.01217651	 30.85742378	        -194	         196
 1.00000	 24.27784920	 27.02714157	 30.14951706	 23.52997208	 25.94811630	 29.42395592	        -195	         197
 1.00000	 23.57984734	 25.05575562	 29.53007317	 24.26597977	 23.75609398	 29.22983742	        -196	         198
 1.00000	 25.05301094	 24.14306641	 29.02714539	 24.31202507	 25.40775681	 28.70895576	        -197	         199
 1.00000	 24.39534569	 25.55723190	 29.59652901	 24.80239677	 24.17050362	 29.99853516	        -198	         200
 1.00000	 25.62923622	 23.84608459	 29.82730103	 25.84178162	 25.21081352	 29.24255753	        -199	         201
 1.00000	 25.74167633	 25.84957695	 29.86880684	 24.37993622	 26.02699471	 30.47228622	        -200	         202
 1.00000	 23.48452187	 26.11275291	 30.50148010	 22.01915741	 26.01982689	 30.80768967	        -201	         203
 1.00000	 22.31343269	 25.79540634	 31.63248444	 23.77853775	 25.84400749	 31.31420517	        -202	         204
 1.00000	 23.95746803	 26.67577934	 31.02037811	 22.90460968	 27.73208618	 31.18063927	        -203	         205
 1.00000	 22.02017212	 27.67499352	 31.33724213	 21.03622627	 26.57453728	 31.07093048	        -204	         206
 1.00000	 20.34036446	 26.00971413	 30.98677826	 19.25812149	 25.10127449	 30.48322487	        -205	         207
 1.00000	 18.88404274	 24.82153130	 31.25252533	 19.72780418	 25.62690353	 32.19567871	        -206	         208
 1.00000	 19.96706390	 26.19268036	 32.85375595	 20.78503036	 27.35853004	 33.32481384	        -207	         209
 1.00000	 21.57392311	 27.78796387	 33.26498032	 22.88881683	 27.87028885	 32.54770660	        -208	         210
 1.00000	 22.98098564	 26.98133278	 32.41825867	 21.70199203	 26.88905716	 33.19639206	        -209	         211
 1.00000	 21.06290817	 26.33580589	 33.50506210	 20.37502670	 25.18936348	 32.82506561	        -210	         212
 1.00000	 19.56734467	 24.80702400	 32.71855927	 18.17095757	 25.29943657	 32.47857666	        -211	         213
 1.00000	 17.52017975	 24.83893585	 32.06087112	 17.58634377	 23.48945618	 31.40925598	        -212	         214
 1.00000	 17.75818634	 22.95979691	 30.70200348	 18.34014511	 22.65568924	 29.35330009	        -213	         215
 1.00000	 18.79331970	 22.75270844	 28.58144188	 19.31505585	 22.51379776	 27.19548225	        -214	         216
 1.00000	 18.94939423	 21.69251251	 27.12254333	 18.12410164	 22.08784294	 28.31105423	        -215	         217
 1.00000	 18.33866310	 21.63853264	 29.06079102	 18.81603813	 20.40534210	 28.35271263	        -216	         218
 1.00000	 19.43460464	 20.55025864	 27.71506691	 19.87918663	 21.98252487	 27.68386078	        -217	         219
 1.00000	 19.66717911	 22.11320496	 28.54998207	 19.63401222	 20.61890030	 28.67628288	        -218	         220
 1.00000	 19.46783829	 19.78533936	 28.38010406	 19.71372795	 18.50275803	 29.11804962	        -219	         221
 1.00000	 19.69003868	 17.67766953	 28.75905418	 19.55329514	 17.10197258	 27.38065910	        -220	         222
 1.00000	 19.22403145	 17.21003914	 26.54987907	 19.40493774	 17.61030197	 25.11559486	        -221	         223
 1.00000	 20.05644035	 18.20577812	 25.29849625	 20.01755905	 17.66539955	 26.69721985	        -222	         224
 1.00000	 19.55087662	 18.09344292	 27.33672142	 18.84508705	 19.33941460	 26.89027214	        -223	         225
 1.00000	 18.12734795	 18.79940414	 26.80145264	 18.73106575	 17.56339073	 27.39969444	        -224	         226
 1.00000	 17.93047714	 17.15114784	 27.38383865	 17.30321121	 18.44404030	 26.95373344	        -225	         227
 1.00000	 17.63851166	 19.06986046	 27.50705147	 18.22062111	 18.09879875	 28.49101067	        -226	         228
 1.00000	 17.65811920	 17.40197945	 28.58143616	 16.72202873	 17.43947220	 27.40993500	        -227	         229
 1.00000	 16.21903992	 17.34639549	 26.66929626	 15.22545719	 17.09798241	 25.57333946	        -228	         230
 1.00000	 14.85151005	 17.44980621	 24.83416939	 15.00979900	 18.72090912	 24.05366516	        -229	         231
 1.00000	 14.46696663	 18.92717552	 23.36610222	 13.40869617	 17.96542931	 22.91327477	        -230	         232
 1.00000	 12.74453926	 18.35410690	 22.44659233	 12.82427120	 19.85187340	 22.46404648	        -231	         233
 1.00000	 12.27913761	 19.94562531	 21.75410461	 12.08323097	 18.50552177	 21.38303185	        -232	         234
 1.00000	 12.19721222	 17.77373505	 21.89443016	 11.96704578	 16.63993454	 22.84916687	        -233	         235
 1.00000	 12.48342991	 16.06358910	 22.38956833	 13.05072594	 17.07462311	 21.43775558	        -234	         236
 1.00000	 12.39913177	 17.37124634	 20.89221001	 11.15053082	 17.12035942	 21.68470573	        -235	         237
 1.00000	 11.49408817	 16.31844711	 21.90943909	 12.56806374	 16.44220924	 20.86956978	        -236	         238
 1.00000	 13.28388309	 16.90751839	 20.58448029	 14.66918945	 17.02682114	 20.02168655	        -237	         239
 1.00000	 14.82399750	 17.30990410	 19.18141174	 13.48432732	 17.68147850	 18.61817741	        -238	         240
 1.00000	 13.36347961	 18.01661301	 17.79170990	 14.29490662	 18.29372787	 16.64907646	        -239	         241
 1.00000	 15.12329388	 18.52103424	 16.38067818	 16.51065445	 18.70255852	 16.92122650	        -240	         242
 1.00000	 17.24905205	 19.07231140	 17.27879524	 18.21509171	 19.88779259	 18.08602524	        -241	         243
 1.00000	 18.47669792	 20.71528053	 18.32412148	 18.09208298	 22.16251564	 18.23758507	        -242	         244
 1.00000	 18.27192688	 23.02364922	 18.04804611	 19.12266350	 24.12425613	 17.48701096	        -243	         245
 1.00000	 19.36953163	 24.90312386	 17.10986328	 19.41104126	 26.33697891	 16.67139244	        -244	         246
 1.00000	 19.32905960	 26.57472229	 15.80729961	 19.23556328	 25.87586975	 14.48335552	        -245	         247
 1.00000	 18.93260384	 26.58257103	 14.01561356	 18.78866577	 27.75411034	 14.94121361	        -246	         248
 1.00000	 18.37412071	 28.48220444	 15.26969147	 18.72758102	 29.80317497	 15.88608074	        -247	         249
 1.00000	 17.83752823	 29.87723160	 16.01882553	 17.33366966	 28.51630402	 15.63948822	        -248	         250
 1.00000	 16.94276810	 28.52513885	 16.45286751	 17.60834312	 29.78951836	 16.90944481	        -249	         251
 1.00000	 18.27075386	 30.34326172	 16.65516472	 19.11120033	 31.55282402	 16.93881226	        -250	         252
 1.00000	 19.60744286	 32.28680801	 17.09650612	 19.88257599	 33.61951065	 17.72744179	        -251	         253
 1.00000	 20.00524521	 33.37892914	 18.58925438	 19.59729385	 32.01877594	 18.10608482	        -252	         254
 1.00000	 18.79181480	 32.10153961	 17.71304893	 17.75318146	 33.18310165	 17.75139618	        -253	         255
 1.00000	 18.12481689	 34.00295639	 17.75704956	 19.55453682	 34.45682907	 17.76041794	        -254	         256
 1.00000	 20.45398331	 34.41915131	 17.76891708	 21.15865135	 33.15047455	 18.14829445	        -255	         257
 1.00000	 21.93057442	 33.00928116	 17.70776558	 22.73031425	 34.08246613	 17.03056717	        -256	         258
 1.00000	 23.44393730	 33.60387421	 17.30747986	 22.65964508	 32.59526443	 18.09349632	        -257	         259
 1.00000	 21.98645210	 32.08099747	 18.39809418	 21.13761330	 30.95555496	 18.91092300	        -258	         260
 1.00000	 20.96553612	 30.08379173	 19.05486107	 21.62829781	 28.74914551	 18.88298607	        -259	         261
 1.00000	 21.06964874	 28.04930878	 18.97344208	 19.68214226	 28.52417564	 19.28855896	        -260	         262
 1.00000	 19.40131378	 27.67308998	 19.20115852	 20.80846596	 27.18051529	 19.03580856	        -261	         263
 1.00000	 21.31057739	 27.05139732	 18.30009651	 21.09525681	 27.62201881	 16.92969704	        -262	         264
 1.00000	 20.60222626	 27.99851418	 16.27770996	 19.16573143	 28.37152290	 16.49528885	        -263	         265
 1.00000	 18.33935547	 28.72518730	 16.45043755	 17.75776482	 29.03563118	 17.79777336	        -264	         266
 1.00000	 17.53998947	 28.16180611	 17.83666229	 18.31620026	 27.81115150	 16.60187721	        -265	         267
 1.00000	 18.92294884	 27.65195847	 15.95609093	 19.99570847	 27.16348648	 15.02827263	        -266	         268
 1.00000	 20.40376282	 27.93466377	 14.79453182	 19.31370544	 28.57334518	 15.60301876	        -267	         269
 1.00000	 19.47041130	 29.30390358	 16.10464668	 20.30230904	 29.93732834	 15.02914715	        -268	         270
 1.00000	 19.92488289	 30.74431801	 14.90090275	 18.57472610	 30.88593483	 15.53890705	        -269	         271
 1.00000	 17.72290993	 30.66042519	 15.35518169	 16.97641182	 29.38078117	 15.12011147	        -270	         272
 1.00000	 17.38453674	 28.67704964	 14.73520470	 18.64078140	 29.19901466	 14.10321808	        -271	         273
 1.00000	 19.38032341	 29.62740898	 13.82117844	 20.47723198	 30.61438942	 14.09069824	        -272	         274
 1.00000	 20.76249313	 31.25686264	 13.52873135	 20.42489433	 31.90171051	 12.21718025	        -273	         275
 1.00000	 19.83538628	 31.49338341	 11.67335892	 19.21100235	 30.23636818	 12.20249748	        -274	         276
 1.00000	 18.94422150	 29.38258171	 12.30114365	 18.86194038	 27.88669205	 12.37444401	        -275	         277
 1.00000	 18.65512848	 27.01178551	 12.41312504	 18.12052345	 25.61101532	 12.45576382	        -276	         278
 1.00000	 17.66617012	 24.83606148	 12.50866604	 16.71873474	 23.68085670	 12.64187908	        -277	         279
 1.00000	 16.02073288	 23.16442299	 12.40521717	 14.71007442	 22.55933762	 12.81268406	        -278	         280
 1.00000	 14.18230247	 23.09041405	 13.31202698	 14.99601460	 24.30172729	 12.96472931	        -279	         281
 1.00000	 15.87961006	 24.24834633	 13.12736130	 16.23793030	 22.81638718	 13.39396954	        -280	         282
 1.00000	 16.29022408	 22.13135147	 12.81249714	 16.38530540	 21.37783813	 11.51897049	        -281	         283
 1.00000	 15.50744343	 21.19076920	 11.45260715	 15.26300907	 21.82392311	 12.79026890	        -282	         284
 1.00000	 15.03952026	 22.18960381	 13.58167744	 14.54532719	 22.92236710	 14.79361725	        -283	         285
 1.00000	 14.90120888	 23.35811234	 15.49606705	 16.32044411	 23.61786079	 15.90626335	        -284	         286
 1.00000	 16.51425171	 24.45653343	 16.16897583	 15.51318073	 25.56011009	 15.99604797	        -285	         287
 1.00000	 14.64641476	 25.78186417	 16.09333611	 13.27322006	 25.23480797	 16.34834290	        -286	         288
 1.00000	 13.01051044	 24.40279198	 16.56903267	 13.85190105	 23.16292191	 16.63792229	        -287	         289
 1.00000	 14.53212070	 22.75509644	 17.06324577	 15.64074612	 23.01832962	 18.03872108	        -288	         290
 1.00000	 16.34057236	 23.34876251	 18.49795341	 17.40470886	 24.35956955	 18.80742455	        -289	         291
 1.00000	 17.84402275	 24.52958870	 19.57422638	 17.81031990	 23.92034912	 20.94448853	        -290	         292
 1.00000	 17.75515938	 24.03169060	 21.83579254	 17.25595474	 24.32598686	 23.21931076	        -291	         293
 1.00000	 16.37466049	 24.40872383	 23.05651093	 16.16046524	 24.92960739	 21.66627502	        -292	         294
 1.00000	 16.59180450	 24.27232742	 21.22811508	 16.85633469	 23.51713562	 22.49682999	        -293	         295
 1.00000	 17.04677010	 23.42478371	 23.37158394	 15.90662479	 23.40101624	 24.34597206	        -294	         296
 1.00000	 15.31097221	 23.21509552	 24.99441719	 14.36754322	 22.73962021	 26.05917931	        -295	         297
 1.00000	 13.79372692	 22.39702415	 26.66187477	 12.72245026	 21.89423180	 27.58356667	        -296	         298
 1.00000	 12.63138771	 21.10355949	 28.00362015	 13.60085773	 19.95913315	 27.98394012	        -297	         299
 1.00000	 13.53448963	 19.06341171	 28.04076004	 12.34497929	 18.15111542	 28.09342575	        -298	         300
 1.00000	 12.69118500	 17.32040787	 28.09357452	 14.18382454	 17.46037102	 28.04469299	        -299	         301
 1.00000	 14.97591972	 17.04129219	 27.96182632	 15.85478973	 15.85600567	 27.69235039	        -300	         302
 1.00000	 16.68904305	 15.54689407	 27.82793999	 17.97899628	 16.01844215	 28.43092155	        -301	         303
 1.00000	 18.27746201	 15.17003345	 28.38345718	 17.10425568	 14.76340485	 27.54190636	        -302	         304
 1.00000	 16.31505203	 14.33090115	 27.53794098	 14.95523834	 14.19612598	 26.91931915	        -303	         305
 1.00000	 14.53184891	 14.72711086	 27.50987244	 15.83251858	 14.97773170	 28.21376991	        -304	         306
 1.00000	 16.57015991	 14.59747887	 28.56221008	 17.52407265	 13.68025398	 27.85593033	        -305	         307
 1.00000	 18.05543709	 13.11639309	 27.39766121	 18.62687111	 11.80058384	 26.95922279	        -306	         308
 1.00000	 18.70057678	 10.90445709	 27.00217247	 18.37190056	  9.54528713	 27.54513359	        -307	         309
 1.00000	 18.15335083	  8.70509243	 27.78369331	 17.72238350	  7.34291553	 28.24089432	        -308	         310
 1.00000	 17.54742622	  6.47899103	 28.42581940	 16.69296265	  6.52574635	 29.65742683	        -309	         311
 1.00000	 16.20341110	  7.07289505	 29.12426758	 17.00591278	  6.95145226	 27.86252022	        -310	         312
 1.00000	 17.78717232	  6.84614801	 27.42626381	 18.79893684	  6.33994007	 28.41130829	        -311	         313
 1.00000	 18.59613609	  5.91164780	 29.17695045	 17.82790565	  5.03030157	 30.11674881	        -312	         314
 1.00000	 17.00604248	  4.66327572	 30.11500168	 16.08080292	  5.17854023	 29.05271721	        -313	         315
 1.00000	 15.72175217	  4.35443449	 29.00358582	 16.65380669	  3.75599146	 30.01508522	        -314	         316
 1.00000	 17.12092400	  3.23525572	 30.58134460	 17.93203354	  2.39679837	 31.52426720	        -315	           0
