1.49978
2.37537
3.76283
4.64109
6.12587
7.02056
8.51134
9.38667
10.77676
11.65748
13.02555
13.88362
15.30544
16.15517
17.51703
18.31690
19.59289
20.37495
21.70465
22.49034
23.78591
24.58283
25.92787
26.77548
28.23939
29.10150
30.41291
31.28118
32.75378
33.61672
34.91199
35.68801
36.92981
37.73344
39.14990
39.93766
41.12452
41.90001
43.26345
43.94415
44.76580
45.34619
46.40831
47.03493
48.00672
48.67824
49.89949
50.64490
51.91665
52.64909
53.82872
54.54021
55.72246
56.39433
57.44092
58.07997
59.16410
59.80364
60.83484
61.58369
62.98206
63.82769
65.20824
66.05212
67.48588
68.26576
69.35884
70.02395
71.13019
71.77668
72.84477
73.46553
74.46374
75.08567
76.14353
76.89866
78.29693
79.10090
80.36559
81.18059
82.51479
83.31909
84.66550
85.41603
86.55932
87.06339
87.51993
87.77170
88.06104
88.46034
89.45294
89.96773
90.72941
91.08713
91.43639
91.85032
92.79522
93.32884
94.14038
94.84416
96.24834
97.08621
98.50199
99.29572
100.49153
101.29110
102.70524
103.56140
105.00100
105.86435
107.30701
108.14635
109.50125
110.26852
111.43180
112.03821
112.85581
113.41130
114.40043
115.12071
116.50251
117.24160
118.29415
118.82096
119.41554
119.83446
120.52931
121.19026
122.55849
123.40319
124.74119
125.55289
126.85805
127.65740
128.98722
129.86953
131.34667
132.23367
133.71797
134.55916
135.80468
136.63118
138.08796
138.94780
140.37658
141.14365
142.12783
142.76386
143.89011
144.45082
145.17118
145.61078
146.29571
146.86327
147.99542
148.65930
149.66045
150.21111
151.00295
151.44150
152.02135
152.34192
152.75191
153.23360
154.33342
155.04814
156.33574
157.13017
158.44229
159.30247
160.70693
161.53707
162.87282
163.72726
165.18380
166.02757
167.37957
168.19829
169.57133
170.38016
171.55812
172.28499
173.50549
174.24282
175.47512
176.24194
177.51559
178.15501
178.98663
179.31218
179.54443
179.49848
179.10077
178.81312
178.24565
178.00377
177.75248
177.60295
177.36312
