1.49990
2.39008
3.83422
4.72437
6.12003
6.94561
8.19646
8.93321
10.12100
10.80813
11.89555
12.55567
13.64701
14.31411
15.41869
16.17414
17.44187
18.28595
19.65165
20.47234
21.82729
22.59636
23.77509
24.48244
25.66487
26.29750
27.18963
27.80669
28.94164
29.59780
30.58890
31.28439
32.55285
33.38502
34.86010
35.63784
36.62983
37.26798
38.33489
39.06884
40.36116
41.10901
42.27866
42.94193
43.97716
44.52244
45.17247
45.71889
46.76704
47.41491
48.49958
49.17961
50.35971
51.06660
52.25027
52.90627
53.85253
54.54228
55.82090
56.56213
57.72887
58.44406
59.65636
