 0.10000	100.63854980	 73.17139435	 54.81891251	102.01321411	 72.62218475	 54.57720947	           0	           2
 0.10000	102.80906677	 72.34136200	 54.26539993	104.01301575	 71.98875427	 53.44339752	          -1	           3
 0.10000	104.78116608	 71.76647949	 53.03148270	106.11158752	 71.32283783	 52.50000000	          -2	           4
 0.10000	106.93218231	 71.35590363	 52.13286209	108.19499207	 71.81018829	 51.46313858	          -3	           5
 0.10000	108.76744843	 72.48959351	 51.32104492	109.02848053	 73.92331696	 51.67597580	          -4	           6
 0.10000	109.20995331	 74.79944611	 51.58213043	109.40015411	 76.17239380	 51.00908661	          -5	           7
 0.10000	109.53494263	 77.01325989	 50.71931076	109.93202972	 78.40340424	 50.32016373	          -6	           8
 0.10000	109.64352417	 79.17665100	 49.96169281	108.57272339	 79.96365356	 49.26613617	          -7	           9
 0.10000	107.69218445	 80.14567566	 49.29871750	106.47933960	 79.73317719	 50.07884979	          -8	          10
 0.10000	105.73696136	 79.42467499	 50.48277283	104.61226654	 78.83221436	 51.27891922	          -9	          11
 0.10000	104.05885315	 78.12286377	 51.26949692	103.68255615	 76.92961884	 50.44223785	         -10	          12
 0.10000	103.88298035	 76.15255737	 50.03546524	104.85261536	 75.17884827	 49.43442917	         -11	          13
 0.10000	105.60205078	 74.72061920	 49.62842178	106.60818481	 74.59117126	 50.73291397	         -12	          14
 0.10000	107.27096558	 74.49370575	 51.33251572	108.40728760	 74.44660187	 52.30969620	         -13	          15
 0.10000	108.96488190	 74.32920837	 53.00474930	109.64344788	 73.99122620	 54.29830933	         -14	          16
 0.10000	110.09870911	 73.85199738	 55.06049347	110.91683960	 73.84273529	 56.31701660	         -15	          17
 0.10000	111.28400421	 73.37668610	 56.99221039	111.52437592	 72.07199097	 57.69070816	         -16	          18
 0.10000	111.70121002	 71.27141571	 58.05770874	111.97354889	 69.86105347	 58.48665619	         -17	          19
 0.10000	112.16397858	 69.02642822	 58.75830078	112.46672821	 67.61468506	 59.16181183	         -18	          20
 0.10000	112.89382935	 66.92656708	 59.55094528	113.87693024	 66.13600922	 60.36124802	         -19	          21
 0.10000	114.63038635	 65.92015839	 60.80120087	115.99807739	 66.10565948	 61.38730240	         -20	          22
 0.10000	116.84649658	 66.22245789	 61.66134262	118.31456757	 66.48277283	 61.82283020	         -21	          23
 0.10000	119.00994873	 66.71652985	 62.34318542	119.56023407	 67.08457947	 63.68891144	         -22	          24
 0.10000	119.92916870	 67.56020355	 64.35729218	120.47941589	 68.65464020	 65.22248840	         -23	          25
 0.10000	120.64736176	 69.44222260	 65.62310791	120.74383545	 70.89505005	 65.98277283	         -24	          26
 0.10000	120.36263275	 71.68466187	 66.18443298	119.05195618	 72.39979553	 66.32708740	         -25	          27
 0.10000	118.76428223	 73.22962952	 66.52262115	119.26252747	 74.60218811	 66.86534119	         -26	          28
 0.10000	119.48406982	 75.44802094	 67.07690430	119.81449890	 76.88490295	 67.35169983	         -27	          29
 0.10000	120.25392151	 77.53895569	 67.78576660	121.09206390	 78.11602783	 68.88757324	         -28	          30
 0.10000	121.94834137	 78.16686249	 69.15877533	123.34105682	 77.65540314	 68.93878174	         -29	          31
 0.10000	123.89389801	 77.30413818	 68.32184601	123.73998260	 76.80063629	 66.91735077	         -30	          32
 0.10000	124.15822601	 76.70718384	 66.12627411	125.42398071	 76.90831757	 65.34713745	         -31	          33
 0.10000	125.71481323	 77.24483490	 64.56491089	125.30355072	 78.05616760	 63.37240982	         -32	          34
 0.10000	124.95867920	 78.30497742	 62.57968140	124.14662170	 78.38162231	 61.32108307	         -33	          35
 0.10000	123.61972046	 78.12014771	 60.64038086	122.78910065	 77.13256836	 59.87606812	         -34	          36
 0.10000	122.25894928	 76.81188202	 59.22381973	121.42832947	 76.60935211	 57.99155426	         -35	          37
 0.10000	120.93260956	 76.84718323	 57.27940750	120.29338837	 77.90743256	 56.43275452	         -36	          38
 0.10000	119.88928223	 78.10214996	 55.65281677	119.43935394	 77.57105255	 54.32423782	         -37	          39
 0.10000	119.02364349	 77.74276733	 53.54507828	118.36968231	 78.61118317	 52.51190186	         -38	          40
 0.10000	117.78083801	 79.26283264	 52.31813812	116.83537292	 80.29713440	 52.85200500	         -39	          41
 0.10000	116.22019196	 80.84631348	 53.20920181	115.16648102	 81.61202240	 53.95155334	         -40	          42
 0.10000	114.57580566	 81.94277191	 54.54178238	113.71180725	 82.23251343	 55.73199463	         -41	          43
 0.10000	113.17961884	 82.42058563	 56.43028641	112.29954529	 82.75205231	 57.59767151	         -42	          44
 0.10000	111.74197388	 82.86257172	 58.29339600	110.83369446	 83.00775909	 59.47752762	         -43	          45
 0.10000	110.13329315	 82.70847321	 59.95553207	109.03541565	 81.69805908	 60.10660553	         -44	          46
 0.10000	108.40142822	 81.10228729	 60.33538818	107.57746887	 79.95371246	 60.83683777	         -45	          47
 0.10000	106.72536469	 79.77639008	 61.06467056	105.35147858	 80.37609863	 61.11422729	         -46	          48
 0.10000	104.79753113	 81.06557465	 61.27928543	104.69253540	 82.52142334	 61.62411880	         -47	          49
 0.10000	104.55033875	 83.38583374	 61.82810974	104.28083038	 84.81951141	 62.17594147	         -48	          50
 0.10000	104.34140778	 85.70101166	 62.34317017	104.84844208	 87.09991455	 62.53044510	         -49	          51
 0.10000	104.94654846	 87.98448181	 62.66093826	104.96232605	 89.48062897	 62.76481628	         -50	          52
 0.10000	104.53160095	 90.15065002	 63.18323898	103.32773590	 90.33638763	 64.05828857	         -51	          53
 0.10000	102.90602112	 90.52137756	 64.83108521	102.69397736	 90.78713989	 66.29179382	         -52	          54
 0.10000	102.90610504	 90.68665314	 67.15997314	103.83504486	 90.13100433	 68.19768524	         -53	          55
 0.10000	104.28837585	 89.79041290	 68.89479828	104.95909882	 89.10750580	 70.04864502	         -54	          56
 0.10000	105.36041260	 88.83096313	 70.80321503	105.98761749	 88.55895233	 72.13748169	         -55	          57
 0.10000	106.37458801	 88.50617981	 72.94679260	107.19312286	 88.51824188	 74.20314789	         -56	          58
 0.10000	107.26340485	 88.81419373	 75.04945374	107.12113953	 89.67720032	 76.26767731	         -57	          59
 0.10000	106.85391998	 90.28397369	 76.87581635	107.92198944	 90.81829071	 77.78287506	         -58	          60
 0.10000	108.56453705	 91.16767883	 78.30586243	109.70819855	 91.76850128	 79.06742096	         -59	          61
 0.10000	110.49495697	 91.75485229	 79.50259399	111.75384521	 91.11293030	 80.00466156	         -60	          62
 0.10000	112.46970367	 90.81362915	 80.45918274	113.47188568	 90.34526062	 81.47171783	         -61	          63
 0.10000	114.29991913	 90.18902588	 81.78596497	115.79953003	 90.18790436	 81.79021454	         -62	          64
 0.10000	116.69329071	 90.17361450	 81.69100189	118.14190674	 90.19258118	 81.30318451	         -63	          65
 0.10000	118.96833801	 90.07171631	 80.96890259	120.18381500	 89.91633606	 80.10396576	         -64	          66
 0.10000	120.24156952	 89.01840210	 80.11285400	120.79021454	 87.69274902	 79.67568207	         -65	          67
 0.10000	120.90745544	 86.80709076	 79.57058716	121.16215515	 85.36141968	 79.26290131	         -66	          68
 0.10000	121.82086945	 84.75233459	 79.33110046	123.22912598	 84.46949768	 79.76310730	         -67	          69
 0.10000	123.99365234	 84.83382416	 80.06681061	124.51123047	 86.18745422	 80.45326996	         -68	          70
 0.10000	125.06925201	 86.84754181	 80.70260620	126.20962524	 87.76481628	 81.03028870	         -69	          71
 0.10000	126.82291412	 88.25784302	 81.46600342	127.73967743	 88.74445343	 82.54864502	         -70	          72
 0.10000	128.00630188	 89.44960022	 83.03957367	127.95251465	 90.91459656	 83.35631561	         -71	          73
 0.10000	127.43526459	 91.62195587	 83.56022644	126.05474091	 92.17943573	 83.74150848	         -72	          74
 0.10000	125.15737152	 92.14005280	 83.69199371	123.93399048	 91.33101654	 83.37841797	         -73	          75
 0.10000	123.12919617	 91.07883453	 83.06553650	121.78900146	 91.00811005	 82.39603424	         -74	          76
 0.10000	121.21889496	 90.66551208	 81.79029083	120.86919403	 89.74279022	 80.66081238	         -75	          77
 0.10000	121.06391907	 89.47625732	 79.82394409	120.80140686	 88.43886566	 78.77303314	         -76	          78
 0.10000	120.61022186	 88.16793060	 77.93661499	120.06296539	 88.44776154	 76.56855774	         -77	          79
 0.10000	119.74147034	 88.34787750	 75.73447418	119.18489838	 87.93433380	 74.40457916	         -78	          80
 0.10000	119.05305481	 87.25827026	 73.82580566	119.33710480	 85.80060577	 73.61618042	         -79	          81
 0.10000	119.15101624	 84.94675446	 73.40329742	118.39013672	 83.69744873	 73.07300568	         -80	          82
 0.10000	117.81941223	 83.02406311	 72.90234375	116.68650055	 82.07045746	 72.66641235	         -81	          83
 0.10000	115.88664246	 81.67218781	 72.56752777	114.42742157	 81.33300781	 72.50132751	         -82	          84
 0.10000	113.53267670	 81.27983856	 72.42775726	112.08633423	 81.63847351	 72.25836182	         -83	          85
 0.10000	111.23951721	 81.33888245	 72.20890808	110.36624146	 80.11959839	 72.19471741	         -84	          86
 0.10000	109.59001923	 79.68672180	 72.33373260	108.17088318	 79.42393494	 72.74140930	         -85	          87
 0.10000	107.37992859	 79.51390839	 73.15989685	106.31053925	 80.03662872	 74.07206726	         -86	          88
 0.10000	105.87546539	 80.65441895	 74.55954742	105.69179535	 82.03410339	 75.11756897	         -87	          89
 0.10000	105.57878876	 82.82242584	 75.53445435	105.49987793	 84.09618378	 76.32154083	         -88	          90
 0.10000	105.40085602	 84.89970398	 76.71213531	105.06274414	 86.25350189	 77.26125336	         -89	          91
 0.10000	105.19346619	 87.11769104	 77.47292328	105.96980286	 88.37675476	 77.72057343	         -90	          92
 0.10000	106.27857971	 89.14704132	 77.37310028	106.20817566	 90.00442505	 76.14440155	         -91	          93
 0.10000	106.41307068	 90.55351257	 75.46146393	105.12521362	 91.28110504	 75.21276855	         -92	          94
 0.10000	104.43859863	 91.68067169	 74.79050446	103.35514832	 92.02632904	 73.81273651	         -93	          95
 0.10000	102.74775696	 92.62053680	 73.51722717	102.10277557	 93.97062683	 73.62016296	         -94	          96
 0.10000	101.62260437	 94.72994995	 73.66167450	100.74671173	 95.94038391	 73.79046631	         -95	          97
 0.10000	100.22094727	 96.66616821	 73.86701202	 99.43605804	 97.94301605	 73.92287445	         -96	          98
 0.10000	 98.68957520	 98.35163116	 74.21488953	 97.44821167	 98.08863068	 75.01468658	         -97	          99
 0.10000	 96.64717865	 98.43556213	 75.23283386	 95.71746063	 99.57949066	 74.95581818	         -98	         100
 0.10000	 95.00107574	100.03559875	 75.25270081	 93.92443848	100.31686401	 76.25826263	         -99	         101
 0.10000	 93.42881775	100.24255371	 77.00521851	 93.01812744	 99.59672546	 78.29501343	        -100	         102
 0.10000	 92.85713196	 99.46339417	 79.16983795	 92.83815765	 99.55620575	 80.66654968	        -101	         103
 0.10000	 92.78614044	 99.79433441	 81.53242493	 92.50943756	100.55404663	 82.79564667	        -102	         104
 0.10000	 92.91996002	100.81380463	 83.55305481	 94.28530884	100.63843536	 84.14861298	        -103	         105
 0.10000	 94.76275635	101.06586456	 84.78018951	 94.72161865	102.24170685	 85.71034241	        -104	         106
 0.10000	 94.47573090	103.00290680	 86.12170410	 93.59645844	104.18597412	 86.39828491	        -105	         107
 0.10000	 93.15977478	104.94805145	 86.59203339	 92.67118835	106.32656097	 86.92436218	        -106	         108
 0.10000	 91.94841003	106.85900879	 86.98362732	 90.46537018	107.00152588	 86.81140900	        -107	         109
 0.10000	 89.57440186	106.91671753	 86.72172546	 88.24124146	106.24096680	 86.59754181	        -108	         110
 0.10000	 87.43860626	106.13317108	 86.20561218	 86.26903534	107.07132721	 86.24671173	        -109	         111
 0.10000	 85.39928436	107.16090393	 86.03440094	 84.11553955	106.66117096	 85.44136810	        -110	         112
 0.10000	 83.48954010	106.08584595	 85.14752960	 82.84386444	104.77455139	 84.81148529	        -111	         113
 0.10000	 82.76513672	103.89734650	 84.62869263	 83.21999359	102.47998047	 84.44527435	        -112	         114
 0.10000	 83.55303192	101.65815735	 84.29420471	 84.15995789	100.34696960	 83.89180756	        -113	         115
 0.10000	 84.88052368	 99.83001709	 84.04377747	 86.18311310	 99.85765839	 84.78668213	        -114	         116
 0.10000	 86.84558105	 99.58786011	 85.33229828	 87.51134491	 98.90351868	 86.48903656	        -115	         117
 0.10000	 88.23956299	 98.43202972	 86.72790527	 89.52468872	 97.83309174	 86.23876953	        -116	         118
 0.10000	 90.20848083	 97.30146790	 85.99594879	 91.13479614	 96.19248199	 85.59441376	        -117	         119
 0.10000	 91.70372009	 95.64644623	 85.16185760	 92.62982941	 95.04338837	 84.14802551	        -118	         120
 0.10000	 92.99796295	 94.39674377	 83.64249420	 93.26428986	 92.98430634	 83.21397400	        -119	         121
 0.10000	 93.19513702	 92.45446777	 82.49005890	 92.75822449	 92.48571014	 81.05562592	        -120	         122
 0.10000	 92.23574829	 92.37187195	 80.33225250	 91.00811768	 92.22882080	 79.48271179	        -121	         123
 0.10000	 90.26699829	 91.86719513	 79.12343597	 89.12050629	 90.93883514	 78.85339355	        -122	         124
 0.10000	 88.54946136	 90.25032806	 78.94911194	 88.02830505	 89.04639435	 79.67610168	        -123	         125
 0.10000	 87.51589203	 88.30761719	 79.64682770	 86.65902710	 87.32602692	 78.90402222	        -124	         126
 0.10000	 85.96479034	 86.91831207	 78.50276947	 84.71276855	 86.55865479	 77.75939178	        -125	         127
 0.10000	 83.83046722	 86.73357391	 77.74031067	 82.90643311	 87.67031097	 78.46021271	        -126	         128
 0.10000	 82.02777863	 87.76751709	 78.62773895	 80.66783905	 87.15772247	 78.45964050	        -127	         129
 0.10000	 79.83294678	 86.82722473	 78.40575409	 78.51459503	 86.11703491	 78.32244873	        -128	         130
 0.10000	 77.61808777	 86.06865692	 78.26765442	 76.21070862	 86.58607483	 78.23757172	        -129	         131
 0.10000	 75.45423126	 87.01519012	 78.00852966	 74.52521515	 87.93504333	 77.27378845	        -130	         132
 0.10000	 73.88729095	 88.52724457	 77.04793549	 72.73889923	 89.49168396	 77.03211975	        -131	         133
 0.10000	 72.32627106	 90.28269196	 76.91793060	 72.13955688	 91.74301910	 76.63227081	        -132	         134
 0.10000	 72.28134918	 92.61887360	 76.48466492	 72.89826202	 93.95662689	 76.20335388	        -133	         135
 0.10000	 73.56477356	 94.54678345	 76.33244324	 74.87194061	 94.97476196	 76.93025208	        -134	         136
 0.10000	 75.61980438	 94.78223419	 77.39109802	 76.41136169	 93.75000000	 78.13716125	        -135	         137
 0.10000	 76.85779572	 93.07887268	 78.53474426	 77.42150116	 91.79752350	 79.07187653	        -136	         138
 0.10000	 77.78089905	 91.05525970	 79.42858124	 78.38155365	 89.84273529	 80.07436371	        -137	         139
 0.10000	 78.76306915	 89.08412933	 80.36934662	 79.54980469	 87.85594940	 80.71787262	        -138	         140
 0.10000	 79.54568481	 86.96629333	 80.85068512	 78.67985535	 85.74163818	 80.84683990	        -139	         141
 0.10000	 78.57463837	 84.84941864	 80.89228058	 79.05765533	 83.43357086	 80.99887848	        -140	         142
 0.10000	 79.06053162	 82.53698730	 81.07012177	 78.92067719	 81.04479980	 81.01786804	        -141	         143
 0.10000	 78.79984283	 80.18869781	 81.26546478	 78.65564728	 78.70185852	 81.39747620	        -142	         144
 0.10000	 79.08953094	 77.91658020	 81.33517456	 80.33683777	 77.14652252	 81.01897430	        -143	         145
 0.10000	 81.05689240	 76.64772797	 80.81689453	 82.25249481	 75.82862091	 80.43252563	        -144	         146
 0.10000	 83.04965210	 75.48445129	 80.20060730	 84.47285461	 75.18491364	 79.83575439	        -145	         147
 0.10000	 85.29397583	 74.99245453	 79.52440643	 86.67195129	 74.78590393	 78.97004700	        -146	         148
 0.10000	 87.14160156	 74.40114594	 78.30651093	 87.01313019	 73.57936096	 77.05861664	        -147	         149
 0.10000	 86.98438263	 73.08972931	 76.30475616	 86.98641968	 72.25990295	 75.05547333	        -148	         150
 0.10000	 86.53661346	 71.86187744	 74.38562012	 85.26543427	 71.40871429	 73.73104095	        -149	         151
 0.10000	 84.51410675	 71.64644623	 73.29706573	 83.66227722	 72.79521942	 72.84515381	        -150	         152
 0.10000	 83.08084106	 73.41220856	 72.54460144	 82.10710144	 74.45510864	 72.08271790	        -151	         153
 0.10000	 81.48732758	 74.98002625	 71.69598389	 80.31237793	 75.51397705	 70.93180847	        -152	         154
 0.10000	 80.11164093	 76.23255920	 70.42903900	 80.85578156	 77.39799500	 69.84784698	        -153	         155
 0.10000	 80.90144348	 78.29474640	 69.79055786	 80.43844604	 79.63162231	 70.28836823	        -154	         156
 0.10000	 80.19824219	 80.45925140	 70.54626465	 79.91002655	 81.88823700	 70.89912415	        -155	         157
 0.10000	 79.33985901	 82.38176727	 71.38999176	 78.16394043	 82.24107361	 72.31025696	        -156	         158
 0.10000	 77.44131470	 82.12667084	 72.83355713	 76.15287018	 81.78186798	 73.51954651	        -157	         159
 0.10000	 75.77169037	 81.38073730	 74.22903442	 76.02104950	 80.53273010	 75.44074249	        -158	         160
 0.10000	 76.02971649	 80.32157135	 76.31516266	 75.85765839	 80.53895569	 77.78916168	        -159	         161
 0.10000	 76.17292023	 80.47476196	 78.62935638	 77.23783112	 80.09193420	 79.61371613	        -160	         162
 0.10000	 77.75498199	 80.25251770	 80.33205414	 78.18647003	 80.88820648	 81.62016296	        -161	         163
 0.10000	 78.80332184	 81.45227051	 81.95285034	 79.21972656	 82.86441803	 82.23896027	        -162	         164
 0.10000	 79.68218231	 83.58568573	 82.51280975	 80.79308319	 84.43580627	 83.05352020	        -163	         165
 0.10000	 81.25177002	 85.16274261	 83.31835938	 81.64163971	 86.58181000	 83.60693359	        -164	         166
 0.10000	 81.68810272	 87.45601654	 83.81354523	 81.28427124	 88.86352539	 84.13803101	        -165	         167
 0.10000	 81.49340820	 89.67747498	 84.45948792	 82.58655548	 90.52506256	 85.03939056	        -166	         168
 0.10000	 82.62915039	 91.32926178	 85.44054413	 81.67657471	 92.40704346	 85.86559296	        -167	         169
 0.10000	 81.33882904	 93.18146515	 86.17472839	 80.99463654	 94.55821228	 86.65986633	        -168	         170
 0.10000	 80.97064209	 95.33215332	 87.11785889	 81.28644562	 96.32025909	 88.20114899	        -169	         171
 0.10000	 81.40107727	 97.19800568	 88.36231232	 81.29509735	 98.55460358	 87.73126984	        -170	         172
 0.10000	 81.78062439	 99.26790619	 87.47634888	 83.17558289	 99.77585602	 87.26280212	        -171	         173
 0.10000	 83.93121338	100.25868225	 87.19185638	 85.10890198	101.18685150	 87.21561432	        -172	         174
 0.10000	 85.75273132	101.81449890	 87.22680664	 86.66188812	103.00574493	 87.28478241	        -173	         175
 0.10000	 87.32145691	103.61394501	 87.22129059	 88.63597107	104.31489563	 87.04756927	        -174	         176
 0.10000	 89.01765442	105.02654266	 86.65107727	 88.88365173	106.19225311	 85.71681213	        -175	         177
 0.10000	 88.27487946	106.76549530	 85.38455963	 87.08161926	106.44115448	 84.53552246	        -176	         178
 0.10000	 86.45702362	106.91161346	 84.09047699	 86.17025757	108.35241699	 83.78813934	        -177	         179
 0.10000	 85.53574371	108.98551941	 83.71040344	 84.10789490	109.43981171	 83.77611542	        -178	         180
 0.10000	 83.33361816	109.63075256	 84.19251251	 82.42958069	109.64311981	 85.38916016	        -179	         181
 0.10000	 81.83826447	109.63672638	 86.06682587	 80.95096588	109.59336853	 87.27510834	        -180	         182
 0.10000	 80.14138794	109.43289948	 87.63204956	 78.71166992	109.02285004	 87.44126129	        -181	         183
 0.10000	 77.86284637	108.72707367	 87.43368530	 76.47071075	108.17135620	 87.46928406	        -182	         184
 0.10000	 75.70352936	107.70309448	 87.46981049	 74.58074951	106.70960999	 87.44483948	        -183	         185
 0.10000	 73.90761566	106.11381531	 87.43044281	 72.69749451	105.22841644	 87.45526886	        -184	         186
 0.10000	 72.43571472	104.38117981	 87.30396271	 72.84535217	102.98772430	 86.92970276	        -185	         187
 0.10000	 73.47238922	102.45552063	 86.56478119	 74.84894562	102.56396484	 85.97901917	        -186	         188
 0.10000	 75.57582855	102.18920135	 85.60407257	 76.37390137	101.07687378	 84.99152374	        -187	         189
 0.10000	 77.13320160	100.60044861	 84.91589355	 78.52225494	100.25329590	 85.36220551	        -188	         190
 0.10000	 79.35906219	 99.92454529	 85.38242340	 80.69303894	 99.30948639	 85.08102417	        -189	         191
 0.10000	 81.45240784	 98.84600067	 84.95248413	 82.56234741	 97.86747742	 84.70989227	        -190	         192
 0.10000	 83.38539124	 97.54015350	 84.86148834	 84.71855164	 97.52173615	 85.54702759	        -191	         193
 0.10000	 85.50859833	 97.45742035	 85.96914673	 86.78342438	 97.35100555	 86.75029755	        -192	         194
 0.10000	 87.54973602	 97.29139709	 87.21395111	 88.85502625	 97.20549011	 87.94581604	        -193	         195
 0.10000	 89.49203491	 97.11571503	 88.57238007	 90.23812103	 96.93991852	 89.86071014	        -194	         196
 0.10000	 90.66812134	 96.71931458	 90.61820221	 91.41281128	 96.22878265	 91.82376099	        -195	         197
 0.10000	 91.40716553	 95.73434448	 92.57487488	 90.57465363	 94.88336945	 93.48706055	        -196	         198
 0.10000	 90.38991547	 94.13699341	 93.95387268	 90.45988464	 92.69092560	 94.34525299	        -197	         199
 0.10000	 90.79326630	 91.96404266	 94.75714874	 91.83763123	 91.23152924	 95.54583740	        -198	         200
 0.10000	 92.23536682	 90.58883667	 96.03359985	 92.45964813	 89.28404999	 96.73835754	        -199	         201
 0.10000	 92.83206177	 88.81960297	 97.41288757	 93.65870667	 88.75159454	 98.66240692	        -200	         202
 0.10000	 94.06446075	 88.64659882	 99.45816040	 94.57341003	 88.42311859	100.85105896	        -201	         203
 0.10000	 94.99333954	 88.54395294	101.63730621	 95.70460510	 89.13729858	102.81693268	        -202	         204
 0.10000	 96.43007660	 89.49537659	103.21055603	 97.86231232	 89.91652679	103.06570435	        -203	         205
 0.10000	 98.51053619	 90.47026825	103.35300446	 98.88791656	 91.65140533	104.19668579	        -204	         206
 0.10000	 99.43207550	 92.15251160	104.70853424	100.71569824	 92.48645020	105.40865326	        -205	         207
 0.10000	101.04769897	 92.90629578	106.13148499	100.70836639	 93.65238190	107.38711548	        -206	         208
 0.10000	100.59590149	 94.10728455	108.15364838	100.40715027	 94.87191010	109.42915344	        -207	         209
 0.10000	100.36532593	 95.34300995	110.19237518	100.38877869	 96.14559937	111.45801544	        -208	         210
 0.10000	100.52394867	 96.64067841	112.19468689	100.95709991	 97.50299835	113.34182739	        -209	         211
 0.10000	101.24023438	 97.90701294	114.09268188	101.72859955	 98.49686432	115.38184357	        -210	         212
 0.10000	102.11342621	 98.38238525	116.18634796	102.76942444	 97.43351746	117.14468384	        -211	         213
 0.10000	102.94380951	 96.96212006	117.89054871	102.75316620	 96.32335663	119.23406982	        -212	         214
 0.10000	102.95325470	 95.85578156	119.97606659	103.77483368	 95.16226196	121.02173615	        -213	         215
 0.10000	103.97206879	 94.37773132	121.41542816	103.71862793	 92.89952850	121.41429901	        -214	         216
 0.10000	103.77277374	 92.00434113	121.48234558	104.00677490	 90.52422333	121.54025269	        -215	         217
 0.10000	104.48921967	 89.79844666	121.76168060	105.67665863	 89.11170197	122.36724091	        -216	         218
 0.10000	106.47473145	 88.81504059	122.65432739	107.91796875	 88.62966919	123.01548767	        -217	         219
 0.10000	108.78778839	 88.54994965	123.22541809	110.24351501	 88.46749878	123.57440186	        -218	         220
 0.10000	111.12622833	 88.61511230	123.65576935	112.49788666	 89.19318390	123.47474670	        -219	         221
 0.10000	113.31538391	 89.46752167	123.72928619	114.46066284	 89.72588348	124.66216278	        -220	         222
 0.10000	115.09563446	 90.10888672	125.17087555	115.91715240	 91.11318970	125.92285156	        -221	         223
 0.10000	116.56013489	 91.44951630	126.45402527	117.71737671	 91.43711090	127.40785980	        -222	         224
 0.10000	118.41921234	 91.84771729	127.79253387	119.28913116	 93.03266144	128.08993530	        -223	         225
 0.10000	119.97056580	 93.56745911	127.84778595	120.98770905	 93.93978119	126.81062317	        -224	         226
 0.10000	121.55322266	 94.30666351	126.21579742	122.35913849	 95.03697968	125.18360138	        -225	         227
 0.10000	122.90412140	 95.51084137	124.64863586	123.86857605	 96.42671967	123.95650482	        -226	         228
 0.10000	124.46580505	 96.71607208	123.35021210	125.38551331	 96.66279602	122.16716003	        -227	         229
 0.10000	125.89714813	 96.89421844	121.46507263	126.60466003	 97.62858582	120.36558533	        -228	         230
 0.10000	127.05491638	 98.01696014	119.69081879	127.93612671	 98.68322754	118.67649078	        -229	         231
 0.10000	128.00988770	 98.82308960	117.79093170	127.33296967	 98.43873596	116.50891876	        -230	         232
 0.10000	126.96084595	 98.56266785	115.69941711	126.29537964	 99.15447235	114.49277496	        -231	         233
 0.10000	126.11538696	 99.81433105	113.90876770	126.26950073	101.24147797	113.47503662	        -232	         234
 0.10000	126.22499847	101.96147156	112.93899536	126.02135468	102.86254883	111.75829315	        -233	         235
 0.10000	125.82205963	103.42781067	111.08957672	125.39144897	104.37823486	110.01350403	        -234	         236
 0.10000	124.94420624	104.86375427	109.40518188	123.91179657	105.49509430	108.52091980	        -235	         237
 0.10000	123.29930878	105.84459686	107.96583557	122.23537445	106.31912231	107.02271271	        -236	         238
 0.10000	121.64871216	106.73846436	106.48775482	120.73207855	107.53934479	105.61254120	        -237	         239
 0.10000	120.40943146	108.33987427	105.36257935	120.45249939	109.82885742	105.53263855	        -238	         240
 0.10000	120.31324768	110.71208191	105.61988068	119.92501068	112.14138794	105.85147858	        -239	         241
 0.10000	119.61889648	112.98287964	105.92150116	118.98338318	114.34037781	105.94907379	        -240	         242
 0.10000	118.54535675	115.12336731	105.90175629	117.63346100	116.29808044	105.71006012	        -241	         243
 0.10000	117.39053345	117.15473175	105.58476257	117.49168396	118.59993744	105.19685364	        -242	         244
 0.10000	117.68601990	119.39303589	105.57458496	118.26496887	119.99134827	106.82212830	        -243	         245
 0.10000	118.16944885	120.06301880	107.71387482	117.37262726	119.50854492	108.85717773	        -244	         246
 0.10000	116.92495728	119.15764618	109.55398560	116.11732483	118.39501953	110.56156921	        -245	         247
 0.10000	115.73647308	118.13760376	111.33468628	115.42888641	117.93143463	112.78806305	        -246	         248
 0.10000	114.95034027	118.23726654	113.48587036	114.11141205	119.35908508	114.02179718	        -247	         249
 0.10000	113.31170654	119.77098846	114.01016235	112.03266144	119.92819214	113.24278259	        -248	         250
 0.10000	111.15571594	119.74617004	113.15848541	109.99414825	118.87960815	113.54494476	        -249	         251
 0.10000	109.14640808	118.78190613	113.82993317	107.89096069	119.41625214	114.35068512	        -250	         252
 0.10000	107.08035278	119.22164917	114.68897247	106.13550568	118.13513184	115.10883331	        -251	         253
 0.10000	105.47718811	117.58045959	115.36980438	104.40625763	116.64260101	115.84201050	        -252	         254
 0.10000	103.54293060	116.39246368	115.88188934	102.10375977	116.64833069	115.54621887	        -253	         255
 0.10000	101.24793243	116.61380768	115.27133942	 99.90921021	116.21601868	114.72443390	        -254	         256
 0.10000	 99.23860931	116.47813416	114.18482971	 98.77956390	117.55632019	113.24870300	        -255	         257
 0.10000	 98.40238190	118.13973236	112.67739105	 97.70603943	119.10095978	111.76077271	        -256	         258
 0.10000	 97.43863678	119.65406036	111.10373688	 97.21826935	120.35225677	109.79473877	        -257	         259
 0.10000	 97.22863770	121.15991211	109.39844513	 97.66100311	122.58112335	109.60578156	        -258	         260
 0.10000	 97.36353302	123.41081238	109.78624725	 96.17307281	124.24738312	110.15021515	        -259	         261
 0.10000	 95.49251556	124.60820770	110.61480713	 94.44285583	124.79811859	111.66901398	        -260	         262
 0.10000	 93.90909576	124.83459473	112.39205933	 93.30104828	124.60553741	113.74378967	        -261	         263
 0.10000	 92.75258636	124.82524109	114.42222595	 91.71197510	125.70438385	115.04962158	        -262	         264
 0.10000	 91.27741241	126.05990601	115.75248718	 91.06189728	126.29959106	117.21720123	        -263	         265
 0.10000	 90.60393524	126.59788513	117.93148041	 89.48348999	127.23367310	118.69920349	        -264	         266
 0.10000	 88.81646729	127.56639862	119.20201874	 87.65865326	128.09938049	119.99201965	        -265	         267
 0.10000	 87.01953125	128.22415161	120.61221313	 86.16711426	128.13920593	121.84314728	        -266	         268
 0.10000	 85.51975250	127.88294220	122.41250610	 84.40687561	126.99168396	122.87789917	        -267	         269
 0.10000	 83.75743103	127.00312042	123.50030518	 83.22551727	127.93052673	124.55201721	        -268	         270
 0.10000	 82.73948669	128.14414978	125.27764130	 81.85794067	128.03532410	126.48558807	        -269	         271
 0.10000	 81.31716919	127.91042328	127.19218445	 80.40430450	127.50534058	128.31021118	        -270	         272
 0.10000	 79.84270477	127.42345428	129.00608826	 78.90693665	127.58150482	130.16639709	        -271	         273
 0.10000	 78.39225006	127.46050262	130.89212036	 77.67517090	126.93809509	132.10038757	        -272	         274
 0.10000	 77.22689056	126.66595459	132.82981873	 76.39907837	126.32377625	134.03221130	        -273	         275
 0.10000	 76.22965240	125.82431030	134.76033020	 76.62324524	124.70466614	135.67698669	        -274	         276
 0.10000	 76.56805420	124.07838440	136.31945801	 76.10891724	123.14509583	137.39936829	        -275	         277
 0.10000	 75.75653839	122.63916016	138.05307007	 75.07643127	121.85187531	139.13279724	        -276	         278
 0.10000	 74.41867065	121.68602753	139.72279358	 73.12130737	122.01134491	140.40066528	        -277	         279
 0.10000	 72.34571075	122.09038544	140.84799194	 71.05164337	122.19218445	141.59867859	        -278	         280
 0.10000	 70.32172394	121.98858643	142.08258057	 69.20565796	121.38629913	142.88288879	        -279	         281
 0.10000	 68.94085693	120.60051727	143.23088074	 69.39406586	119.17260742	143.29580688	        -280	         282
 0.10000	 69.62435150	118.31394196	143.42646790	 70.07848358	116.91044617	143.69384766	        -281	         283
 0.10000	 70.42130280	116.09644318	143.85675049	 71.09581757	114.79024506	144.15036011	        -282	         284
 0.10000	 71.57678986	114.04341888	144.28404236	 72.51255035	112.87265015	144.32611084	        -283	         285
 0.10000	 73.05387115	112.26895142	144.71423340	 73.83318329	111.62915802	145.82411194	        -284	         286
 0.10000	 74.10269165	111.18948364	146.56076050	 74.29978180	110.53256226	147.89448547	        -285	         287
 0.10000	 73.92980957	110.01700592	148.53236389	 72.67053223	109.25414276	148.81842041	        -286	         288
 0.10000	 72.15888977	108.94892120	149.49253845	 72.03237915	108.91641998	150.98655701	        -287	         289
 0.10000	 71.49085236	108.80647278	151.69653320	 70.10147095	108.75292206	152.25889587	        -288	         290
 0.10000	 69.57882690	108.17795563	152.71250916	 69.54586792	106.75954437	153.19880676	        -289	         291
 0.10000	 69.65639496	105.94947815	153.57377625	 70.26250458	104.74202728	154.22454834	        -290	         292
 0.10000	 70.37664795	103.93153381	154.59667969	 70.22617340	102.54485321	155.14709473	        -291	         293
 0.10000	 70.03067017	101.74597168	155.50981140	 69.57582092	100.48433685	156.18055725	        -292	         294
 0.10000	 69.00094604	 99.84483337	156.44367981	 67.68958282	 99.12094116	156.51612854	        -293	         295
 0.10000	 66.88287354	 98.87225342	156.82612610	 65.69467926	 98.78647614	157.73706055	        -294	         296
 0.10000	 64.87634277	 99.09324646	157.94995117	 63.76002502	100.04900360	157.65058899	        -295	         297
 0.10000	 63.22586060	100.77262115	157.65274048	 62.73279572	102.17411041	157.85704041	        -296	         298
 0.10000	 62.36133575	102.99068451	157.92015076	 61.69369125	104.33113098	157.83851624	        -297	         299
 0.10000	 61.29069519	105.04778290	158.20355225	 60.83491516	105.94606781	159.31478882	        -298	         300
 0.10000	 60.30267715	106.06424713	160.03039551	 59.39910126	105.38621521	161.01684570	        -299	         301
 0.10000	 58.60319901	105.28257751	161.42250061	 57.13694763	105.54207611	161.59992981	        -300	         302
 0.10000	 56.24940872	105.51522827	161.73922729	 54.78765869	105.28718567	161.98239136	        -301	         303
 0.10000	 53.95252228	104.96013641	161.93296814	 52.76426697	104.15400696	161.50262451	        -302	         304
 0.10000	 52.07889175	103.57618713	161.45678711	 51.08261108	102.48107910	161.68936157	        -303	         305
 0.10000	 50.47229767	101.83441925	161.80764771	 49.43907928	100.76762390	162.00659180	        -304	         306
 0.10000	 48.86521149	100.08950043	162.12911987	 47.98977280	 98.89062500	162.33345032	        -305	         307
 0.10000	 47.42847443	 98.20988464	162.49670410	 46.44509125	 97.12986755	162.83309937	        -306	         308
 0.10000	 45.82699203	 96.52693939	163.08062744	 44.88362503	 95.48729706	163.60739136	        -307	         309
 0.10000	 44.01119232	 95.39788818	163.80715942	 42.72082138	 96.16088104	163.75950623	        -308	         310
 0.10000	 42.20279694	 96.88883209	163.86471558	 42.19073868	 98.37066650	164.09626770	        -309	         311
 0.10000	 41.72354507	 99.07101440	164.41403198	 40.52136230	 99.62248993	165.12138367	        -310	         312
 0.10000	 39.80177307	100.02079773	165.48611450	 38.62277985	100.83494568	165.92973328	        -311	         313
 0.10000	 37.86423492	100.73247528	166.40267944	 37.09552002	 99.67320251	167.13523865	        -312	         314
 0.10000	 36.67370605	 99.05746460	167.63749695	 36.11370850	 98.03203583	168.57797241	        -313	         315
 0.10000	 36.05087662	 97.18047333	168.86126709	 36.38334274	 95.71974182	168.78781128	        -314	         316
 0.10000	 36.80830383	 94.92741394	168.82180786	 37.82736969	 93.83171082	168.92559814	        -315	           0
