1.49997
2.29470
3.22929
4.01589
5.33967
6.16505
7.43344
8.16707
9.19036
9.92832
11.17091
12.06716
13.36621
13.98540
14.59872
14.91328
15.03165
15.76870
16.91452
17.68750
18.96079
19.82435
21.15113
21.95590
23.32621
23.88072
24.02709
24.44754
25.40194
25.59931
25.22867
24.95896
24.53985
23.82359
22.58655
21.75068
20.31014
19.61116
19.03034
18.54037
18.00876
18.33272
19.67633
20.43977
21.69871
22.53973
23.74856
24.61759
25.40091
25.60637
25.27039
25.07355
24.80482
24.63091
24.56573
24.23338
23.58555
23.18582
22.64428
22.81771
23.85809
24.41307
24.92482
25.39499
26.09714
26.66601
27.34392
28.02209
28.72758
29.09918
29.33648
29.78906
30.55752
31.40918
32.48617
32.59300
32.76676
32.92545
32.35340
31.79218
30.94666
30.88037
31.39699
31.93996
33.01103
33.86848
34.21081
34.88644
36.31634
37.18943
38.68196
39.19794
38.92431
39.26671
39.07778
39.24891
39.78989
40.38131
41.69843
42.03313
41.55541
40.95195
39.99437
39.28744
38.10775
37.27361
36.25622
36.41713
37.80818
38.14520
37.40574
37.50148
38.24822
38.81607
39.49704
39.20646
38.15351
37.97287
38.63703
39.15326
40.28219
40.95091
41.72894
42.13487
42.63635
42.38425
41.32175
40.42707
39.68304
38.84599
37.39441
36.54477
35.11083
34.69494
35.35162
36.08995
37.51137
38.25917
38.50522
38.31679
37.40915
36.60223
35.33334
34.54122
33.25059
32.58957
31.47021
30.95076
30.75010
30.86336
31.32375
31.92155
32.43980
33.26799
34.44787
35.14496
36.15253
36.65057
36.64675
37.20979
38.59928
39.38749
40.42563
40.93726
41.10849
41.38020
41.88393
42.33402
43.21166
43.61688
44.17176
44.15741
43.64747
43.18482
42.82194
42.47090
41.85298
41.31674
40.38574
40.40782
41.52056
41.58255
40.61059
40.68360
41.63560
42.39945
43.11755
43.95247
44.45168
44.65055
44.21153
44.83974
46.31212
47.09106
47.95132
48.07310
47.49196
47.04532
46.06879
45.41311
44.29907
43.95157
44.65431
44.45791
43.42031
42.85505
41.92570
41.39232
40.69435
39.91305
38.56585
37.89895
37.57819
37.34126
36.99949
36.90036
37.15955
36.60618
35.11630
34.25625
33.11346
32.73165
33.01313
32.50130
31.09815
30.47966
30.12252
29.52334
28.21431
27.49745
26.88257
26.97794
27.80312
28.32873
29.27748
29.84668
30.62496
31.10660
32.04394
32.58346
33.36931
33.55454
33.07256
32.77410
32.49326
32.36885
32.27464
31.95322
30.87048
30.81816
31.75869
32.50452
33.94787
34.66771
34.97023
34.93320
34.34988
34.12951
34.27957
34.36718
34.45906
34.99103
36.07377
36.85199
38.19186
38.82305
39.39398
40.03913
41.38390
42.19687
43.56208
44.07952
43.58030
43.43613
43.16168
43.20753
43.42324
44.06698
45.38418
46.13615
46.88368
46.78566
45.70217
45.04324
43.83894
43.07754
41.73539
40.97610
39.85064
39.03158
37.69780
37.01323
36.25279
35.78248
35.91524
35.53504
34.73517
33.94806
33.27156
32.57668
31.45479
30.72890
29.67501
29.07425
28.08129
27.90465
28.19424
28.96539
30.17578
30.94552
30.90038
31.18000
31.84095
32.24594
33.08075
33.07578
32.37796
31.56203
30.43093
29.73282
28.70803
28.32196
28.16175
28.10118
28.13364
28.14910
28.10595
28.42986
29.63319
29.53299
28.18752
27.32291
25.85091
25.36121
26.01642
25.57468
24.33715
23.49880
22.35786
21.51644
20.15406
19.39947
18.80033
18.44457
18.00866
17.75057
17.25511
17.35739
17.91213
18.71655
19.41777
20.25272
21.67245
22.37573
22.99800
23.67980
25.08827
25.52576
24.89237
24.82509
24.83816
25.33336
26.14344
26.78540
27.97853
28.68694
29.67932
29.72036
28.81917
28.33308
28.09699
27.30977
26.09135
25.23517
23.74497
23.14550
23.49415
23.34167
22.77047
22.43514
21.90213
21.37488
20.33810
19.85305
20.09305
20.28404
20.86524
21.16351
21.59828
21.91163
22.50636
22.87214
23.48896
23.92777
24.67448
25.35648
26.23249
27.03433
27.92114
28.66659
29.26266
29.63592
29.90064
30.67257
31.97045
32.85988
34.17451
34.96580
36.27265
36.75198
36.61673
36.81543
37.43762
37.72901
38.09781
38.37006
38.83134
39.28030
40.11909
40.63447
41.28173
41.85745
43.08061
43.45748
43.00090
43.38905
44.72805
45.28931
45.72444
46.10243
46.84760
47.20892
47.63831
48.06633
48.78660
49.60846
50.33383
50.24357
49.13721
48.37365
47.10666
46.35075
45.15018
44.49225
43.43249
43.41788
44.44124
45.00229
46.06529
46.21175
45.30757
45.60810
46.98192
47.40912
47.40096
46.98970
46.08769
45.64909
45.14955
44.78249
44.03807
43.82266
43.66941
44.31235
45.56173
46.26969
47.16886
47.93904
49.38718
50.17429
50.88177
50.90310
50.10610
49.86643
49.88560
49.46598
48.25192
47.55935
46.40301
45.72048
44.59749
43.93378
42.83414
42.22276
41.33887
40.73237
39.74320
39.00983
37.69662
36.91465
35.61339
35.08891
35.25653
35.19879
35.09998
34.99997
34.79252
34.56697
34.10847
33.64805
32.83171
32.83047
33.67224
34.17269
34.93727
35.74227
37.24113
37.70897
37.15480
36.43829
35.03962
34.16823
32.68593
32.14908
32.57386
32.51574
32.13795
31.95026
31.78729
31.61990
31.21319
31.64245
33.08772
33.70513
34.16650
34.65868
35.57369
36.39104
37.76727
38.51457
38.95827
39.23995
39.53033
39.76614
40.10186
40.60168
41.72874
42.17085
41.98224
42.25927
43.05869
43.73705
45.19201
45.41514
44.33582
43.84095
43.08929
42.71290
42.39685
42.51294
43.20016
43.61038
44.13199
44.91581
45.72746
46.25935
46.38265
46.49786
46.51280
46.49260
46.21455
46.69696
48.11024
48.88781
49.95628
50.70592
51.82094
52.54502
53.73968
54.20260
54.05298
54.35600
55.34528
55.66488
55.67210
55.72698
55.81031
55.88206
56.04760
56.10614
56.15515
56.11656
55.95742
55.77899
55.38883
54.97052
54.01052
53.46188
52.54661
52.17843
51.81556
51.97210
52.97880
52.98197
52.20745
51.39378
50.34685
49.84745
50.01815
50.08737
50.31434
50.53139
50.91809
51.38265
51.90818
52.07588
52.07229
51.76404
50.83118
50.14919
48.83414
48.14437
47.28580
46.54950
45.13332
44.76334
45.47590
45.53094
45.37263
44.72894
43.36549
42.92134
43.20009
43.22662
43.22503
43.21691
43.12295
43.29248
43.70067
44.29481
45.43515
