0.00001049
0.00001049
0.00000343
0.00000000
0.00004582
0.00014339
0.00041768
0.00041768
0.00219269
0.00219269
0.00191352
0.00014339
0.00000000
0.00000000
0.00256439
0.00256439
0.00010060
0.00002581
0.00005165
0.00005165
0.00000650
0.00002435
0.00000000
0.00004034
0.00000000
0.00008152
0.00004214
0.00076107
0.00076107
0.00181779
0.00181779
0.00009361
0.00004075
0.00008413
0.00008413
0.00003403
0.00003403
0.00004963
0.00004963
0.00003396
0.00004402
0.00004402
0.00002244
0.00000342
0.00002755
0.00000579
0.00107828
0.00107828
0.00000000
0.00000778
0.00000827
0.00000827
0.00002680
0.00055397
0.00055397
0.00002868
0.00140497
0.00140497
0.00179615
0.00179615
0.00003164
0.00002751
0.00003646
0.00003646
0.00005697
0.00005697
0.00004614
0.00002979
0.00046900
0.00046900
0.00005883
0.00005883
0.00004859
0.00010387
0.00010387
0.00000000
0.00001017
0.00001017
0.00000000
0.00018232
0.00388905
0.00388905
0.00292280
0.00030318
0.00009876
0.00000000
0.00000464
0.00000464
0.00000000
0.00018601
0.00018601
0.00002423
0.00004580
0.00004580
0.00002980
0.00005880
0.00005880
0.00005307
0.00004034
0.00002416
