1.49991
2.38155
3.77141
4.66743
6.06343
6.89954
8.25744
9.07757
10.40153
11.29963
12.71749
13.51642
14.66526
15.40323
16.65902
17.41353
18.62106
18.97556
18.66934
18.78620
19.29388
19.66771
20.31401
21.05155
22.39861
23.29539
24.72122
25.48263
26.35373
26.96693
28.13708
28.41420
27.97886
27.83013
27.73604
27.68694
27.58278
27.80709
28.69002
28.86640
28.44227
28.71386
29.81507
30.33122
30.83094
31.47431
32.85180
33.61918
34.86233
35.39597
35.67236
36.06962
36.94451
37.15988
36.96893
36.82621
36.43817
36.35657
36.45449
36.57345
36.89363
36.97483
36.95466
