0.00235120
0.00235120
0.00009592
0.00009592
0.00000000
0.00021978
0.00000784
0.00010691
0.00010691
0.00011162
0.00194967
0.00194967
0.00010080
0.00005834
0.00005834
0.00004398
0.00010390
0.00013888
0.00013888
0.00009730
0.00012966
0.00012966
0.00011452
0.00011452
0.00003343
0.00005557
0.00009973
0.00009973
0.00016769
0.00016769
0.00008198
0.00008198
0.00007724
0.00000000
0.00008976
0.00008269
0.00000000
0.00000000
0.00011162
0.00007716
0.00000000
0.00000000
0.00004075
0.00004075
0.00000000
0.00000000
0.00004184
0.00000000
0.00000000
0.00178138
0.00262417
0.00280433
0.00017645
0.00000000
0.00000000
0.00000000
0.00000000
0.00000144
0.00000000
0.00004438
0.00013262
0.00013262
0.00010929
0.00010929
0.00012367
0.00012367
0.00010813
0.00010813
0.00006707
0.00006707
0.00011153
0.00011153
0.00009381
0.00008330
0.00008330
0.00008108
0.00012680
0.00012680
0.00007596
0.00007596
0.00005504
0.00007591
0.00008664
0.00008664
0.00008816
0.00008816
0.00008246
0.00003477
0.00008237
0.00008237
0.00004875
0.00004709
0.00006522
0.00006522
0.00002447
0.00002447
0.00002585
0.00002585
0.00005084
0.00007751
0.00007751
0.00005681
0.00005681
0.00003915
0.00005483
0.00005483
0.00004955
0.00002295
0.00002263
0.00006388
0.00006388
0.00004610
0.00010301
0.00010301
0.00006581
0.00008363
0.00012274
0.00012274
0.00007091
0.00006539
0.00011620
0.00015923
0.00015923
0.00008414
0.00002058
0.00002201
0.00002201
0.00007394
0.00003533
0.00005134
0.00005134
0.00002652
0.00000000
0.00003533
0.00007394
0.00003319
0.00009594
0.00009594
0.00005478
0.00005478
0.00007028
0.00011721
0.00011721
0.00006526
0.00002643
0.00008894
0.00008894
0.00013735
0.00015349
0.00015349
0.00003933
0.00003933
0.00003067
0.00076858
0.00096417
0.00280433
0.00262417
0.00000000
0.00000000
0.00000000
0.00010615
0.00011854
0.00012398
0.00012398
0.00011848
0.00006267
0.00010301
0.00010301
0.00007282
0.00005453
0.00009114
0.00010508
0.00010508
0.00016968
0.00016968
0.00014597
0.00014331
0.00011385
0.00010607
0.00010607
0.00006740
0.00010361
0.00010361
0.00007897
0.00004244
0.00007795
0.00007795
0.00007959
0.00018943
0.00018943
0.00006751
0.00005743
0.00004129
0.00002836
0.00009671
0.00009671
0.00007581
0.00017094
0.00000000
0.00009498
0.00066357
0.00066357
0.00013396
0.00017094
0.00000000
0.00007723
0.00009716
0.00015543
0.00015543
0.00009813
0.00009813
0.00001835
0.00008547
0.00008547
0.00007211
0.00016194
0.00016194
0.00011044
0.00011044
0.00000000
0.00007155
0.00015847
0.00015847
0.00014703
0.00004683
0.00019053
0.00023875
0.00023875
0.00023069
0.00010202
0.00026832
0.00366540
0.00366540
0.00003807
0.00003807
0.00039336
0.00003750
0.00013386
0.00013386
0.00008268
0.00012239
0.00026555
0.00029210
0.00029210
0.00018214
0.00003859
0.00012762
0.00001179
0.00012762
0.00006981
0.00019977
0.00019977
0.00017398
0.00017398
0.00014616
0.00015120
0.00015120
0.00012845
0.00011440
0.00011440
0.00006932
0.00002583
0.00011576
0.00025177
0.00025177
0.00025053
0.00012316
0.00011471
0.00014062
0.00014062
0.00013431
0.00013431
0.00013824
0.00013824
0.00017128
0.00030411
0.00030411
0.00026519
0.00021177
0.00021177
0.00015475
0.00014745
0.00014745
0.00008488
0.00004344
0.00006720
0.00006720
0.00018007
0.00018007
0.00009439
0.00008497
0.00004268
0.00004268
0.00016984
0.00016984
0.00016866
0.00016866
0.00012288
0.00006625
0.00004439
0.00008690
0.00008690
0.00011504
0.00011504
0.00008127
0.00008127
0.00007749
0.00007749
0.00006938
0.00003849
0.00019433
0.00019433
0.00016427
0.00006675
0.00003239
0.00002285
