1.49995
2.39171
3.85231
4.72435
6.12658
7.01593
8.29996
8.94230
9.67904
10.17917
10.92992
11.48474
12.08825
12.73968
13.97519
14.28055
13.85609
13.86738
13.98743
14.61726
16.08639
16.87881
17.58934
18.25878
19.50027
20.30161
21.11838
21.70773
22.70018
23.23628
23.91743
24.57482
25.60152
26.06562
26.31390
26.69229
27.51645
28.19035
29.48098
29.97922
30.18884
30.45174
30.81630
31.50089
32.85234
33.62993
34.83228
35.49093
36.48066
36.92992
37.17518
37.71954
39.05453
39.48904
39.40897
39.53571
39.88752
40.10459
40.36904
40.53292
40.86506
40.76506
40.09578
39.83153
39.57393
39.49028
39.56558
39.35475
38.46870
38.58115
39.72177
40.22828
40.94914
40.97180
40.16855
40.27967
41.28598
41.78322
42.53985
43.00455
43.61216
44.25727
45.36327
45.94736
46.69122
47.31536
48.56948
49.08375
49.35697
49.17363
48.23617
47.77779
47.09621
46.73023
46.05221
46.21993
47.32464
47.97862
49.19621
49.57137
49.45955
49.02249
47.87313
47.19712
46.53494
46.11115
45.43845
45.17950
44.98702
44.98061
45.24044
45.23259
44.82385
45.18287
46.42693
47.14406
48.27991
48.72902
48.75165
49.33835
50.78073
51.58592
52.59494
53.28380
54.47149
55.10040
55.54397
55.69754
55.58725
55.65134
55.82639
56.19424
57.11154
57.18042
56.39606
56.36060
56.93865
57.13253
57.27248
57.41997
57.82836
57.74625
57.11660
56.80942
56.39323
56.04204
55.38429
54.96115
54.30728
53.62912
52.41032
51.58496
50.51374
49.80619
48.56279
48.05804
47.82149
47.48220
46.74300
46.33433
45.78101
45.16928
43.81363
43.17764
42.42297
42.24424
42.42784
42.84200
43.97726
44.66192
45.76286
46.56274
47.62888
48.30633
48.87671
49.48317
50.78992
51.24902
51.35117
51.22659
50.66025
50.47476
50.47676
50.15730
49.27246
48.84067
48.15023
48.16569
49.02658
48.99964
48.09608
47.90926
47.99212
48.50341
49.84555
50.63914
51.93940
52.82860
54.21130
