1.49999
2.38172
3.79064
4.66453
6.14154
6.64303
6.10120
6.14902
6.65135
6.74709
6.55907
6.49639
6.49775
6.22933
5.32661
5.12901
5.62626
5.89936
6.49660
6.50228
5.91735
5.70808
5.76905
5.18460
4.00819
4.48086
5.79027
6.66789
8.00507
8.71517
9.68218
10.05988
9.91715
10.47719
11.02701
11.25170
11.00646
10.93091
11.04698
10.56965
9.80790
9.32891
8.62422
8.48333
8.22515
8.26552
8.51504
8.90292
9.36858
9.73110
10.36559
11.08893
12.48595
13.21347
14.41041
14.19873
12.73782
11.90478
10.57814
10.12192
10.86022
11.20689
11.83540
