1.49999
2.35930
3.65170
4.45844
5.84362
6.38406
6.49611
6.89051
7.36240
8.09948
9.14994
9.74426
10.95867
11.26796
10.65060
11.35246
12.05551
12.25536
11.28986
10.58691
11.43222
11.76787
11.84635
11.97194
12.07438
12.54514
13.39718
13.92108
14.54472
15.22743
15.37261
16.20256
17.41992
18.19748
19.62293
19.79664
18.37372
17.93407
18.25958
17.80025
17.05144
17.87596
19.02473
19.29300
18.09097
17.21205
15.83308
16.06736
17.37578
17.82630
19.01057
19.24217
19.41777
19.87500
19.86004
19.93146
20.02127
20.27033
20.38415
19.63317
18.39612
17.50738
16.02612
