1.49996
2.38580
3.83107
4.27914
3.71600
3.61091
3.69515
3.67526
3.43915
4.02465
5.31770
6.19224
7.68930
8.09683
7.21853
7.76294
9.15589
9.65077
8.71609
8.77389
9.52979
9.99931
10.03659
10.91024
11.77843
12.57707
12.85872
13.27951
14.07257
14.64146
15.31422
15.58879
15.73898
15.92418
16.12332
16.69418
16.80254
17.50496
18.78145
19.15079
19.04201
18.36734
17.11806
16.33232
15.43039
15.29210
16.03774
16.13960
15.81271
15.79969
15.76531
16.35858
16.99862
16.95102
16.08681
15.71899
15.30473
15.37327
16.00097
16.49247
17.69987
17.61169
16.26550
15.51984
15.05480
14.22947
13.75240
13.07605
12.42055
12.19952
12.83304
12.41858
11.03919
10.36751
10.89012
11.41214
11.92762
12.60393
13.37429
14.13929
14.15736
14.87925
16.28380
17.16419
18.65437
19.35808
19.87392
20.28915
20.74412
21.34680
21.41740
21.35127
21.71497
22.31262
23.50231
23.71669
22.82669
22.40183
21.76369
22.30534
22.40496
23.28022
24.40980
24.31898
23.03529
23.19778
24.68441
25.00304
23.94112
24.14282
25.15549
25.81066
26.60812
27.11147
26.17646
25.90729
26.14924
25.51448
24.20698
24.16017
24.18267
23.83997
23.29714
23.19139
21.88832
21.02868
20.30285
20.71540
21.76903
22.32776
22.39369
22.48389
23.32337
24.00359
25.15960
25.26541
24.39229
24.61684
25.72725
26.55309
26.88474
27.08353
27.03708
27.30507
27.91217
28.05966
27.75897
27.82054
28.01249
28.61898
29.74319
30.37652
31.42611
31.57615
30.87373
30.65460
29.94775
29.66511
30.46996
30.21651
29.53308
29.22433
28.78787
28.07059
26.62453
25.91569
25.48780
24.77478
23.49923
23.26585
24.16735
24.04570
22.96385
22.45832
21.79844
21.40018
20.92114
20.22988
19.33414
18.56144
18.05153
18.01853
18.70343
18.77058
18.17897
18.48767
19.79111
20.19849
19.89744
20.28022
21.23403
21.93352
23.01884
23.59361
22.73731
23.32332
24.53122
24.86093
24.04082
23.42683
22.57154
21.95453
20.69405
20.34843
20.58640
21.03099
21.50968
21.69336
21.77096
21.48103
20.51539
20.14672
20.02560
20.41048
21.49263
22.21991
23.28632
24.11146
25.42288
25.99637
26.46675
27.17892
27.78269
28.60632
30.07205
30.87371
31.91088
32.60804
33.86258
34.37288
34.31300
33.94928
33.10284
32.97612
33.80704
33.56537
33.34409
33.05754
32.42118
31.63583
30.30302
29.41658
28.14919
27.39441
26.38161
26.20368
26.99529
27.75267
27.97418
28.62187
30.01486
30.74902
31.04803
31.03912
30.10176
30.10616
31.01531
31.69748
32.69256
33.53460
34.58677
35.39612
36.78125
37.67383
39.16524
40.01603
41.07905
41.87920
41.90364
41.73744
41.46982
40.82517
39.75447
38.91634
37.54055
37.10166
38.35191
38.05831
36.57717
35.71581
34.28529
33.56643
32.15628
31.53777
32.23163
33.09925
33.22933
33.65965
34.21629
33.52195
32.09056
31.52277
32.19141
31.82853
30.35749
29.76332
29.77709
29.62612
29.13860
29.40473
30.05100
30.57000
30.47141
30.32877
29.80795
30.24193
30.27110
31.14467
31.26841
31.53976
32.44222
32.89686
33.68749
33.40278
32.28453
31.67798
31.50019
32.05475
33.45391
34.24187
35.44933
36.26320
36.78988
37.60419
37.65953
37.95194
38.66677
37.99525
36.88968
36.37295
35.85175
35.77563
36.49628
36.93989
37.55507
38.22928
38.82654
38.60773
37.38513
36.53893
35.11108
35.14594
36.54153
36.87593
36.01638
35.14747
34.49052
34.33044
34.61555
33.85955
32.60932
32.83973
34.31823
34.78338
33.93060
33.21402
33.65838
33.65360
33.15647
33.00039
32.62247
32.58461
32.99595
32.75484
32.20245
32.01276
32.07021
32.69971
34.19950
34.49774
33.37526
32.97137
32.55384
32.37232
32.07541
32.71463
34.20099
34.40182
33.03577
32.93997
34.00215
34.68435
35.31038
35.77939
36.51651
36.99915
37.82875
38.30656
38.59990
38.97852
39.68935
40.44411
41.73833
41.61240
40.14579
39.94802
41.27665
41.43048
40.42979
40.70633
42.06636
42.28709
41.19811
40.94750
40.85918
41.52150
42.97414
43.77740
44.78508
44.50541
43.32199
43.28148
44.19648
44.75367
45.80743
46.40567
47.42961
47.29090
45.89580
45.47712
46.08848
45.69851
44.61046
43.92966
42.73433
42.22224
42.06665
42.19715
42.03068
42.73941
43.69462
44.37508
45.52492
46.07589
46.41823
47.24441
48.55792
48.91070
47.99078
48.03467
48.95691
48.72821
47.49313
46.63177
45.26577
44.48061
43.57828
42.70399
42.70782
42.52312
42.81640
43.02164
44.51933
45.23859
45.79618
46.31651
47.39043
47.65494
47.17076
47.42017
48.28126
47.84268
46.38710
45.69031
45.30759
44.86087
44.27052
43.81517
42.47630
41.58717
40.76968
39.99394
38.55595
37.66526
36.27250
35.62086
35.01943
34.97149
35.77043
35.12216
33.85706
33.00027
31.55796
30.69984
29.21045
29.01142
30.27921
31.08393
31.43204
31.08280
29.60611
29.89650
31.31384
32.06796
33.19596
33.07736
31.67281
30.80457
29.76748
29.13561
29.43835
29.64497
29.77366
29.73892
29.71105
29.15723
27.82498
27.03272
25.92758
25.09826
23.62477
22.79499
21.82109
21.09957
19.95631
20.01228
21.25009
21.98182
23.26027
24.14404
25.52737
25.42520
23.97446
23.27899
23.80310
23.14779
22.51858
21.94645
20.97272
20.53486
20.56415
20.79697
21.33815
22.23039
22.94028
23.78882
25.09862
25.89434
26.18138
26.88606
28.23356
29.01122
29.36775
29.90590
29.94900
29.98672
29.41732
30.18818
31.27581
31.82341
30.97769
31.53977
32.96807
33.41934
32.71900
32.14565
30.98594
30.15613
28.80095
29.04588
30.53488
30.84758
29.72851
28.93816
28.62494
28.00501
26.75151
26.14720
25.63572
25.15979
24.75104
23.96986
22.87801
22.07527
22.23232
22.38935
22.32331
23.09076
24.02073
24.41774
25.43081
25.54723
25.25237
25.29955
25.63811
25.70373
25.61942
25.25716
24.20845
24.12750
25.27546
24.85259
23.54985
22.66057
21.17893
20.50851
20.24701
20.37124
20.98024
21.65030
23.02419
23.71482
24.14348
24.58694
24.67506
24.86885
25.25460
25.26159
24.73379
25.04429
26.21684
26.03031
24.70824
24.70360
26.05716
26.89561
28.30673
29.06322
29.46728
29.55910
29.07908
29.03693
29.34256
29.41884
29.48236
29.29216
28.89601
28.66529
28.19708
28.52219
29.25130
