 0.10000	249.70918274	261.73968506	123.68436432	249.47702026	262.94372559	124.54785919	           0	           2
 0.10000	249.33444214	263.66497803	125.06561279	249.08581543	264.85992432	125.93666840	          -1	           3
 0.10000	248.99398804	265.66387939	126.32701874	248.95289612	267.10949707	126.72127533	          -2	           4
 0.10000	248.92070007	268.00097656	126.81906128	248.87629700	269.49423218	126.70143890	          -3	           5
 0.10000	248.74594116	270.38177490	126.69689941	248.42959595	271.84286499	126.80461884	          -4	           6
 0.10000	247.98887634	272.62310791	126.74646759	246.93206787	273.64990234	126.47058868	          -5	           7
 0.10000	246.15524292	274.05035400	126.26352692	244.72122192	274.22970581	125.86540985	          -6	           8
 0.10000	243.87777710	274.40866089	125.61551666	242.49198914	274.79501343	125.19548798	          -7	           9
 0.10000	241.64808655	274.81661987	124.89080048	240.29675293	274.46792603	124.34410858	          -8	          10
 0.10000	239.50691223	274.38403320	123.92520142	238.28446960	274.46392822	123.06119537	          -9	          11
 0.10000	237.51350403	274.22100830	122.66969299	236.31758118	273.42575073	122.24030304	         -10	          12
 0.10000	235.62709045	272.85348511	122.20341492	234.61271667	271.80511475	122.54667664	         -11	          13
 0.10000	234.09986877	271.09246826	122.72934723	233.39808655	269.80508423	123.03797913	         -12	          14
 0.10000	233.12341309	268.96887207	123.20757294	232.97087097	267.50247192	123.47277069	         -13	          15
 0.10000	232.74420166	266.63613892	123.51474762	232.18058777	265.25411987	123.38186646	         -14	          16
 0.10000	231.87928772	264.40972900	123.38881683	231.47842407	262.96945190	123.48943329	         -15	          17
 0.10000	231.09304810	262.19592285	123.73025513	230.26504517	261.14114380	124.39939117	         -16	          18
 0.10000	229.80493164	260.53976440	124.88008881	229.09503174	259.61376953	125.82042694	         -17	          19
 0.10000	228.66188049	259.06246948	126.37969971	227.92416382	258.14663696	127.30808258	         -18	          20
 0.10000	227.56562805	257.51989746	127.83906555	227.11181641	256.35888672	128.66986084	         -19	          21
 0.10000	226.89126587	255.60818481	129.10678101	226.61492920	254.27038574	129.72175598	         -20	          22
 0.10000	226.45072937	253.46865845	130.08778381	226.14797974	252.13195801	130.69343567	         -21	          23
 0.10000	226.20640564	251.30314636	131.03205872	226.68682861	249.96736145	131.51275635	         -22	          24
 0.10000	226.95874023	249.15844727	131.78953552	227.41567993	247.80482483	132.24211121	         -23	          25
 0.10000	227.67158508	246.96301270	132.41850281	228.07940674	245.52433777	132.51992798	         -24	          26
 0.10000	228.20692444	244.65353394	132.69606018	228.22441101	243.21813965	133.12644958	         -25	          27
 0.10000	228.16888428	242.39077759	133.46961975	227.95477295	241.10493469	134.20930481	         -26	          28
 0.10000	227.78253174	240.26640320	134.47885132	227.42634583	238.81895447	134.63337708	         -27	          29
 0.10000	227.19212341	237.95880127	134.73210144	226.76554871	236.53114319	134.88978577	         -28	          30
 0.10000	226.50942993	235.67671204	134.98446655	226.08251953	234.24914551	135.14237976	         -29	          31
 0.10000	225.80722046	233.40069580	135.23455811	225.31124878	231.99426270	135.38125610	         -30	          32
 0.10000	224.96183777	231.17877197	135.51515198	224.27256775	229.87736511	135.79344177	         -31	          33
 0.10000	224.01017761	229.09060669	136.13673401	223.83309937	227.85377502	136.96473694	         -32	          34
 0.10000	223.86474609	227.13853455	137.50592041	224.15657043	226.02905273	138.47010803	         -33	          35
 0.10000	224.36624146	225.33007812	138.99157715	224.78919983	224.12210083	139.77061462	         -34	          36
 0.10000	224.99310303	223.40998840	140.27537537	225.25509644	222.23997498	141.17346191	         -35	          37
 0.10000	225.35986328	221.51280212	141.68687439	225.43550110	220.25666809	142.50012207	         -36	          38
 0.10000	225.47409058	219.50994873	142.99559021	225.49461365	218.28733826	143.86204529	         -37	          39
 0.10000	225.70730591	217.51249695	144.26173401	226.33911133	216.22581482	144.69978333	         -38	          40
 0.10000	226.92753601	215.56761169	144.86267090	228.20077515	214.78062439	144.93856812	         -39	          41
 0.10000	228.89793396	214.21862793	144.87959290	229.96783447	213.20884705	144.59429932	         -40	          42
 0.10000	230.52388000	212.51605225	144.46893311	231.25767517	211.21946716	144.30763245	         -41	          43
 0.10000	231.80909729	210.51826477	144.21199036	232.88395691	209.48571777	144.05625916	         -42	          44
 0.10000	233.50035095	208.84005737	143.96580505	234.50979614	207.73919678	143.84106445	         -43	          45
 0.10000	234.88533020	206.95623779	143.61366272	235.06135559	205.59005737	143.02314758	         -44	          46
 0.10000	235.18505859	204.76861572	142.68444824	235.37155151	203.39463806	142.11645508	         -45	          47
 0.10000	235.60627747	202.57444763	141.84011841	236.18910217	201.23344421	141.51264954	         -46	          48
 0.10000	236.54153442	200.43623352	141.30311584	237.14877319	199.11116028	140.95703125	         -47	          49
 0.10000	237.53048706	198.35296631	140.66899109	238.21739197	197.16320801	140.07113647	         -48	          50
 0.10000	238.54737854	196.41438293	139.70494080	238.97679138	195.12574768	139.07232666	         -49	          51
 0.10000	239.06034851	194.31044006	138.70709229	238.88005066	192.95016479	138.10415649	         -50	          52
 0.10000	238.75093079	192.07374573	137.95890808	238.42726135	190.61669922	138.09757996	         -51	          53
 0.10000	238.48651123	189.73188782	138.24090576	238.98851013	188.38966370	138.68151855	         -52	          54
 0.10000	239.31724548	187.55429077	138.65205383	239.96841431	186.29463196	138.16549683	         -53	          55
 0.10000	240.06887817	185.48742676	137.78486633	239.74826050	184.24346924	137.01268005	         -54	          56
 0.10000	239.54888916	183.47489929	136.59454346	239.17007446	182.17347717	135.95544434	         -55	          57
 0.10000	238.77328491	181.47994995	135.54759216	237.86126709	180.51127625	134.85809326	         -56	          58
 0.10000	237.28269958	179.95610046	134.45610046	236.23837280	179.13227844	133.76585388	         -57	          59
 0.10000	235.61915588	178.51864624	133.55320740	234.61172485	177.40924072	133.58206177	         -58	          60
 0.10000	234.25872803	176.58828735	133.49543762	234.14064026	175.12081909	133.21426392	         -59	          61
 0.10000	234.20259094	174.22557068	133.20721436	234.57539368	172.79252625	133.43762207	         -60	          62
 0.10000	234.76971436	171.92634583	133.56518555	235.07237244	170.47653198	133.79219055	         -61	          63
 0.10000	235.31236267	169.61791992	133.89106750	235.87220764	168.23023987	133.97325134	         -62	          64
 0.10000	235.94075012	167.34500122	134.10142517	235.63595581	165.91703796	134.43898010	         -63	          65
 0.10000	235.33979797	165.07200623	134.49592590	234.62873840	163.75816345	134.37663269	         -64	          66
 0.10000	234.24034119	162.96308899	134.22929382	233.69129944	161.61640930	133.86737061	         -65	          67
 0.10000	233.26641846	160.90847778	133.51593018	232.45399475	159.95541382	132.69288635	         -66	          68
 0.10000	231.96879578	159.27116394	132.37440491	231.16822815	158.02774048	132.13223267	         -67	          69
 0.10000	230.75408936	157.24168396	132.00769043	230.20848083	155.85702515	131.83181763	         -68	          70
 0.10000	229.76760864	155.07850647	131.90156555	228.86352539	153.94964600	132.29452515	         -69	          71
 0.10000	228.47383118	153.17300415	132.51876831	228.06970215	151.77798462	132.88818359	         -70	          72
 0.10000	227.76354980	150.96087646	133.09591675	227.14323425	149.63531494	133.41825867	         -71	          73
 0.10000	226.93830872	148.79971313	133.67211914	226.88829041	147.39053345	134.17890930	         -72	          74
 0.10000	226.73634338	146.56005859	134.48194885	226.33369446	145.20677185	134.98390198	         -73	          75
 0.10000	226.13209534	144.37545776	135.25311279	225.85311890	142.95791626	135.65119934	         -74	          76
 0.10000	225.75454712	142.10173035	135.90158081	225.70495605	140.66841125	136.33718872	         -75	          77
 0.10000	225.65084839	139.78916931	136.51081848	225.52015686	138.30242920	136.65155029	         -76	          78
 0.10000	225.49609375	137.40875244	136.74061584	225.54663086	135.91865540	136.89631653	         -77	          79
 0.10000	225.61514282	135.02687073	136.97467041	225.79296875	133.54243469	137.08016968	         -78	          80
 0.10000	225.85899353	132.64933777	137.13587952	225.90127563	131.15359497	137.21606445	         -79	          81
 0.10000	225.86601257	130.25843811	137.26376343	225.64480591	128.77825928	137.34255981	         -80	          82
 0.10000	225.64981079	127.88115692	137.33662415	225.87374878	126.40389252	137.22079468	         -81	          83
 0.10000	226.03585815	125.52874756	137.10629272	226.39805603	124.11029816	136.78536987	         -82	          84
 0.10000	226.45846558	123.21543884	136.81645203	226.29934692	121.78364563	137.22978210	         -83	          85
 0.10000	226.12130737	120.94788361	137.50332642	225.66429138	119.62217712	138.03195190	         -84	          86
 0.10000	225.38832092	118.83282471	138.35751343	224.86828613	117.55805206	138.94967651	         -85	          87
 0.10000	224.76132202	116.70536041	139.20866394	224.90098572	115.23014069	139.43356323	         -86	          88
 0.10000	225.16831970	114.39511871	139.62582397	225.93023682	113.17629242	140.05065918	         -87	          89
 0.10000	226.40797424	112.41693115	140.02214050	227.21620178	111.24600983	139.55148315	         -88	          90
 0.10000	227.63291931	110.58091736	139.11706543	228.16407776	109.59887695	138.11764526	         -89	          91
 0.10000	228.55404663	109.00582123	137.56964111	229.25758362	108.01265717	136.69592285	         -90	          92
 0.10000	229.73587036	107.41452789	136.23017883	230.62207031	106.40014648	135.57427979	         -91	          93
 0.10000	231.20367432	105.89398193	135.11730957	232.26063538	105.21900940	134.29785156	         -92	          94
 0.10000	232.90608215	104.88977051	133.76983643	233.98535156	104.44476318	132.83036804	         -93	          95
 0.10000	234.67755127	104.45686340	132.25924683	235.79307556	104.96417999	131.39619446	         -94	          96
 0.10000	236.47384644	105.22209167	130.87136841	237.60147095	105.57585144	129.94938660	         -95	          97
 0.10000	238.33596802	105.96591187	129.61134338	239.54339600	106.83535767	129.42913818	         -96	          98
 0.10000	240.29383850	107.32421875	129.49073792	241.50233459	108.10299683	129.91491699	         -97	          99
 0.10000	242.33226013	108.31768799	130.18190002	243.75257874	108.21852875	130.65010071	         -98	         100
 0.10000	244.60365295	108.28520203	130.92630005	246.00991821	108.54202271	131.37551880	         -99	         101
 0.10000	246.82205200	108.76221466	131.68475342	248.11413574	109.26315308	132.25439453	        -100	         102
 0.10000	248.88146973	109.45474243	132.67677307	250.12944031	109.59243011	133.49432373	        -101	         103
 0.10000	250.87831116	109.76004791	133.95722961	252.12428284	110.16163635	134.68598938	        -102	         104
 0.10000	252.84472656	110.42278290	135.15153503	253.99194336	110.88589478	135.99691772	        -103	         105
 0.10000	254.74131775	111.20210266	136.37461853	256.06256104	111.78506470	136.77384949	        -104	         106
 0.10000	256.83462524	112.16448975	137.02868652	258.12414551	112.78828430	137.46977234	        -105	         107
 0.10000	258.74087524	113.40480804	137.68421936	259.37921143	114.74673462	137.88174438	        -106	         108
 0.10000	259.91946411	115.43132782	138.09480286	261.02844238	116.31412506	138.58154297	        -107	         109
 0.10000	261.52423096	117.01116943	138.85331726	262.04425049	118.35523224	139.26515198	        -108	         110
 0.10000	262.36962891	119.15285492	139.51701355	262.89379883	120.49463654	139.93048096	        -109	         111
 0.10000	263.36697388	121.17446136	140.27511597	264.33847046	122.06505585	140.98797607	        -110	         112
 0.10000	264.95153809	122.59717560	141.36837769	266.03393555	123.45809174	141.94422913	        -111	         113
 0.10000	266.66677856	123.96617889	142.32499695	267.69653320	124.78538513	143.04153442	        -112	         114
 0.10000	268.30200195	125.37452698	143.34291077	269.26437378	126.48854828	143.62324524	        -113	         115
 0.10000	269.89108276	127.12024689	143.73834229	271.03701782	128.08532715	143.77438354	        -114	         116
 0.10000	271.54861450	128.81240845	143.89653015	272.06607056	130.18104553	144.22076416	        -115	         117
 0.10000	272.34478760	130.98344421	144.50990295	272.76004028	132.28074646	145.13510132	        -116	         118
 0.10000	272.78790283	133.05276489	145.59185791	272.45169067	134.24121094	146.44078064	        -117	         119
 0.10000	272.36437988	134.97563171	146.94853210	272.38891602	136.20144653	147.80989075	        -118	         120
 0.10000	272.30624390	136.97862244	148.24967957	272.00985718	138.31469727	148.85992432	        -119	         121
 0.10000	271.82476807	139.14260864	149.15159607	271.52279663	140.57482910	149.47373962	        -120	         122
 0.10000	271.11654663	141.29454041	149.82383728	270.15621948	142.14677429	150.59680176	        -121	         123
 0.10000	269.52011108	142.58569336	151.05203247	268.36813354	143.17672729	151.80641174	        -122	         124
 0.10000	267.69586182	143.35832214	152.37199402	266.63983154	143.34236145	153.43504333	        -123	         125
 0.10000	266.15423584	143.45135498	154.18142700	265.62805176	143.80172729	155.54008484	        -124	         126
 0.10000	265.33868408	143.93339539	156.37866211	264.92178345	144.03622437	157.81410217	        -125	         127
 0.10000	264.63793945	144.09454346	158.66218567	264.11148071	144.17710876	160.06219482	        -126	         128
 0.10000	263.82330322	144.26031494	160.90686035	263.38916016	144.45510864	162.32740784	        -127	         129
 0.10000	263.13629150	144.52018738	163.18501282	262.73275757	144.52706909	164.62803650	        -128	         130
 0.10000	262.42556763	144.63601685	165.46372986	261.81936646	144.95103455	166.79756165	        -129	         131
 0.10000	261.35647583	145.30332947	167.48051453	260.45919800	146.13894653	168.34175110	        -130	         132
 0.10000	260.03747559	146.74092102	168.85562134	259.55737305	147.89419556	169.68315125	        -131	         133
 0.10000	259.20233154	148.62214661	170.06799316	258.52279663	149.88021851	170.51536560	        -132	         134
 0.10000	258.09030151	150.61868286	170.78219604	257.29495239	151.81785583	171.19982910	        -133	         135
 0.10000	256.95053101	152.57746887	171.52989197	256.62118530	153.85720825	172.23689270	        -134	         136
 0.10000	256.46246338	154.71917725	172.42935181	256.39639282	156.21482849	172.35762024	        -135	         137
 0.10000	256.08489990	157.05158997	172.26356506	255.18200684	158.21389771	171.98001099	        -136	         138
 0.10000	254.66647339	158.93223572	171.82659912	253.79658508	160.12738037	171.58070374	        -137	         139
 0.10000	253.29565430	160.85595703	171.43122864	252.54142761	162.12533569	171.17578125	        -138	         140
 0.10000	251.92340088	162.76118469	171.03862000	250.70089722	163.60615540	170.84503174	        -139	         141
 0.10000	249.84861755	163.85714722	170.71908569	248.36628723	163.78883362	170.50985718	        -140	         142
 0.10000	247.47970581	163.75848389	170.37794495	246.00138855	163.68051147	170.14695740	        -141	         143
 0.10000	245.12280273	163.66915894	169.97032166	243.66839600	163.70932007	169.61318970	        -142	         144
 0.10000	242.79682922	163.76658630	169.41081238	241.33735657	163.91088867	169.10337830	        -143	         145
 0.10000	240.49934387	164.08004761	168.83154297	239.21295166	164.50798035	168.19285583	        -144	         146
 0.10000	238.33718872	164.62962341	168.04016113	236.84768677	164.62791443	168.20675659	        -145	         147
 0.10000	235.97489929	164.41876221	168.21371460	234.66224670	163.70123291	168.12182617	        -146	         148
 0.10000	233.82984924	163.36994934	168.07000732	232.40806580	162.91401672	167.93882751	        -147	         149
 0.10000	231.53912354	162.75793457	168.10072327	230.18821716	162.71589661	168.74865723	        -148	         150
 0.10000	229.36961365	162.78741455	169.10939026	228.00920105	163.13160706	169.63604736	        -149	         151
 0.10000	227.26971436	163.16238403	170.14430237	226.28669739	162.90319824	171.24571228	        -150	         152
 0.10000	225.57604980	162.97061157	171.78984070	224.30532837	163.40075684	172.45791626	        -151	         153
 0.10000	223.52621460	163.67163086	172.81051636	222.20036316	164.19520569	173.27223206	        -152	         154
 0.10000	221.43119812	164.49780273	173.61981201	220.16763306	164.96363831	174.27687073	        -153	         155
 0.10000	219.49954224	165.42225647	174.66116333	218.59295654	166.44531250	175.27473450	        -154	         156
 0.10000	217.97239685	167.01364136	175.58462524	216.84751892	167.92868042	175.96203613	        -155	         157
 0.10000	216.12446594	168.32421875	176.31503296	214.87741089	168.66905212	177.07069397	        -156	         158
 0.10000	214.13206482	168.92912292	177.49656677	212.87347412	169.35746765	178.18830872	        -157	         159
 0.10000	212.22291565	169.84481812	178.56846619	211.41320801	171.00451660	179.06422424	        -158	         160
 0.10000	210.85585022	171.64184570	179.36235046	209.87295532	172.63801575	179.89939880	        -159	         161
 0.10000	209.16096497	173.18305969	179.94984436	207.86549377	173.85870361	179.61460876	        -160	         162
 0.10000	207.24639893	174.35784912	179.19744873	206.58956909	175.20710754	178.15162659	        -161	         163
 0.10000	206.11958313	175.73028564	177.59419250	205.31498718	176.61976624	176.69537354	        -162	         164
 0.10000	204.69194031	177.17034912	176.35688782	203.53063965	178.09420776	176.14654541	        -163	         165
 0.10000	202.72071838	178.48097229	176.15390015	201.27742004	178.77351379	176.43217468	        -164	         166
 0.10000	200.44418335	179.07167053	176.58018494	199.13128662	179.75189209	176.82456970	        -165	         167
 0.10000	198.27438354	179.97483826	176.97018433	196.79986572	180.08512878	177.21510315	        -166	         168
 0.10000	195.91915894	179.93847656	177.31001282	194.57057190	179.28639221	177.36604309	        -167	         169
 0.10000	193.70027161	179.08729553	177.46118164	192.21704102	179.10824585	177.67640686	        -168	         170
 0.10000	191.40061951	178.81367493	177.90669250	190.33311462	177.89964294	178.42791748	        -169	         171
 0.10000	189.60575867	177.46768188	178.72831726	188.31047058	176.92163086	179.24824524	        -170	         172
 0.10000	187.51538086	176.52317810	179.36721802	186.19390869	175.82890320	179.23655701	        -171	         173
 0.10000	185.45054626	175.33058167	179.17752075	184.31608582	174.35542297	179.09135437	        -172	         174
 0.10000	183.56323242	173.88107300	178.97930908	182.22441101	173.27589417	178.68545532	        -173	         175
 0.10000	181.42932129	172.89776611	178.51638794	180.12174988	172.22229004	178.23500061	        -174	         176
 0.10000	179.26521301	172.01992798	178.06300354	177.79205322	172.05233765	177.79125977	        -175	         177
 0.10000	176.92547607	172.00357056	177.56489563	175.52032471	171.80117798	177.08491516	        -176	         178
 0.10000	174.67524719	171.92648315	176.80979919	173.38241577	172.55635071	176.38749695	        -177	         179
 0.10000	172.55455017	172.79103088	176.13244629	171.13729858	172.93582153	175.66664124	        -178	         180
 0.10000	170.29104614	173.23239136	175.61924744	169.03704834	174.00648499	175.89375305	        -179	         181
 0.10000	168.34030151	174.42825317	176.27087402	167.37239075	175.01876831	177.25102234	        -180	         182
 0.10000	166.87135315	175.49551392	177.82305908	166.20288086	176.44134521	178.77423096	        -181	         183
 0.10000	165.90522766	177.04267883	179.36979675	165.63764954	178.07336426	180.42405701	        -182	         184
 0.10000	165.35133362	178.76832581	180.91337585	164.67568970	179.99438477	181.44810486	        -183	         185
 0.10000	164.44604492	180.73233032	181.90414429	164.38150024	181.91261292	182.82542419	        -184	         186
 0.10000	164.19140625	182.61058044	183.35620117	163.62394714	183.69749451	184.21806335	        -185	         187
 0.10000	163.50187683	184.48391724	184.63293457	163.65229797	185.90093994	185.09706116	        -186	         188
 0.10000	163.74331665	186.76480103	185.32106018	163.92877197	188.23088074	185.56884766	        -187	         189
 0.10000	164.04989624	189.10554504	185.72360229	164.29817200	190.56068420	185.98066711	        -188	         190
 0.10000	164.24075317	191.43415833	186.17509460	163.81449890	192.82341003	186.54057312	        -189	         191
 0.10000	163.58674622	193.63914490	186.83525085	163.21180725	194.96784973	187.41787720	        -190	         192
 0.10000	163.10607910	195.73796082	187.86557007	163.11328125	196.93867493	188.76210022	        -191	         193
 0.10000	163.28427124	197.65759277	189.27087402	163.84098816	198.80221558	190.06210327	        -192	         194
 0.10000	164.21107483	199.47688293	190.52304077	164.89341736	200.57928467	191.27429199	        -193	         195
 0.10000	165.30230713	201.27287292	191.66989136	166.00003052	202.48822021	192.20086670	        -194	         196
 0.10000	166.30503845	203.18066406	192.68350220	166.61009216	204.21281433	193.72654724	        -195	         197
 0.10000	166.73341370	204.90522766	194.28399658	166.81066895	206.15434265	195.10842896	        -196	         198
 0.10000	166.87188721	206.89202881	195.61485291	166.97911072	208.10836792	196.48304749	        -197	         199
 0.10000	167.12707520	208.86526489	196.94029236	167.50857544	210.16122437	197.58824158	        -198	         200
 0.10000	167.76252747	210.93005371	197.97271729	168.26467896	212.18943787	198.61045837	        -199	         201
 0.10000	168.51133728	212.96052551	198.99668884	168.84419250	214.28364563	199.61691284	        -200	         202
 0.10000	168.91725159	214.97315979	200.18666077	168.82855225	215.84616089	201.40167236	        -201	         203
 0.10000	168.63047791	216.41653442	202.06533813	168.07209778	217.39784241	203.05085754	        -202	         204
 0.10000	167.59347534	217.91282654	203.60871887	166.56996155	218.61666870	204.44741821	        -203	         205
 0.10000	165.86840820	218.99795532	204.85725403	164.57136536	219.55206299	205.36416626	        -204	         206
 0.10000	163.72251892	219.73222351	205.59306335	162.23355103	219.71366882	205.76202393	        -205	         207
 0.10000	161.40666199	219.90330505	206.05451965	160.24714661	220.49661255	206.79576111	        -206	         208
 0.10000	159.53048706	220.81494141	207.23121643	158.33895874	221.29025269	208.00584412	        -207	         209
 0.10000	157.56858826	221.66802979	208.26745605	156.26719666	222.40875244	208.32208252	        -208	         210
 0.10000	155.48643494	222.83532715	208.43235779	154.18557739	223.52958679	208.69889832	        -209	         211
 0.10000	153.42025757	223.99353027	208.75418091	152.20155334	224.85969543	208.65487671	        -210	         212
 0.10000	151.40475464	225.26141357	208.74432373	150.03298950	225.74591064	209.10374451	        -211	         213
 0.10000	149.19836426	225.82304382	209.42379761	147.88949585	225.59123230	210.11602783	        -212	         214
 0.10000	147.14739990	225.29302979	210.52342224	146.06892395	224.52383423	211.22463989	        -213	         215
 0.10000	145.35940552	224.01026917	211.42027283	144.17446899	223.09736633	211.32945251	        -214	         216
 0.10000	143.51794434	222.49241638	211.41625977	142.55969238	221.39033508	211.75189209	        -215	         217
 0.10000	141.90150452	220.78491211	211.82109070	140.70129395	219.89201355	211.73362732	        -216	         218
 0.10000	139.96397400	219.38349915	211.67929077	138.67430115	218.64343262	211.49124146	        -217	         219
 0.10000	137.96124268	218.13035583	211.67620850	137.00532532	217.27372742	212.45007324	        -218	         220
 0.10000	136.38461304	216.77418518	212.86318970	135.32499695	215.98764038	213.57412720	        -219	         221
 0.10000	134.61398315	215.46554565	213.74099731	133.37962341	214.63085938	213.57682800	        -220	         222
 0.10000	132.83087158	213.94621277	213.38531494	132.34167480	212.63194275	212.85586548	        -221	         223
 0.10000	131.96972656	211.83512878	212.67544556	131.35208130	210.47254944	212.58625793	        -222	         224
 0.10000	130.79244995	209.77502441	212.51248169	129.62475586	208.84487915	212.38215637	        -223	         225
 0.10000	128.82968140	208.44207764	212.28364563	127.38741302	208.08567810	212.08927917	        -224	         226
 0.10000	126.52336884	207.86538696	211.99655151	125.07343292	207.51219177	211.86402893	        -225	         227
 0.10000	124.20677185	207.28285217	211.85421753	122.77037811	206.87924194	211.99171448	        -226	         228
 0.10000	121.93898010	206.56651306	211.86877441	120.67813110	205.97328186	211.31762695	        -227	         229
 0.10000	119.91367340	205.54243469	211.13241577	118.66542053	204.72102356	211.02029419	        -228	         230
 0.10000	117.93369293	204.21363831	211.12928772	116.81239319	203.33836365	211.60119629	        -229	         231
 0.10000	116.09082031	202.98602295	212.00192261	114.89761353	202.68711853	212.85813904	        -230	         232
 0.10000	114.13717651	202.66795349	213.33438110	112.85417175	202.99446106	214.03709412	        -231	         233
 0.10000	112.06980896	202.90602112	214.46435547	110.84062958	202.35813904	215.12414551	        -232	         234
 0.10000	110.15775299	201.96286011	215.55145264	109.15804291	201.12556458	216.29005432	        -233	         235
 0.10000	108.46012878	200.76846313	216.72674561	107.16780853	200.45349121	217.41732788	        -234	         236
 0.10000	106.48065186	200.03469849	217.81477356	105.55274200	199.02905273	218.42645264	        -235	         237
 0.10000	104.90406799	198.43395996	218.60072327	103.77578735	197.44892883	218.54965210	        -236	         238
 0.10000	102.97914886	197.03681946	218.53684998	101.52506256	196.67582703	218.51416016	        -237	         239
 0.10000	100.66845703	196.41119385	218.52075195	 99.25480652	195.91706848	218.56542969	        -238	         240
 0.10000	 98.40187836	195.64183044	218.56228638	 96.96231079	195.23042297	218.50708008	        -239	         241
 0.10000	 96.13204193	194.89318848	218.53102112	 94.81537628	194.18891907	218.65422058	        -240	         242
 0.10000	 94.02474213	193.80198669	218.82528687	 92.73447418	193.20516968	219.29882812	        -241	         243
 0.10000	 91.89740753	192.89268494	219.37705994	 90.46343231	192.51037598	219.16967773	        -242	         244
 0.10000	 89.62714386	192.20326233	219.06646729	 88.27248383	191.58415222	218.90213013	        -243	         245
 0.10000	 87.46965027	191.19844055	218.79528809	 86.13063812	190.55783081	218.58879089	        -244	         246
 0.10000	 85.47002411	189.95353699	218.52221680	 84.72342682	188.65460205	218.47502136	        -245	         247
 0.10000	 84.25125122	187.90393066	218.61744690	 83.44548798	186.76420593	219.16461182	        -246	         248
 0.10000	 83.18225098	185.93696594	219.39578247	 83.20874786	184.44801331	219.56790161	        -247	         249
 0.10000	 82.99803925	183.64147949	219.90270996	 82.40038300	182.56047058	220.75224304	        -248	         250
 0.10000	 81.92261505	182.01522827	221.28204346	 80.92662048	181.35229492	222.18490601	        -249	         251
 0.10000	 80.33412933	180.95674133	222.73081970	 79.37641144	180.34436035	223.70768738	        -250	         252
 0.10000	 78.64595795	179.95977783	224.06042480	 77.25882721	179.41659546	224.22642517	        -251	         253
 0.10000	 76.55458069	178.86027527	224.24591064	 75.70703888	177.63635254	224.07249451	        -252	         254
 0.10000	 75.08242035	176.99482727	224.01222229	 73.89231110	176.08641052	223.94471741	        -253	         255
 0.10000	 73.28730011	175.42370605	223.96046448	 72.42764282	174.20201111	224.08062744	        -254	         256
 0.10000	 72.14326477	173.35357666	224.14836121	 72.10060883	171.85949707	224.25656128	        -255	         257
 0.10000	 72.05188751	170.96646118	224.32437134	 71.99945068	169.47360229	224.44213867	        -256	         258
 0.10000	 71.77399445	168.61059570	224.53732300	 71.10559082	167.28584290	224.74697876	        -257	         259
 0.10000	 70.65834045	166.50871277	224.77545166	 69.83427429	165.26239014	224.66049194	        -258	         260
 0.10000	 69.24445343	164.59069824	224.58403015	 68.10308075	163.62948608	224.44592285	        -259	         261
 0.10000	 67.53582001	162.96511841	224.24179077	 66.80433655	161.77003479	223.71061707	        -260	         262
 0.10000	 66.38942719	161.04418945	223.38659668	 65.74689484	159.81524658	222.81973267	        -261	         263
 0.10000	 65.35781097	159.08131409	222.48236084	 64.68927765	157.85955811	221.92938232	        -262	         264
 0.10000	 64.36664581	157.12208557	221.53414917	 63.94728851	155.89414978	220.78468323	        -263	         265
 0.10000	 63.82885742	155.13916016	220.31568909	 63.91884232	153.87673950	219.51336670	        -264	         266
 0.10000	 63.73370361	153.12287903	219.06335449	 63.07321548	151.93873596	218.42477417	        -265	         267
 0.10000	 62.68947220	151.22276306	218.04403687	 62.05559158	150.03395081	217.38793945	        -266	         268
 0.10000	 61.62272644	149.27333069	217.19187927	 60.84883499	147.99032593	217.19700623	        -267	         269
 0.10000	 60.37079620	147.23976135	217.30708313	 59.57336044	146.03474426	217.70378113	        -268	         270
 0.10000	 59.08777618	145.31817627	217.93936157	 58.31331253	144.10206604	218.34867859	        -269	         271
 0.10000	 57.64597702	143.56535339	218.61772156	 56.29166794	143.12431335	219.08462524	        -270	         272
 0.10000	 55.56808853	142.62565613	219.26847839	 54.57735062	141.50462341	219.35903931	        -271	         273
 0.10000	 53.92885590	140.91441345	219.55056763	 52.79302979	140.08021545	220.06080627	        -272	         274
 0.10000	 52.18653107	139.50511169	220.38755798	 51.27241516	138.49748230	221.01602173	        -273	         275
 0.10000	 50.79244232	137.77148438	221.23458862	 50.16205978	136.41795349	221.36305237	        -274	         276
 0.10000	 49.72433472	135.65022278	221.20761108	 48.97176743	134.52622986	220.56242371	        -275	         277
 0.10000	 48.52046967	133.83314514	220.21511841	 47.77996826	132.66574097	219.63716125	        -276	         278
 0.10000	 47.31202698	131.91796875	219.47627258	 46.52955627	130.64178467	219.53701782	        -277	         279
 0.10000	 46.05721664	129.88053894	219.55767822	 45.26681900	128.60833740	219.59196472	        -278	         280
 0.10000	 44.80727386	127.83930969	219.61993408	 44.07631302	126.53363800	219.69560242	        -279	         281
 0.10000	 43.57402802	125.79836273	219.59068298	 42.64085007	124.71006775	219.15478516	        -280	         282
 0.10000	 42.21783447	123.94702911	218.94682312	 41.78239822	122.52851105	218.73771667	        -281	         283
 0.10000	 41.38547897	121.74466705	218.55728149	 40.54874039	120.55702209	218.19024658	        -282	         284
 0.10000	 39.96157074	119.91384125	217.97535706	 38.82880402	118.98947144	217.64630127	        -283	         285
 0.10000	 38.17228699	118.48612213	217.29829407	 37.09707642	117.77684784	216.53192139	        -284	         286
 0.10000	 36.63579941	117.37772369	215.87297058	 36.30984497	116.80030060	214.52861023	        -285	         287
 0.10000	 35.91843033	116.63380432	213.73782349	 35.06391907	116.65419006	212.50634766	        -286	         288
 0.10000	 34.52920914	116.87115479	211.81822205	 33.59543991	117.55260468	210.86383057	        -287	         289
 0.10000	 33.22386169	118.09455872	210.25201416	 32.99166107	119.19310760	209.25920105	        -288	         290
 0.10000	 32.67813492	119.79287720	208.67019653	 31.94421577	120.71456909	207.74411011	        -289	         291
 0.10000	 31.48307419	121.10221863	207.07933044	 30.69535446	121.41548920	205.84364319	        -290	         292
 0.10000	 30.21291924	121.73526001	205.15837097	 29.41482544	122.44297028	204.10578918	        -291	         293
 0.10000	 28.84313965	122.81576538	203.52342224	 27.74978256	123.40345001	202.68368530	        -292	         294
 0.10000	 27.10464287	123.55817413	202.07952881	 26.06554413	123.45399475	201.00476074	        -293	         295
 0.10000	 25.53428078	123.50432587	200.28366089	 24.79085350	123.72442627	199.00137329	        -294	         296
 0.10000	 24.49314308	123.90067291	198.17398071	 24.27409363	124.29113007	196.74412537	        -295	         297
 0.10000	 24.12863731	124.39227295	195.86538696	 23.91036606	124.33318329	194.38447571	        -296	         298
 0.10000	 23.66591263	124.33922577	193.52212524	 23.09044456	124.40583038	192.14039612	        -297	         299
 0.10000	 22.67300224	124.33397675	191.35006714	 21.85001183	124.03847504	190.13330078	        -298	         300
 0.10000	 21.37371445	123.83466339	189.40113831	 20.59356689	123.48569489	188.17007446	        -299	         301
 0.10000	 20.19938850	123.01617432	187.51475525	 19.72220230	121.88570404	186.65444946	        -300	         302
 0.10000	 19.54949951	121.13217926	186.19923401	 19.45926094	119.75291443	185.62043762	        -301	         303
 0.10000	 19.51998520	118.92739868	185.27517700	 19.83324814	117.57520294	184.71049500	        -302	         304
 0.10000	 20.01576042	116.74047852	184.43676758	 20.37912560	115.33286285	184.07228088	        -303	         305
 0.10000	 20.39122009	114.44522858	183.93820190	 20.03042030	112.99042511	183.95515442	        -304	         306
 0.10000	 19.97463799	112.13652039	183.68264771	 20.10656357	110.89669800	182.85023499	        -305	         307
 0.10000	 20.22701454	110.22630310	182.26480103	 20.58928108	109.30919647	181.13578796	        -306	         308
 0.10000	 20.51208687	108.73183441	180.45202637	 19.88805008	107.86739349	179.39808655	        -307	         309
 0.10000	 19.70197678	107.30810547	178.72036743	 19.63105011	106.32662964	177.58927917	        -308	         310
 0.10000	 19.68234253	105.92199707	176.78886414	 19.99455643	105.66034698	175.34617615	        -309	         311
 0.10000	 19.99292374	105.23686218	174.55392456	 19.72092438	104.25228882	173.45660400	        -310	         312
 0.10000	 19.51060677	103.54231262	172.94796753	 19.06218338	102.20877075	172.43048096	        -311	         313
 0.10000	 18.85862350	101.41091156	172.07221985	 18.60069466	100.07720184	171.43827820	        -312	         314
 0.10000	 18.56074715	 99.32119751	170.95492554	 18.68380547	 98.17395782	169.99772644	        -313	         315
 0.10000	 18.78124428	 97.41178894	169.53184509	 18.99644279	 96.04842377	168.94601440	        -314	         316
 0.10000	 19.10225296	 95.35710144	168.38093567	 19.23577309	 94.46724701	167.18103027	        -315	           0
