615
750
864
749
576
749
846
750
750
750
518
749
749
749
582
275
749
745
726
751
750
388
275
286
750
750
275
743
-1
750
282
614
750
750
750
744
749
750
749
750
877
750
750
759
586
27
749
750
750
749
747
749
645
749
749
750
747
749
415
749
752
306
750
749
750
750
750
750
750
741
750
751
650
871
751
-1
749
749
750
958
749
748
744
750
750
749
749
755
750
-1
574
750
750
303
750
749
-1
744
750
750
750
749
750
742
607
750
750
749
749
749
750
949
-1
750
750
750
749
889
749
936
750
750
749
750
721
750
-1
610
-1
749
932
843
756
750
749
930
749
752
749
749
750
749
-1
749
750
749
-1
750
749
758
749
759
749
750
627
-1
-1
762
749
749
572
749
573
749
750
750
750
-1
750
541
750
752
749
753
745
751
707
754
591
750
748
749
750
749
749
750
749
745
937
749
865
636
749
749
749
750
750
750
749
749
752
750
750
750
751
755
752
750
747
749
745
750
749
744
750
750
749
750
750
577
750
745
750
802
749
750
750
749
747
749
750
749
749
756
750
749
757
749
749
750
287
752
751
952
749
750
749
750
750
616
749
750
750
751
750
749
749
877
749
750
582
750
869
-1
750
749
740
750
280
750
749
875
752
749
750
617
746
750
750
750
-1
581
750
759
750
749
747
708
750
606
723
752
749
749
749
749
-1
749
584
-1
750
-1
749
750
749
-1
750
750
750
750
750
750
750
750
287
908
749
749
614
754
750
761
750
745
752
750
-1
750
625
750
599
750
750
750
793
750
86
751
586
749
750
690
749
-1
749
750
749
749
273
572
749
750
750
751
730
750
752
749
750
744
750
747
759
742
750
750
750
855
750
750
749
283
749
749
743
750
304
749
202
749
750
749
750
750
750
849
-1
750
745
749
749
749
761
749
749
-1
742
749
861
743
617
749
749
750
-1
723
750
750
580
276
749
750
749
749
724
749
749
749
609
750
748
749
641
750
750
594
748
750
605
750
750
-1
749
749
-1
749
749
750
749
746
750
750
750
573
749
747
-1
749
749
749
750
743
749
-1
758
749
749
746
750
749
749
749
747
752
745
750
750
749
749
743
750
586
750
750
-1
749
584
749
750
291
734
749
749
749
701
743
750
749
749
749
749
749
744
747
731
749
-1
749
744
749
751
949
749
750
751
749
750
750
-1
749
742
750
651
750
749
742
706
939
751
624
749
751
764
749
-1
749
749
750
749
750
750
751
749
750
751
749
429
749
749
750
610
747
750
743
583
981
749
749
773
756
613
749
886
749
749
750
973
750
748
748
749
952
744
750
749
750
749
749
748
749
749
748
749
749
752
714
749
702
754
749
750
755
-1
744
746
744
750
759
751
750
750
749
745
750
750
749
898
750
608
-1
628
331
634
607
750
749
751
565
749
749
749
750
749
514
746
749
749
600
752
750
749
579
750
285
748
751
-1
749
749
930
749
582
269
749
749
767
749
953
590
-1
742
587
746
616
752
750
749
750
750
749
875
750
750
748
751
750
578
750
749
750
758
743
749
573
746
742
750
702
749
750
749
749
750
749
749
749
752
573
749
749
749
574
750
750
749
749
750
751
750
749
741
750
750
583
576
750
744
746
750
301
246
750
750
574
749
750
-1
519
752
592
750
749
750
749
750
752
750
750
747
-1
750
749
749
701
759
750
750
620
749
749
526
579
749
750
750
749
735
750
-1
749
749
581
749
749
753
-1
748
749
749
749
748
807
739
749
750
749
530
750
745
749
251
749
745
375
60
750
750
990
866
750
743
749
505
755
741
743
727
751
-1
749
750
609
959
750
749
749
749
748
749
750
753
-1
750
891
748
749
609
753
750
716
751
640
750
752
750
750
615
748
750
235
750
749
749
749
750
745
747
750
749
750
750
749
749
749
750
750
751
-1
289
614
578
-1
747
749
-1
750
585
749
658
843
750
750
753
749
750
268
748
750
576
749
749
750
749
750
960
750
749
750
750
-1
279
749
702
750
741
750
749
749
750
751
749
749
750
750
750
749
750
748
752
750
749
580
750
749
750
750
749
-1
750
740
750
749
749
750
750
749
753
748
749
747
749
750
-1
-1
750
755
749
749
749
-1
749
749
749
749
-1
749
743
750
611
750
750
749
749
750
750
747
576
749
750
749
749
769
762
904
751
619
400
750
750
746
752
749
749
314
750
749
-1
749
377
749
835
-1
749
749
750
745
750
582
749
749
743
750
749
749
-1
750
749
749
901
771
750
750
750
750
757
749
582
596
748
749
750
749
750
750
750
311
750
748
619
749
748
749
749
741
749
750
748
750
750
749
938
749
750
750
749
750
749
749
593
749
750
749
-1
750
749
752
750
749
750
750
750
750
749
749
750
750
750
750
750
749
749
748
745
752
750
609
741
750
750
934
615
750
750
737
760
744
865
751
749
750
749
749
750
758
747
748
745
747
911
-1
752
749
575
750
749
745
750
750
749
438
749
750
749
750
749
750
748
752
750
749
-1
589
-1
750
-1
750
750
741
749
-1
747
744
746
749
-1
748
745
749
749
749
750
707
749
749
610
579
748
750
750
762
951
998
575
749
749
750
749
453
751
749
750
749
866
673
751
-1
764
948
612
753
749
750
750
749
612
749
749
749
749
750
579
749
750
749
749
749
749
28
750
749
750
812
749
749
743
749
749
818
750
750
749
957
750
749
749
749
632
749
749
750
579
750
599
583
749
749
750
750
744
750
868
745
748
744
750
291
749
749
752
854
749
749
743
750
752
752
747
511
749
751
-1
750
749
614
750
-1
750
267
749
749
747
572
747
750
753
749
750
749
750
749
749
750
749
750
-1
750
743
750
750
748
750
749
749
749
750
750
750
751
750
749
750
749
749
749
747
749
947
989
754
749
753
750
749
749
749
748
749
749
970
-1
748
749
749
750
750
750
749
749
749
749
750
750
746
748
751
743
749
749
750
576
279
750
754
750
860
750
749
750
750
747
287
519
749
748
742
749
750
726
748
749
750
749
742
750
750
750
758
749
285
750
747
749
749
288
866
750
749
748
618
750
749
750
749
751
749
749
575
753
744
750
750
750
341
749
751
750
743
749
750
-1
975
846
750
750
749
-1
749
-1
749
748
748
749
749
750
681
-1
749
750
750
750
749
745
-1
750
614
746
749
607
750
576
750
750
-1
749
750
749
744
749
753
744
747
749
204
749
750
749
750
750
749
749
543
750
749
750
746
749
750
744
747
749
750
749
750
749
-1
748
748
750
-1
749
749
745
-1
729
749
748
750
751
754
750
749
742
612
749
678
750
750
732
750
749
532
981
749
576
748
750
747
746
750
285
749
759
749
723
-1
734
749
592
750
589
749
749
749
-1
612
749
747
749
750
749
295
748
757
750
750
749
753
747
749
750
750
748
615
761
244
750
749
749
747
749
751
753
747
950
745
750
644
750
750
749
749
745
749
750
750
749
750
750
742
749
749
749
749
750
534
749
750
574
750
750
586
-1
750
-1
750
747
395
750
956
749
749
749
749
749
750
750
750
708
749
745
749
749
748
749
845
583
745
750
749
750
737
552
749
748
750
749
749
750
749
157
863
-1
750
750
345
749
749
748
750
750
-1
590
518
749
750
750
758
750
743
742
757
749
750
749
519
749
749
-1
749
848
750
749
-1
749
750
749
749
750
856
752
749
749
749
767
749
751
861
749
749
750
749
750
750
749
749
750
750
749
751
750
595
749
749
760
749
749
749
749
750
745
750
761
749
745
749
750
750
746
748
-1
594
749
749
726
749
518
747
752
749
749
749
558
749
749
600
749
789
750
752
749
750
296
750
675
749
750
749
750
749
750
760
748
587
-1
749
749
749
750
749
698
750
749
-1
756
754
977
750
749
750
648
750
750
889
749
750
860
750
750
749
750
749
751
604
749
750
750
749
751
749
579
763
749
750
749
606
749
308
581
744
748
750
749
750
750
761
949
749
606
483
-1
749
745
749
282
750
749
749
749
749
571
749
744
762
750
749
514
604
750
750
749
750
-1
750
749
750
-1
749
745
745
881
749
749
749
746
742
750
750
753
748
749
749
749
750
750
749
749
747
621
749
750
752
749
960
742
749
750
750
765
749
751
580
748
744
749
750
749
750
749
744
750
750
753
749
749
750
753
749
743
751
750
751
751
932
-1
983
749
742
744
865
762
279
-1
750
749
-1
750
750
750
576
567
750
749
751
750
750
99
749
749
751
750
749
749
750
751
746
745
595
750
751
749
614
749
847
750
508
863
750
749
749
740
616
747
447
-1
750
750
749
749
749
364
749
749
749
747
-1
751
749
749
747
576
750
749
612
907
749
749
748
749
749
750
750
630
749
754
751
749
749
529
748
740
833
-1
745
749
749
750
750
749
750
749
966
868
749
605
750
749
950
751
750
744
750
749
579
750
750
749
749
-1
750
749
613
741
746
750
749
750
749
749
750
749
930
750
750
750
749
749
579
749
750
752
749
750
750
744
750
751
759
749
863
-1
744
749
929
750
707
749
738
749
750
748
749
756
749
747
750
750
744
750
752
750
750
750
751
283
-1
614
865
584
750
608
702
751
749
750
749
749
750
750
749
749
749
749
749
750
746
749
750
750
749
743
749
749
621
750
750
749
748
747
237
743
750
750
862
616
750
750
750
-1
749
743
750
749
750
617
745
750
-1
746
605
-1
750
748
743
-1
750
-1
750
749
749
750
749
750
750
749
750
284
749
615
749
586
750
749
767
750
750
871
741
749
579
747
750
749
749
750
752
750
268
893
750
750
750
749
751
749
751
750
750
750
750
752
749
749
748
737
750
753
749
-1
750
749
750
753
749
749
749
861
750
746
574
876
952
737
751
749
750
749
751
749
750
-1
750
749
749
750
750
750
749
754
749
750
742
750
750
748
749
750
750
751
749
-1
750
749
-1
750
749
745
749
748
750
749
749
750
749
752
750
750
-1
753
749
752
749
749
750
745
750
750
749
862
751
749
750
-1
281
749
745
750
-1
743
749
750
757
749
750
750
748
740
749
749
889
674
748
861
749
744
750
749
311
749
750
749
399
749
749
738
750
230
752
748
749
750
752
743
749
749
885
749
761
863
750
750
751
748
513
570
750
-1
750
748
705
753
743
749
745
790
744
-1
744
384
535
751
-1
748
749
749
750
749
100
618
750
578
748
749
573
750
750
753
748
-1
618
470
-1
749
759
750
749
748
750
909
749
750
547
750
751
749
510
469
340
629
616
752
750
931
748
708
-1
750
750
623
749
612
749
743
749
749
623
-1
-1
749
749
609
750
750
749
749
750
750
749
749
750
741
614
282
750
749
748
611
746
754
758
748
750
750
750
749
749
750
749
749
755
749
749
749
750
251
-1
955
749
520
-1
739
912
751
576
279
860
889
749
749
-1
750
749
750
744
750
723
748
750
568
-1
749
750
749
750
-1
749
628
749
750
750
905
750
749
749
749
750
750
71
740
750
502
750
750
748
749
571
750
749
749
752
749
750
750
637
750
749
748
749
749
749
748
255
750
749
749
749
748
-1
712
748
751
750
747
749
740
750
750
750
750
749
527
750
752
706
750
749
749
749
750
750
747
752
760
719
750
621
750
608
750
600
750
830
749
518
749
-1
749
749
749
749
749
750
750
749
750
741
748
750
749
-1
750
-1
751
762
752
611
749
749
-1
758
750
750
588
750
749
749
749
750
750
747
750
749
750
749
749
750
751
749
-1
750
593
750
750
749
43
749
750
750
750
749
-1
750
749
760
750
749
760
749
752
751
749
745
749
750
750
743
749
749
510
750
904
750
760
759
749
749
752
750
750
749
-1
749
750
750
750
750
578
750
750
750
748
744
750
749
749
750
749
749
749
761
750
750
749
750
750
750
750
749
750
753
744
-1
750
745
750
275
750
749
748
745
749
749
743
750
292
564
750
750
749
749
750
576
749
737
749
749
734
749
749
748
749
708
749
747
749
749
749
750
747
750
749
579
-1
748
749
757
742
749
750
726
743
749
746
749
749
749
749
750
749
750
750
741
749
752
980
749
749
-1
750
749
-1
840
-1
750
576
745
749
749
750
176
749
749
749
749
758
749
751
750
750
749
749
749
748
869
749
823
748
752
750
582
747
750
751
752
750
948
749
-1
750
745
755
749
755
746
751
750
878
749
749
750
749
749
749
749
749
577
750
-1
399
749
700
-1
271
613
750
749
750
749
743
-1
749
749
750
283
615
751
616
750
748
752
708
938
742
579
750
750
742
750
749
752
749
615
749
514
749
766
742
414
579
377
750
760
451
974
749
752
618
749
749
743
749
747
749
750
749
275
749
950
751
585
750
622
750
749
605
-1
749
747
749
748
751
778
750
749
750
750
751
630
750
748
682
860
750
749
750
284
615
749
874
-1
750
902
750
750
742
750
929
-1
612
749
754
750
718
749
749
720
750
746
749
749
750
750
586
749
750
745
750
751
750
749
751
750
749
750
750
750
751
747
749
746
749
750
708
750
748
742
-1
750
750
749
750
749
718
749
749
641
603
750
342
749
642
749
749
749
-1
750
748
609
754
750
745
749
749
749
749
749
750
750
750
750
623
750
749
-1
749
749
750
742
750
750
750
749
631
749
749
576
749
749
745
750
752
-1
749
744
751
748
750
749
752
860
750
750
280
598
750
749
748
750
749
615
749
750
747
579
750
749
751
750
750
750
753
908
750
750
750
747
744
756
614
750
749
-1
-1
749
750
749
749
749
-1
-1
749
581
749
750
753
749
750
749
749
750
743
750
749
750
741
749
594
749
750
751
601
868
750
749
575
749
277
752
749
512
749
621
757
745
749
753
749
749
750
750
-1
751
749
834
749
267
584
756
545
749
749
591
752
749
751
866
743
513
642
720
751
950
751
750
744
749
752
749
753
749
749
750
749
750
692
750
746
749
751
753
749
642
749
749
922
757
751
748
750
749
751
577
749
573
747
750
749
745
749
750
741
-1
748
750
-1
752
749
748
750
749
749
8
750
999
749
740
605
711
750
750
750
749
749
750
749
750
749
749
749
751
749
750
-1
750
749
750
750
743
752
737
749
646
867
580
707
749
349
749
749
-1
749
748
750
751
-1
750
750
755
750
879
750
749
853
750
750
750
749
749
750
749
751
749
750
276
750
747
750
750
754
750
749
-1
354
750
750
-1
752
749
740
750
750
748
-1
749
750
749
750
750
750
750
755
6
757
752
751
642
749
251
741
982
749
750
606
749
616
750
861
749
986
750
749
749
749
747
393
616
519
752
663
744
934
-1
-1
743
743
751
749
750
576
749
750
749
749
752
762
744
883
749
749
750
744
888
-1
747
751
575
752
756
749
750
-1
749
749
814
848
757
747
754
604
749
740
857
744
749
514
752
-1
603
742
949
749
-1
750
598
749
750
-1
749
750
577
749
749
749
745
750
271
749
749
749
749
748
-1
748
749
750
847
749
618
749
750
744
750
750
749
747
844
951
566
749
745
750
741
749
746
749
710
263
752
749
868
-1
710
578
594
711
749
595
749
749
757
750
598
751
725
749
762
752
749
750
749
750
701
753
743
750
356
749
749
759
953
676
724
749
749
750
749
-1
-1
750
750
747
749
750
750
750
749
749
676
750
749
749
-1
749
100
749
742
742
631
749
441
936
750
650
749
743
750
750
587
749
749
750
750
749
749
750
749
-1
750
-1
749
749
747
750
728
865
750
748
-1
749
749
321
749
750
749
-1
750
269
749
750
625
749
750
750
750
617
749
750
324
300
918
458
749
749
750
749
278
750
748
749
746
750
749
748
-1
749
749
751
749
750
749
750
290
750
746
750
749
750
379
575
691
750
750
750
735
749
998
748
750
750
750
-1
933
869
749
749
750
749
749
750
745
750
672
746
748
750
749
748
750
746
889
750
750
280
747
750
704
757
624
625
633
750
749
750
749
741
750
750
748
751
-1
749
749
744
749
749
357
459
750
750
750
750
749
915
746
-1
753
748
751
750
754
749
376
750
749
751
731
749
750
591
740
750
759
741
738
750
749
749
312
760
750
749
528
747
325
747
749
749
749
749
751
745
744
750
577
-1
760
750
750
752
608
750
749
581
750
749
953
749
750
617
745
750
748
-1
750
954
745
-1
748
-1
614
750
749
750
744
750
-1
749
750
750
745
750
601
750
749
749
750
750
749
484
752
750
750
751
749
748
749
261
750
744
615
743
750
749
750
749
748
749
520
580
750
749
749
750
575
631
749
750
749
744
749
750
749
749
750
750
750
763
756
750
750
749
752
750
750
749
749
756
749
796
750
750
750
748
744
750
749
750
751
749
750
276
747
749
750
749
953
744
749
-1
747
612
745
315
750
750
749
741
750
749
747
747
750
750
749
585
749
749
582
749
278
750
750
615
750
750
752
590
749
749
750
-1
749
749
749
611
749
-1
749
758
750
747
606
749
748
738
749
749
750
750
748
750
762
746
749
749
749
576
617
576
748
749
616
622
602
749
750
202
615
749
752
750
749
749
749
749
741
749
749
750
749
510
749
746
749
749
750
742
-1
757
755
749
749
750
750
749
749
749
750
-1
749
749
-1
750
750
585
750
758
749
749
750
749
749
748
761
749
750
750
749
752
748
749
750
750
754
750
750
753
751
-1
745
749
750
750
983
749
751
749
749
742
-1
749
752
749
749
750
750
750
750
730
725
620
379
561
749
749
749
752
749
740
757
749
746
749
750
749
748
749
761
749
745
748
704
744
751
749
-1
749
749
750
749
749
750
744
749
616
543
750
750
749
749
749
752
749
750
750
749
750
752
752
905
746
749
749
750
-1
750
748
740
750
701
749
750
740
749
750
747
750
748
751
750
749
750
750
750
-1
749
744
750
743
763
750
748
738
750
610
698
747
749
749
746
749
751
706
749
750
952
749
749
572
749
750
750
750
751
750
752
748
749
749
750
747
750
765
750
749
744
751
750
861
749
900
581
277
750
750
749
727
750
749
749
750
614
279
749
749
749
-1
608
-1
750
604
746
870
749
750
743
749
750
752
749
750
749
749
749
748
612
750
750
748
750
749
749
747
749
750
624
644
750
750
76
750
752
905
750
749
749
749
749
750
750
749
750
750
750
749
702
750
750
749
749
749
750
581
752
749
750
750
750
749
749
750
749
614
750
750
-1
750
744
264
741
748
750
751
744
751
750
749
749
746
750
734
749
285
683
749
666
950
749
712
751
748
414
-1
750
750
750
749
750
749
744
749
952
750
749
731
749
749
750
747
749
743
529
740
749
613
749
750
606
750
748
752
749
748
-1
750
750
-1
750
750
749
747
721
-1
750
472
751
750
739
743
239
743
749
749
-1
598
749
750
746
750
862
750
761
750
752
-1
749
-1
747
749
750
756
742
749
577
750
745
749
742
750
750
747
749
750
750
866
750
744
751
749
-1
742
750
749
621
749
153
749
750
752
750
-1
749
749
750
750
749
747
749
-1
750
-1
751
-1
-1
750
-1
574
749
749
750
750
750
750
750
749
749
749
904
748
610
745
740
749
750
605
750
749
749
510
750
750
750
749
844
749
754
749
750
312
749
749
749
349
744
743
741
-1
753
749
749
754
607
749
749
901
-1
749
750
743
750
750
750
369
-1
944
860
-1
749
592
750
750
749
750
750
750
575
879
750
749
750
749
863
616
749
745
751
752
749
750
750
750
750
749
749
743
749
743
746
294
750
749
751
750
749
79
749
749
749
526
749
-1
749
749
753
516
745
602
750
750
755
552
593
-1
749
749
751
748
284
749
749
749
745
761
747
749
659
-1
751
749
725
749
747
750
749
749
749
506
749
749
586
749
746
750
749
749
743
-1
607
750
-1
749
750
749
750
749
532
750
749
938
749
749
747
750
748
749
743
749
749
749
744
744
749
750
716
750
750
406
749
750
750
741
282
750
-1
750
747
750
747
751
899
749
749
749
749
749
743
750
-1
749
750
748
749
858
749
749
-1
749
376
281
751
748
747
750
744
752
749
749
750
750
290
750
750
749
750
756
750
-1
749
749
749
753
750
750
880
750
720
750
847
749
749
750
750
748
700
750
750
750
750
749
750
749
751
742
982
750
749
-1
749
749
581
749
749
747
750
749
749
750
749
748
712
752
749
750
750
749
748
747
748
983
749
749
295
750
-1
750
751
749
752
607
747
750
749
982
749
749
749
750
750
749
343
936
750
750
753
701
750
749
742
750
750
739
677
365
570
751
749
749
749
-1
758
748
745
749
749
753
751
748
750
749
747
749
658
-1
749
749
750
761
750
714
750
757
749
750
749
-1
-1
617
31
749
839
749
750
750
750
952
741
861
749
749
750
749
749
749
735
749
750
748
745
750
746
781
214
517
749
601
751
574
725
750
748
750
749
750
750
750
-1
751
750
750
750
750
610
749
750
988
750
615
749
749
750
750
752
750
-1
893
749
749
854
750
750
749
749
749
750
911
749
748
-1
751
608
752
749
743
749
750
749
750
749
749
749
608
749
742
751
745
750
749
749
377
749
749
749
749
607
749
750
742
749
751
746
750
749
751
760
750
-1
749
749
751
748
749
372
845
749
752
749
613
975
750
747
749
750
762
609
749
378
740
746
750
749
385
747
749
745
626
750
749
750
968
749
749
-1
620
740
686
750
750
749
744
753
746
749
749
712
750
750
750
749
750
750
744
620
751
764
751
747
750
750
744
577
749
580
254
-1
748
749
-1
907
749
749
750
749
754
750
754
647
750
747
749
349
356
748
750
749
970
750
749
749
750
290
750
873
749
750
619
750
754
951
748
314
743
749
749
750
741
749
749
750
749
749
907
749
742
744
749
574
750
743
346
749
749
749
749
750
755
750
750
750
-1
750
750
756
742
750
581
750
741
739
758
748
381
750
749
646
750
751
643
830
744
581
750
750
750
748
749
750
749
904
758
744
749
548
613
750
744
699
749
749
749
749
749
586
750
749
749
750
740
949
944
750
750
749
750
-1
579
750
622
750
750
750
750
750
-1
749
749
748
749
937
749
-1
309
749
750
749
750
614
749
749
272
750
749
743
-1
751
749
749
751
749
586
750
745
704
745
748
749
579
740
-1
749
750
749
743
749
749
749
749
749
757
940
754
581
749
749
749
750
580
751
749
749
748
750
738
749
750
749
746
283
749
614
749
743
749
950
749
749
749
-1
744
750
749
749
749
749
750
749
743
863
749
758
747
684
780
952
750
750
750
583
749
750
750
749
749
749
269
750
637
585
-1
750
747
750
750
749
749
845
750
960
748
579
750
750
-1
982
749
750
749
749
749
750
749
732
751
753
750
749
749
749
581
565
840
705
745
750
750
750
749
749
750
750
749
750
749
748
750
742
573
952
750
749
749
750
749
750
876
750
285
749
373
762
740
749
749
749
758
762
749
749
754
380
750
579
750
752
749
750
748
750
750
749
752
20
333
750
753
744
749
758
-1
749
577
750
907
750
744
749
741
749
749
708
750
748
950
745
749
750
750
750
579
750
745
749
749
749
749
743
741
749
749
855
870
748
749
748
749
749
587
749
750
-1
750
748
750
750
750
749
750
748
749
749
743
442
975
-1
749
752
750
202
755
750
750
742
749
575
750
749
749
750
754
750
745
750
322
750
749
949
-1
579
748
-1
750
750
746
746
750
749
752
748
749
745
750
751
747
824
749
750
979
749
750
750
749
750
750
750
749
736
750
749
574
-1
750
749
582
751
752
905
749
749
55
747
750
740
749
635
748
575
748
750
749
749
749
751
749
749
753
750
750
749
749
749
750
447
752
744
749
749
751
749
864
742
749
749
763
750
750
749
750
750
750
749
749
750
753
742
749
750
760
750
753
264
750
745
749
752
750
940
749
743
291
745
747
747
749
748
748
749
749
750
753
749
749
739
617
575
750
748
749
749
-1
749
749
750
-1
752
750
749
579
743
750
749
749
750
749
620
764
752
749
750
750
752
750
749
750
750
750
749
346
749
749
603
749
276
753
978
750
750
741
749
749
749
906
750
751
-1
747
752
750
748
750
750
750
749
749
746
749
753
571
750
750
579
750
749
750
749
749
749
-1
749
749
749
749
750
753
742
750
749
749
280
741
887
745
749
835
-1
749
873
750
745
749
749
747
748
748
750
750
750
256
752
750
750
751
749
753
749
750
749
749
749
752
749
749
579
750
749
749
748
751
571
744
748
749
742
863
749
750
747
617
749
748
749
749
749
750
749
749
750
749
745
748
751
743
747
751
750
749
750
749
-1
750
749
749
750
749
378
746
752
751
750
750
749
588
750
-1
626
751
758
749
750
-1
580
750
750
481
747
748
749
620
750
750
749
749
750
750
746
579
749
750
750
750
616
750
742
757
545
750
750
544
749
750
749
750
752
749
748
750
749
750
579
754
749
750
750
750
749
750
750
616
750
750
746
750
749
749
750
-1
-1
750
749
758
751
749
750
750
708
749
750
749
749
751
749
750
348
749
568
747
617
743
749
750
748
690
750
749
750
745
749
747
749
604
749
749
750
612
752
748
750
749
327
750
862
749
-1
749
750
750
750
761
749
574
749
-1
515
-1
749
749
750
750
747
747
749
750
748
750
749
749
748
749
749
749
900
749
747
749
749
750
750
749
749
212
749
753
749
751
-1
750
749
749
750
750
745
682
748
583
749
-1
754
748
761
749
746
750
849
750
571
859
749
610
750
756
749
750
759
749
750
755
749
750
751
750
749
578
750
749
614
749
750
750
749
749
750
748
748
749
749
-1
750
750
750
749
749
750
-1
751
750
862
605
749
-1
750
750
362
750
519
744
749
722
756
749
756
749
742
748
850
750
749
749
757
750
749
749
983
750
749
-1
750
749
745
743
750
749
750
749
748
748
750
750
587
744
750
750
750
747
-1
747
751
749
750
747
761
749
749
251
-1
752
749
750
750
-1
955
750
749
749
852
750
749
-1
-1
749
749
1
750
276
750
749
749
-1
743
749
750
750
749
749
749
632
750
749
749
998
749
749
748
749
743
749
750
868
741
744
-1
750
744
749
333
749
750
749
750
608
749
749
751
749
749
575
750
-1
630
-1
750
750
749
750
749
749
749
750
753
578
750
746
749
749
749
749
750
749
749
-1
750
756
749
750
749
751
750
750
645
902
752
749
751
670
750
750
688
744
750
743
749
768
750
607
749
748
-1
748
749
904
750
750
612
622
749
749
749
750
750
749
750
749
749
950
732
750
750
744
639
754
747
749
750
742
750
742
322
749
749
750
-1
750
750
750
614
617
748
750
753
750
749
-1
622
757
618
749
750
749
-1
750
750
751
748
749
577
750
744
-1
750
749
660
749
749
752
750
750
749
751
749
749
750
749
750
747
750
749
750
748
749
750
742
749
750
750
750
749
747
750
601
749
750
270
749
749
749
756
758
743
750
750
-1
762
749
744
750
584
752
762
749
749
750
749
750
750
743
750
747
751
748
749
749
750
750
748
750
749
749
750
853
750
750
762
749
750
749
749
746
740
578
752
606
749
527
750
749
749
973
750
750
751
748
750
749
750
643
750
749
748
749
765
750
751
349
750
750
750
754
615
850
753
730
749
-1
569
749
750
889
746
750
616
742
745
750
751
731
578
563
749
269
749
749
540
750
746
750
750
750
750
749
749
750
584
749
750
749
750
749
750
754
750
750
750
749
744
750
750
749
750
749
750
750
759
750
750
750
749
749
749
750
749
749
749
874
752
871
750
743
749
753
282
749
746
750
750
679
615
745
752
749
750
749
749
750
749
759
646
700
532
749
750
749
749
-1
749
750
609
752
576
752
752
750
751
750
750
749
750
750
741
750
750
749
749
749
620
578
750
633
751
744
749
751
899
750
749
750
742
748
749
750
752
752
750
750
762
577
749
926
-1
750
750
749
759
749
750
753
746
749
587
750
750
761
749
750
749
749
750
573
749
751
750
575
750
747
749
750
749
-1
749
749
744
750
750
366
-1
894
768
746
750
607
750
756
758
750
748
669
749
750
751
749
750
750
749
749
744
749
748
750
896
674
749
749
750
752
749
748
746
751
750
750
750
582
749
750
-1
749
744
283
749
749
749
744
749
749
750
749
751
744
748
712
751
748
750
750
749
271
-1
750
749
750
759
963
749
587
747
750
750
749
750
746
750
744
750
749
757
750
-1
45
753
750
311
530
-1
750
750
750
749
749
749
746
750
750
748
752
750
748
749
333
749
749
750
751
748
750
749
750
749
749
-1
755
749
750
749
749
861
440
749
629
746
748
748
739
749
750
750
749
16
746
749
750
751
748
749
750
941
530
614
611
-1
750
749
747
750
622
750
750
750
750
672
750
751
749
749
700
751
749
749
749
749
749
749
750
750
749
749
749
750
750
750
749
752
751
749
579
109
685
572
577
749
750
600
758
755
749
605
3
749
748
748
748
749
750
750
750
749
745
762
134
750
989
750
457
749
750
750
865
749
751
730
749
861
748
575
750
631
750
750
751
747
749
988
749
750
750
742
749
614
752
749
750
750
748
750
749
743
592
742
749
750
750
580
750
749
749
749
750
614
745
763
620
749
749
-1
750
749
746
361
748
739
758
749
749
-1
750
749
941
750
749
748
750
750
749
747
314
750
750
749
750
749
748
614
749
752
-1
749
749
750
750
749
750
750
750
749
750
749
750
-1
750
750
750
738
746
749
702
749
750
749
749
749
750
750
749
751
750
704
748
-1
634
755
749
749
749
749
752
751
746
750
750
750
724
748
750
749
750
746
-1
751
747
750
749
749
748
755
749
750
750
501
749
749
760
335
584
579
750
750
750
735
667
749
749
749
562
579
581
750
750
746
734
750
744
750
749
749
748
749
758
749
749
749
745
749
750
508
910
749
744
750
750
751
746
575
750
-1
749
744
750
749
750
724
749
720
750
749
749
751
749
748
748
749
749
751
750
951
749
863
613
750
747
745
750
750
745
270
749
355
749
750
750
750
748
751
750
574
749
753
749
411
743
605
753
624
344
750
749
747
749
750
749
865
595
749
431
748
761
742
750
747
752
-1
750
750
749
749
759
261
749
752
745
749
749
750
743
626
875
749
749
744
744
751
749
750
-1
292
275
-1
739
750
749
749
750
749
750
750
750
749
750
860
749
750
907
750
749
728
750
-1
749
750
749
750
631
579
-1
-1
748
750
744
750
749
749
963
743
749
748
871
749
750
858
750
750
750
748
36
749
747
750
749
750
749
749
748
-1
750
750
751
749
750
750
743
751
749
749
749
605
750
750
749
750
962
746
750
745
749
749
748
749
749
751
749
739
749
-1
750
750
339
749
750
748
746
750
749
749
614
749
7
602
750
750
746
750
-1
741
745
750
750
750
750
749
753
705
614
752
169
749
750
623
750
749
749
-1
750
749
-1
352
750
749
749
750
750
-1
346
750
749
337
744
749
265
623
615
911
749
744
747
750
-1
749
615
750
-1
749
750
749
750
866
749
295
749
750
750
749
742
750
913
750
748
-1
749
609
612
903
750
750
750
748
749
749
749
615
746
978
527
751
745
748
319
750
754
588
-1
746
-1
750
750
750
750
749
750
749
750
739
749
762
749
741
-1
750
750
750
755
750
745
749
774
758
750
749
749
743
750
749
743
749
749
749
749
749
750
751
749
749
749
749
745
-1
261
750
750
594
751
750
751
904
749
749
749
742
749
751
749
577
750
749
750
750
998
749
619
750
750
256
749
750
748
749
759
863
-1
747
723
748
603
750
745
750
749
750
749
575
749
758
749
750
-1
608
414
750
752
281
603
749
-1
754
750
750
747
581
710
749
749
610
724
740
-1
749
750
750
747
750
749
721
752
750
750
750
750
749
749
749
749
750
749
749
749
747
985
618
750
750
749
753
860
749
763
750
749
22
750
556
-1
751
749
750
749
749
745
398
749
750
749
750
271
751
748
750
867
749
750
741
742
-1
-1
749
750
749
-1
749
745
750
749
749
761
750
612
741
580
-1
749
-1
749
750
749
749
749
749
749
744
750
749
750
749
750
744
747
750
750
749
749
616
755
750
749
750
750
750
900
711
-1
750
751
750
749
750
750
749
749
749
295
749
743
750
743
750
750
749
752
604
720
723
749
749
748
749
576
750
750
750
749
616
750
750
742
750
519
859
743
598
749
750
754
612
750
749
757
880
756
744
749
749
749
750
-1
749
323
751
750
750
-1
750
750
433
748
750
887
749
268
743
746
750
948
752
750
757
749
609
-1
747
752
749
751
750
750
708
-1
750
750
749
749
-1
750
892
750
750
948
749
747
750
-1
750
749
748
745
750
742
752
749
670
746
238
752
750
761
744
750
573
750
750
749
749
749
749
750
750
750
759
957
749
750
750
755
749
750
750
749
294
749
750
749
749
749
750
288
752
768
748
746
744
750
749
749
749
762
599
683
750
749
748
749
749
844
879
750
573
749
750
750
750
751
746
750
751
887
-1
749
749
749
750
-1
754
863
750
749
750
749
666
749
746
751
743
745
750
750
744
749
744
749
-1
749
749
761
573
750
752
981
897
850
625
749
750
749
749
750
257
749
617
755
289
749
574
749
749
749
752
749
749
749
748
752
748
576
745
861
-1
750
750
749
750
746
750
749
753
749
805
749
750
749
951
585
750
905
749
749
748
748
-1
752
749
258
750
748
996
750
535
610
571
750
749
750
-1
-1
757
749
749
749
-1
749
752
749
581
-1
750
750
749
748
750
-1
750
750
745
395
865
745
749
747
750
-1
749
613
904
743
748
750
749
749
749
752
616
611
749
749
350
752
749
549
747
749
750
749
750
749
750
740
744
862
750
749
749
749
751
749
-1
749
745
749
749
750
786
749
750
750
750
750
750
749
750
749
903
750
749
749
749
750
749
-1
853
748
471
762
750
750
749
749
748
749
750
750
-1
749
749
749
742
750
749
750
750
749
750
612
749
749
607
750
749
750
811
750
587
749
750
351
750
750
749
750
750
619
749
750
749
749
762
-1
748
745
743
751
749
752
749
637
749
864
749
749
862
578
749
751
585
749
742
749
750
750
744
749
581
750
764
749
750
749
602
749
750
750
713
750
967
750
577
751
742
749
749
745
750
748
750
710
749
748
749
749
750
749
750
750
577
743
749
749
750
749
826
749
749
749
582
751
750
750
749
711
751
750
721
688
750
750
749
725
749
749
966
749
750
749
749
904
750
525
749
750
749
872
750
749
754
750
750
747
749
-1
750
750
750
751
749
749
619
749
750
750
750
743
613
750
750
753
750
749
767
749
81
750
749
763
749
750
609
752
749
626
750
746
574
749
610
749
353
749
749
750
749
750
746
273
748
750
861
749
751
-1
749
750
749
749
750
749
750
744
750
747
751
750
749
845
749
753
-1
749
750
750
749
749
750
750
749
750
747
750
750
749
750
874
745
749
749
751
574
750
749
750
750
-1
744
750
750
580
749
596
749
750
744
-1
753
749
749
750
852
509
749
875
745
747
290
746
749
740
750
750
750
608
749
883
750
747
748
746
712
750
750
579
749
960
750
747
750
748
-1
935
749
749
751
748
749
750
750
608
749
745
749
-1
749
750
749
715
749
749
751
750
744
596
750
750
758
749
749
746
750
749
580
750
749
749
751
748
604
749
-1
744
750
761
954
-1
873
749
749
977
749
749
750
749
749
753
749
749
953
749
748
749
946
743
987
752
749
744
862
875
750
749
749
753
749
749
752
750
750
753
753
718
750
750
749
750
749
750
610
749
724
750
751
750
737
749
749
750
750
748
750
750
618
751
750
744
298
750
750
749
749
750
750
749
749
704
749
750
718
-1
750
750
745
750
746
580
-1
753
752
881
750
748
743
749
669
750
750
749
751
749
749
744
590
750
749
749
756
750
750
749
749
750
979
744
990
749
721
335
745
749
749
744
755
751
750
749
749
762
750
749
749
609
861
750
749
748
750
750
750
749
749
749
750
749
606
748
983
750
368
584
742
749
750
749
750
749
742
750
738
750
750
750
903
750
749
750
743
746
749
-1
575
751
749
583
751
742
750
750
748
595
849
757
617
750
741
750
752
749
749
749
384
750
280
749
743
750
752
750
750
592
750
757
597
749
748
749
749
750
750
750
749
280
76
749
749
745
750
746
749
751
730
750
749
749
848
750
749
741
750
750
749
749
844
576
749
750
750
750
749
748
750
749
750
909
749
642
744
-1
-1
753
750
747
749
750
764
578
750
745
-1
754
749
749
750
750
751
749
745
750
749
237
749
750
748
749
579
-1
516
749
749
750
749
571
749
749
752
749
751
578
749
750
749
749
750
750
749
749
379
749
748
749
750
743
747
749
749
749
750
613
751
749
745
706
750
750
749
749
750
750
750
747
-1
748
906
749
750
749
706
759
749
752
750
749
749
749
750
845
585
749
750
761
743
751
749
610
750
711
605
593
178
605
750
346
746
749
750
750
-1
751
706
750
874
584
749
274
749
954
750
765
749
750
750
754
749
749
749
751
744
589
647
747
750
828
908
750
750
750
749
749
750
645
743
752
727
749
748
749
749
749
749
748
749
-1
749
-1
753
751
744
750
750
748
746
749
750
750
750
751
750
749
749
750
749
750
563
750
750
573
750
749
750
749
750
749
749
749
748
749
750
749
-1
750
749
565
750
749
749
750
749
749
-1
750
466
775
938
750
750
749
750
749
-1
868
748
272
483
752
752
749
760
746
749
754
667
743
750
387
749
749
880
620
749
571
-1
745
749
751
741
755
749
750
749
749
750
749
-1
749
750
748
-1
749
748
750
750
749
89
749
562
749
364
862
754
751
752
749
750
749
574
752
749
750
750
749
761
601
749
614
749
750
750
751
750
-1
742
749
749
734
749
751
749
750
748
750
749
750
749
873
750
744
749
747
750
749
750
748
750
749
749
617
750
750
865
749
682
750
750
751
746
615
-1
750
749
750
750
749
737
749
749
749
752
749
749
742
750
749
-1
747
750
750
993
749
953
749
743
749
582
749
747
758
749
749
754
859
750
512
750
665
750
746
750
704
749
749
750
750
749
749
749
750
873
221
-1
750
748
749
758
749
-1
749
747
750
750
749
759
750
748
887
750
750
665
-1
749
749
746
750
580
749
-1
749
746
747
750
-1
350
744
-1
749
-1
749
-1
749
581
620
749
749
571
750
750
752
720
750
579
745
-1
297
755
750
749
749
-1
591
749
750
749
728
606
750
749
750
750
575
749
747
749
750
757
750
941
750
749
-1
749
750
750
750
749
750
756
719
750
746
750
721
764
518
749
-1
750
749
747
750
750
751
750
749
-1
749
-1
751
749
749
883
751
614
744
750
746
751
630
748
748
750
607
748
837
750
749
-1
749
577
750
749
749
749
615
749
951
744
750
750
746
749
749
750
3
749
-1
751
749
577
743
749
744
750
749
-1
746
950
749
749
712
749
-1
749
732
749
750
750
750
748
749
885
750
748
750
749
573
750
743
749
951
748
751
749
365
749
749
750
758
623
-1
750
749
750
751
749
749
258
758
750
749
750
750
835
749
743
751
749
750
788
747
680
745
747
750
753
749
571
746
749
749
745
750
750
748
568
764
749
749
750
749
749
289
745
750
574
748
750
748
-1
749
750
617
749
750
748
749
750
582
749
589
750
749
753
748
748
-1
750
750
752
748
748
750
750
749
749
742
750
743
749
750
956
311
750
749
749
749
761
750
750
749
605
749
750
749
748
750
750
750
747
750
749
749
749
749
738
750
750
751
268
745
858
750
570
960
606
748
749
750
750
749
745
750
750
748
750
749
750
749
750
749
749
749
750
750
750
750
750
622
750
875
749
-1
752
-1
750
876
749
955
750
749
750
629
744
749
749
751
953
605
750
749
750
749
750
749
744
750
861
-1
749
282
750
750
750
-1
-1
-1
750
750
749
757
-1
857
746
749
749
748
750
749
749
749
725
311
750
748
-1
-1
749
751
749
749
750
748
750
747
641
749
750
749
749
763
748
749
281
263
753
750
749
750
750
749
749
754
749
749
750
750
750
749
747
749
750
750
748
757
749
-1
750
950
750
572
748
750
680
989
761
752
750
743
750
612
749
743
750
749
750
974
750
749
750
750
746
582
978
751
752
754
750
749
749
749
742
751
623
748
750
579
750
748
700
707
749
-1
747
749
-1
530
746
402
869
745
844
749
750
752
110
749
747
762
749
280
749
750
748
749
583
749
-1
741
705
747
743
878
750
889
605
750
750
749
641
517
749
741
742
748
747
750
743
569
749
360
749
951
749
749
854
408
750
618
-1
750
749
750
749
749
749
750
750
752
749
749
231
748
751
750
749
749
749
750
758
749
740
750
585
750
839
749
718
573
749
741
749
-1
750
750
743
762
749
753
750
751
750
750
756
749
749
749
750
749
758
749
749
655
747
752
748
750
716
750
643
743
750
747
749
265
749
612
749
749
-1
749
760
840
749
750
749
611
749
749
749
750
763
730
743
751
749
761
750
748
750
261
750
744
750
740
35
-1
268
-1
749
752
749
750
745
749
744
749
750
591
584
749
954
629
749
749
750
749
750
750
628
-1
-1
750
579
751
750
-1
750
750
518
749
749
-1
743
749
764
748
749
750
744
981
694
748
749
749
749
749
750
750
750
749
749
751
750
749
576
749
749
220
749
361
749
610
749
749
749
749
614
754
747
749
749
745
749
741
-1
750
636
750
750
748
759
749
-1
742
750
746
701
284
749
749
646
763
520
621
-1
749
748
749
749
750
749
751
748
749
750
748
746
749
397
-1
756
749
750
744
749
751
582
749
749
549
749
749
750
750
595
747
750
749
750
749
743
748
317
747
614
749
749
750
751
557
749
750
749
749
755
749
-1
750
754
-1
752
-1
750
749
750
750
749
750
749
750
749
749
749
588
745
750
749
724
750
749
-1
747
750
-1
742
582
747
744
749
750
750
746
750
749
756
744
749
713
747
750
750
955
750
748
749
749
750
748
750
586
116
750
749
861
749
744
749
750
749
-1
749
750
750
874
556
750
749
749
749
749
570
750
750
577
750
881
873
751
750
752
750
276
573
749
750
749
751
749
-1
594
749
751
749
750
750
761
754
749
743
749
845
749
577
746
-1
749
750
748
750
577
745
749
749
749
774
749
749
749
752
742
749
749
579
750
749
750
847
748
580
577
749
748
750
749
749
976
623
573
896
750
753
754
749
750
700
750
532
750
749
749
749
750
751
750
752
748
749
750
749
748
746
745
749
740
750
749
749
654
749
615
618
602
617
874
748
800
252
749
606
750
864
771
749
776
-1
-1
749
752
750
778
749
752
750
750
356
750
748
745
-1
749
749
749
751
746
750
750
750
749
750
674
749
749
749
611
749
750
572
746
749
749
750
752
750
749
750
749
748
750
750
750
749
749
749
762
585
748
746
749
753
750
750
751
749
768
-1
750
750
662
957
749
749
547
750
750
749
750
750
749
761
762
392
747
750
622
749
747
749
749
83
749
748
739
749
750
749
750
749
750
-1
749
750
749
749
531
751
750
740
684
750
751
513
748
595
749
749
750
752
-1
747
750
750
749
750
749
749
749
574
749
750
579
749
749
750
750
749
750
750
752
356
750
749
749
749
750
749
805
749
749
748
751
749
749
745
750
750
578
750
750
749
750
744
749
-1
750
614
750
749
862
749
748
749
613
312
749
540
750
749
739
871
748
750
513
749
750
750
750
747
740
750
768
749
866
762
751
706
750
751
751
750
750
749
600
750
749
461
750
749
878
749
750
755
749
516
725
749
749
-1
749
749
742
750
347
-1
748
749
749
695
750
749
574
749
750
749
749
749
-1
749
749
752
744
748
750
750
291
750
749
750
749
-1
749
744
750
750
641
752
750
749
703
749
750
745
749
614
581
750
-1
-1
750
753
860
750
749
743
-1
749
746
747
749
-1
860
740
577
750
749
578
744
750
615
750
750
750
763
747
750
750
-1
749
748
749
620
749
750
581
750
749
750
807
750
360
749
750
749
749
864
749
749
749
615
529
860
749
751
353
750
758
749
758
750
749
750
751
750
576
750
743
750
608
748
750
749
866
750
750
711
749
750
576
750
749
750
752
730
750
752
750
755
750
750
749
749
749
571
747
762
749
750
252
749
750
751
750
751
711
750
760
861
950
750
753
575
750
906
750
750
749
750
749
749
749
750
749
618
759
594
749
749
745
749
749
987
750
753
750
750
750
749
748
749
749
749
749
749
909
749
634
752
751
749
749
749
748
906
750
750
619
751
749
386
750
749
749
752
749
750
748
750
750
750
-1
706
978
750
750
749
674
749
749
749
747
-1
749
758
749
756
743
749
749
749
889
376
749
763
750
586
750
750
749
749
750
603
750
607
740
-1
749
750
749
749
750
752
753
750
750
-1
749
748
750
748
753
751
750
737
750
745
-1
749
750
610
750
750
747
750
749
750
750
750
756
750
749
750
291
248
571
748
749
750
688
241
749
290
752
-1
750
750
724
749
750
750
752
749
748
629
761
753
628
750
-1
749
741
749
750
748
681
749
750
744
750
750
745
747
584
750
750
749
758
749
750
749
751
750
751
961
752
594
750
750
610
749
740
747
750
750
749
750
751
574
750
683
750
750
748
751
311
749
749
751
748
868
750
739
581
749
749
572
750
578
749
710
749
513
743
588
750
749
749
755
749
752
712
751
749
749
749
749
743
750
749
746
748
750
750
749
749
960
871
754
576
750
750
750
750
749
749
749
750
750
511
750
749
750
876
750
750
749
750
750
749
750
750
751
750
749
750
748
749
748
750
749
750
748
751
762
747
750
749
-1
748
749
750
753
761
754
749
605
749
749
750
751
999
545
754
750
753
749
723
750
750
749
752
610
758
743
751
717
749
874
750
750
749
749
749
750
750
749
750
750
711
750
746
-1
750
749
749
905
748
750
749
749
577
750
749
750
750
266
749
585
758
750
521
617
741
749
569
750
586
750
750
749
750
613
750
750
749
749
587
749
750
749
757
744
752
749
748
751
729
749
750
862
309
749
753
750
745
749
750
750
749
749
750
580
749
749
743
753
804
750
750
750
938
985
749
749
750
750
747
744
749
752
749
