 1.10000	 10.81656647	  7.67506170	 18.11669731	 10.62025261	  7.42282867	 16.65113640	           0	           2
 1.10000	  9.72117996	  7.42145491	 16.71353531	  9.92094421	  7.41524696	 18.20014191	          -1	           3
 1.10000	  9.82181549	  8.26748657	 18.47188377	  9.67612934	  9.01416588	 17.17913437	          -2	           4
 1.10000	  9.48460674	  9.52731323	 16.46506119	  8.99111462	 10.05307007	 15.14976978	          -3	           5
 1.10000	  9.04149437	 10.81965446	 14.68098068	  9.90663147	 12.02324009	 14.91099834	          -4	           6
 1.10000	  9.46766186	 12.74880028	 14.60964775	  8.08580875	 12.39341545	 14.14697933	          -5	           7
 1.10000	  7.82109976	 12.85076618	 14.87921238	  9.16218948	 13.45027447	 15.18273830	          -6	           8
 1.10000	  9.58154392	 13.53620434	 15.97448921	  9.65766430	 13.29335690	 17.45274925	          -7	           9
 1.10000	  9.93147087	 13.61945343	 18.24562073	 10.63534546	 14.61620903	 19.11799431	          -8	          10
 1.10000	 11.45002460	 14.39764118	 18.80118370	 10.73909855	 13.46806622	 17.86288071	          -9	          11
 1.10000	 11.06168270	 12.85923195	 17.28391457	 12.55169010	 12.68976879	 17.25045204	         -10	          12
 1.10000	 13.03636932	 12.35880566	 16.56816292	 12.76378250	 11.88773346	 15.17041206	         -11	          13
 1.10000	 12.80973148	 11.70891762	 14.28960800	 12.96425056	 11.78897381	 12.79975414	         -12	          14
 1.10000	 12.81271935	 10.90108109	 12.78493309	 12.96646976	 10.76745319	 14.27105808	         -13	          15
 1.10000	 12.12129116	 11.02531719	 14.45081329	 12.06137085	 11.43408966	 13.00885677	         -14	          16
 1.10000	 11.66118050	 11.92572498	 12.37006378	 10.35639095	 12.60536575	 12.07760811	         -15	          17
 1.10000	 10.14440918	 13.47162724	 12.19774342	 10.18082714	 14.83813572	 12.81505203	         -16	          18
 1.10000	  9.31326103	 14.85987091	 12.56178856	  9.14519501	 13.43153000	 12.13550854	         -17	          19
 1.10000	  9.24814224	 12.59243870	 11.82639980	 10.15734863	 11.50568199	 11.33408928	         -18	          20
 1.10000	 10.92880917	 11.40197182	 10.88211250	 12.35019588	 11.77786160	 10.58472252	         -19	          21
 1.10000	 13.13300133	 12.05779743	 10.23970127	 14.54355145	 12.20676422	  9.75164413	         -20	          22
 1.10000	 14.93865871	 12.84727764	 10.24530029	 13.97230625	 13.37244511	 11.26529408	         -21	          23
 1.10000	 13.54441643	 13.83214855	 11.91007042	 12.86140347	 14.65624809	 12.96100235	         -22	          24
 1.10000	 12.57592487	 15.15773582	 13.65185547	 12.26626396	 15.95564270	 14.88373375	         -23	          25
 1.10000	 11.89215374	 16.04018593	 15.69805527	 11.55069923	 16.93533707	 16.85225296	         -24	          26
 1.10000	 11.83055496	 17.68588066	 17.26277351	 11.94484997	 18.83620834	 18.21867752	         -25	          27
 1.10000	 11.06861591	 18.79279709	 18.42100906	 10.93948174	 17.69344711	 17.40867615	         -26	          28
 1.10000	 11.46503735	 17.12205505	 17.86693954	 11.65611935	 18.24622917	 18.84145164	         -27	          29
 1.10000	 11.92814732	 19.01276207	 19.22665405	 12.71240711	 18.75577545	 20.47918701	         -28	          30
 1.10000	 13.14809990	 17.97689819	 20.36300087	 12.71878242	 17.47527122	 19.01615524	         -29	          31
 1.10000	 12.61871719	 16.95572281	 18.28821754	 12.50299072	 16.00852013	 17.13094711	         -30	          32
 1.10000	 12.39760780	 15.38581181	 16.48982430	 11.94417381	 14.13437653	 15.79824734	         -31	          33
 1.10000	 12.41014290	 14.25880146	 15.03835678	 13.11141872	 15.51342964	 15.46749020	         -32	          34
 1.10000	 13.03029919	 16.40968132	 15.45045757	 11.77381134	 17.21643448	 15.59318829	         -33	          35
 1.10000	 11.02134895	 16.97243881	 15.16385365	 11.25177956	 16.43615341	 13.78207874	         -34	          36
 1.10000	 10.68857574	 16.04739952	 13.19745922	  9.25796413	 15.63372135	 13.01782799	         -35	          37
 1.10000	  8.59499168	 15.39211655	 12.45898247	  7.25645113	 14.72459316	 12.34657001	         -36	          38
 1.10000	  6.99680710	 14.03159523	 12.85894680	  6.71970892	 12.89583206	 13.79833317	         -37	          39
 1.10000	  7.35245037	 13.33243942	 14.28089619	  7.62424564	 14.47803211	 13.35125828	         -38	          40
 1.10000	  7.41861296	 15.33065701	 13.14713573	  8.60085297	 15.92048168	 13.85717106	         -39	          41
 1.10000	  7.99481535	 16.13895988	 14.49016666	  6.58157063	 16.25219917	 14.98021126	         -40	          42
 1.10000	  6.22658825	 15.43701172	 15.14318466	  7.47653675	 14.94922352	 14.47291470	         -41	          43
 1.10000	  6.92258596	 14.87275505	 13.76114845	  6.10479832	 14.60831165	 12.53178215	         -42	          44
 1.10000	  6.34590530	 14.09799576	 11.82999611	  7.78233671	 13.76066589	 12.09995747	         -43	          45
 1.10000	  8.47593021	 13.93978786	 11.54555988	  7.93090391	 12.74433994	 10.82204247	         -44	          46
 1.10000	  8.23152924	 12.67528439	  9.97683048	  8.86762619	 12.38902187	  8.64899921	         -45	          47
 1.10000	  8.25012493	 12.96149635	  8.32413101	  7.54081869	 13.15601158	  9.63147926	         -46	          48
 1.10000	  8.01973820	 13.57443714	 10.26838493	  8.78424740	 14.77919292	  9.80568409	         -47	          49
 1.10000	  9.05999851	 14.97835541	  8.97239399	  8.86445904	 14.75695419	  7.50175858	         -48	          50
 1.10000	  8.71496201	 14.80393219	  6.61549425	  8.38348961	 14.66713047	  5.15898943	         -49	          51
 1.10000	  8.56408215	 13.78717613	  5.21587324	  8.88952255	 13.90577888	  6.67533827	         -50	          52
 1.10000	  9.13011074	 13.66126823	  7.50744963	  9.70529556	 12.66840744	  8.47359943	         -51	          53
 1.10000	  9.66205311	 12.20952034	  9.24674034	  8.66833878	 11.92693520	 10.33429337	         -52	          54
 1.10000	  8.86523533	 12.64482594	 10.84422112	 10.29035759	 12.20854759	 10.67504025	         -53	          55
 1.10000	 10.39419746	 12.73410797	  9.95187473	  9.04627514	 13.31588650	  9.64433575	         -54	          56
 1.10000	  9.42389774	 14.10813332	  9.85280800	 10.55206871	 13.50327206	 10.63474464	         -55	          57
 1.10000	 11.11259937	 12.80704975	 10.52929401	 11.52492142	 11.62384605	  9.70462990	         -56	          58
 1.10000	 11.27034378	 10.77672005	  9.53832245	  9.85772610	 10.46132946	  9.14452171	         -57	          59
 1.10000	  9.21151447	 10.11239433	  8.62418270	  8.33581257	 10.03608036	  7.40873003	         -58	          60
 1.10000	  8.05798817	 10.00650787	  6.55320454	  8.00930309	  9.47060585	  5.15305758	         -59	          61
 1.10000	  8.62601280	  9.23340988	  4.54200792	 10.12414074	  9.15909576	  4.53500366	         -60	          62
 1.10000	 11.01877880	  9.24015427	  4.58960629	 12.50239182	  9.40696430	  4.73464298	         -61	          63
 1.10000	 12.72195148	 10.02545071	  5.35047626	 11.54708958	 10.68823814	  6.00651073	         -62	          64
 1.10000	 10.87680721	 11.02467251	  6.50397730	  9.66137028	 10.95803642	  7.38044786	         -63	          65
 1.10000	  8.89980125	 11.00716972	  7.85744143	  7.61915922	 10.80014610	  8.61047268	         -64	          66
 1.10000	  7.49660349	 11.69113159	  8.56270885	  8.77322102	 11.89721775	  7.80256987	         -65	          67
 1.10000	  9.52391815	 11.84688187	  7.30856276	 10.63743687	 11.93480492	  6.30738020	         -66	          68
 1.10000	 11.36557674	 12.46385193	  6.30696154	 11.85647583	 13.50819778	  7.26528168	         -67	          69
 1.10000	 12.62936878	 13.15430927	  7.56107759	 13.26367188	 11.85583687	  7.15897274	         -68	          70
 1.10000	 14.15502644	 11.77652359	  7.25801277	 14.79662800	 11.01176262	  8.37769508	         -69	          71
 1.10000	 14.14171410	 10.49032784	  8.71124172	 12.81003571	  9.89813995	  8.35513020	         -70	          72
 1.10000	 12.43063164	 10.60527992	  7.92896557	 13.73857403	 11.22157669	  8.32678509	         -71	          73
 1.10000	 14.05680275	 10.57108116	  7.78082609	 12.88717556	 10.26219845	  6.89392042	         -72	          74
 1.10000	 12.11381721	 10.02882957	  7.29073620	 10.65148258	  9.93487358	  7.61133051	         -73	          75
 1.10000	 10.21574688	  9.14760208	  7.59088659	 10.62310982	  7.72956896	  7.32025957	         -74	          76
 1.10000	 10.74563313	  6.85684776	  7.50284576	 11.00582027	  5.60631418	  8.28927898	         -75	          77
 1.10000	 11.01794052	  4.76855946	  8.61802483	 10.94069386	  3.27896690	  8.77661610	         -76	          78
 1.10000	 10.89111328	  3.28415465	  9.67526245	 11.07614803	  4.49253845	 10.54440784	         -77	          79
 1.10000	 10.55653667	  4.89219904	  9.92213631	 10.12731934	  3.73647881	  9.06745625	         -78	          80
 1.10000	  9.83150482	  3.07068992	  9.60513687	  9.80548763	  4.17610073	 10.61847019	         -79	          81
 1.10000	  8.93486786	  4.34374952	 10.44284534	  9.39555264	  4.42156506	  9.01759624	         -80	          82
 1.10000	  9.76344585	  5.19808722	  9.30166721	  9.54762554	  5.02909756	 10.77657413	         -81	          83
 1.10000	  9.50263119	  4.49802017	 11.50269413	  9.78239536	  3.02564979	 11.43895054	         -82	          84
 1.10000	 10.39745808	  2.41668606	 11.19149685	 11.86822128	  2.61848330	 10.97652721	         -83	          85
 1.10000	 12.64990807	  3.06051445	 11.03748131	 13.43780708	  4.27681828	 11.42460442	         -84	          86
 1.10000	 14.10847664	  4.81469107	 11.69114971	 15.44466972	  5.37547588	 12.07866955	         -85	          87
 1.10000	 15.96136189	  5.59382200	 12.78256702	 16.00729752	  5.25401258	 14.24285126	         -86	          88
 1.10000	 16.25691223	  6.08728313	 14.47387314	 16.15510941	  6.64070702	 13.08342743	         -87	          89
 1.10000	 16.48779678	  7.12025785	 12.39837074	 17.54538345	  7.65371180	 11.47813034	         -88	          90
 1.10000	 18.12913704	  8.22739506	 11.10392570	 18.95005989	  9.46265316	 10.88002777	         -89	          91
 1.10000	 19.43193817	 10.20676422	 10.72508430	 20.08985710	 11.55356503	 10.78197289	         -90	          92
 1.10000	 20.52436447	 11.66984749	 10.00245762	 20.31137848	 10.45749569	  9.14524460	         -91	          93
 1.10000	 20.43889236	  9.88245869	  8.46476173	 20.97678375	  9.04809093	  7.34026337	         -92	          94
 1.10000	 20.19860268	  9.07152939	  6.88709879	 19.67956734	  9.95545006	  7.98221302	         -93	          95
 1.10000	 18.82398033	  9.98542404	  8.25983334	 17.46107674	  9.70564747	  7.69932747	         -94	          96
 1.10000	 17.34829521	 10.58707523	  7.55384731	 18.80565071	 10.81875992	  7.82308388	         -95	          97
 1.10000	 19.07686806	 11.09133053	  8.63681126	 17.82643509	 11.54197121	  9.33201313	         -96	          98
 1.10000	 17.78225136	 11.81299114	 10.18906689	 18.85303688	 11.75239086	 11.23772335	         -97	          99
 1.10000	 19.04909706	 12.21522522	 11.98423862	 18.54554939	 13.34763813	 12.82923031	         -98	         100
 1.10000	 18.75365257	 14.20201111	 13.02072430	 19.61586761	 15.38724613	 12.70171261	         -99	           0
