 0.40000	 79.39221954	 42.39054871	 44.37846756	 78.61485291	 41.53930283	 45.33810806	           0	           2
 0.40000	 78.17051697	 41.14727402	 46.01525116	 77.56984711	 40.72808075	 47.32411194	          -1	           3
 0.40000	 76.89414215	 40.62331772	 47.90898514	 75.47005463	 40.88231659	 48.30213165	          -2	           4
 0.40000	 74.65414429	 40.57287979	 48.52199936	 73.78363800	 39.38899231	 48.82287216	          -3	           5
 0.40000	 73.02560425	 39.02358627	 48.50407028	 72.10064697	 39.28368378	 47.35226822	          -4	           6
 0.40000	 71.38243866	 39.09021378	 46.84604645	 70.20444489	 38.33734131	 46.30280304	          -5	           7
 0.40000	 69.36241150	 38.03551483	 46.20605850	 67.92542267	 37.82247925	 46.57949448	          -6	           8
 0.40000	 67.08066559	 37.54978561	 46.43254471	 65.75690460	 37.14329147	 45.85622025	          -7	           9
 0.40000	 65.70236206	 36.53630066	 45.19421005	 66.93074036	 35.87991333	 44.63743591	          -8	          10
 0.40000	 67.73426819	 35.75101471	 44.25374603	 69.08921051	 36.14741898	 43.74699783	          -9	          11
 0.40000	 69.94284821	 36.41686249	 43.83806610	 70.97595978	 37.16943359	 44.62302399	         -10	          12
 0.40000	 71.67806244	 36.64679337	 44.83328247	 71.53868103	 35.32319641	 44.14134979	         -11	          13
 0.40000	 71.79555511	 34.69640732	 44.73387909	 71.74459076	 35.07563019	 46.18425751	         -12	          14
 0.40000	 72.52376556	 35.51402283	 46.28823471	 73.03172302	 35.48247910	 44.87725067	         -13	          15
 0.40000	 72.91627502	 35.98645020	 44.14066696	 71.78170013	 36.93829727	 43.90303421	         -14	          16
 0.40000	 71.37210846	 37.50138092	 43.33335495	 71.22962189	 38.19348145	 42.01040649	         -15	          17
 0.40000	 71.29644775	 38.65990067	 41.24403000	 71.71414948	 39.45272827	 40.04132080	         -16	          18
 0.40000	 71.94001770	 39.82673645	 39.25471115	 71.96627808	 40.49322891	 37.91123199	         -17	          19
 0.40000	 72.73234558	 40.13043976	 37.60890579	 73.03115845	 39.36916733	 38.86634445	         -18	          20
 0.40000	 72.99232483	 38.66392517	 39.42396164	 72.31373596	 37.46740723	 40.02196503	         -19	          21
 0.40000	 71.52073669	 37.04257202	 40.04256439	 70.17681885	 37.30855179	 39.43173599	         -20	          22
 0.40000	 69.39580536	 36.93218613	 39.19078827	 68.63143158	 35.64334869	 39.12414932	         -21	          23
 0.40000	 67.88671875	 35.34321594	 38.71779633	 66.82940674	 35.77286148	 37.74450684	         -22	          24
 0.40000	 66.13565063	 36.15404892	 37.31682205	 65.02386475	 36.95967102	 36.71292114	         -23	          25
 0.40000	 64.60639954	 37.69790649	 37.01395798	 64.87638092	 38.41246414	 38.30483246	         -24	          26
 0.40000	 64.70638275	 39.17376709	 38.75344849	 64.30184174	 40.61728287	 38.70375061	         -25	          27
 0.40000	 63.56250381	 40.94934464	 39.09493637	 62.57416916	 40.11654282	 39.85617447	         -26	          28
 0.40000	 61.75739670	 39.77902985	 40.02554321	 60.33323288	 39.31583405	 39.94201660	         -27	          29
 0.40000	 59.74989700	 39.20565033	 39.26571655	 59.80006409	 39.59806824	 37.81888962	         -28	          30
 0.40000	 59.93341446	 39.08128738	 37.09429932	 60.41669464	 37.66455841	 37.19041061	         -29	          31
 0.40000	 60.26208115	 37.55319214	 36.31088638	 59.89411163	 39.00054169	 36.17057037	         -30	          32
 0.40000	 59.32735443	 38.85288239	 35.48731613	 59.32430267	 37.36860657	 35.70401001	         -31	          33
 0.40000	 59.33498764	 36.94874954	 34.90803528	 59.66672897	 37.87551880	 33.77626801	         -32	          34
 0.40000	 59.42094040	 38.48077774	 33.15748215	 58.40490723	 39.48139954	 32.69256592	         -33	          35
 0.40000	 57.81234360	 40.15375137	 32.61213303	 57.05988312	 41.41569519	 32.91403580	         -34	          36
 0.40000	 56.17147446	 41.50545120	 33.02560043	 55.05764389	 40.53351212	 33.27972412	         -35	          37
 0.40000	 54.83611679	 40.00796127	 32.58359528	 55.91109085	 40.08041000	 31.54000092	         -36	          38
 0.40000	 55.58478928	 40.10248947	 30.70158005	 54.10561371	 40.28553772	 30.53306198	         -37	          39
 0.40000	 53.24441147	 40.21568298	 30.28177834	 51.86155319	 39.71183395	 29.99268150	         -38	          40
 0.40000	 51.11130524	 39.82575989	 29.50903893	 50.46437836	 40.66036606	 28.44382095	         -39	          41
 0.40000	 49.79228210	 40.88336563	 27.88864517	 48.44264984	 40.85674286	 27.23483086	         -40	          42
 0.40000	 47.73751831	 40.71936417	 26.69293594	 46.92713165	 39.97797394	 25.67141914	         -41	          43
 0.40000	 46.29442978	 40.48760986	 25.28425598	 46.25827026	 41.90101624	 25.78512955	         -42	          44
 0.40000	 46.32293701	 42.76702499	 26.02090263	 46.75399780	 44.17291260	 26.31668854	         -43	          45
 0.40000	 47.17950058	 44.59080124	 26.99061012	 47.65639496	 44.19694138	 28.35712433	         -44	          46
 0.40000	 48.37075424	 43.84402847	 28.77555084	 49.67830276	 43.16867828	 28.48563957	         -45	          47
 0.40000	 50.39507294	 42.69287872	 28.22190094	 51.28909683	 41.66860580	 27.58830643	         -46	          48
 0.40000	 51.97601700	 41.72706604	 27.00994301	 52.64553833	 42.82779312	 26.24184418	         -47	          49
 0.40000	 52.96870041	 43.62251663	 25.97022247	 53.14760590	 45.11130905	 26.00526047	         -48	          50
 0.40000	 53.40526962	 45.95139313	 25.81125832	 54.25562668	 47.04971313	 25.24513817	         -49	          51
 0.40000	 53.82803726	 47.80867386	 25.01872063	 52.33997345	 47.85128021	 25.20306206	         -50	          52
 0.40000	 51.48329926	 48.12101746	 25.26604652	 50.08555984	 48.66553497	 25.26317406	         -51	          53
 0.40000	 49.53060913	 49.09809113	 25.82455063	 49.46080780	 49.67203903	 27.20868683	         -52	          54
 0.40000	 49.29226303	 50.07523727	 27.99576187	 48.93807220	 50.79328918	 29.26431084	         -53	          55
 0.40000	 48.80648422	 51.15105438	 30.08005333	 48.76272202	 51.88518143	 31.38749504	         -54	          56
 0.40000	 48.55714798	 52.64653778	 31.82205200	 48.08122253	 53.19008636	 33.13670731	         -55	          57
 0.40000	 47.73330307	 53.15717316	 33.96642685	 46.62997818	 52.49554825	 34.73787308	         -56	          58
 0.40000	 45.94903564	 52.88584900	 35.17844772	 45.57405472	 54.32382965	 35.38275146	         -57	          59
 0.40000	 45.56074524	 55.19571304	 35.60679626	 46.28852081	 56.49541855	 35.78353500	         -58	          60
 0.40000	 45.81733322	 57.00255966	 36.35867691	 44.54503250	 56.32894135	 36.77981186	         -59	          61
 0.40000	 44.21897507	 55.52897263	 37.03207397	 44.95626450	 54.22488785	 37.10710907	         -60	          62
 0.40000	 44.79827881	 53.42302322	 36.73052216	 43.78273010	 52.97597504	 35.72126770	         -61	          63
 0.40000	 43.58063889	 52.39258194	 35.06663513	 43.95417023	 51.38192749	 34.02318192	         -62	          64
 0.40000	 44.06347275	 50.51662827	 33.80188370	 44.05428314	 49.05339050	 34.13150024	         -63	          65
 0.40000	 44.21627045	 48.40711594	 34.73634338	 44.40975571	 48.10095978	 36.19189835	         -64	          66
 0.40000	 45.15029526	 48.05602264	 36.70123291	 46.60894394	 48.29071426	 36.44229507	         -65	          67
 0.40000	 47.28741837	 48.83117676	 36.20293045	 47.62022018	 50.16330719	 35.59928131	         -66	          68
 0.40000	 48.18695068	 50.76553726	 35.24451447	 49.53631592	 51.12802887	 34.69894409	         -67	          69
 0.40000	 49.82530594	 51.97108841	 34.57406616	 49.31098938	 53.26860046	 35.12353516	         -68	          70
 0.40000	 48.73725891	 53.46986771	 34.45990753	 48.47066498	 52.38758469	 33.45604706	         -69	          71
 0.40000	 48.07933807	 52.02752686	 32.72951126	 47.83023453	 51.94265747	 31.25271225	         -70	          72
 0.40000	 48.10749817	 52.00825119	 30.39878273	 48.28046417	 51.83181000	 28.91923332	         -71	          73
 0.40000	 48.09347916	 51.31226730	 28.20839310	 47.62427521	 49.89007187	 28.29298592	         -72	          74
 0.40000	 47.42022705	 49.74722672	 27.42806816	 47.56648254	 51.15203857	 26.92294312	         -73	          75
 0.40000	 48.31902695	 51.48690796	 26.56034279	 49.59438324	 50.70075607	 26.63281631	         -74	          76
 0.40000	 50.31175613	 50.53822708	 27.15129852	 50.85307693	 50.68217850	 28.54274368	         -75	          77
 0.40000	 50.84239960	 50.86518478	 29.42376328	 50.16717911	 51.49913788	 30.60361099	         -76	          78
 0.40000	 49.79384995	 51.24155807	 31.38082695	 49.38493729	 49.99631500	 32.11018372	         -77	          79
 0.40000	 49.30184174	 49.24866104	 32.60385513	 49.42998123	 47.95307159	 33.34858322	         -78	          80
 0.40000	 49.77148056	 47.22755814	 33.75680542	 50.70625305	 46.10477448	 34.09648132	         -79	          81
 0.40000	 51.23739243	 46.00321579	 34.81575012	 51.56426620	 46.91173935	 35.96361542	         -80	          82
 0.40000	 51.42959976	 47.36802673	 36.72741318	 50.48380661	 48.20665359	 37.53489304	         -81	          83
 0.40000	 50.67850494	 47.87272263	 38.34761047	 51.59039688	 46.76950836	 37.89907074	         -82	          84
 0.40000	 52.45435715	 46.51770782	 37.89439011	 53.85923386	 47.03992081	 37.95258331	         -83	          85
 0.40000	 54.56305313	 47.59770584	 38.00861740	 55.29211426	 48.90388489	 38.11822128	         -84	          86
 0.40000	 55.65671158	 49.71467209	 38.25656128	 55.97394180	 51.13216019	 38.63038635	         -85	          87
 0.40000	 56.51887894	 51.84341049	 38.71303177	 57.68095779	 52.71463394	 38.33839035	         -86	          88
 0.40000	 58.31319809	 52.65200424	 38.97579575	 57.79382324	 51.59205627	 39.90140915	         -87	          89
 0.40000	 58.29658890	 51.68873978	 40.64156723	 59.42410278	 52.64623260	 40.39289093	         -88	          90
 0.40000	 59.18967438	 53.40611267	 40.81418991	 57.76689529	 53.20753098	 41.24560547	         -89	          91
 0.40000	 56.88912964	 53.26111221	 41.43625259	 55.39873505	 53.41896057	 41.37689972	         -90	          92
 0.40000	 54.64599991	 53.07283401	 41.72808838	 54.10681152	 52.17131805	 42.79877472	         -91	          93
 0.40000	 54.15317917	 51.27560425	 42.87191391	 54.98698044	 50.37591553	 42.00868607	         -92	          94
 0.40000	 55.02520752	 49.57326508	 41.60369110	 54.41963196	 48.28771973	 41.12369919	         -93	          95
 0.40000	 53.94794083	 47.55641937	 40.89519119	 52.97026443	 46.43965912	 40.67919540	         -94	          96
 0.40000	 52.21229935	 46.00932693	 40.45570374	 50.87192917	 45.39514542	 40.17995834	         -95	          97
 0.40000	 50.53396225	 46.10594940	 39.74353790	 51.84743881	 46.82934952	 39.70583344	         -96	          98
 0.40000	 51.72350693	 47.60182571	 40.15057755	 50.41764450	 47.38165283	 40.85497665	         -97	          99
 0.40000	 49.77240753	 47.82583618	 41.29782867	 49.05808640	 49.06926346	 41.73757172	         -98	         100
 0.40000	 49.00431824	 49.87254715	 42.13954926	 49.78859329	 50.94568634	 42.83465195	         -99	         101
 0.40000	 49.56857300	 51.75434494	 43.16237640	 48.34500885	 52.61528778	 43.26947403	        -100	         102
 0.40000	 47.57914734	 53.08758926	 43.26833344	 46.15674973	 53.56355667	 43.26292038	        -101	         103
 0.40000	 45.67737579	 54.02777863	 42.65918732	 45.96918488	 54.33756256	 41.22085571	        -102	         104
 0.40000	 46.03482819	 55.20984650	 41.00955200	 46.34294510	 56.20208740	 42.09141541	        -103	         105
 0.40000	 45.55660629	 56.63982773	 42.08452988	 44.75924301	 55.76878357	 41.15969849	        -104	         106
 0.40000	 44.04541016	 55.54587173	 40.65926361	 42.90166092	 55.23416138	 39.74029160	        -105	         107
 0.40000	 42.17632675	 55.75703812	 39.84216690	 42.40010452	 56.74617767	 40.94732285	        -106	         108
 0.40000	 42.09893799	 57.53506470	 41.25822449	 41.14694595	 58.66125870	 40.98391724	        -107	         109
 0.40000	 41.17010880	 59.49294281	 41.32684708	 42.03392792	 59.96983337	 42.45658493	        -108	         110
 0.40000	 42.52043915	 60.68279266	 42.20205688	 42.37605286	 61.01639938	 40.74682617	        -109	         111
 0.40000	 42.49045181	 61.26637268	 39.89003754	 42.85742188	 61.33957672	 38.43753815	        -110	         112
 0.40000	 42.88122177	 62.00645447	 37.83378983	 42.30772018	 63.39140320	 37.77901077	        -111	         113
 0.40000	 42.90865326	 64.03381348	 37.96873093	 44.25449371	 63.51452637	 38.37959290	        -112	         114
 0.40000	 44.92872620	 63.15053940	 38.85140228	 45.51779938	 62.32085037	 39.95339584	        -113	         115
 0.40000	 45.95500565	 61.56320953	 40.16451263	 46.65533447	 60.37920761	 39.56657410	        -114	         116
 0.40000	 46.49312210	 59.50643921	 39.71392059	 45.40760803	 58.84802246	 40.51263046	        -115	         117
 0.40000	 44.81843185	 58.33893204	 40.96347809	 43.75651550	 57.55742645	 41.67853165	        -116	         118
 0.40000	 43.50352859	 56.93455887	 42.27658463	 43.78698349	 55.80102921	 43.21712494	        -117	         119
 0.40000	 44.06686020	 55.57938385	 44.04312515	 44.73281860	 56.27874374	 45.19084930	        -118	         120
 0.40000	 44.68955231	 55.90362930	 46.00777054	 43.95121765	 54.63450241	 46.31440353	        -119	         121
 0.40000	 43.49481964	 53.87618637	 46.47671509	 42.49156570	 52.77475739	 46.65045929	        -120	         122
 0.40000	 42.64042664	 52.01586533	 46.19022369	 43.84843063	 51.92826462	 45.30540848	        -121	         123
 0.40000	 44.47872162	 51.86892319	 44.66593933	 45.11764145	 52.04902649	 43.32086945	        -122	         124
 0.40000	 45.97883606	 51.95657349	 43.56550980	 45.66580582	 51.77531052	 45.02122498	        -123	         125
 0.40000	 46.19047928	 51.53157806	 45.71051025	 47.64392090	 51.17930984	 45.82560349	        -124	         126
 0.40000	 48.06543350	 50.71131516	 46.46837997	 47.65508270	 50.02921677	 47.73965836	        -125	         127
 0.40000	 47.01192474	 49.62483597	 48.22190475	 45.51907730	 49.48076248	 48.24301910	        -126	         128
 0.40000	 44.99975204	 48.74983597	 48.16650772	 45.45304108	 47.36654282	 47.80461121	        -127	         129
 0.40000	 44.90376663	 46.65445328	 47.83790588	 43.42123032	 46.45403671	 47.94644928	        -128	         130
 0.40000	 43.15899277	 46.64234161	 48.78649139	 44.37523270	 47.20901871	 49.45696640	        -129	         131
 0.40000	 44.60276413	 47.40590286	 50.30506134	 44.29424667	 47.08651352	 51.73778152	        -130	         132
 0.40000	 43.95535660	 47.83847809	 52.09775162	 42.92055893	 48.91369247	 52.24933243	        -131	         133
 0.40000	 43.42117691	 49.40237045	 52.81549072	 44.69042969	 48.66741562	 53.12967682	        -132	         134
 0.40000	 44.66048050	 47.77106094	 53.20363235	 43.32200623	 47.28352356	 52.73388672	        -133	         135
 0.40000	 42.76429749	 46.86320496	 52.16643906	 41.88872147	 45.86834335	 51.46401978	        -134	         136
 0.40000	 41.28186417	 45.20458221	 51.49232864	 40.58908463	 44.26749039	 52.43664169	        -135	         137
 0.40000	 39.74279404	 43.96233749	 52.45722961	 38.56579971	 44.47105408	 51.67891693	        -136	         138
 0.40000	 38.01333618	 43.80485916	 51.43214798	 38.56932449	 42.41178131	 51.44599915	        -137	         139
 0.40000	 38.14440536	 42.10139847	 52.17604828	 37.78145981	 43.36190796	 52.90359116	        -138	         140
 0.40000	 36.92300797	 43.43133163	 52.64258194	 37.03527832	 42.42212677	 51.53860092	        -139	         141
 0.40000	 36.42068481	 41.87861252	 51.16889191	 35.13266754	 41.29664993	 51.67122269	        -140	         142
 0.40000	 34.56402969	 41.37113571	 50.97763824	 35.30073929	 42.16940308	 49.94330597	        -141	         143
 0.40000	 35.86733246	 42.21080017	 49.24549484	 36.87999725	 41.47219086	 48.42160416	        -142	         144
 0.40000	 37.77381516	 41.40846634	 48.50495911	 38.52101517	 42.04874039	 49.63713837	        -143	         145
 0.40000	 39.37006378	 41.89433670	 49.38095856	 39.61498642	 40.50572968	 48.86916733	        -144	         146
 0.40000	 39.72769547	 39.73347473	 48.42024612	 39.29048157	 38.47906876	 47.72332382	        -145	         147
 0.40000	 39.91853333	 37.87620544	 47.46937180	 40.79225922	 38.78772354	 48.27888107	        -146	         148
 0.40000	 41.16045761	 39.51648331	 47.90055466	 41.01432419	 40.13717270	 46.54288483	        -147	         149
 0.40000	 40.14122009	 40.21257401	 46.33786011	 39.10614395	 39.61608887	 47.24505615	        -148	         150
 0.40000	 38.36373901	 39.16799545	 47.48724747	 38.42398834	 37.70981979	 47.83379364	        -149	         151
 0.40000	 37.59570694	 37.40826035	 48.01814651	 37.08045959	 38.73281860	 47.53859329	        -150	         152
 0.40000	 37.16645813	 39.53673935	 47.93388367	 38.25762558	 39.68651199	 48.95209885	        -151	         153
 0.40000	 38.75159836	 40.23410416	 49.46773148	 39.31633377	 41.41233063	 50.20437622	        -152	         154
 0.40000	 39.72719955	 42.21244812	 50.17937469	 40.55813980	 43.35382080	 50.68591690	        -153	         155
 0.40000	 41.40023041	 43.58943176	 50.89826965	 42.74415588	 42.92672729	 50.83068848	        -154	         156
 0.40000	 43.51204681	 42.73392868	 51.25838089	 44.42976379	 42.41860199	 52.40213776	        -155	         157
 0.40000	 44.45458603	 43.07841492	 53.01362991	 43.65826416	 44.24919128	 52.51851273	        -156	         158
 0.40000	 42.92162704	 44.52658463	 52.95468903	 42.29397202	 43.78414917	 54.09692383	        -157	         159
 0.40000	 41.91794968	 43.26899719	 54.73169708	 42.11578369	 42.20814514	 55.77349854	        -158	         160
 0.40000	 41.34088516	 42.33755875	 56.21254730	 40.84734344	 43.51263809	 55.42168808	        -159	         161
 0.40000	 40.87110519	 43.85263824	 54.58879471	 41.71092987	 43.35526657	 53.44988632	        -160	         162
 0.40000	 42.38094330	 42.92795563	 53.02784348	 43.34898376	 41.79666519	 52.84690094	        -161	         163
 0.40000	 43.93236542	 41.11752701	 52.75758362	 44.77152634	 39.87497330	 52.79793167	        -162	         164
 0.40000	 45.56024933	 39.51606369	 52.55536652	 46.82846451	 39.95175171	 51.88327026	        -163	         165
 0.40000	 47.48992920	 39.42830658	 51.56964874	 47.67008591	 37.95184708	 51.76320648	        -164	         166
 0.40000	 47.81795883	 37.46801376	 51.01892853	 47.74824142	 38.12871170	 49.67414093	        -165	         167
 0.40000	 47.61048889	 38.38608932	 48.82299423	 47.40678787	 38.70550537	 47.37168121	        -166	         168
 0.40000	 46.67929077	 39.16047287	 47.10047913	 45.58952713	 39.41942596	 48.09811783	        -167	         169
 0.40000	 45.36800766	 40.15224838	 48.57110596	 45.88621902	 41.51871490	 48.90886307	        -168	         170
 0.40000	 46.74155426	 41.78267670	 48.81651306	 47.70150757	 40.72492981	 48.35871124	        -169	         171
 0.40000	 48.38891602	 40.97272110	 47.83348465	 48.58424377	 42.40299225	 47.42601013	        -170	         172
 0.40000	 48.68508911	 42.72871780	 46.59315491	 48.52223587	 42.04408646	 45.26855469	        -171	         173
 0.40000	 48.50205612	 42.05542755	 44.36903763	 48.54102707	 42.55534363	 42.95545578	        -172	         174
 0.40000	 48.61949158	 42.96653366	 42.15892410	 49.10334015	 43.60205460	 40.88932800	        -173	         175
 0.40000	 48.56727219	 44.32385254	 40.84942245	 47.76400375	 44.14056396	 42.10283661	        -174	         176
 0.40000	 47.21879959	 44.19427872	 42.81666183	 46.50502014	 44.33065796	 44.12879562	        -175	         177
 0.40000	 45.72908020	 44.04453278	 44.48346329	 44.43342972	 43.42238235	 44.05436707	        -176	         178
 0.40000	 44.43935394	 42.56892776	 43.76907349	 45.68321609	 41.74805832	 43.93892288	        -177	         179
 0.40000	 45.96173096	 41.77251053	 43.08351517	 44.90336609	 42.69600296	 42.55729294	        -178	         180
 0.40000	 44.93211365	 43.48962021	 42.13409805	 46.08423996	 44.38140488	 41.77744675	        -179	         181
 0.40000	 45.81641006	 45.19043732	 42.06671906	 44.59954834	 44.85340500	 42.87639236	        -180	         182
 0.40000	 43.84263992	 45.29507446	 42.67181396	 43.78501892	 45.88035583	 41.29195023	        -181	         183
 0.40000	 43.49290848	 46.72396469	 41.40522003	 43.43613815	 46.92023468	 42.89119720	        -182	         184
 0.40000	 43.29241180	 47.63993835	 43.41194534	 42.81384659	 49.05913925	 43.32933044	        -183	         185
 0.40000	 43.39506912	 49.72734833	 43.48916245	 44.85044861	 49.45280075	 43.72646713	        -184	         186
 0.40000	 45.73057556	 49.35591507	 43.88683701	 47.21332550	 49.36954880	 44.11301804	        -185	         187
 0.40000	 47.50883102	 48.53798294	 44.28963852	 46.36705399	 47.56554031	 44.26625824	        -186	         188
 0.40000	 45.77770996	 46.88605118	 44.29153824	 44.71274567	 45.83049011	 44.32663345	        -187	         189
 0.40000	 44.11848831	 45.15546417	 44.35190964	 43.14467621	 44.01587296	 44.40394211	        -188	         190
 0.40000	 42.84466934	 43.16762161	 44.41564941	 43.07345581	 41.68601608	 44.46415329	        -189	         191
 0.40000	 42.57787323	 40.96403885	 44.25685120	 41.23802567	 40.86311722	 43.59020996	        -190	         192
 0.40000	 40.68414688	 40.16493225	 43.71510696	 40.85762024	 39.02058792	 44.66919708	        -191	         193
 0.40000	 40.85641479	 38.15417862	 44.91255951	 41.03238297	 36.71395493	 44.53202438	        -192	         194
 0.40000	 40.65945435	 36.21736526	 45.18341446	 40.17029572	 37.14968872	 46.25174332	        -193	         195
 0.40000	 39.53092957	 37.67416000	 46.60664749	 38.33085632	 38.52442932	 46.31237793	        -194	         196
 0.40000	 37.54069138	 38.95217896	 46.35948181	 36.17295456	 39.47029495	 46.69169998	        -195	         197
 0.40000	 35.34519958	 39.79668045	 46.82489014	 33.98352051	 40.40637970	 46.97901154	        -196	         198
 0.40000	 33.08820724	 40.48088074	 47.02876663	 31.66539764	 40.00764084	 46.99095535	        -197	         199
 0.40000	 30.78211594	 40.15040970	 47.08639526	 29.56706810	 40.97337723	 47.39639282	        -198	         200
 0.40000	 28.82793808	 41.45525360	 47.57291031	 27.62995720	 42.30703354	 47.87141800	        -199	         201
 0.40000	 26.96120453	 42.88193512	 48.05052948	 25.76619530	 43.75666428	 48.28871918	        -200	         202
 0.40000	 25.79312134	 44.62081146	 48.53853989	 27.06274223	 45.36570740	 48.82685471	        -201	         203
 0.40000	 27.63504982	 46.05770111	 48.76858521	 28.50335693	 47.20500183	 48.34473801	        -202	         204
 0.40000	 28.31426811	 47.93039322	 47.84668732	 27.06408691	 48.43794250	 47.19142151	        -203	         205
 0.40000	 26.27943611	 48.18945694	 46.82752228	 25.61711502	 46.84439468	 46.78294373	        -204	         206
 0.40000	 24.87681198	 46.66444778	 46.30394363	 24.05357552	 47.53591156	 45.40245819	        -205	         207
 0.40000	 23.61862755	 48.07896423	 44.83176041	 23.38923836	 49.17731094	 43.83636475	        -206	         208
 0.40000	 22.61286736	 49.57946396	 43.62329483	 21.18027687	 49.49171829	 44.05904388	        -207	         209
 0.40000	 20.76076317	 48.94858932	 44.64118958	 21.51697540	 48.00569916	 45.52949524	        -208	         210
 0.40000	 21.28309822	 47.14417267	 45.64317322	 20.26256180	 46.35918427	 44.87364960	        -209	         211
 0.40000	 19.60313034	 45.81391525	 44.59509659	 18.38772011	 44.94479752	 44.46387863	        -210	         212
 0.40000	 17.82383728	 44.65517807	 43.82516098	 17.30181694	 44.95827103	 42.45202637	        -211	         213
 0.40000	 17.83199501	 44.53215408	 41.86269379	 18.88104820	 43.93624115	 42.75393677	        -212	         214
 0.40000	 19.55870056	 43.53887177	 42.31486511	 19.62839508	 43.48241043	 40.81760025	        -213	         215
 0.40000	 19.67496681	 43.63294601	 39.93166351	 19.63469124	 44.45534897	 38.67791748	        -214	         216
 0.40000	 19.30294037	 44.24098206	 37.86931229	 18.43531990	 43.28966904	 37.09978485	        -215	         217
 0.40000	 18.64826584	 42.50902557	 37.49368286	 19.60151100	 43.06800842	 38.50795364	        -216	         218
 0.40000	 19.99610329	 42.81930542	 39.27753448	 20.23382568	 41.86465454	 40.40981293	        -217	         219
 0.40000	 19.92557907	 41.26919556	 41.01002502	 18.74608803	 40.60577393	 41.65697479	        -218	         220
 0.40000	 18.18439102	 39.91669083	 41.51737213	 17.92621613	 38.88055420	 40.46400833	        -219	         221
 0.40000	 17.49771500	 38.40006638	 39.83528519	 16.56074142	 37.91356277	 38.76984406	        -220	         222
 0.40000	 15.90231991	 37.85142136	 38.15953827	 14.67152023	 37.83955765	 37.30226517	        -221	         223
 0.40000	 14.41546822	 38.64690399	 36.99813843	 15.15240097	 39.85674667	 37.49131012	        -222	         224
 0.40000	 16.00437546	 40.10756683	 37.63691330	 17.18686867	 39.18494797	 37.61724472	        -223	         225
 0.40000	 18.08305740	 39.25427246	 37.66062546	 19.11955833	 40.33806610	 37.63010406	        -224	         226
 0.40000	 19.92476082	 40.17358398	 37.99682236	 20.21686745	 38.88478088	 38.70640564	        -225	         227
 0.40000	 20.79843140	 38.25367737	 38.97720337	 22.21666908	 37.77708435	 39.08401108	        -226	         228
 0.40000	 22.17334175	 36.87873459	 39.11465836	 20.71448326	 36.53651047	 39.04719162	        -227	         229
 0.40000	 20.01467323	 36.04790497	 38.76197433	 19.28329849	 35.08143234	 37.87834167	        -228	         230
 0.40000	 18.48448753	 34.93943024	 37.48906708	 17.20583916	 35.69089127	 37.26489258	        -229	         231
 0.40000	 16.35142517	 35.40826416	 37.27167511	 15.38628292	 34.35279465	 37.72389984	        -230	         232
 0.40000	 15.75367260	 33.57282639	 37.46593094	 17.06528664	 33.95118332	 36.84429169	        -231	         233
 0.40000	 17.91803169	 34.15649414	 36.64301300	 19.22351646	 34.89286804	 36.70004272	        -232	         234
 0.40000	 20.12328911	 34.87757874	 36.69866562	 21.41203880	 34.21479416	 36.31170654	        -233	         235
 0.40000	 21.71511269	 33.97088242	 37.12321091	 20.58805084	 34.06029129	 38.10897064	        -234	         236
 0.40000	 20.46874619	 34.95110321	 38.15730667	 21.35490227	 35.31081390	 37.00178528	        -235	         237
 0.40000	 21.79377556	 35.66467667	 36.30044556	 22.45592880	 36.19370270	 35.06292725	        -236	         238
 0.40000	 22.87509155	 36.01540375	 34.28683472	 23.22568512	 35.12918091	 33.12856293	        -237	         239
 0.40000	 23.74263191	 34.42494583	 33.34455109	 24.03831863	 34.35291290	 34.81330490	        -238	         240
 0.40000	 24.21409225	 34.00676727	 35.62508011	 24.18127632	 33.24703598	 36.91795731	        -239	         241
 0.40000	 24.64792633	 32.70859909	 37.46768570	 25.99817657	 32.07257843	 37.61662674	        -240	         242
 0.40000	 26.49612617	 31.35332680	 37.82767105	 26.77904510	 29.93825340	 38.23678589	        -241	         243
 0.40000	 26.52629471	 29.07469749	 38.25304794	 25.55673218	 28.03638077	 37.77167892	        -242	         244
 0.40000	 24.74545860	 27.68606949	 37.94196701	 23.56361198	 27.83756256	 38.85306931	        -243	         245
 0.40000	 22.74355698	 28.13628006	 39.07234955	 21.59291458	 29.08734894	 38.92615891	        -244	         246
 0.40000	 20.71008682	 29.22296143	 38.81626511	 19.22317696	 29.10349464	 38.65890884	        -245	         247
 0.40000	 19.08104134	 28.25367546	 38.39904785	 20.50310516	 27.78269768	 38.32245255	        -246	         248
 0.40000	 20.50620651	 26.88360786	 38.28300858	 19.18554878	 26.19956398	 38.47764587	        -247	         249
 0.40000	 18.32954597	 26.09338379	 38.22099304	 17.43429756	 26.92295265	 37.34904861	        -248	         250
 0.40000	 16.62432289	 26.55896759	 37.20280457	 16.02411270	 25.34955215	 37.85623550	        -249	         251
 0.40000	 16.59478569	 24.65634918	 37.91760254	 17.89992905	 25.23702431	 37.46001053	        -250	         252
 0.40000	 18.65099525	 24.76830101	 37.29848099	 19.09524536	 23.33982658	 37.18891525	        -251	         253
 0.40000	 18.93000793	 22.55625534	 37.59951019	 18.21340561	 21.83832550	 38.70449066	        -252	         254
 0.40000	 17.46784019	 22.30694580	 38.89017868	 17.65710258	 23.54981995	 38.07196426	        -253	         255
 0.40000	 16.97261810	 23.87585449	 37.58704758	 15.67812634	 23.14218521	 37.39750290	        -254	         256
 0.40000	 15.04054928	 22.79051971	 36.86869049	 14.47332382	 22.30645180	 35.56726837	        -255	         257
 0.40000	 14.10034370	 21.84325027	 34.89188766	 13.25480556	 20.92700768	 34.05792236	        -256	         258
 0.40000	 13.67625332	 20.38806725	 33.47313690	 15.17607784	 20.36878395	 33.46144867	        -257	         259
 0.40000	 15.97588062	 20.75083733	 33.30559921	 16.65656281	 22.08708382	 33.33773422	        -258	         260
 0.40000	 17.14002228	 22.29419899	 32.60749817	 17.06872368	 21.20814133	 31.57532120	        -259	         261
 0.40000	 17.37850761	 21.50558662	 30.78445053	 17.74755478	 22.95340729	 30.65200806	        -260	         262
 0.40000	 18.23118210	 23.69250870	 30.82441711	 19.10691261	 24.23039055	 31.91699600	        -261	         263
 0.40000	 19.45480919	 24.93445778	 31.47743607	 18.70845413	 24.72343063	 30.19354820	        -262	         264
 0.40000	 18.93743896	 25.10499382	 29.41133118	 20.10756874	 25.97341728	 29.05561447	        -263	         265
 0.40000	 20.74297905	 26.35099983	 28.54227638	 21.68371391	 26.51793480	 27.38598061	        -264	         266
 0.40000	 22.11116982	 27.18527603	 26.95957375	 22.14342117	 28.66338730	 26.70643234	        -265	         267
 0.40000	 22.44067001	 29.16989136	 27.38839149	 22.62411118	 28.40209770	 28.66383553	        -266	         268
 0.40000	 23.20076180	 28.18941307	 29.32118988	 24.61130524	 28.07286072	 29.81783104	        -267	         269
 0.40000	 25.43692780	 27.95441437	 30.15563202	 26.84012413	 27.91549873	 30.68422890	        -268	         270
 0.40000	 27.38273621	 27.24150848	 30.93164635	 27.16930389	 25.75733566	 30.97199059	        -269	         271
 0.40000	 27.57524109	 24.95758629	 31.04623795	 28.73834419	 24.06240273	 30.73677635	        -270	         272
 0.40000	 28.75462341	 23.80935669	 31.60039711	 27.91010857	 24.91870117	 32.15364075	        -271	         273
 0.40000	 27.51731491	 25.45456314	 32.76057816	 26.68053627	 26.34053802	 33.63509750	        -272	         274
 0.40000	 25.82554245	 26.18882179	 33.87142181	 25.14275360	 24.94020844	 33.39741898	        -273	         275
 0.40000	 24.38265419	 24.49660110	 33.20946884	 22.93970680	 24.25901604	 32.87585449	        -274	         276
 0.40000	 22.06239700	 24.32041931	 33.06650543	 20.96727562	 24.62929535	 34.04382324	        -275	         277
 0.40000	 20.44435120	 25.34493828	 34.19966125	 20.43523216	 26.72406197	 33.60992432	        -276	         278
 0.40000	 20.12949753	 27.57020569	 33.63058472	 19.21076775	 28.66976166	 34.07424545	        -277	         279
 0.40000	 19.27345657	 29.42534065	 34.55904007	 20.32220268	 30.16160583	 35.33875275	        -278	         280
 0.40000	 20.87177849	 30.52493858	 35.95170975	 21.78330803	 30.86284828	 37.09392929	        -279	         281
 0.40000	 22.18845558	 30.96912575	 37.89034653	 22.53834343	 31.05022430	 39.34664154	        -280	         282
 0.40000	 22.87973022	 30.67856026	 40.09175110	 23.44046211	 29.49265289	 40.81912613	        -281	         283
 0.40000	 23.93984222	 28.91922569	 41.30034637	 24.98348236	 28.14363670	 42.04803848	        -282	         284
 0.40000	 25.63143158	 27.72475433	 42.51113510	 26.66309166	 27.31798363	 43.52112579	        -283	         285
 0.40000	 27.20107651	 26.69240379	 43.16175079	 26.71454239	 26.58086777	 41.74722672	        -284	         286
 0.40000	 27.14349174	 25.81067467	 41.56616974	 27.82159805	 25.57167244	 42.88257599	        -285	         287
 0.40000	 27.93257332	 25.15633583	 43.67317963	 27.39918900	 24.50569534	 44.91497040	        -286	         288
 0.40000	 27.17866135	 23.87970543	 45.52268219	 26.93419838	 22.54951668	 46.17125702	        -287	         289
 0.40000	 26.76587677	 21.78062630	 46.60747147	 26.24257469	 20.59020233	 47.35509491	        -288	         290
 0.40000	 26.73356438	 19.95302010	 47.75868225	 28.12048912	 19.42255974	 47.54660797	        -289	         291
 0.40000	 28.29170418	 18.59130096	 47.24729919	 27.28724098	 17.66143608	 46.63382721	        -290	         292
 0.40000	 26.40615654	 17.48019409	 46.66080475	 25.14065170	 17.87112427	 47.36478806	        -291	         293
 0.40000	 25.01662064	 18.74322128	 47.54910278	 26.36935806	 19.31335258	 47.24087906	        -292	         294
 0.40000	 26.36840820	 19.99950027	 46.65843201	 25.05688095	 19.79241562	 45.96061325	        -293	         295
 0.40000	 24.59751892	 19.40228462	 45.29231644	 24.21496964	 18.27373314	 44.38128662	        -294	         296
 0.40000	 24.93112183	 17.91143608	 43.97409439	 26.21894264	 18.40555763	 44.56340408	        -295	         297
 0.40000	 26.64531326	 19.17540550	 44.37494659	 25.92486000	 20.30293846	 43.69706726	        -296	         298
 0.40000	 25.93753242	 20.94056129	 43.06219864	 26.50527000	 21.63301659	 41.85886002	        -297	         299
 0.40000	 26.69507408	 21.81911469	 40.99909973	 26.74325943	 21.62122726	 39.51306915	        -298	         300
 0.40000	 27.02198601	 21.63400078	 38.65755844	 27.81264687	 21.79092216	 37.39264679	        -299	         301
 0.40000	 28.30311203	 21.90568161	 36.64707184	 29.17276955	 22.12100601	 35.44414139	        -300	         302
 0.40000	 29.74427986	 22.40208054	 34.80840302	 30.90118027	 22.80717468	 33.94387436	        -301	         303
 0.40000	 30.82405663	 23.66386604	 33.67911911	 29.68218613	 24.26073647	 34.44710541	        -302	         304
 0.40000	 28.99441528	 24.66049385	 34.02630234	 28.93261909	 24.41501236	 32.54784775	        -303	         305
 0.40000	 29.19129753	 24.73314667	 31.74674416	 29.66115189	 25.38671494	 30.48102188	        -304	         306
 0.40000	 30.35355377	 24.84563446	 30.28667068	 30.32260513	 23.65837669	 31.20284843	        -305	         307
 0.40000	 30.59040260	 22.96120071	 31.70490074	 30.97920799	 21.83092117	 32.61111450	        -306	         308
 0.40000	 31.78927040	 21.80798912	 33.00251389	 32.76911545	 22.91576195	 32.75217438	        -307	         309
 0.40000	 33.41369629	 23.54072762	 32.69100952	 34.41016006	 24.65806961	 32.59946060	        -308	         310
 0.40000	 34.98591614	 25.31508827	 32.38391113	 35.85913467	 26.36972427	 31.77163887	        -309	         311
 0.40000	 36.44321823	 26.94498444	 31.40075493	 37.53165436	 27.80177307	 30.82544899	        -310	         312
 0.40000	 37.98161316	 28.22879410	 30.17354202	 38.62588501	 28.54423714	 28.85623741	        -311	         313
 0.40000	 37.98035049	 28.92309761	 28.35659027	 36.65720367	 28.70567513	 29.02892685	        -312	         314
 0.40000	 36.50690842	 29.28199959	 29.70361137	 37.80014420	 29.97040367	 30.02535820	        -313	         315
 0.40000	 38.26749039	 30.64434624	 30.39577675	 38.49862289	 31.99613953	 31.00330544	        -314	         316
 0.40000	 39.22496796	 32.38463593	 31.36565208	 40.66522598	 32.08882141	 31.66236305	        -315	           0
