1.49994
2.39110
3.84209
4.67205
5.74920
6.55150
7.76004
8.30005
8.46541
9.00765
10.22481
11.08618
12.53791
13.38755
14.68466
14.91140
14.06214
13.41666
12.06347
11.19230
9.90723
9.62839
10.56796
10.81829
10.73569
9.90502
9.40352
9.11081
9.37406
9.45084
9.47898
9.44902
9.29486
9.40007
10.02844
9.76161
8.94289
8.91030
9.66030
10.45759
11.62843
12.51535
13.74508
14.63163
15.67251
16.26338
17.16696
17.17199
16.23033
16.05186
16.21932
16.75030
17.56329
18.35088
19.80861
20.54519
20.84895
21.03938
20.83444
21.31779
21.42517
22.22986
22.43184
22.83845
22.84485
23.23895
24.19692
24.68078
25.12204
25.86260
26.81049
27.34589
26.86124
27.55152
28.90569
29.78514
31.17794
32.05446
33.07154
33.91669
35.41374
36.29864
37.54672
38.25799
37.99751
37.82485
37.34512
36.67203
35.59648
34.75478
33.70615
33.19579
32.74471
32.46158
32.31893
32.22706
32.15209
32.13631
31.93181
32.52204
33.60565
34.30788
35.54786
35.79043
35.26629
35.12058
35.02141
34.88092
34.59884
34.83749
34.97693
35.02310
35.61484
36.23863
36.97289
37.22208
36.99561
37.48468
38.29288
38.25892
37.13165
37.10724
38.14491
38.33041
37.99911
37.76265
37.39203
36.96643
36.37859
35.54640
34.24234
33.74966
33.86665
33.57586
32.57931
32.59011
33.29964
34.07133
34.28385
34.77163
35.49207
35.59025
36.00093
36.34115
36.38939
36.92756
37.34082
36.95636
35.66341
34.76828
33.67497
33.32499
33.56808
33.51630
33.29858
33.03189
32.40888
31.83716
30.69852
29.95315
29.42186
29.41466
30.27140
29.84800
28.88078
28.01295
26.73653
26.15678
25.73770
25.58310
25.64901
25.38983
24.78806
24.05850
23.89984
23.35479
22.79889
23.28496
24.38189
25.16376
26.57673
27.08341
27.15715
26.79968
25.78755
25.55469
25.86504
26.19601
26.98517
27.69895
28.98382
29.46330
28.28872
28.47086
29.61169
30.27154
31.17273
31.37543
30.85366
31.28273
32.70634
33.58170
35.08101
35.70815
35.63427
35.89428
35.89211
36.78523
37.26635
37.89844
38.96193
39.80281
39.82805
40.37179
41.70084
41.98493
41.33239
41.21736
41.59697
41.69152
41.58307
41.96033
43.12596
42.90182
41.43511
40.61106
39.55091
38.77365
37.66231
37.37730
37.95717
38.22774
38.82302
38.78072
38.06472
37.70860
37.34724
37.27644
37.54633
37.74845
38.40120
38.03450
36.81288
36.17837
35.62515
34.76527
35.01368
34.46285
32.97410
32.48031
32.81604
33.40046
34.82234
35.17999
34.47270
34.92280
36.37519
36.74718
35.70992
35.64526
36.16738
36.67477
37.87722
37.60671
36.33451
36.23710
37.34722
37.71289
38.32509
38.87062
39.67544
40.49462
41.52616
41.99960
41.43017
41.97938
42.48619
43.27832
42.95787
43.50775
44.86969
45.32279
44.44182
43.79653
42.71392
41.83401
41.20954
40.33663
40.07427
39.95836
40.43065
39.85103
38.96345
38.50108
38.50487
39.36018
40.48312
41.27209
41.37928
42.24948
42.58697
42.47117
41.47632
41.01477
40.50895
40.08736
39.35477
38.56600
37.21558
36.53543
35.87134
35.99552
36.69646
37.52624
38.37539
38.88807
38.97964
39.84912
40.11134
39.87812
38.76985
38.01230
37.02947
36.45863
35.71845
34.92458
33.50624
32.83663
32.87142
32.63834
32.36586
32.33988
32.33584
32.98452
34.13628
34.35455
33.82213
32.95651
31.98309
31.22743
30.95834
30.78875
30.88476
30.89198
30.88443
30.85804
30.51324
31.08648
31.75823
32.26177
32.94532
33.70391
34.97552
34.95863
33.71799
33.46127
34.53825
34.55060
33.46865
33.77156
34.91206
35.70884
35.91070
36.28194
36.27078
36.49228
37.19608
36.74798
35.26237
34.37825
32.92808
32.47075
33.42835
33.91390
34.84970
35.38194
36.28397
36.55583
36.32570
36.84217
38.19289
38.77768
38.68277
38.77164
38.77788
39.22988
39.61483
40.20114
41.28828
42.03923
43.37953
44.19110
45.52636
46.41910
47.85763
48.73698
49.93658
50.67372
51.88005
52.56174
53.78575
53.80654
52.60241
52.07231
51.26974
51.49442
52.75147
53.48451
54.01278
54.71657
55.58677
56.06476
56.41532
57.23762
58.64434
58.99767
58.15839
58.31695
59.26476
59.88741
61.05801
61.61250
62.17333
61.64882
60.55271
59.88011
59.87977
59.89547
60.06431
60.46912
61.39651
61.13299
60.08203
59.61629
59.29370
59.57252
60.73339
61.32458
61.69046
62.18918
63.23998
63.95503
65.26525
65.50162
64.65762
63.78620
62.65378
61.75580
60.68399
59.84997
59.54985
58.98745
57.60520
57.72424
59.20953
59.97889
60.89957
61.74735
62.94946
63.82320
64.85097
64.61734
63.34535
62.50370
61.11830
60.23479
59.10683
58.73822
59.72127
59.71619
58.93105
58.54974
58.02518
57.76391
57.74052
57.28939
56.74637
56.49367
56.45805
56.02175
54.80061
54.43096
54.41439
54.86017
56.10661
56.95541
57.95820
58.65501
59.56058
60.39798
61.88354
62.23378
60.97534
61.19790
62.62436
63.49931
64.24518
65.13016
65.94279
65.57257
64.21379
63.64092
63.64232
63.99244
64.78762
65.33071
64.85345
65.46086
66.92323
67.68822
68.52351
69.10294
70.29477
70.15428
68.75938
67.91552
66.85724
66.46619
67.05843
66.83322
66.07785
65.37585
64.18254
63.74672
64.77545
64.63425
63.39544
62.83141
62.21701
61.77165
61.46674
60.88454
60.54126
59.88217
58.46330
57.63562
56.20304
55.81484
56.42367
56.27305
55.56826
55.43199
55.72360
55.79255
56.13862
56.94105
58.03535
58.91513
60.39825
61.16534
61.93336
62.20138
61.94616
62.02604
62.57990
62.27988
60.99615
60.30294
59.20084
58.69255
58.19180
57.87234
57.52933
57.14821
56.29135
55.75657
54.84777
54.51447
55.06185
54.88835
54.26455
54.27348
54.98573
55.40953
56.11350
56.56208
57.52391
57.33936
56.27038
56.44375
57.71953
58.59401
59.61001
59.37975
57.89796
57.60279
58.86856
59.42857
60.21752
59.71098
58.33276
57.62967
57.85400
57.61283
56.87049
56.67092
56.80625
56.62336
55.97856
55.58328
54.88779
54.36950
53.32701
53.14161
53.83688
54.41931
54.85667
54.69440
54.36404
53.95548
54.15088
54.03458
53.89795
53.09515
51.84739
51.04838
49.76516
49.06486
48.07004
47.45106
46.35541
46.01275
45.76630
46.40060
47.42537
47.18406
45.71840
44.99703
44.26313
43.39193
42.04289
