 0.60000	 29.47588158	 42.80815506	 41.37418365	 29.49210167	 42.68904495	 39.87902832	           0	           2
 0.60000	 28.76963997	 43.09136581	 39.52381134	 28.07127762	 43.51436234	 40.78207779	          -1	           3
 0.60000	 27.66695786	 44.18928909	 41.21892929	 27.63625717	 45.65964508	 41.51380157	          -2	           4
 0.60000	 26.96888542	 46.24854279	 41.38069534	 25.60701752	 46.02567673	 40.79288483	          -3	           5
 0.60000	 24.94449425	 45.95499420	 40.18807983	 24.32069588	 45.68058777	 38.85193634	          -4	           6
 0.60000	 23.79099083	 45.75644684	 38.12848663	 22.69951439	 46.02630997	 37.13564301	          -5	           7
 0.60000	 22.54077721	 46.78994370	 36.68677902	 23.15770149	 48.14266968	 36.88547516	          -6	           8
 0.60000	 23.90385246	 48.55422592	 36.59605026	 25.18369293	 48.16637421	 35.91675186	          -7	           9
 0.60000	 25.85049057	 48.17388916	 35.31245422	 27.12472916	 48.04346848	 34.53193283	          -8	          10
 0.60000	 26.87122154	 47.22379684	 34.26002502	 25.50576210	 47.38515091	 34.85962296	          -9	          11
 0.60000	 25.69041824	 47.25703430	 35.73142242	 27.12921333	 47.54167557	 35.41717911	         -10	          12
 0.60000	 27.99116707	 47.70171356	 35.62012482	 29.16290855	 47.57547379	 36.54795837	         -11	          13
 0.60000	 30.03778458	 47.38066483	 36.62803268	 31.27713966	 46.91614914	 35.92232895	         -12	          14
 0.60000	 32.07818604	 46.64500046	 35.61492157	 33.43423080	 46.26204300	 35.10094452	         -13	          15
 0.60000	 34.20502853	 45.79820633	 35.12111664	 35.28049850	 44.91957092	 35.68786621	         -14	          16
 0.60000	 35.38304138	 44.08823013	 36.01703262	 34.34685898	 43.06686020	 36.38175964	         -15	          17
 0.60000	 34.55060577	 42.19057846	 36.40315628	 35.79163742	 41.56148911	 35.84294891	         -16	          18
 0.60000	 35.22351074	 40.91118622	 35.57695770	 34.48711014	 39.77723312	 36.22647095	         -17	          19
 0.60000	 34.31635666	 40.36735916	 36.88705444	 35.51647949	 41.25814056	 36.75889206	         -18	          20
 0.60000	 36.21271133	 41.67224503	 37.15216446	 37.12075424	 40.61690140	 37.71055984	         -19	          21
 0.60000	 36.86732101	 39.78667831	 37.47134399	 35.59397507	 39.63839340	 36.69242859	         -20	          22
 0.60000	 35.77989960	 40.17613983	 35.99493408	 37.09093094	 40.71932983	 35.50909424	         -21	          23
 0.60000	 37.46697998	 40.49415588	 36.29829788	 36.10530853	 40.59662628	 36.91890717	         -22	          24
 0.60000	 35.48728180	 40.63306427	 37.57202911	 34.65206909	 41.74999619	 38.12412643	         -23	          25
 0.60000	 33.76354980	 41.60986710	 38.09256744	 33.06505966	 41.04405975	 36.89173126	         -24	          26
 0.60000	 32.54347229	 40.57037735	 37.45261383	 33.17179871	 41.21757889	 38.65115738	         -25	          27
 0.60000	 33.60995865	 40.54131699	 39.05970764	 32.67521286	 39.67409134	 38.26975250	         -26	          28
 0.60000	 33.09588623	 39.13265610	 37.68694687	 34.50755692	 39.43905640	 37.28285980	         -27	          29
 0.60000	 34.86413574	 40.02668762	 37.86383057	 34.37678909	 41.10846710	 38.78157806	         -28	          30
 0.60000	 34.25074005	 41.98733902	 38.92999649	 34.00038528	 43.29125977	 39.62795258	         -29	          31
 0.60000	 34.26634979	 43.98707581	 39.12245178	 33.81649780	 45.24092484	 38.43279648	         -30	          32
 0.60000	 33.09707642	 45.69367218	 38.72967148	 32.34035110	 45.33151245	 39.97323608	         -31	          33
 0.60000	 32.03538895	 44.48219681	 40.04446793	 31.93732452	 44.60218048	 38.55262375	         -32	          34
 0.60000	 32.80566406	 44.62543869	 38.31673431	 33.45098114	 44.82160568	 39.65649796	         -33	          35
 0.60000	 33.08913422	 44.01620483	 39.84596634	 32.48968887	 43.79545593	 38.48873138	         -34	          36
 0.60000	 32.19836044	 44.20270157	 37.74057770	 30.81971931	 44.75824738	 37.53851318	         -35	          37
 0.60000	 30.50864220	 45.60248947	 37.51018524	 31.56333351	 46.61425781	 37.84777069	         -36	          38
 0.60000	 32.30134964	 46.97871780	 38.21203995	 33.60870743	 47.69540787	 38.04672241	         -37	          39
 0.60000	 34.01843262	 46.96141815	 37.72458649	 32.72857666	 46.21483612	 37.89451981	         -38	          40
 0.60000	 32.20813370	 46.51739883	 37.22524643	 32.81059265	 47.88793564	 37.31793594	         -39	          41
 0.60000	 33.35804749	 48.51584625	 36.97760391	 34.18476105	 48.25635910	 35.75318146	         -40	          42
 0.60000	 34.17965317	 48.95015335	 35.17978668	 33.64482880	 50.13463974	 34.43082047	         -41	          43
 0.60000	 34.38754272	 50.18026352	 33.92460632	 35.27066803	 48.97799301	 34.08192444	         -42	          44
 0.60000	 35.09178543	 48.20299530	 34.50368118	 33.67799759	 48.08184433	 34.99015808	         -43	          45
 0.60000	 33.21234131	 48.67445755	 35.48255539	 32.27322769	 49.81616592	 35.22840500	         -44	          46
 0.60000	 32.25814819	 50.68078613	 35.47774506	 33.05671310	 51.68151093	 36.25929642	         -45	          47
 0.60000	 33.69473267	 51.17473602	 36.64126968	 34.07586288	 49.78953552	 36.21033096	         -46	          48
 0.60000	 34.91511536	 50.08315277	 36.37380981	 34.57854080	 51.51449203	 36.67066574	         -47	          49
 0.60000	 34.26857758	 51.24711609	 37.47243881	 34.56815338	 49.80377579	 37.19475174	         -48	          50
 0.60000	 35.33256531	 49.45820618	 36.86885452	 36.46918869	 48.59889221	 36.40021133	         -49	          51
 0.60000	 35.84760284	 48.06903458	 36.01985550	 34.75839615	 49.08235931	 36.21177292	         -50	          52
 0.60000	 34.39863968	 48.83983994	 37.00059891	 35.22427750	 47.58900452	 36.94032669	         -51	          53
 0.60000	 35.88887405	 47.09138107	 36.59307098	 36.87665558	 47.58824539	 35.57955933	         -52	          54
 0.60000	 37.22599792	 48.20816040	 35.02878952	 37.41347122	 49.53470230	 34.35436630	         -53	          55
 0.60000	 37.03900146	 50.27988434	 34.01635361	 36.02558899	 51.37930679	 33.89756775	         -54	          56
 0.60000	 35.34164810	 50.88514328	 33.58446121	 35.97190094	 49.52410126	 33.59944153	         -55	          57
 0.60000	 36.26245117	 48.67302704	 33.56772232	 37.01157761	 47.46599960	 34.04917145	         -56	          58
 0.60000	 36.53584290	 46.72362518	 33.86906052	 35.21073914	 47.10858154	 33.28100967	         -57	          59
 0.60000	 34.46036148	 47.25168610	 32.80543900	 33.24856567	 47.56140518	 31.97747803	         -58	          60
 0.60000	 33.67868423	 47.97605515	 31.30440712	 35.13002396	 47.94038010	 31.68152046	         -59	          61
 0.60000	 36.02509689	 48.03238678	 31.69122887	 37.51920700	 48.14200974	 31.61803246	         -60	          62
 0.60000	 38.33992386	 48.42301559	 31.85732079	 39.29912186	 49.33866119	 32.55831528	         -61	          63
 0.60000	 39.84079742	 49.21563339	 33.26628113	 40.43234253	 48.15887833	 34.15126038	         -62	          64
 0.60000	 39.70513535	 47.76712418	 34.50860596	 38.64076996	 48.59357071	 33.84972763	         -63	          65
 0.60000	 37.98557663	 47.97928619	 33.90984726	 38.09562683	 46.93740845	 32.83632278	         -64	          66
 0.60000	 37.75318909	 46.14168549	 32.59176254	 39.09381104	 45.49276352	 32.41375732	         -65	          67
 0.60000	 39.84189606	 45.96352005	 32.58414459	 39.68218231	 47.37745285	 33.05897141	         -66	          68
 0.60000	 39.11316681	 48.07401276	 33.01986313	 37.65065002	 48.22388077	 32.72206116	         -67	          69
 0.60000	 37.06285095	 47.61724472	 33.03392410	 37.36794662	 46.22393799	 33.49861145	         -68	          70
 0.60000	 37.66407776	 45.38732910	 33.65153503	 38.43563461	 44.11220932	 33.48089600	         -69	          71
 0.60000	 38.79762650	 43.45127106	 32.98815155	 39.06911469	 42.74570847	 31.69251251	         -70	          72
 0.60000	 39.17977524	 42.84387589	 30.80455971	 39.45698547	 43.65905762	 29.57623863	         -71	          73
 0.60000	 40.22411728	 43.22229767	 29.39546776	 39.98243713	 42.45549011	 30.66175270	         -72	          74
 0.60000	 40.47477722	 41.81667709	 31.06095123	 41.76890564	 41.30202866	 30.50380898	         -73	          75
 0.60000	 42.26277924	 41.59657669	 29.81131363	 41.77282333	 42.77329636	 29.02047729	         -74	          76
 0.60000	 42.13479233	 43.12861252	 28.27680206	 43.39075470	 43.13626099	 27.45666504	         -75	          77
 0.60000	 43.33682632	 43.19250107	 26.55989838	 42.35089874	 42.65137482	 25.56747818	         -76	          78
 0.60000	 42.05353165	 42.18721771	 26.28465843	 43.29791641	 42.30369568	 27.11423111	         -77	          79
 0.60000	 44.07240295	 42.74451065	 26.98727036	 44.43499756	 43.13614655	 25.58539963	         -78	          80
 0.60000	 44.17200089	 43.05663300	 24.72816277	 43.07340240	 42.70087051	 23.77075005	         -79	          81
 0.60000	 42.50859451	 42.29886627	 24.34463310	 42.88144302	 41.65029526	 25.64474487	         -80	          82
 0.60000	 42.01291275	 41.44437408	 25.76209641	 41.30862427	 42.39355469	 24.83851814	         -81	          83
 0.60000	 41.61805725	 41.97652435	 24.10261536	 42.30105209	 41.01189804	 25.02618217	         -82	          84
 0.60000	 43.18315506	 41.11852264	 24.88367844	 44.28232193	 40.29338455	 24.28300285	         -83	          85
 0.60000	 44.66332245	 40.38455963	 23.47282600	 44.58238983	 41.00299835	 22.10870743	         -84	          86
 0.60000	 45.19876099	 40.38446426	 21.88084602	 45.16858673	 39.65164185	 23.18936348	         -85	          87
 0.60000	 45.03195190	 39.59065628	 24.07704926	 45.48687363	 38.99801254	 25.37779045	         -86	          88
 0.60000	 44.96942520	 38.31614685	 25.65641975	 43.91384125	 37.65011215	 24.82445335	         -87	          89
 0.60000	 43.16097641	 37.52060699	 24.34844208	 41.68070221	 37.69392395	 24.51822281	         -88	          90
 0.60000	 41.15497589	 36.98855972	 24.70877075	 42.01191330	 35.82635117	 25.11491966	         -89	          91
 0.60000	 42.51113892	 35.12395096	 25.37495232	 43.54605865	 34.04677200	 25.51119995	         -90	          92
 0.60000	 43.80016327	 33.88732147	 26.35968590	 42.97568893	 34.59156036	 27.39612579	         -91	          93
 0.60000	 43.11354065	 35.44639587	 27.64148712	 44.13963699	 36.21883011	 26.86650085	         -92	          94
 0.60000	 44.11407471	 36.98601913	 26.39628601	 42.91335297	 37.83840942	 26.11026001	         -93	          95
 0.60000	 42.97448730	 38.69802856	 25.84987450	 43.53965759	 40.04779434	 25.51969147	         -94	          96
 0.60000	 44.25865173	 40.55460358	 25.32699966	 43.81287003	 41.97467041	 25.51251411	         -95	          97
 0.60000	 43.59182739	 41.67744827	 26.33785439	 44.10901642	 40.27838135	 26.17842484	         -96	          98
 0.60000	 44.43019867	 39.70375443	 25.56432152	 43.66546249	 38.55691147	 24.97282410	         -97	          99
 0.60000	 43.07925415	 37.90801239	 25.18605995	 41.67546844	 38.38241577	 25.41907501	         -98	         100
 0.60000	 40.90761948	 38.75153351	 25.70956230	 39.63524246	 39.28308868	 26.29993629	         -99	         101
 0.60000	 39.28392410	 38.49874496	 26.56695366	 40.18799973	 37.33309555	 26.29494858	        -100	         102
 0.60000	 39.98721695	 36.45543289	 26.29215622	 40.29261017	 35.03689194	 26.67241096	        -101	         103
 0.60000	 39.82769394	 35.02813339	 27.44309425	 39.14305496	 36.36062241	 27.51970100	        -102	         104
 0.60000	 38.52080536	 37.00995636	 27.56161690	 38.84078598	 38.44091034	 27.87781715	        -103	         105
 0.60000	 38.60029984	 39.21018982	 28.27809906	 37.10042191	 39.22790909	 28.27485085	        -104	         106
 0.60000	 36.76915359	 39.08690643	 29.09979057	 37.69384003	 38.79629517	 30.24456978	        -105	         107
 0.60000	 38.39318466	 38.27298737	 30.02672768	 38.86623001	 37.79484177	 28.68593979	        -106	         108
 0.60000	 39.54296112	 37.47708511	 28.18440437	 39.44747925	 36.99747467	 26.76629639	        -107	         109
 0.60000	 39.26660919	 37.21831894	 25.91229248	 39.15140152	 38.58520889	 25.30513954	        -108	         110
 0.60000	 39.02162552	 39.43442154	 25.03551865	 39.51622009	 40.73371887	 24.47214508	        -109	         111
 0.60000	 39.29443741	 40.97063828	 23.63257790	 37.82712936	 40.89095688	 23.93352318	        -110	         112
 0.60000	 37.89899445	 40.00106049	 24.04825401	 39.37620544	 39.81938934	 23.86147499	        -111	         113
 0.60000	 40.03191757	 39.70165634	 24.46692657	 41.17132568	 39.56820297	 25.43335152	        -112	         114
 0.60000	 41.66235733	 40.14118576	 24.94209671	 40.48273849	 40.35868454	 24.04139900	        -113	         115
 0.60000	 40.40898895	 39.62072754	 23.53157616	 41.11150360	 38.82385254	 24.59061050	        -114	         116
 0.60000	 41.98103333	 38.97248840	 24.76929092	 43.35110474	 39.39299011	 24.32629776	        -115	         117
 0.60000	 44.09867859	 39.45014954	 23.82796860	 44.29391479	 39.93548965	 22.42201233	        -116	         118
 0.60000	 43.61302567	 40.52409363	 22.31731606	 43.05358887	 39.75030136	 23.47385406	        -117	         119
 0.60000	 43.14993668	 40.55361176	 23.88288879	 44.23490906	 41.37362289	 23.24982643	        -118	         120
 0.60000	 45.13000488	 41.44009018	 23.17978477	 45.92889786	 40.18756485	 23.38735962	        -119	         121
 0.60000	 46.07004166	 39.30824280	 23.51939774	 46.88929749	 38.13474274	 23.96869469	        -120	         122
 0.60000	 47.16205597	 37.27901459	 23.90743637	 46.98334885	 36.02643967	 23.10167694	        -121	         123
 0.60000	 46.62582016	 35.22770691	 22.89003372	 45.68233109	 34.09680176	 22.60536766	        -122	         124
 0.60000	 45.47412109	 33.87088776	 23.45134544	 46.23966217	 34.88208389	 24.25231934	        -123	         125
 0.60000	 46.90264511	 35.19180679	 24.77642822	 48.23437881	 35.59987259	 25.33313942	        -124	         126
 0.60000	 48.69828033	 34.82861710	 25.32532883	 47.91561890	 33.67837143	 24.76449966	        -125	         127
 0.60000	 47.29330826	 33.14136505	 24.39703941	 46.09791565	 32.63881683	 23.64296913	        -126	         128
 0.60000	 45.22249222	 32.47121048	 23.76879692	 44.09423065	 33.03908157	 24.57798767	        -127	         129
 0.60000	 44.41212082	 33.88457108	 24.60266304	 45.70888138	 33.23136520	 24.22637177	        -128	         130
 0.60000	 45.80031967	 32.36435699	 24.45042038	 46.41962814	 31.84900475	 25.71567726	        -129	         131
 0.60000	 45.95797729	 31.26657486	 26.22332764	 44.76527023	 30.38756943	 26.45767403	        -130	         132
 0.60000	 44.15425873	 30.26696396	 27.10757446	 42.86665344	 30.63685226	 27.78231621	        -131	         133
 0.60000	 42.66096878	 31.35541344	 27.28090286	 43.83054733	 31.84035110	 26.47654533	        -132	         134
 0.60000	 44.16595840	 31.04396439	 26.22504997	 42.93095779	 30.33234978	 26.69248581	        -133	         135
 0.60000	 42.05535507	 30.46864510	 26.87063026	 42.30852890	 31.80143738	 26.23088837	        -134	         136
 0.60000	 41.93291855	 32.53028488	 25.86031723	 40.72832489	 33.21978378	 25.29177284	        -135	         137
 0.60000	 40.04517365	 33.76132202	 25.06880569	 39.07814789	 34.90443802	 24.97950745	        -136	         138
 0.60000	 38.20688629	 34.99041367	 24.77155495	 37.11594772	 34.03555298	 24.38690758	        -137	         139
 0.60000	 36.27150345	 33.80590439	 24.17737389	 34.84534836	 34.10413742	 23.82106018	        -138	         140
 0.60000	 34.17360306	 33.52079391	 23.95653152	 34.39385986	 32.19475937	 24.62217712	        -139	         141
 0.60000	 33.91768265	 31.43364143	 24.68410492	 32.62638855	 31.00306702	 24.05397415	        -140	         142
 0.60000	 32.58844376	 30.20830917	 24.47454834	 33.83916855	 30.26181412	 25.30080605	        -141	         143
 0.60000	 34.40645981	 29.89650726	 25.89634514	 34.95919800	 28.98367310	 26.95047188	        -142	         144
 0.60000	 35.77286911	 29.01971626	 26.56773567	 35.21949005	 29.93031883	 25.51203918	        -143	         145
 0.60000	 34.86941147	 30.37531281	 24.81257439	 34.13944626	 31.03595352	 23.68092728	        -144	         146
 0.60000	 33.63673401	 30.83559608	 22.96188736	 33.26815414	 29.64134789	 22.13251877	        -145	         147
 0.60000	 32.55510712	 29.11020470	 22.27160454	 31.62238312	 29.19273376	 23.44340897	        -146	         148
 0.60000	 31.09978676	 29.23196220	 24.17496109	 30.44302750	 29.32175636	 25.52050018	        -147	         149
 0.60000	 30.13936996	 29.94525337	 26.09402657	 30.33568382	 31.42944908	 26.18651772	        -148	         150
 0.60000	 29.53950310	 31.76960182	 26.43216705	 28.58642769	 30.61534500	 26.33565140	        -149	         151
 0.60000	 27.91653061	 30.54804230	 26.93282700	 27.73004532	 31.47313499	 28.09873581	        -150	         152
 0.60000	 27.81546593	 31.67580032	 28.97136497	 28.45193863	 31.52006912	 30.32061958	        -151	         153
 0.60000	 28.78381348	 31.23346901	 31.10646820	 29.28340530	 30.29942131	 32.16848373	        -152	         154
 0.60000	 29.48875618	 30.31616592	 33.04446411	 29.96009064	 31.09535217	 34.23635483	        -153	         155
 0.60000	 29.11121750	 31.31174850	 34.44273376	 28.54738426	 30.64093208	 33.22537231	        -154	         156
 0.60000	 28.08238029	 30.23168755	 32.57264328	 27.51014328	 29.48853683	 31.40210724	        -155	         157
 0.60000	 27.09946442	 28.72351074	 31.16562843	 26.58495522	 27.41671371	 31.69240952	        -156	         158
 0.60000	 26.26026154	 26.61413765	 31.93803406	 25.78185654	 25.42465401	 32.71663666	        -157	         159
 0.60000	 25.81157303	 24.92513084	 31.96854973	 26.60039330	 25.95183563	 31.21118355	        -158	         160
 0.60000	 25.82290840	 26.32163620	 30.94633293	 25.06082916	 25.47580719	 31.92298317	        -159	         161
 0.60000	 24.98864174	 24.76032639	 32.46427917	 25.21222878	 23.36711502	 32.97326279	        -160	         162
 0.60000	 24.78054619	 23.53795242	 33.74488068	 24.61415672	 24.94876671	 33.26340103	        -161	         163
 0.60000	 24.17663193	 25.64530373	 32.89842224	 23.01979637	 26.25451851	 32.16329575	        -162	         164
 0.60000	 22.47278214	 26.75797653	 31.65624237	 21.96058273	 27.75527573	 30.65979385	        -163	         165
 0.60000	 21.22286987	 28.18208504	 30.37085533	 19.75503159	 28.38515091	 30.60338211	        -164	         166
 0.60000	 18.85610771	 28.38138008	 30.64440727	 17.39235878	 28.05546951	 30.67539978	        -165	         167
 0.60000	 16.50251770	 27.92394638	 30.65101433	 15.02248001	 27.69161034	 30.57805443	        -166	         168
 0.60000	 14.16455650	 27.84429932	 30.35343933	 12.79956818	 28.29899025	 29.92931557	        -167	         169
 0.60000	 11.93519878	 28.40203476	 29.70112038	 10.47200203	 28.24171638	 29.41260910	        -168	         170
 0.60000	  9.61456680	 28.34932899	 29.16137505	  8.27231789	 28.90472031	 28.78741646	        -169	         171
 0.60000	  7.65292835	 28.85527802	 28.13636971	  7.42568636	 28.18854523	 26.81208420	        -170	         172
 0.60000	  7.00099516	 28.01178551	 26.03857231	  6.23016977	 27.90742493	 24.75605202	        -171	         173
 0.60000	  5.93721104	 28.48071480	 24.12722969	  5.24070311	 29.76944733	 23.80476952	        -172	         174
 0.60000	  5.97944784	 30.19653511	 24.09254265	  6.66401339	 28.92631149	 24.50228500	        -173	         175
 0.60000	  7.26034546	 28.29782295	 24.74591064	  7.73412085	 27.04795265	 25.42654991	        -174	         176
 0.60000	  8.32662868	 26.40120697	 25.62798500	  9.66632175	 25.72833061	 25.57885742	        -175	         177
 0.60000	 10.18016529	 24.98991013	 25.55298233	 10.74094772	 23.60074234	 25.62894440	        -176	         178
 0.60000	 10.06372738	 23.31581497	 25.10901260	  9.58134174	 24.72309113	 24.91681671	        -177	         179
 0.60000	  8.92053795	 24.65355301	 25.52659225	  9.55658817	 23.34527016	 25.89227295	        -178	         180
 0.60000	  9.67976093	 22.74376106	 26.55023575	  8.79829216	 22.87462425	 27.75683403	        -179	         181
 0.60000	  8.85552216	 23.12367439	 28.61976051	  8.21668911	 23.76215744	 29.81734467	        -180	         182
 0.60000	  8.54643440	 23.07490540	 30.29744530	  9.14885712	 22.41427422	 29.09299088	        -181	         183
 0.60000	  9.75258827	 23.06551361	 28.94647789	 11.19456196	 23.33552742	 28.63368988	        -182	         184
 0.60000	 11.66969681	 24.05446625	 28.37376404	 12.33082676	 25.35780144	 28.03569984	        -183	         185
 0.60000	 11.55106735	 25.78669930	 28.16995239	 10.72970581	 24.57948685	 28.51354599	        -184	         186
 0.60000	 10.10334492	 24.05746841	 28.13241768	  9.79491806	 22.61197853	 27.87663841	        -185	         187
 0.60000	  9.75820160	 21.94021225	 28.47446632	 10.71952724	 22.48435593	 29.48921394	        -186	         188
 0.60000	 10.32419968	 23.07043648	 30.04603386	  9.11590767	 22.38510132	 30.61185265	        -187	         189
 0.60000	  9.02728462	 23.15705681	 31.07426071	 10.33199406	 23.77221680	 30.66260147	        -188	         190
 0.60000	 10.89766979	 23.73485184	 31.36150742	 11.76525211	 24.53650475	 32.28583145	        -189	         191
 0.60000	 12.54780388	 24.38011932	 31.86800385	 11.78911591	 24.08038521	 30.60952759	        -190	         192
 0.60000	 11.39473438	 24.86589813	 30.83747864	 12.27944374	 25.25908089	 31.98355865	        -191	         193
 0.60000	 12.62465382	 24.83559799	 32.70016098	 12.23599339	 23.40951347	 32.95616150	        -192	         194
 0.60000	 11.80342579	 22.66963577	 32.68015671	 10.51865292	 22.38676834	 31.95950890	        -193	         195
 0.60000	 10.68245125	 22.32049751	 31.07644844	 12.13436508	 22.52289963	 31.39369774	        -194	         196
 0.60000	 12.52801228	 22.43947029	 32.19865036	 13.28023815	 23.63374710	 32.70642853	        -195	         197
 0.60000	 14.17273712	 23.74893951	 32.71835327	 14.38067913	 22.27163696	 32.56250763	        -196	         198
 0.60000	 15.25950718	 22.09859276	 32.65016937	 16.32509422	 23.12621880	 32.89190674	        -197	         199
 0.60000	 16.29060936	 24.02546310	 32.90263367	 15.04965782	 24.83677673	 32.67502975	        -198	         200
 0.60000	 15.27486801	 24.88930893	 31.80495262	 14.55904961	 24.19061089	 30.68707466	        -199	         201
 0.60000	 13.90928459	 24.57653046	 30.19352531	 13.64523315	 24.50251579	 28.71883011	        -200	         202
 0.60000	 13.17391014	 24.49442482	 27.95228004	 12.14787197	 24.39062309	 26.86317444	        -201	         203
 0.60000	 12.18292809	 23.51166344	 27.07633400	 13.11583042	 23.38166618	 28.24394417	        -202	         204
 0.60000	 13.44885540	 22.95121765	 28.96182060	 13.71584511	 22.65030289	 30.40710831	        -203	         205
 0.60000	 13.71370888	 23.26186562	 31.06985092	 13.77051258	 24.76109695	 31.08283234	        -204	         206
 0.60000	 14.32760143	 25.38691139	 30.74811554	 15.13145351	 24.56748962	 29.78239632	        -205	         207
 0.60000	 14.69261074	 23.78163338	 29.83677101	 13.27243042	 23.56856346	 30.27080727	        -206	         208
 0.60000	 12.81851292	 23.37147522	 31.02381134	 11.81554413	 23.39743996	 32.13915253	        -207	         209
 0.60000	 11.14200401	 23.43696213	 32.73582077	  9.99428463	 22.54551315	 33.10783005	        -208	         210
 0.60000	  9.11989117	 22.77200317	 33.05688095	  9.65499115	 24.14885902	 33.31708908	        -209	         211
 0.60000	  8.92974663	 24.52225304	 32.93710327	  8.30798054	 23.24592590	 32.45295715	        -210	         212
 0.60000	  7.74605656	 22.55457306	 32.58087921	  7.00693941	 21.80737305	 33.65105438	        -211	         213
 0.60000	  6.46329927	 21.33439827	 34.19018173	  5.43342495	 20.78047943	 35.12958908	        -212	         214
 0.60000	  6.10049868	 20.49085236	 35.66001511	  7.13342381	 21.07765961	 34.74423981	        -213	         215
 0.60000	  7.68003988	 21.33512306	 34.07733917	  8.39006424	 21.57990837	 32.77898026	        -214	         216
 0.60000	  8.58011150	 22.33363152	 32.32570648	  9.65998554	 23.27071190	 31.87284279	        -215	         217
 0.60000	  9.80058956	 22.59461021	 31.28412056	  9.95021248	 21.15803528	 31.68915367	        -216	         218
 0.60000	 10.38826180	 21.23318291	 32.47195053	 10.56651878	 21.74827003	 33.86948013	        -217	         219
 0.60000	 11.02221680	 22.29035759	 34.42510605	 12.18315125	 23.23764801	 34.35462570	        -218	         220
 0.60000	 12.64065838	 24.00297737	 34.23127747	 12.88821316	 25.41552162	 33.79128647	        -219	         221
 0.60000	 13.16465282	 26.23994827	 33.55845261	 13.80743408	 27.58861160	 33.42424011	        -220	         222
 0.60000	 13.95487595	 28.06649017	 32.67594910	 13.61037159	 27.87154388	 31.22909546	        -221	         223
 0.60000	 13.72484398	 27.05325317	 30.87217331	 14.10802174	 25.76354408	 31.53544807	        -222	         224
 0.60000	 14.11594391	 24.95001602	 31.92086792	 14.46417332	 23.50596046	 31.71200180	        -223	         225
 0.60000	 14.79743958	 22.76621246	 31.32208061	 15.27445412	 21.34419823	 31.29953003	        -224	         226
 0.60000	 15.56052589	 20.49294090	 31.23634720	 16.09229660	 19.13972473	 30.86733818	        -225	         227
 0.60000	 16.02298737	 18.31077003	 30.52347946	 15.15418720	 17.24590492	 29.92234993	        -226	         228
 0.60000	 14.52411842	 16.87783241	 29.39526367	 13.37501431	 17.02908516	 28.44302750	        -227	         229
 0.60000	 12.99037552	 16.58521271	 27.76098442	 13.14862251	 15.35751343	 26.91379738	        -228	         230
 0.60000	 13.15503597	 14.58711720	 26.44844246	 13.43412685	 13.21234798	 25.91725349	        -229	         231
 0.60000	 12.74945545	 12.80887985	 25.49475861	 11.47984028	 13.60475159	 25.56301117	        -230	         232
 0.60000	 10.84849167	 13.76310730	 24.94150543	 10.77699947	 13.36697197	 23.49654388	        -231	         233
 0.60000	 10.41068363	 13.90544605	 22.87539291	  9.61073875	 15.17093563	 22.96823883	        -232	         234
 0.60000	 10.14478683	 15.83954239	 23.24705315	 11.48322487	 15.26793575	 23.61010742	        -233	         235
 0.60000	 12.27425575	 14.91409302	 23.85301399	 13.59286022	 14.26025486	 24.14241791	        -234	         236
 0.60000	 13.43571949	 13.46347046	 24.53025818	 12.02568531	 12.95180416	 24.52919388	        -235	         237
 0.60000	 12.27194118	 12.36277771	 23.89416504	 13.59783745	 13.04152203	 23.71729851	        -236	         238
 0.60000	 14.44674873	 13.28404140	 23.89183044	 15.78233147	 13.12446785	 24.55566978	        -237	         239
 0.60000	 15.91590309	 12.47066307	 23.94829369	 15.20578575	 12.41949081	 22.62805939	        -238	         240
 0.60000	 16.04316521	 12.45318317	 22.29002190	 16.73501396	 12.72534084	 23.59292030	        -239	         241
 0.60000	 16.77055168	 12.86460972	 24.48162842	 17.41725922	 13.13890076	 25.80702972	        -240	         242
 0.60000	 17.79617500	 13.17531300	 26.62285805	 18.30816650	 12.98099422	 28.01936722	        -241	         243
 0.60000	 18.77745056	 12.65162945	 28.71327782	 19.74652100	 11.70452023	 29.35664368	        -242	         244
 0.60000	 20.40377045	 11.79063225	 29.96557236	 20.68056107	 12.81400776	 31.02676773	        -243	         245
 0.60000	 19.93362045	 12.62600422	 31.49545097	 19.54724121	 11.77266788	 30.32391357	        -244	         246
 0.60000	 19.34900475	 10.90687847	 30.17883873	 18.88077354	 10.27055359	 31.45390511	        -245	         247
 0.60000	 18.71918488	  9.54189777	 31.95678139	 18.63429642	  8.17390823	 32.56614685	        -246	         248
 0.60000	 18.98737907	  7.35860825	 32.42273331	 19.90061951	  6.72406530	 31.41611099	        -247	         249
 0.60000	 20.60421371	  6.54416323	 30.88457870	 21.83865738	  6.74365377	 30.05613136	        -248	         250
 0.60000	 22.67328453	  7.04857349	 29.91345024	 23.85414124	  7.85572195	 30.36514664	        -249	         251
 0.60000	 24.70813751	  8.13321686	 30.42494965	 26.19968987	  8.13192272	 30.26630592	        -250	         252
 0.60000	 26.95944023	  8.61220741	 30.22111130	 27.66908836	  9.93171310	 30.29351234	        -251	         253
 0.60000	 28.12653732	 10.59893990	 29.89920807	 28.79743004	 10.98018360	 28.61293793	        -252	         254
 0.60000	 28.65941238	 11.86205769	 28.72814941	 28.18983459	 11.66539574	 30.13909340	        -253	         255
 0.60000	 27.29920578	 11.53618908	 30.13164711	 26.44933701	 11.37601662	 28.90607452	        -254	         256
 0.60000	 25.81482315	 11.86545372	 29.31642342	 26.62836456	 11.95129871	 30.57374191	        -255	         257
 0.60000	 26.53172302	 12.83069611	 30.73902321	 25.56436157	 13.30003452	 29.69307137	        -256	         258
 0.60000	 25.19289398	 13.99011993	 29.24999046	 25.76144218	 14.75458813	 28.09126472	        -257	         259
 0.60000	 25.28113937	 15.51667786	 28.00257492	 24.58679008	 14.98591900	 29.22153854	        -258	         260
 0.60000	 23.90167236	 14.42779732	 29.39141655	 22.67869377	 13.91876316	 30.09498024	        -259	         261
 0.60000	 21.93359566	 13.73415852	 30.56463623	 20.90010262	 13.57748604	 31.64040565	        -260	         262
 0.60000	 20.23135757	 13.77380371	 31.07042313	 21.26397324	 13.92091179	 29.99240875	        -261	         263
 0.60000	 21.86052322	 14.16577530	 29.36440086	 22.96596146	 14.86359406	 28.62878990	        -262	         264
 0.60000	 23.86045265	 14.81851292	 28.53870773	 25.02008820	 14.19806671	 27.81727028	        -263	         265
 0.60000	 24.82691193	 14.50656223	 26.98939896	 23.66922760	 15.14694595	 27.69603348	        -264	         266
 0.60000	 23.42341805	 14.29154873	 27.85339165	 24.60419655	 13.43175125	 27.51164818	        -265	         267
 0.60000	 25.47215462	 13.42055893	 27.75078011	 26.54364395	 14.08747482	 28.56155205	        -266	         268
 0.60000	 27.17833900	 13.46382713	 28.40838242	 26.13567734	 12.83308697	 27.53378868	        -267	         269
 0.60000	 25.31495476	 12.74730682	 27.17462921	 24.09593010	 12.00401974	 26.71477318	        -268	         270
 0.60000	 23.81214333	 12.44073677	 25.97983170	 24.78739929	 13.52240944	 26.33876610	        -269	         271
 0.60000	 25.03645706	 13.88518429	 25.55368042	 24.38269043	 13.12893200	 24.43536949	        -270	         272
 0.60000	 24.36864662	 12.40918064	 23.89521599	 24.80846786	 10.98466969	 23.72981644	        -271	         273
 0.60000	 25.21826553	 10.20803452	 23.53217506	 26.20592117	  9.13704109	 23.17496109	        -272	         274
 0.60000	 26.30006790	  8.27427959	 22.93638802	 25.52236176	  7.01815796	 22.67671776	        -273	         275
 0.60000	 25.27730942	  6.28378153	 22.21733665	 25.06057167	  4.84788561	 21.84132767	        -274	         276
 0.60000	 25.76812744	  4.52405357	 22.29874039	 25.91221428	  5.93206787	 22.79534149	        -275	         277
 0.60000	 26.23565483	  6.61415052	 22.30537605	 27.65960884	  6.98295116	 22.01165581	        -276	         278
 0.60000	 27.97037315	  7.82310200	 22.09844780	 27.18700218	  9.08680725	 22.29679680	        -277	         279
 0.60000	 27.76151276	  9.33686447	 22.94283676	 28.53591156	  8.05382824	 23.00737000	        -278	         280
 0.60000	 29.32610130	  7.64489937	 23.14306831	 30.75908089	  7.34130192	 23.46611977	        -279	         281
 0.60000	 31.18626785	  7.74827766	 22.78648949	 30.31274605	  8.47589493	 21.80790520	        -280	         282
 0.60000	 29.67222786	  8.97202110	 21.41536140	 29.50432587	 10.14748287	 20.49863815	        -281	         283
 0.60000	 30.32456970	 10.10683155	 20.12003708	 30.42030716	  8.82763100	 20.89737892	        -282	         284
 0.60000	 30.46405411	  9.34769917	 21.63238716	 30.42535591	 10.79117680	 21.22603989	        -283	         285
 0.60000	 31.08672333	 10.74305248	 20.61182976	 31.19413948	  9.32600880	 21.09165192	        -284	         286
 0.60000	 31.64149666	  8.60196304	 21.40220642	 32.81642914	  9.51501656	 21.21369553	        -285	         287
 0.60000	 33.08162689	 10.32749939	 20.93174171	 33.52016068	 11.70857048	 20.54410172	        -286	         288
 0.60000	 33.40588379	 12.54556179	 20.23382378	 32.74956512	 13.85530567	 19.91181755	        -287	         289
 0.60000	 32.13135147	 13.96173859	 19.26669312	 31.93771553	 12.69923401	 18.48034859	        -288	         290
 0.60000	 31.07657433	 12.97600651	 18.46546364	 30.57235146	 14.10384464	 19.31613159	        -289	         291
 0.60000	 29.76593208	 13.80794334	 19.03282547	 30.26668549	 12.64093590	 18.23428345	        -290	         292
 0.60000	 30.94984245	 12.10816956	 17.98895264	 31.35180473	 10.78854752	 17.39967728	        -291	         293
 0.60000	 31.36482048	  9.94107437	 17.09628677	 31.01555824	  8.52861881	 16.73141670	        -292	         294
 0.60000	 31.04268837	  7.65331697	 16.52312851	 31.50446701	  6.25676203	 16.22904396	        -293	         295
 0.60000	 32.30170059	  5.85750341	 16.35249710	 33.36816788	  5.20259714	 15.52558994	        -294	         296
 0.60000	 33.77843857	  5.79209661	 14.98312378	 32.87755585	  6.92608881	 14.59258556	        -295	         297
 0.60000	 32.40053558	  7.66758347	 14.41160679	 32.70166016	  9.02087116	 13.83891487	        -296	         298
 0.60000	 31.84211922	  9.15292931	 13.60681725	 31.39672279	  7.81806183	 14.12616444	        -297	         299
 0.60000	 30.89451790	  7.10274363	 14.34075832	 29.93424416	  5.98443460	 14.61859226	        -298	         300
 0.60000	 29.92691422	  5.16202164	 14.98401737	 30.81278229	  4.13529730	 15.62514305	        -299	         301
 0.60000	 31.48464394	  3.71569681	 16.05236244	 32.67607117	  3.16265368	 16.77668381	        -300	         302
 0.60000	 33.34725189	  3.75109053	 16.89896584	 32.44960022	  4.77736330	 16.27367401	        -301	         303
 0.60000	 32.12200928	  5.15247297	 15.52406597	 30.95037460	  5.86575222	 14.91704082	        -302	         304
 0.60000	 31.55610657	  6.40555906	 14.52470493	 32.71762085	  6.30549717	 15.46860123	        -303	         305
 0.60000	 33.48646545	  6.19433498	 15.92325497	 34.49375153	  5.18815517	 16.39547920	        -304	         306
 0.60000	 35.19737244	  5.17882347	 16.95676231	 35.81418991	  6.16815329	 17.90057564	        -305	         307
 0.60000	 35.92902756	  6.91854620	 18.38410568	 35.58049393	  8.30023098	 18.85263062	        -306	         308
 0.60000	 35.61274338	  8.89135170	 19.53068733	 35.93296814	  9.30941486	 20.93525505	        -307	         309
 0.60000	 35.63681030	  9.56912231	 21.74477577	 35.69771957	 10.43962002	 22.96492386	        -308	         310
 0.60000	 36.59332275	 10.55885601	 22.97083664	 36.54240036	  9.77272511	 21.69443512	        -309	         311
 0.60000	 36.81216049	  9.88813591	 20.84333992	 37.75722504	 10.94297409	 21.33748055	        -310	         312
 0.60000	 37.47072220	 11.34805298	 22.08831787	 36.02831650	 11.17612171	 22.46218681	        -311	         313
 0.60000	 35.97802353	 12.07573891	 22.43549728	 37.30138779	 12.22514629	 21.74524879	        -312	         314
 0.60000	 37.64871979	 12.45011330	 22.54506493	 36.36336136	 12.15485954	 23.25966644	        -313	         315
 0.60000	 35.54678345	 11.78904533	 23.35721779	 34.36499786	 11.77169991	 24.28089714	        -314	         316
 0.60000	 34.04327011	 11.07676697	 24.75381470	 34.57722092	  9.67510223	 24.76999664	        -315	           0
