1.49998
2.01269
1.72191
1.29817
1.92230
1.85414
1.41430
1.91165
2.90497
2.97095
1.85163
2.35525
3.55116
3.54228
2.08332
2.12322
3.43095
3.24233
4.43335
4.93826
4.02452
4.14302
5.26505
5.50051
4.58168
4.51933
5.19745
5.57401
6.13976
6.40312
5.71699
6.05117
7.43352
8.20953
9.45520
10.01898
10.60240
10.47980
9.54980
8.78465
7.30723
7.41402
8.87811
9.57251
9.70997
10.09546
10.56735
10.42370
9.07717
8.59998
7.61917
7.76029
8.67642
9.24028
9.45793
9.42051
9.22971
9.73889
10.35094
10.98184
10.57491
10.78930
10.90972
11.56646
12.49768
12.81507
12.35914
12.07251
12.72730
11.99472
11.51397
11.47094
11.33531
12.06363
13.08000
13.60726
14.44866
13.69581
12.63594
12.02728
11.19121
10.31815
8.90400
9.11294
10.42161
10.66617
9.24330
8.40245
8.76810
8.10451
6.98990
7.19733
7.70444
6.87672
6.25464
6.52983
7.11686
7.89430
7.39781
6.81332
6.16987
5.43016
4.19586
3.44459
2.20813
2.34445
3.37459
3.56133
4.26765
4.65984
5.86180
6.38661
5.34388
5.30230
6.33076
5.91900
4.65158
3.96028
2.53719
1.68914
1.39174
1.70219
2.30504
3.01076
4.24126
5.05788
6.40743
7.27490
8.47256
8.27716
7.06359
6.61355
7.71046
8.50809
9.97429
10.09654
9.01413
9.66840
11.00964
11.80959
12.64449
13.36073
12.65979
12.25276
12.19170
11.41566
11.63147
11.20836
10.74579
9.92693
10.41985
10.90136
12.08433
12.51434
11.31667
10.63905
10.63825
10.12807
9.01739
9.54931
10.88409
10.91807
9.61630
9.93956
11.35353
11.99727
11.32623
11.36124
11.90653
12.65136
14.08104
13.94670
12.45956
11.93464
12.23649
11.90954
10.85581
10.65739
11.19231
11.44155
11.32238
11.51983
12.00738
12.36947
11.97907
12.17043
13.14792
13.81984
14.62081
14.30622
13.14455
12.63011
13.26727
13.70336
14.50332
15.06573
16.02038
15.74400
14.72066
14.04708
14.99135
15.03798
16.10478
15.82892
16.30499
16.89576
17.11272
17.56593
17.72526
16.95976
16.60921
15.81991
14.71912
14.29995
15.57042
16.07074
15.88965
15.68847
15.35377
15.73283
15.51730
14.62151
14.87469
15.62089
16.36557
16.75626
17.68483
17.53997
16.31401
15.55643
14.12110
14.05460
15.50743
16.37147
17.84664
18.70878
20.12371
20.78383
21.51221
21.41782
20.37805
19.84374
18.76594
18.98359
20.29174
20.72330
21.58983
22.23347
21.36490
21.92429
22.90949
22.70055
21.29839
20.40025
19.03777
18.20064
17.09090
17.54660
18.76042
19.54385
19.65274
20.48828
21.50896
22.39356
23.23467
23.78913
24.64011
25.23145
26.29754
27.10426
28.55885
28.89858
30.15154
30.43166
29.38877
28.69547
27.20756
26.48901
26.21761
25.81372
24.83795
25.46288
26.79015
26.83208
25.41870
24.65818
23.52867
23.90404
25.28744
25.53015
24.40773
23.93858
22.74320
23.25696
24.45344
25.05685
25.63049
25.00551
24.54281
25.31156
26.16851
26.92970
28.34557
29.18504
30.58544
31.30726
32.32606
32.27833
31.05578
31.20885
32.67505
32.66802
31.35439
31.03211
32.18963
32.72000
33.68746
33.48054
32.06359
31.25608
29.79455
29.63004
30.87696
31.40407
31.74399
32.31577
31.95110
32.59681
32.85123
33.42873
34.56186
34.30743
33.46674
33.72922
34.71251
35.08706
35.28307
36.05306
37.33201
37.30430
35.82157
35.44838
36.62351
37.33222
37.91019
37.09455
36.55123
36.11812
36.31878
35.99411
34.61762
34.10611
34.50088
35.12086
36.24619
36.71615
36.01442
36.39797
37.12670
37.26490
37.99320
37.26430
37.18667
38.00361
38.86221
38.54232
37.36095
37.15811
38.18379
38.68332
37.94908
37.51611
38.18492
37.83276
36.81327
36.63094
36.66661
36.74836
36.77521
37.63476
37.61427
37.74130
37.53267
37.95101
38.84538
39.50485
38.65851
38.36629
38.32903
39.03315
39.14325
38.85909
38.89918
39.78628
39.79188
39.58729
39.30478
38.44542
37.91365
37.02349
36.51565
35.66757
34.33207
33.51725
32.36625
31.63682
31.06219
30.65779
30.29093
30.55838
30.99565
31.29287
31.90316
31.92584
31.30597
31.22911
31.47686
31.88973
32.82611
33.68547
34.94265
35.21846
36.44320
37.20766
38.27842
37.73733
36.64462
35.97522
34.73260
34.53166
35.87775
35.82117
34.50343
33.84956
32.77424
32.03875
30.81747
29.97629
28.73881
28.04332
27.74252
26.90330
25.47494
24.94399
26.01663
26.83430
27.01086
27.77064
28.99446
29.55903
29.15596
29.08525
30.04911
30.71843
30.67285
29.79581
28.98219
29.03552
29.99931
30.80850
32.09374
31.59701
30.46445
29.92780
29.92818
30.01130
29.99947
29.64053
28.70377
27.87701
28.46934
28.88550
30.26751
30.57492
29.32987
28.70350
28.32337
28.17479
28.08697
28.05491
28.23788
27.73599
26.43780
26.41590
27.72003
28.31977
29.15980
29.47305
29.31543
30.09836
31.14343
31.86383
33.09392
33.47569
33.29623
33.45211
33.81965
34.53421
35.62370
36.51026
37.54107
38.13483
37.84979
37.80398
37.48253
37.82075
38.62135
38.27104
36.95075
36.33676
35.24493
34.79118
35.96014
35.49796
34.28175
33.95609
34.41968
35.13551
36.02564
36.05660
35.08480
34.39301
33.29803
33.05631
33.53359
33.12497
31.74746
31.27895
30.02704
29.71512
31.02560
31.89739
33.28233
34.14011
35.50856
36.26152
37.42159
38.15370
39.51385
39.34119
38.02189
38.46689
39.50759
39.53528
38.54139
37.75025
37.88313
38.33500
38.97560
38.23297
37.62627
36.81585
36.10065
35.56852
36.50145
37.32513
38.49944
39.37525
40.71470
41.47395
42.72099
42.43540
40.96688
41.00727
42.48839
43.14570
43.45585
44.02196
44.27470
43.97962
42.47992
42.57480
44.04146
44.09714
42.71664
41.83580
41.61235
42.22749
42.98475
43.14977
43.32565
43.96068
45.14183
45.87660
47.17330
47.49831
46.56693
46.22572
46.20022
46.43512
47.23555
47.70743
48.64214
48.56499
47.55815
47.02687
46.17913
45.91117
45.91904
45.76147
45.15177
45.13801
44.50935
45.03712
45.72309
46.42148
47.44268
47.65327
47.23928
46.45186
46.38738
46.35638
45.95288
45.18646
43.98780
43.83406
44.87036
45.48371
44.53453
44.06026
44.87859
44.08954
43.24858
43.41676
43.77035
44.44369
44.99345
45.51629
46.24211
47.01769
46.80263
