0.00040903
0.00065469
0.00065469
0.00038931
0.00051474
0.00101274
0.00101274
0.00067207
0.00049823
0.00064290
0.00064290
0.00040144
0.00042302
0.00042302
0.00060202
0.00060594
0.00123798
0.00153630
0.00164836
0.00209057
0.00235467
0.00235467
0.00192850
0.00125545
0.00069984
0.00043462
0.00036748
0.00033650
0.00049035
0.00135783
0.00168939
0.00168939
0.00156616
0.00110072
0.00099570
0.00099570
0.00092424
0.00082592
0.00058157
0.00058157
0.00064088
0.00067678
0.00067678
0.00065682
0.00114510
0.00183084
0.00262270
0.00317374
0.00317374
0.00242108
0.00182402
0.00167164
0.00107194
0.00088754
0.00100688
0.00100688
0.00064894
0.00095278
0.00102053
0.00102053
0.00098957
0.00098957
0.00105831
0.00105831
0.00096487
0.00101573
0.00101573
0.00098515
0.00077090
0.00077090
0.00069645
0.00062187
0.00062187
0.00054062
0.00057147
0.00057204
0.00086961
0.00086961
0.00045418
0.00065146
0.00065146
0.00060760
0.00060760
0.00090353
0.00090353
0.00133996
0.00133996
0.00123523
0.00096073
0.00079431
0.00079431
0.00046273
0.00051534
0.00054205
0.00054205
0.00032516
0.00068661
0.00103031
0.00103031
0.00104637
0.00127776
0.00127776
0.00120320
0.00129215
0.00129215
0.00097359
0.00068188
0.00068188
0.00062753
0.00062753
0.00058994
0.00098878
0.00098878
0.00080317
0.00064862
0.00047577
0.00061460
0.00061550
0.00069335
0.00069335
0.00064418
0.00041467
0.00041467
0.00047088
0.00047088
0.00038103
0.00051566
0.00070958
0.00091510
0.00137393
0.00169976
0.00169976
0.00153871
0.00109487
0.00104049
0.00073137
0.00057136
0.00057298
0.00092258
0.00092258
0.00065954
0.00058195
0.00032564
0.00043511
0.00044572
0.00044572
0.00056212
0.00056212
0.00046177
0.00068718
0.00068718
0.00063855
0.00061185
0.00160103
0.00256124
0.00292902
0.00297351
0.00297351
0.00247709
0.00193799
0.00111588
0.00057578
0.00057578
0.00040594
0.00030024
0.00030024
0.00021214
0.00031760
0.00031760
0.00055752
0.00086202
0.00086202
0.00050101
0.00032573
0.00046913
0.00046913
0.00082050
0.00101482
0.00101482
0.00104808
0.00110653
0.00110653
0.00081095
0.00053980
0.00043102
0.00040979
0.00040979
0.00053788
0.00053788
0.00042148
0.00097007
0.00105971
0.00139998
0.00169228
0.00169228
0.00130615
0.00095754
0.00095754
0.00076892
0.00025452
0.00055206
0.00055206
0.00034795
0.00105518
0.00165211
0.00209726
0.00209726
0.00172795
0.00121348
0.00049657
0.00025802
0.00021659
0.00012623
0.00025991
0.00025991
0.00029831
0.00044246
0.00082603
0.00082603
0.00072255
0.00032830
0.00033931
0.00033931
0.00037617
0.00037617
0.00029857
0.00018672
0.00011020
0.00007795
0.00011157
0.00018974
0.00022974
0.00044110
0.00107817
0.00200104
0.00275062
0.00329643
0.00329643
0.00320373
0.00245788
0.00138183
0.00071600
0.00071600
0.00060868
0.00047571
0.00023813
0.00049607
0.00077367
0.00077367
0.00059178
0.00058786
0.00053904
0.00074224
0.00087916
0.00087916
0.00086425
0.00043242
0.00024695
0.00028177
0.00028177
0.00023199
0.00019039
0.00019039
0.00027993
0.00028099
0.00028099
0.00030020
0.00041986
0.00041986
0.00053188
0.00078707
0.00088186
0.00174408
0.00236255
0.00295537
0.00295537
0.00251406
0.00193251
0.00097369
0.00104450
0.00104450
0.00079658
0.00069192
0.00045428
0.00023796
0.00038319
0.00038319
0.00032601
0.00064415
0.00077425
0.00077425
0.00083530
0.00083530
0.00060384
0.00071690
0.00071690
0.00052875
0.00028799
0.00035631
0.00047853
0.00047853
0.00053927
0.00067706
0.00068761
0.00074598
0.00074598
0.00067026
0.00049986
0.00049986
0.00047948
0.00044841
0.00036653
0.00036653
0.00034262
0.00047367
0.00069040
0.00083760
0.00083760
0.00064098
0.00071312
0.00071312
0.00055713
0.00041054
0.00039944
0.00050086
0.00053752
0.00101219
0.00155107
0.00169807
0.00169807
0.00130794
0.00071287
0.00055084
0.00055374
0.00087579
0.00117812
0.00117812
0.00109487
0.00046114
0.00049861
0.00066829
0.00132089
0.00144337
0.00144337
0.00093743
0.00130826
0.00130826
0.00075129
0.00057375
0.00039063
0.00032647
0.00055476
0.00055476
0.00044177
0.00032479
0.00030574
0.00024132
0.00034519
0.00050926
0.00064849
0.00086703
0.00086703
0.00065642
0.00049043
0.00086893
0.00086893
0.00060005
0.00031040
0.00034282
0.00048271
0.00048271
0.00042156
0.00042156
0.00026508
0.00034364
0.00035707
0.00049418
0.00065420
0.00065420
0.00048083
0.00041084
0.00028993
0.00049147
0.00049147
0.00032737
0.00038982
0.00056074
0.00056074
0.00051327
0.00040999
0.00040999
0.00048527
0.00056544
0.00056544
0.00045766
0.00045766
0.00039681
0.00026495
0.00023730
0.00028513
0.00028929
0.00028929
0.00036012
0.00036012
0.00047904
0.00058065
0.00058065
0.00051297
0.00089963
0.00089963
0.00078356
0.00070469
0.00053999
0.00040240
0.00026225
0.00028953
0.00057780
0.00091494
0.00173152
0.00222012
0.00222012
0.00196660
0.00143632
0.00069989
0.00063823
0.00082145
0.00114529
0.00114529
0.00102038
0.00117298
0.00140143
0.00140143
0.00110230
0.00094741
0.00202982
0.00276891
0.00325202
0.00325202
0.00306373
0.00226158
0.00135401
0.00079763
0.00050459
0.00034542
0.00034542
0.00051004
0.00065501
0.00069396
0.00099347
0.00149553
0.00186528
0.00186528
0.00145668
0.00074618
0.00034031
0.00032103
0.00036097
0.00054814
0.00101948
0.00101948
0.00088375
0.00056132
0.00030099
0.00030983
0.00038483
0.00038483
0.00021349
0.00033152
0.00033152
0.00017035
0.00027964
0.00027964
0.00027905
0.00051850
0.00072099
0.00099430
0.00099430
0.00097635
0.00127616
0.00159247
0.00159247
0.00143070
0.00082449
0.00055432
0.00043613
0.00046490
0.00046490
0.00037778
0.00029504
0.00029504
0.00028250
0.00029431
0.00043451
0.00043451
0.00035445
0.00030472
0.00022078
0.00021507
0.00026531
0.00041616
0.00041616
0.00049769
0.00055677
0.00055677
0.00036110
0.00034636
0.00044415
0.00079503
0.00109865
0.00109865
0.00089877
0.00069372
0.00037422
0.00037069
0.00017038
0.00017581
0.00017581
0.00029242
0.00031024
0.00046195
0.00121496
0.00160228
0.00168380
0.00168380
0.00115071
0.00047233
0.00028068
0.00037667
0.00047955
0.00047955
0.00040213
0.00047567
0.00074531
0.00074531
0.00052052
0.00036212
0.00046854
0.00046854
0.00041038
0.00041038
0.00031982
0.00033473
0.00033473
0.00028570
0.00050532
0.00130929
0.00197268
0.00217470
0.00217470
0.00188950
0.00127192
0.00045965
0.00021899
0.00037868
0.00037868
0.00051844
0.00053043
0.00067589
0.00105515
0.00143649
0.00143649
0.00116403
0.00070716
0.00049209
0.00049209
0.00044160
0.00023576
0.00070169
0.00150145
0.00239035
0.00259285
0.00259285
0.00226812
0.00151082
0.00144627
0.00129174
0.00100737
0.00048826
0.00023370
0.00047921
0.00050506
0.00050506
0.00046722
0.00046722
0.00043895
0.00035153
0.00048750
0.00053936
0.00067332
0.00067332
0.00045903
0.00039622
0.00056095
0.00056095
0.00048222
0.00024637
0.00030907
0.00031445
0.00052546
0.00088191
0.00088191
0.00051215
0.00039463
0.00042487
0.00042487
0.00047321
0.00051150
0.00059732
0.00059732
0.00038577
0.00034431
0.00034742
0.00107869
0.00180469
0.00255924
0.00312457
0.00319885
0.00319885
0.00296830
0.00217210
0.00217210
0.00185918
0.00119191
0.00078290
0.00078290
0.00072886
0.00075803
0.00085512
0.00085512
0.00084099
0.00061446
0.00050969
0.00035880
0.00051432
0.00051432
0.00049515
0.00048179
0.00053583
0.00053583
0.00045395
0.00062971
0.00062971
0.00037949
0.00033512
0.00037894
0.00037894
0.00017437
0.00024638
0.00027226
0.00055197
0.00063440
0.00063440
0.00045294
0.00049193
0.00060760
0.00060760
0.00045476
0.00032504
0.00025640
0.00035820
0.00035820
0.00035693
0.00055015
0.00055015
0.00047454
0.00047454
0.00081201
0.00143797
0.00191889
0.00228584
0.00271998
0.00271998
0.00271113
0.00221819
0.00160091
0.00105951
0.00041624
0.00042445
0.00042445
0.00037637
0.00066613
0.00138233
0.00216939
0.00267942
0.00310282
0.00335079
0.00335079
0.00305291
0.00281017
0.00186350
0.00093240
0.00070416
0.00085713
0.00134380
0.00232150
0.00302310
0.00302310
0.00287236
0.00249959
0.00169234
0.00136362
0.00210084
0.00223776
0.00223776
0.00159885
0.00077515
0.00058834
0.00066111
0.00066111
0.00035193
0.00056909
0.00104046
0.00176955
0.00229985
0.00229985
0.00215151
0.00179862
0.00151314
0.00189270
0.00189270
0.00138082
0.00099642
0.00099642
0.00059437
0.00106371
0.00120743
0.00120743
0.00074046
0.00082108
0.00121089
0.00121089
0.00105403
0.00084053
0.00060441
0.00060441
0.00040322
0.00077842
0.00077842
0.00054355
0.00082371
0.00082371
0.00078771
0.00039039
0.00092941
0.00092941
0.00086840
0.00046502
0.00046502
0.00035885
0.00040065
0.00057116
0.00057116
0.00049818
0.00049818
0.00039282
0.00053030
0.00053030
0.00061254
0.00061254
0.00051314
0.00058654
0.00070610
0.00070817
0.00070817
0.00088791
0.00110534
0.00110534
0.00083276
0.00049753
0.00045264
0.00056921
0.00056921
0.00055673
0.00064858
0.00064858
0.00081771
0.00081771
0.00075372
0.00074977
0.00066176
0.00066176
0.00044553
0.00069715
0.00069715
0.00059133
0.00046361
0.00078215
0.00078215
0.00077234
0.00063558
0.00038375
0.00046821
0.00046821
0.00073414
0.00073414
0.00053071
0.00056361
0.00056361
0.00093919
0.00093919
0.00068773
0.00068773
0.00056028
0.00053311
0.00038784
0.00030339
0.00042077
0.00067493
0.00067493
0.00058865
0.00031139
0.00044153
0.00085767
0.00085767
0.00037705
0.00025668
0.00024859
0.00027865
0.00033623
0.00033623
0.00026277
0.00063036
0.00064483
0.00064483
0.00060610
0.00036393
0.00067110
0.00067110
0.00092391
0.00092391
0.00082395
0.00057449
0.00052672
0.00059944
0.00083342
0.00083342
0.00078933
0.00044319
0.00033783
0.00040682
0.00040682
0.00026300
0.00033940
0.00033940
0.00038454
0.00038454
0.00033213
0.00024542
0.00023512
0.00034792
0.00046992
0.00046992
0.00032941
0.00055505
0.00062121
0.00062121
0.00071889
0.00083245
0.00083245
0.00107359
0.00185540
0.00213940
0.00213940
0.00159595
0.00107797
0.00088351
0.00088351
0.00088124
0.00088124
0.00080149
0.00050294
0.00056419
0.00056419
0.00050479
0.00066491
0.00066491
0.00054080
0.00065967
0.00065967
0.00053529
0.00062238
0.00062238
0.00052387
0.00080463
0.00080463
0.00067537
0.00060643
0.00046979
0.00065778
0.00108794
0.00111691
0.00114551
0.00114551
0.00124833
0.00124833
0.00101475
0.00120543
0.00136987
0.00136987
0.00133798
0.00099936
0.00080267
0.00069516
0.00069516
0.00050633
0.00041670
0.00041670
0.00034857
0.00034857
0.00027091
0.00034147
0.00034147
0.00028139
0.00028139
0.00026423
0.00035573
0.00035573
0.00044461
0.00044461
0.00020535
0.00026899
0.00035503
0.00035503
0.00023785
0.00018525
0.00051313
0.00051313
0.00044150
0.00034001
0.00060929
0.00060929
0.00067446
0.00116358
0.00154860
0.00154860
0.00112347
0.00042171
0.00026182
0.00049505
0.00053160
0.00053160
0.00038701
0.00035893
0.00027544
0.00050170
0.00051433
0.00081407
0.00081407
0.00077869
0.00054904
0.00080394
0.00109515
0.00121322
0.00159355
0.00190102
0.00262912
0.00297101
0.00297101
0.00264787
0.00199848
0.00176784
0.00176784
0.00154962
0.00131777
0.00146679
0.00175545
0.00175545
0.00135589
0.00098129
0.00089773
0.00089773
0.00071920
0.00065364
0.00051210
0.00051210
0.00045949
0.00052191
0.00090639
0.00090639
0.00091548
0.00091548
0.00078567
0.00062178
0.00081020
0.00097603
0.00097603
0.00057321
0.00030304
0.00025913
0.00031062
0.00037910
0.00051683
0.00097565
0.00138506
0.00139825
0.00139825
0.00123976
0.00089499
0.00075552
0.00039343
