1.49986
2.37741
3.76610
4.64713
6.12043
7.00945
8.49664
9.35680
10.62335
11.42513
12.79654
13.62611
15.02453
15.86261
17.19603
18.08389
19.54552
20.41651
21.84638
22.70802
24.15322
25.02283
26.45538
27.31422
28.66416
29.41929
30.56940
31.14701
31.88752
32.35425
33.17491
33.49465
33.71926
33.91735
34.31888
34.54496
34.93911
34.98783
34.76230
34.61765
34.31928
34.20541
34.13480
33.96739
33.51784
33.09080
32.13504
31.58610
30.69719
30.17037
29.31860
28.74050
27.70827
27.03872
25.90012
25.18292
23.91913
23.24737
22.30773
21.85977
21.34329
21.06132
20.67961
20.33193
19.56362
19.26268
19.03630
18.97605
19.05941
18.97545
18.63795
18.35896
17.74647
17.42364
17.00001
16.61366
15.72218
15.47931
15.59218
15.69241
16.00215
16.02244
15.75794
15.82738
16.27124
16.54739
17.07967
17.32430
17.61310
17.73887
17.84943
18.00494
18.33921
18.68480
19.44267
20.06530
21.31894
22.10337
23.47995
24.25234
25.44789
26.02544
26.71536
27.04924
27.33410
27.81347
28.94430
29.77268
31.26863
32.16466
33.65016
34.50747
35.78642
36.58648
37.86890
38.50560
39.28378
39.77504
40.58922
41.20400
42.38397
43.14966
44.37221
45.18355
46.56033
47.40165
48.84096
49.62781
50.73412
51.41539
52.50774
53.17613
54.30561
55.04426
56.36799
57.07995
58.11069
58.65524
59.43565
59.72798
59.91029
59.91064
59.69549
59.65408
59.69207
59.84191
60.29970
60.58546
61.07423
61.52664
62.50717
63.09277
64.04627
64.79444
66.20904
66.92518
67.78900
68.34363
69.18697
69.77695
70.76180
71.40067
72.44953
73.04773
73.98468
74.54535
75.43381
76.16151
77.58244
78.42568
79.84985
80.59329
81.52260
82.16026
83.33338
83.89003
84.49675
85.05882
86.20568
86.92622
88.17020
88.98457
90.42391
91.26698
92.64401
93.48435
94.88815
95.72916
97.12622
98.00977
99.49016
100.36596
101.78684
102.64263
104.07240
104.93363
106.37661
107.25124
108.65073
109.46577
110.76769
111.54011
112.74085
113.49351
114.77331
115.50827
116.65610
117.44562
118.87857
119.71319
121.04922
121.85932
123.22119
124.01362
125.29678
126.07122
127.37460
128.14778
129.31807
129.99749
130.95762
131.61173
132.79462
133.50323
134.68420
135.43195
136.71708
137.54007
138.90653
139.65764
140.71104
141.37389
142.51998
143.15676
144.09150
144.67193
145.63445
146.18034
147.06318
147.54898
148.30133
148.57812
148.72441
148.75029
148.65733
148.59597
148.49456
148.30086
147.75824
147.51164
147.22457
146.97842
146.44395
146.21840
146.01664
145.91608
145.79644
145.61081
145.16922
144.71241
143.66786
143.05083
142.01144
141.40617
140.41024
139.91644
139.28080
139.12655
139.32235
139.26733
138.90082
138.91084
139.27068
139.50379
139.94911
140.27824
140.95440
141.27565
141.64797
141.97971
142.68087
143.03804
143.44240
143.92314
145.01972
145.58278
146.34831
146.96211
148.12908
148.80405
149.73050
150.45098
151.80051
152.64901
154.10891
155.00273
156.39232
157.23075
158.58723
159.47003
160.92686
161.71102
162.73368
163.36825
164.41062
165.00019
165.80998
166.41922
167.57245
168.34170
169.72604
170.53065
171.76597
172.51004
173.75059
174.48101
175.66667
176.43635
177.78936
178.56632
179.78285
180.43835
181.31220
181.90945
182.98678
183.66648
184.84152
185.37872
185.91343
186.26079
186.86293
187.12260
187.35647
187.63175
188.27497
188.63822
189.23352
189.55293
190.00809
190.40186
191.22476
191.72606
192.57510
193.16443
194.28079
194.88264
195.81227
196.13828
196.25299
196.23946
196.03945
195.86360
195.44797
195.32759
195.36939
195.24218
194.79443
194.66976
194.72715
194.57949
194.03987
193.79053
193.45331
193.28219
193.06494
192.90403
192.62623
192.31773
191.62442
191.01573
189.76664
188.97478
187.62867
186.90642
185.91111
185.28053
184.22947
183.63286
182.69470
182.17387
181.39330
180.92292
180.18401
179.85703
179.61255
179.24317
178.32943
177.79094
176.93021
176.46097
175.77615
175.35889
174.63707
174.36192
174.17187
174.10278
174.12129
174.00587
173.63379
173.46155
173.21896
173.13227
173.10606
173.01326
172.74955
172.67717
172.74958
172.50618
171.67953
171.21739
170.46678
170.02278
169.28551
168.90804
168.38548
168.08052
167.55560
167.47241
167.76250
167.84497
167.88771
167.89809
167.93920
167.73435
166.99723
166.69248
166.40042
166.25187
166.08147
166.10706
166.40212
166.41025
166.19005
166.09080
165.96886
165.76544
165.20062
164.95488
164.67754
164.53802
164.37688
164.22996
163.91310
163.60164
162.93664
162.44787
161.49086
160.87324
159.80252
159.19416
158.32688
157.65007
156.32717
155.57170
154.32480
153.74852
153.19311
152.83188
152.26451
151.82432
150.99410
150.31328
148.96613
148.15689
146.80049
145.91862
144.43408
143.55648
142.16179
141.30466
139.90511
139.05818
137.63097
136.79963
135.52119
134.65796
133.17662
132.32005
130.98190
130.18289
128.84067
128.19112
127.50157
126.98784
126.02859
125.44428
124.44603
123.80813
122.70004
122.09018
121.18215
120.68556
119.97883
119.54767
118.77177
118.52687
118.51087
118.62476
119.03714
119.34109
119.90227
120.35097
121.28890
121.74889
122.29759
122.64179
123.22298
123.62514
124.39631
124.68859
124.88239
125.02688
125.26307
125.61798
126.51246
127.11880
128.27401
128.83859
129.51602
130.03787
131.04431
131.51830
132.05874
132.44415
133.19282
133.44370
133.53428
133.57440
133.61013
133.53695
133.23068
133.16568
133.30771
133.09765
132.32548
131.80450
130.76875
130.28679
129.68818
129.51804
129.58472
129.65006
129.83654
129.93528
130.07237
130.16002
130.27370
130.41271
130.73291
130.95738
131.37984
131.61746
131.97640
132.23256
132.71363
133.03160
133.61652
133.92233
134.34123
134.66069
135.28393
135.67300
136.37263
136.61469
136.71765
136.62067
136.17181
135.86129
135.25419
135.02821
134.90544
134.75757
134.48285
134.11280
133.19527
132.72095
132.05731
131.51727
130.45064
129.85664
128.91413
128.53755
128.30365
128.04704
127.55163
127.11564
126.15862
125.75848
125.39558
125.10938
124.58871
124.22153
123.54683
123.21094
122.86567
122.39222
121.26401
120.62731
119.61182
118.97694
117.87918
117.26416
116.35050
115.80819
114.90566
114.47754
113.96286
113.69101
113.37759
112.97601
112.00846
111.46339
110.71806
110.09235
108.85791
108.12687
106.91499
106.22592
105.12776
104.59789
103.97498
103.66859
103.30995
103.11519
102.84657
102.61810
102.13846
101.80499
101.18086
100.80903
100.21149
