 0.10000	 65.06129456	 18.72210121	 42.43682861	 66.29409027	 18.84760284	 43.28184128	           0	           2
 0.10000	 66.85613251	 19.01264000	 43.96430588	 67.37927246	 19.42159653	 45.30879974	          -1	           3
 0.10000	 67.73223114	 19.68203926	 46.09326553	 68.37905884	 20.14258385	 47.36499786	          -2	           4
 0.10000	 68.65297699	 20.47224236	 48.15447617	 68.89436340	 21.10958672	 49.48963928	          -3	           5
 0.10000	 69.17612457	 21.44209290	 50.27456665	 69.86631775	 21.89601326	 51.52516937	          -4	           6
 0.10000	 70.19201660	 22.23093033	 52.29137802	 70.60079956	 22.86800575	 53.58480072	          -5	           7
 0.10000	 70.82276154	 23.35761452	 54.30307007	 71.12215424	 24.34807396	 55.38709641	          -6	           8
 0.10000	 71.30679321	 24.94754982	 56.02850723	 71.58768463	 25.98129845	 57.07651901	          -7	           9
 0.10000	 71.98579407	 26.52851868	 57.66578674	 72.98365784	 27.27001381	 58.50264740	          -8	          10
 0.10000	 73.62538147	 27.61179733	 59.02837753	 74.78010559	 27.98608971	 59.90722275	          -9	          11
 0.10000	 75.47006989	 28.17333031	 60.44932938	 76.65456390	 28.36829376	 61.34660339	         -10	          12
 0.10000	 77.16885376	 28.65830612	 62.02247238	 77.62542725	 29.38428497	 63.25152206	         -11	          13
 0.10000	 77.83975983	 29.72222900	 64.05449677	 78.05415344	 30.13388443	 65.47929382	         -12	          14
 0.10000	 78.14294434	 30.42784691	 66.32186127	 78.19297028	 30.98608208	 67.71154785	         -13	          15
 0.10000	 78.34265900	 31.26049995	 68.55215454	 78.79969025	 31.59306526	 69.93994904	         -14	          16
 0.10000	 78.93894196	 31.93376160	 70.75804138	 78.94844055	 32.70891953	 72.04047394	         -15	          17
 0.10000	 78.97466278	 33.16328812	 72.81350708	 79.06774902	 33.91860580	 74.10449982	         -16	          18
 0.10000	 78.90858459	 34.36464310	 74.86671448	 78.28730774	 35.02333069	 76.06095123	         -17	          19
 0.10000	 77.97956085	 35.62121582	 76.65501404	 77.58032227	 36.87727356	 77.36820984	         -18	          20
 0.10000	 77.30345154	 37.61711502	 77.79290771	 76.79071808	 38.84182739	 78.48739624	         -19	          21
 0.10000	 76.53038788	 39.62949753	 78.82780457	 76.17407227	 41.02544785	 79.23930359	         -20	          22
 0.10000	 75.96782684	 41.81873322	 79.60298920	 75.61828613	 43.06108093	 80.36428833	         -21	          23
 0.10000	 75.60520935	 43.76133728	 80.92450714	 75.91636658	 44.76837158	 81.98961639	         -22	          24
 0.10000	 76.08468628	 45.38185120	 82.62182617	 76.37314606	 46.42911911	 83.65407562	         -23	          25
 0.10000	 76.50969696	 46.90986252	 84.39907837	 76.70391083	 47.44073868	 85.78699493	         -24	          26
 0.10000	 76.65602112	 47.68141174	 86.64997101	 76.31620789	 47.86272812	 88.09831238	         -25	          27
 0.10000	 76.01995850	 48.15934372	 88.89163971	 75.36138916	 48.91263580	 90.00740051	         -26	          28
 0.10000	 75.00675201	 49.36003113	 90.69969940	 74.43448639	 50.09562683	 91.87347412	         -27	          29
 0.10000	 74.29563904	 50.67169952	 92.54777527	 74.46446228	 51.77660370	 93.54651642	         -28	          30
 0.10000	 74.41858673	 52.46678543	 94.11921692	 74.07935333	 53.62622070	 95.00697327	         -29	          31
 0.10000	 74.16909027	 54.40135574	 95.45223236	 74.78264618	 55.69541168	 95.89577484	         -30	          32
 0.10000	 75.04871368	 56.37913513	 96.41438293	 75.28279114	 57.28439331	 97.58621979	         -31	          33
 0.10000	 75.71331787	 57.72153473	 98.24203491	 76.80462646	 58.15106964	 99.17553711	         -32	          34
 0.10000	 77.41137695	 58.48461151	 99.74668121	 78.38761902	 59.11574173	100.69250488	         -33	          35
 0.10000	 78.98720551	 59.52997208	101.21584320	 80.04094696	 60.26895142	101.98345947	         -34	          36
 0.10000	 80.48011017	 60.80292892	102.55532837	 80.87945557	 61.76537704	103.63245392	         -35	          37
 0.10000	 80.92134094	 62.43511581	104.22796631	 80.63194275	 63.62747574	105.08822632	         -36	          38
 0.10000	 80.44338989	 64.35333252	105.57978821	 80.06087494	 65.58550262	106.34155273	         -37	          39
 0.10000	 79.79104614	 66.28445435	106.83393860	 79.27104187	 67.39905548	107.68957520	         -38	          40
 0.10000	 78.96652222	 67.98285675	108.29788971	 78.47296906	 68.80102539	109.45196533	         -39	          41
 0.10000	 78.20478058	 69.31351471	110.13687897	 77.81391907	 70.19500732	111.28364563	         -40	          42
 0.10000	 77.56818390	 70.72324371	111.96538544	 77.14892578	 71.61808014	113.09191895	         -41	          43
 0.10000	 76.83222961	 72.11878204	113.76576996	 76.15597534	 72.87630463	114.86817169	         -42	          44
 0.10000	 75.99663544	 73.40955353	115.57289124	 76.22884369	 74.37818146	116.69318390	         -43	          45
 0.10000	 76.08357239	 74.82319641	117.45973969	 75.46600342	 75.27639008	118.74826050	         -44	          46
 0.10000	 74.98960876	 75.43292999	119.49294281	 74.03993988	 75.43553162	120.65238953	         -45	          47
 0.10000	 73.33795929	 75.54718018	121.20011902	 72.00529480	 75.87880707	121.79987335	         -46	          48
 0.10000	 71.22142792	 76.04042053	122.20462799	 69.92725372	 76.26408386	122.92581177	         -47	          49
 0.10000	 69.15121460	 76.40685272	123.35137939	 67.84543610	 76.64868164	124.04529572	         -48	          50
 0.10000	 67.16874695	 76.86141205	124.59398651	 66.26493835	 77.32984161	125.69345093	         -49	          51
 0.10000	 65.70800781	 77.55701447	126.35855865	 64.76732635	 77.81886292	127.49524689	         -50	          52
 0.10000	 64.29043579	 78.20584869	128.14916992	 63.69904327	 79.18712616	129.11517334	         -51	          53
 0.10000	 63.37459564	 79.75750732	129.72705078	 62.88440704	 80.66812134	130.81172180	         -52	          54
 0.10000	 62.73450851	 81.39501953	131.31625366	 62.71867371	 82.79057312	131.86251831	         -53	          55
 0.10000	 62.88423538	 83.64263916	132.09082031	 63.47473145	 85.00898743	132.26612854	         -54	          56
 0.10000	 63.74199677	 85.86564636	132.25186157	 64.09156799	 87.30181122	132.00437927	         -55	          57
 0.10000	 64.17884827	 88.18649292	131.88261414	 64.12790680	 89.68007660	131.76960754	         -56	          58
 0.10000	 63.99673462	 90.50303650	131.43669128	 63.61009216	 91.62071228	130.51647949	         -57	          59
 0.10000	 63.39007950	 92.31082916	129.98767090	 63.02125549	 93.46352386	129.10437012	         -58	          60
 0.10000	 62.82054138	 94.16360474	128.58158875	 62.51313019	 95.35211945	127.72254944	         -59	          61
 0.10000	 62.41456604	 95.99678802	127.10732269	 62.39825821	 96.93119049	125.93609619	         -60	          62
 0.10000	 62.41852951	 97.48773193	125.23297119	 62.53541565	 98.39950562	124.04943848	         -61	          63
 0.10000	 62.42738724	 98.88448334	123.30248260	 61.98056030	 99.55830383	122.04077148	         -62	          64
 0.10000	 61.58262253	 99.93755341	121.33187103	 60.69179535	100.50401306	120.26838684	         -63	          65
 0.10000	 60.23423004	100.85011292	119.57897186	 59.58737564	101.43504333	118.36045837	         -64	          66
 0.10000	 59.19881821	101.77978516	117.62931061	 58.53861618	102.33007812	116.40174103	         -65	          67
 0.10000	 58.27136993	102.80522919	115.68919373	 58.07798386	103.81574249	114.59963226	         -66	          68
 0.10000	 57.85475540	104.38768005	113.94541931	 57.31977463	105.28199768	112.86844635	         -67	          69
 0.10000	 57.06317902	105.84239197	112.21637726	 56.68830490	106.80800629	111.13320923	         -68	          70
 0.10000	 56.73431396	107.41542816	110.47390747	 57.24952316	108.38661957	109.45516205	         -69	          71
 0.10000	 57.63174438	108.99285126	108.91482544	 58.43981552	110.02027893	108.18171692	         -70	          72
 0.10000	 58.78911209	110.58950043	107.58245850	 59.13836288	111.41178131	106.37929535	         -71	          73
 0.10000	 59.35588837	111.92224121	105.67465210	 59.71245575	112.78884888	104.50552368	         -72	          74
 0.10000	 59.91232300	113.33329010	103.82179260	 60.22637177	114.28290558	102.70629883	         -73	          75
 0.10000	 60.40200043	114.82216644	102.01195526	 60.68592072	115.66731262	100.80780792	         -74	          76
 0.10000	 60.74945450	116.17068481	100.06830597	 60.65415955	116.98722839	 98.81541443	         -75	          77
 0.10000	 60.67651749	117.47022247	 98.05959320	 60.79857254	118.28329468	 96.80646515	         -76	          78
 0.10000	 61.06204224	118.61477661	 96.01473999	 61.83851242	118.86785889	 94.75775909	         -77	          79
 0.10000	 62.12788391	118.94875336	 93.91148376	 62.29004288	118.87454987	 92.42308807	         -78	          80
 0.10000	 62.53389740	119.05579376	 91.57789612	 63.09327698	119.72530365	 90.35891724	         -79	          81
 0.10000	 63.53924561	119.94139862	 89.61014557	 64.42206573	120.05952454	 88.40455627	         -80	          82
 0.10000	 65.06551361	119.94147491	 87.78983307	 66.26200104	119.44944763	 87.03308868	         -81	          83
 0.10000	 66.91005707	119.01470947	 86.59037018	 67.86141205	118.05872345	 85.93722534	         -82	          84
 0.10000	 68.35211182	117.46125031	 85.48266602	 68.99538422	116.40139008	 84.64115143	         -83	          85
 0.10000	 69.49165344	115.89639282	 84.09070587	 70.44572449	115.28830719	 83.10828400	         -84	          86
 0.10000	 71.01928711	114.90390015	 82.53633118	 71.98110199	114.21719360	 81.61524200	         -85	          87
 0.10000	 72.65500641	113.99862671	 81.06524658	 73.88784027	113.97969055	 80.21369171	         -86	          88
 0.10000	 74.63215637	113.90418243	 79.71917725	 75.86939240	113.71061707	 78.89623260	         -87	          89
 0.10000	 76.69583130	113.55721283	 78.58273315	 78.13993073	113.20657349	 78.38907623	         -88	          90
 0.10000	 79.02854156	113.17726135	 78.26897430	 80.49233246	113.44741821	 78.09497833	         -89	          91
 0.10000	 81.38428497	113.47918701	 78.00302887	 82.86477661	113.28398895	 77.87599945	         -90	          92
 0.10000	 83.74085999	113.46616364	 77.80681610	 85.03917694	114.21131897	 77.73477173	         -91	          93
 0.10000	 85.79595947	114.66695404	 77.57826996	 86.97824097	115.47521973	 77.13725281	         -92	          94
 0.10000	 87.68297577	115.96412659	 76.87476349	 88.87084198	116.74873352	 76.40663910	         -93	          95
 0.10000	 89.46559906	117.37813568	 76.17147064	 90.24285889	118.61397552	 75.83253479	         -94	          96
 0.10000	 90.54206848	119.46029663	 75.82523346	 90.71131134	120.91835022	 76.12827301	         -95	          97
 0.10000	 90.65821838	121.76568604	 76.41960907	 90.25124359	123.03225708	 77.10983276	         -96	          98
 0.10000	 90.18517303	123.86008453	 77.44963837	 90.33771515	125.28430176	 77.89023590	         -97	          99
 0.10000	 90.37391663	126.12602997	 78.19815063	 90.36956787	127.52486420	 78.73556519	         -98	         100
 0.10000	 90.36775970	128.30627441	 79.17604065	 90.35312653	129.46128845	 80.13062286	         -99	         101
 0.10000	 90.38268280	130.27391052	 80.50953674	 90.51130676	131.73457336	 80.81848145	        -100	         102
 0.10000	 90.49681091	132.61392212	 80.99360657	 90.30270386	134.08253479	 81.21779633	        -101	         103
 0.10000	 90.30400848	134.94294739	 81.46988678	 90.47680664	136.30833435	 82.06227875	        -102	         104
 0.10000	 90.60310364	137.11825562	 82.42541504	 90.84196472	138.45515442	 83.05859375	        -103	         105
 0.10000	 91.11193848	139.24797058	 83.38018799	 91.79591370	140.52114868	 83.77674103	        -104	         106
 0.10000	 92.07248688	141.28149414	 84.16571045	 92.25267029	142.50222778	 85.01679993	        -105	         107
 0.10000	 92.60249329	143.10484314	 85.58333588	 93.52843475	143.77279663	 86.55468750	        -106	         108
 0.10000	 93.97747040	144.28416443	 87.14046478	 94.54563904	145.30949402	 88.07460785	        -107	         109
 0.10000	 94.99320984	145.67617798	 88.76127625	 95.85189819	145.79434204	 89.98418427	        -108	         110
 0.10000	 96.23270416	146.03819275	 90.75955963	 96.62800598	146.66891479	 92.06035614	        -109	         111
 0.10000	 96.87172699	146.94737244	 92.87789917	 97.23706818	147.31982422	 94.28295898	        -110	         112
 0.10000	 97.56167603	147.32214355	 95.11995697	 98.22200012	146.92926025	 96.40689087	        -111	         113
 0.10000	 98.69226837	146.79603577	 97.16002655	 99.61476135	146.76954651	 98.34120178	        -112	         114
 0.10000	100.10666656	146.48155212	 99.03517914	100.82039642	145.61625671	100.02967072	        -113	         115
 0.10000	100.99186707	145.08338928	100.73178101	100.78813934	144.21775818	101.93838501	        -114	         116
 0.10000	100.77221680	143.63154602	102.61795044	100.89162445	142.57540894	103.67455292	        -115	         117
 0.10000	100.75613403	141.93293762	104.28619385	100.19300842	140.89401245	105.20787048	        -116	         118
 0.10000	100.01647186	140.18415833	105.72750092	 99.95602417	138.91300964	106.51879883	        -117	         119
 0.10000	 99.90866852	138.14526367	106.97978973	 99.86244202	136.84011841	107.71451569	        -118	         120
 0.10000	 99.60227203	136.10220337	108.15332794	 98.82614899	135.02102661	108.84206390	        -119	         121
 0.10000	 98.32660675	134.34117126	109.14631653	 97.43022919	133.18295288	109.46226501	        -120	         122
 0.10000	 96.84094238	132.54069519	109.67235565	 95.76803589	131.56571960	110.05101013	        -121	         123
 0.10000	 95.11676025	130.96836853	110.20207977	 94.00593567	129.97143555	110.33416748	        -122	         124
 0.10000	 93.43252563	129.28237915	110.36201477	 92.64401245	128.00909424	110.31472778	        -123	         125
 0.10000	 92.20275116	127.22802734	110.30928802	 91.50901794	125.90001678	110.34243774	        -124	         126
 0.10000	 91.33799744	125.01902008	110.34252930	 91.52258301	123.53202820	110.31060791	        -125	         127
 0.10000	 91.47731018	122.63588715	110.29901123	 91.21854401	121.15985870	110.28395844	        -126	         128
 0.10000	 90.93141937	120.31054688	110.32020569	 90.19989777	119.00975800	110.45668030	        -127	         129
 0.10000	 89.95507050	118.15039062	110.53504181	 89.87166595	116.65913391	110.65596771	        -128	         130
 0.10000	 89.77020264	115.77565002	110.77150726	 89.56098175	114.31708527	111.04352570	        -129	         131
 0.10000	 89.40796661	113.43751526	111.12676239	 89.10473633	111.97014618	111.13702393	        -130	         132
 0.10000	 88.97665405	111.08363342	111.08943939	 88.81417847	109.60115051	110.94260406	        -131	         133
 0.10000	 88.92683411	108.75946045	110.65267944	 89.45478058	107.59589386	109.86946869	        -132	         134
 0.10000	 89.76572418	106.87378693	109.43711853	 90.28312683	105.64108276	108.75988770	        -133	         135
 0.10000	 90.73147583	105.04865265	108.25676727	 91.68044281	104.35747528	107.32537842	        -134	         136
 0.10000	 92.17426300	103.97927856	106.67904663	 92.84999084	103.45362854	105.44913483	        -135	         137
 0.10000	 93.40741730	103.16136932	104.80982971	 94.54877472	102.76512146	103.92323303	        -136	         138
 0.10000	 95.20392609	102.43435669	103.40703583	 96.29212189	101.77355194	102.61624146	        -137	         139
 0.10000	 96.77178192	101.22568512	102.09154510	 97.16997528	100.08643341	101.20257568	        -138	         140
 0.10000	 97.64216614	 99.55933380	100.65000153	 98.70056152	 99.01893616	 99.73653412	        -139	         141
 0.10000	 99.35385132	 98.54194641	 99.34744263	100.45988464	 97.59372711	 98.99569702	        -140	         142
 0.10000	101.05209351	 96.95691681	 98.77512360	101.89531708	 95.76898956	 98.42409515	        -141	         143
 0.10000	102.51140594	 95.15337372	 98.21020508	103.70030975	 94.30834961	 97.86701202	        -142	         144
 0.10000	104.29770660	 93.70938873	 97.56907654	105.09053802	 92.59608459	 96.95474243	        -143	         145
 0.10000	105.52043915	 91.97357941	 96.47288513	106.15450287	 91.02562714	 95.50093079	        -144	         146
 0.10000	106.39656067	 90.44474792	 94.86177063	106.56429291	 89.49633789	 93.71372223	        -145	         147
 0.10000	106.57742310	 88.85073853	 93.09079742	106.39808655	 87.66725922	 92.18905640	        -146	         148
 0.10000	106.47901154	 86.98934174	 91.60669708	106.93182373	 85.95436859	 90.62188721	        -147	         149
 0.10000	106.98743439	 85.30129242	 90.00907135	106.74948883	 84.22956085	 88.98907471	        -148	         150
 0.10000	106.60565948	 83.58600616	 88.38118744	106.34965515	 82.50852966	 87.37176514	        -149	         151
 0.10000	106.08191681	 81.88665009	 86.78329468	105.43690491	 80.89352417	 85.86496735	        -150	         152
 0.10000	105.22285461	 80.27384949	 85.25274658	105.14142609	 79.23361969	 84.17724609	        -151	         153
 0.10000	105.05999756	 78.62243652	 83.52608490	104.88687134	 77.61904907	 82.42693329	        -152	         154
 0.10000	104.76045227	 77.02032471	 81.77158356	104.51311493	 76.04007721	 80.66563416	        -153	         155
 0.10000	104.32907104	 75.35062408	 80.12241364	103.95058441	 74.06237030	 79.45714569	        -154	         156
 0.10000	103.87362671	 73.30184174	 78.98764801	104.01371765	 72.07604980	 78.13703918	        -155	         157
 0.10000	103.99411011	 71.37663269	 77.57545471	103.81236267	 70.27264404	 76.57843781	        -156	         158
 0.10000	103.70566559	 69.72834015	 75.87297821	103.54234314	 69.09091949	 74.52636719	        -157	         159
 0.10000	103.32926178	 68.56256104	 73.83256531	102.74580383	 67.51320648	 72.93523407	        -158	         160
 0.10000	102.65049744	 66.87541199	 72.31040955	102.95944977	 65.85539246	 71.25635529	        -159	         161
 0.10000	102.91660309	 65.27108765	 70.57595062	102.53377533	 64.37327576	 69.43827820	        -160	         162
 0.10000	102.24996948	 63.94826126	 68.69998932	101.69098663	 63.40979385	 67.41763306	        -161	         163
 0.10000	101.23948669	 63.31909943	 66.64662933	100.40365601	 63.62337494	 65.43997955	        -162	         164
 0.10000	 99.71029663	 63.67924881	 64.87196350	 98.34279633	 63.65147781	 64.25852203	        -163	         165
 0.10000	 97.49176788	 63.48419952	 64.02577972	 96.10391998	 62.92238235	 63.95515060	        -164	         166
 0.10000	 95.22830200	 62.79347992	 63.80451965	 93.78411865	 62.93090057	 63.42789078	        -165	         167
 0.10000	 92.91796875	 62.82279205	 63.21930695	 91.53485107	 62.35516357	 62.88126755	        -166	         168
 0.10000	 90.65424347	 62.23136139	 62.76277924	 89.15681458	 62.26861191	 62.71944427	        -167	         169
 0.10000	 88.26303101	 62.22479630	 62.65940475	 86.78645325	 62.05761337	 62.46638870	        -168	         170
 0.10000	 85.90142822	 62.03729248	 62.61101913	 84.55302429	 62.12988281	 63.25798035	        -169	         171
 0.10000	 83.73858643	 62.17712021	 63.63025284	 82.38626099	 62.25498581	 64.27066040	        -170	         172
 0.10000	 81.59994507	 62.30510330	 64.69877625	 80.32096863	 62.35449600	 65.47785950	        -171	         173
 0.10000	 79.61444092	 62.59257889	 65.97670746	 78.57904053	 63.28209305	 66.81246185	        -172	         174
 0.10000	 78.14733124	 63.84783554	 67.35899353	 77.83097839	 64.99988556	 68.26379395	        -173	         175
 0.10000	 77.61081696	 65.67528534	 68.81163788	 77.27126312	 66.83101654	 69.70320892	        -174	         176
 0.10000	 76.93908691	 67.37224579	 70.33714294	 76.18051147	 67.94369507	 71.49645996	        -175	         177
 0.10000	 75.82295990	 68.42718506	 72.16262817	 75.34836578	 69.39898682	 73.20021057	        -176	         178
 0.10000	 75.22399902	 70.02056885	 73.83587646	 75.37602234	 71.12163544	 74.84149933	        -177	         179
 0.10000	 75.17079926	 71.67720032	 75.51631165	 74.43724060	 72.35953522	 76.63124847	        -178	         180
 0.10000	 73.89704132	 72.63975525	 77.29109192	 72.82186890	 72.79537201	 78.32360077	        -179	         181
 0.10000	 72.23800659	 73.09717560	 78.93443298	 71.41008759	 73.87295532	 79.91336823	        -180	         182
 0.10000	 70.83538055	 74.38200378	 80.37699127	 69.78765106	 75.31561279	 80.90225983	        -181	         183
 0.10000	 69.20462799	 75.85530090	 81.31836700	 68.32537079	 76.74097443	 82.14761353	        -182	         184
 0.10000	 67.66978455	 77.14810944	 82.60443878	 66.42247772	 77.60623169	 83.29692078	        -183	         185
 0.10000	 65.62166595	 77.79734802	 83.65257263	 64.22109222	 77.95808411	 84.16030884	        -184	         186
 0.10000	 63.33691788	 78.02170563	 84.29788971	 61.84043884	 78.08094788	 84.24306488	        -185	         187
 0.10000	 60.95819473	 77.98233795	 84.11109924	 59.58792496	 77.53442383	 83.70083618	        -186	         188
 0.10000	 58.71932983	 77.54743195	 83.47401428	 57.34622955	 78.04711914	 83.13995361	        -187	         189
 0.10000	 56.46579361	 78.12390137	 82.98243713	 54.99586487	 77.88993073	 82.80633545	        -188	         190
 0.10000	 54.10690308	 77.98515320	 82.72853851	 52.69053650	 78.46997833	 82.65999603	        -189	         191
 0.10000	 51.85815430	 78.80405426	 82.64221191	 50.51503754	 79.46836853	 82.66181946	        -190	         192
 0.10000	 49.70467758	 79.85294342	 82.68208313	 48.37031174	 80.53026581	 82.76563263	        -191	         193
 0.10000	 47.48491669	 80.67331696	 82.72616577	 46.02298355	 80.41264343	 82.52232361	        -192	         194
 0.10000	 45.13587189	 80.42346191	 82.38468170	 43.68487167	 80.71601105	 82.14856720	        -193	         195
 0.10000	 42.84298325	 80.60759735	 81.85604095	 41.65448380	 80.00290680	 81.17183685	        -194	         196
 0.10000	 40.90614319	 79.70098114	 80.77925873	 39.61570740	 79.25336456	 80.16243744	        -195	         197
 0.10000	 38.97964859	 78.96009064	 79.60182953	 38.20611191	 78.46837616	 78.41645813	        -196	         198
 0.10000	 37.73061371	 78.16507721	 77.71949768	 36.95411301	 77.64221954	 76.54976654	        -197	         199
 0.10000	 36.44613647	 77.33606720	 75.87755585	 35.52342987	 76.85388184	 74.80004120	        -198	         200
 0.10000	 35.01060104	 76.44286346	 74.18992615	 34.26798248	 75.53968048	 73.25263977	        -199	         201
 0.10000	 33.67327499	 75.14133453	 72.71153259	 32.47686005	 74.70943451	 71.91889954	        -200	         202
 0.10000	 31.84182358	 74.56546021	 71.30096436	 30.95429611	 74.62246704	 70.09439850	        -201	         203
 0.10000	 30.44577980	 74.38716888	 69.39270020	 29.67974854	 73.62704468	 68.35236359	        -202	         204
 0.10000	 29.44514275	 73.08817291	 67.67353821	 29.44178009	 72.06334686	 66.57968903	        -203	         205
 0.10000	 29.57614708	 71.53925323	 65.86329651	 30.09200287	 70.82875061	 64.64861298	        -204	         206
 0.10000	 30.24318504	 70.46196747	 63.84375381	 30.27892113	 69.96838379	 62.42921829	        -205	         207
 0.10000	 30.20468140	 69.80894470	 61.54954910	 29.93050957	 69.78927612	 60.07647324	        -206	         208
 0.10000	 29.61607170	 69.78123474	 59.23650742	 28.84807968	 69.80249786	 57.95007324	        -207	         209
 0.10000	 28.41853142	 69.76406860	 57.16395950	 27.72371101	 69.61238861	 55.84520340	        -208	         210
 0.10000	 27.35234070	 69.55207825	 55.03134155	 26.81356621	 69.52659607	 53.63347626	        -209	         211
 0.10000	 26.48063660	 69.33097076	 52.82424927	 25.93075752	 68.73043823	 51.56648254	        -210	         212
 0.10000	 25.62222481	 68.34116364	 50.82008743	 25.14736938	 67.62348938	 49.59356308	        -211	         213
 0.10000	 24.82409477	 67.19231415	 48.87679291	 24.23628807	 66.48317719	 47.69479752	        -212	         214
 0.10000	 23.80714989	 65.92024994	 47.14379501	 22.98007393	 64.81719208	 46.55657196	        -213	         215
 0.10000	 22.61494637	 64.08374023	 46.19126511	 22.24010277	 62.76110458	 45.59479904	        -214	         216
 0.10000	 21.98031425	 61.94463730	 45.32891846	 21.48214912	 60.55418396	 45.07527542	        -215	         217
 0.10000	 21.37490082	 59.70985413	 44.79108810	 21.49114609	 58.36555862	 44.13896942	        -216	         218
 0.10000	 21.74294090	 57.58271790	 43.78001785	 22.48798752	 56.39163208	 43.25833511	        -217	         219
 0.10000	 22.88970947	 55.68950272	 42.87005234	 23.55417442	 54.56211853	 42.13953781	        -218	         220
 0.10000	 23.77760887	 53.91047287	 41.56404495	 23.78576088	 52.95442963	 40.40969849	        -219	         221
 0.10000	 23.99080276	 52.32054901	 39.80796051	 24.58657265	 51.26083374	 38.93117142	        -220	         222
 0.10000	 25.02591705	 50.52461624	 38.66462326	 25.82564545	 49.25866699	 38.73003769	        -221	         223
 0.10000	 26.39471245	 48.56501389	 38.70851517	 27.44971466	 47.50513077	 38.61030579	        -222	         224
 0.10000	 28.21192551	 47.04139328	 38.70489120	 29.60054207	 46.62975311	 39.08930206	        -223	         225
 0.10000	 30.42178154	 46.36800385	 39.33666611	 31.78311729	 45.95160675	 39.80398941	        -224	         226
 0.10000	 32.59805298	 45.69894028	 40.07991028	 33.95547485	 45.30198288	 40.57514572	        -225	         227
 0.10000	 34.76635742	 44.93073654	 40.67283630	 36.02222443	 44.13525772	 40.48296356	        -226	         228
 0.10000	 36.76415634	 43.63494873	 40.41450882	 37.92522812	 42.69149399	 40.32233810	        -227	         229
 0.10000	 38.76624680	 42.37723923	 40.34324646	 40.25794220	 42.37494278	 40.49222565	        -228	         230
 0.10000	 41.11398697	 42.15023041	 40.64566422	 42.38760757	 41.43693542	 40.98707581	        -229	         231
 0.10000	 43.21311569	 41.25326538	 41.29010010	 44.54280472	 41.30428696	 41.98066711	        -230	         232
 0.10000	 45.40148544	 41.48491287	 42.17276764	 46.78691864	 42.05692291	 42.14900208	        -231	         233
 0.10000	 47.60800552	 42.38076782	 41.98355865	 48.86433029	 42.95463943	 41.40113831	        -232	         234
 0.10000	 49.72777176	 43.03660965	 41.16926956	 51.17995453	 42.71789932	 40.98018646	        -233	         235
 0.10000	 52.06129456	 42.63967514	 40.83228302	 53.53432083	 42.62187195	 40.55812836	        -234	         236
 0.10000	 54.40651703	 42.69730377	 40.36408997	 55.83159637	 42.94726944	 39.97458267	        -235	         237
 0.10000	 56.66194153	 43.25625610	 39.83636856	 57.94181824	 44.03227997	 39.76768112	        -236	         238
 0.10000	 58.73240280	 44.45376587	 39.73379135	 60.07168579	 45.12489700	 39.70321274	        -237	         239
 0.10000	 60.91596222	 45.42630005	 39.72698975	 62.38199234	 45.71034241	 39.85167313	        -238	         240
 0.10000	 63.20719147	 46.06227112	 39.86403656	 64.41143799	 46.95207214	 39.80080414	        -239	         241
 0.10000	 65.24510193	 47.26710129	 39.69561386	 66.71240997	 47.43672943	 39.44204330	        -240	         242
 0.10000	 67.55602264	 47.42947388	 39.13606262	 68.84078979	 47.22363281	 38.39240646	        -241	         243
 0.10000	 69.55689240	 46.94648361	 37.92807388	 70.59502411	 46.21402740	 37.13317108	        -242	         244
 0.10000	 71.23954773	 45.83961487	 36.63348389	 72.28586578	 45.25854874	 35.73133850	        -243	         245
 0.10000	 73.08261871	 45.08106995	 35.35782623	 74.55807495	 45.12408447	 35.09741211	        -244	         246
 0.10000	 75.41099548	 45.06850433	 34.82259369	 76.74856567	 44.90997696	 34.16491699	        -245	         247
 0.10000	 77.61524963	 44.70497513	 34.05095291	 79.00223541	 44.20877075	 34.32748413	        -246	         248
 0.10000	 79.83927155	 43.91710663	 34.46799088	 81.21270752	 43.37238312	 34.71947098	        -247	         249
 0.10000	 82.09955597	 43.29150391	 34.83150101	 83.56977081	 43.56291580	 34.93581772	        -248	         250
 0.10000	 84.44876099	 43.70795822	 35.04241562	 85.90807343	 43.93585587	 35.29602432	        -249	         251
 0.10000	 86.74409485	 44.25779343	 35.34585953	 88.00011444	 45.07118225	 35.26511383	        -250	         252
 0.10000	 88.76080322	 45.54478836	 35.22467041	 90.04174042	 46.31793976	 35.14131546	        -251	         253
 0.10000	 90.71196747	 46.90839005	 35.22438049	 91.61788940	 48.05012894	 35.57252121	        -252	         254
 0.10000	 92.17089844	 48.72747803	 35.77154922	 93.09751129	 49.85694122	 36.10431671	        -253	         255
 0.10000	 93.65885162	 50.52568054	 36.30800629	 94.60787201	 51.63397980	 36.64855194	        -254	         256
 0.10000	 95.16138458	 52.28491211	 36.92081070	 96.07382202	 53.32666397	 37.49322891	        -255	         257
 0.10000	 96.47570038	 54.08023453	 37.76739502	 96.86907196	 55.49028778	 38.08730316	        -256	         258
 0.10000	 97.16052246	 56.31715775	 38.27647018	 97.70668793	 57.67925262	 38.57948303	        -257	         259
 0.10000	 98.08775330	 58.47141266	 38.75813293	 98.80194855	 59.75501633	 39.05493164	        -258	         260
 0.10000	 99.31412506	 60.47606659	 39.20709229	100.27722168	 61.61087418	 39.38418198	        -259	         261
 0.10000	100.99298859	 62.09783554	 39.62297058	102.32260895	 62.42617798	 40.23265076	        -260	         262
 0.10000	103.06420898	 62.88105774	 40.45649338	104.15163422	 63.90764618	 40.56173706	        -261	         263
 0.10000	104.59121704	 64.67959595	 40.69538498	104.86923218	 66.12062073	 41.00119019	        -262	         264
 0.10000	105.02864075	 67.00189972	 41.06873703	105.14628601	 68.49236298	 40.96071243	        -263	         265
 0.10000	105.47532654	 69.32254791	 41.05494690	106.33829498	 70.48383331	 41.44654465	        -264	         266
 0.10000	107.01575470	 71.05050659	 41.60602951	108.37349701	 71.66568756	 41.76075363	        -265	         267
 0.10000	109.14430237	 72.11442566	 41.85514069	110.37047577	 72.96032715	 42.01749039	        -266	         268
 0.10000	111.16249847	 73.38016510	 42.04906845	112.53527069	 73.97209930	 41.94448090	        -267	         269
 0.10000	113.40502930	 74.13480377	 42.09289932	114.79265594	 74.05992889	 42.65392685	        -268	         270
 0.10000	115.62275696	 73.92398071	 42.96570206	116.98099518	 73.54922485	 43.47612381	        -269	         271
 0.10000	117.70578766	 73.11664581	 43.78030014	118.69497681	 72.09201050	 44.24668884	        -270	         272
 0.10000	119.20459747	 71.41067505	 44.53178024	119.92238617	 70.18289948	 45.00451660	        -271	         273
 0.10000	120.08828735	 69.33934784	 45.26237488	119.88661194	 67.89432526	 45.60507584	        -272	         274
 0.10000	119.72460938	 67.03392792	 45.80150986	119.37982178	 65.60206604	 46.07906723	        -273	         275
 0.10000	118.94010162	 64.85716248	 46.31797028	117.90554810	 63.88636780	 46.80097961	        -274	         276
 0.10000	117.16226196	 63.45122910	 47.05243683	115.76892090	 63.02670670	 47.40452194	        -275	         277
 0.10000	114.90101624	 62.86022568	 47.55744553	113.41292572	 62.76588440	 47.70539856	        -276	         278
 0.10000	112.52381897	 62.69926453	 47.80024719	111.03941345	 62.56682205	 47.95558167	        -277	         279
 0.10000	110.15708160	 62.64698792	 48.09502792	108.73764038	 63.03367233	 48.37971497	        -278	         280
 0.10000	107.94902039	 63.29344559	 48.71872711	106.79404449	 63.77942657	 49.54033279	        -279	         281
 0.10000	106.08023834	 64.03100586	 50.02122498	104.87297821	 64.40016937	 50.82812881	        -280	         282
 0.10000	104.15035248	 64.62557220	 51.30874252	102.93724823	 65.01598358	 52.09692001	        -281	         283
 0.10000	102.23007202	 65.15804291	 52.63007736	101.08438873	 65.24585724	 53.59199905	        -282	         284
 0.10000	100.52655792	 65.25069427	 54.29459381	 99.85350800	 65.16359711	 55.63063049	        -283	         285
 0.10000	 99.42392731	 65.16805267	 56.41802216	 98.68876648	 65.21426392	 57.72299194	        -284	         286
 0.10000	 98.27718353	 65.47869873	 58.47501755	 97.69652557	 66.28285217	 59.59826660	        -285	         287
 0.10000	 97.38254547	 66.80830383	 60.25386047	 96.94410706	 67.78439331	 61.30284500	        -286	         288
 0.10000	 96.67468262	 68.35736847	 61.93799973	 96.19596863	 69.32596588	 62.97637558	        -287	         289
 0.10000	 96.05868530	 69.77659607	 63.73985291	 96.09000397	 70.27184296	 65.15380096	        -288	         290
 0.10000	 96.15325928	 70.48884583	 66.02175903	 96.37155151	 70.66767883	 67.49334717	        -289	         291
 0.10000	 96.38401031	 70.87805176	 68.36515045	 96.23486328	 71.39279938	 69.76451111	        -290	         292
 0.10000	 96.04121399	 71.64572906	 70.60315704	 95.54023743	 72.02771759	 71.96291351	        -291	         293
 0.10000	 95.16133881	 72.05284882	 72.77600098	 94.45550537	 71.72251892	 74.05615997	        -292	         294
 0.10000	 93.86194611	 71.62260437	 74.72199249	 92.61116028	 71.57099915	 75.54613495	        -293	         295
 0.10000	 92.00922394	 71.62857819	 76.20944977	 91.31294250	 71.88284302	 77.51204681	        -294	         296
 0.10000	 90.74552155	 72.02558136	 78.19239807	 89.61769867	 72.24724579	 79.15401459	        -295	         297
 0.10000	 88.95104218	 72.46240997	 79.71485138	 87.87084198	 72.91479492	 80.65014648	        -296	         298
 0.10000	 87.15766144	 73.35691833	 80.96874237	 86.01474762	 74.32534790	 81.01615143	        -297	         299
 0.10000	 85.25077820	 74.78589630	 81.11300659	 83.90130615	 75.39958954	 81.33255005	        -298	         300
 0.10000	 83.02654266	 75.59002686	 81.39319611	 81.52815247	 75.61270142	 81.38056946	        -299	         301
 0.10000	 80.64964294	 75.43180084	 81.35545349	 79.28409576	 74.82209015	 81.25836945	        -300	         302
 0.10000	 78.56006622	 74.29235840	 81.23897552	 77.59814453	 73.14335632	 81.26216125	        -301	         303
 0.10000	 77.00386047	 72.47128296	 81.28717041	 75.96691132	 71.39051819	 81.34279633	        -302	         304
 0.10000	 75.60214233	 70.57416534	 81.42355347	 75.49322510	 69.09750366	 81.65660858	        -303	         305
 0.10000	 75.42147827	 68.20281982	 81.64136505	 75.30609131	 66.73848724	 81.34292603	        -304	         306
 0.10000	 75.49481964	 65.86135864	 81.31498718	 76.22199249	 64.56118774	 81.47945404	        -305	         307
 0.10000	 76.52768707	 63.72959137	 81.62063599	 76.84753418	 62.30459213	 81.95631409	        -306	         308
 0.10000	 77.15360260	 61.47097015	 82.08228302	 77.83413696	 60.13891220	 82.17064667	        -307	         309
 0.10000	 78.15095520	 59.30151749	 82.22448730	 78.55397797	 57.86037064	 82.30407715	        -308	         310
 0.10000	 78.71301270	 56.97791290	 82.34037781	 78.82240295	 55.48359680	 82.29796600	        -309	         311
 0.10000	 78.85971069	 54.63079834	 82.57734680	 78.81001282	 53.47800446	 83.53453827	        -310	         312
 0.10000	 78.95892334	 52.66840363	 83.89479828	 79.42979431	 51.26172256	 84.11295319	        -311	         313
 0.10000	 79.89993286	 50.55051041	 84.39739227	 80.94033051	 49.67004013	 85.02222443	        -312	         314
 0.10000	 81.58052826	 49.21055984	 85.45421600	 82.69281769	 48.60453796	 86.25661469	        -313	         315
 0.10000	 83.30034637	 48.26067734	 86.82305145	 84.20886230	 47.72288513	 87.88808441	        -314	         316
 0.10000	 84.75472260	 47.64704132	 88.59902954	 85.59951782	 47.90100479	 89.81207275	        -315	           0
