0.00007438
0.00023082
0.00037868
0.00037868
0.00030549
0.00017279
0.00013807
0.00013807
0.00009496
0.00009496
0.00007137
0.00009548
0.00009548
0.00011584
0.00011584
0.00011028
0.00016348
0.00018525
0.00026255
0.00037253
0.00037253
0.00029414
0.00008588
0.00008285
0.00009714
0.00009714
0.00006413
0.00007104
0.00007104
0.00003905
0.00003821
0.00004655
0.00004655
0.00004053
0.00003598
0.00004971
0.00007249
0.00008397
0.00008397
0.00003661
0.00004536
0.00004536
0.00009109
0.00009109
0.00009460
0.00009460
0.00011248
0.00011248
0.00013093
0.00024034
0.00003766
0.00003637
0.00003384
0.00008549
0.00008549
0.00005607
0.00005607
0.00004484
0.00008973
0.00008973
0.00008407
0.00010247
0.00010247
0.00007461
0.00002846
0.00015136
0.00002569
0.00004667
0.00004667
0.00000290
0.00000000
0.00000000
0.00004573
0.00015136
0.00002301
0.00000000
0.00000000
0.00002934
0.00003911
0.00005828
0.00005828
0.00005097
0.00007515
0.00007515
0.00005733
0.00010681
0.00019237
0.00035296
0.00102278
0.00148183
0.00163465
0.00163465
0.00159087
0.00103671
0.00029744
0.00009931
0.00003363
0.00005308
0.00005308
0.00001926
