1.50000
1.80873
0.95295
1.30273
2.37207
3.04725
3.69107
4.41105
5.89609
6.71297
7.64260
7.66355
6.43781
7.01870
8.10415
8.34337
7.23251
6.42207
6.36797
6.63723
7.71707
7.78756
6.60404
5.85826
5.51990
4.64268
4.60721
5.17990
6.04498
6.71448
7.85888
8.02452
7.28273
7.60120
8.52889
9.09015
10.03109
10.26791
9.86905
9.62421
8.89485
9.31295
10.28004
10.89612
11.97439
11.97973
11.16701
11.53107
12.25779
12.48956
12.48271
13.08847
13.88854
13.71178
14.82229
14.74648
13.35451
12.84873
13.44428
14.12037
15.38107
15.09199
13.86759
13.00045
12.55823
12.47372
13.33190
13.28774
12.33420
11.52452
11.59907
11.12539
9.67917
8.87315
7.63479
7.68347
8.94211
9.02034
7.63683
8.03346
9.51751
10.12870
10.40403
9.64139
9.32879
9.40196
8.81678
9.20861
10.55555
10.86421
9.71422
9.45827
10.56661
10.59878
9.63354
9.34809
8.90681
8.29747
7.69986
7.47515
7.93375
8.02084
8.72230
8.83412
8.17528
8.15429
9.62495
9.40686
8.02393
7.38461
7.85702
8.64448
9.47880
9.19471
10.13496
10.93486
12.42946
12.39831
10.91995
10.23493
9.91020
9.52872
9.56546
9.47541
9.45408
10.04388
10.31728
10.66156
10.21460
10.26777
9.89705
10.12977
10.85719
11.00882
10.79150
10.50109
9.56012
9.86304
10.91280
11.70749
13.08425
13.40553
12.07232
11.31414
11.07014
10.45759
8.99169
8.86440
10.16186
11.05025
12.45544
13.32130
14.79047
15.36627
15.18289
15.93893
16.31250
16.23908
15.68702
15.20000
15.48966
14.59599
13.83909
13.67667
14.62091
14.76619
13.73757
13.05060
13.60632
14.22857
15.66806
16.54559
17.69333
17.44063
16.25845
15.93020
17.11385
17.86791
18.67482
19.39534
20.55596
21.44379
22.61843
22.20731
20.97131
21.23578
22.49812
22.49922
21.17555
20.92212
21.42876
22.08239
23.54941
23.93805
23.21475
22.90519
22.37822
22.18647
22.07670
