1.49982
2.39523
3.87782
4.74988
6.15196
7.01384
8.46843
9.34416
10.80230
11.69343
13.11240
13.91916
15.13287
15.89950
17.22160
17.96873
19.04702
19.82001
21.21565
22.06038
23.49174
24.27939
25.43708
26.11287
27.16134
27.73309
28.50917
29.17865
30.49160
31.30028
32.69281
33.48860
34.70943
35.45938
36.72069
37.46543
38.68985
39.44283
40.71403
41.56372
43.03854
43.93166
45.40835
46.26139
47.60194
48.40325
49.73643
50.51800
51.79061
52.59161
53.96209
54.73280
55.91462
56.63477
57.84734
58.59578
59.86895
60.51929
61.38004
61.84109
62.50167
62.81987
63.18637
63.46174
63.94064
64.32129
65.09716
65.50224
66.04835
66.27228
66.43178
66.54154
66.66725
66.88214
67.43170
67.84188
68.62902
69.15587
70.05827
70.60784
71.52404
72.15463
73.30556
73.99420
75.09971
75.88460
77.22110
78.04227
79.41219
80.29610
81.74199
82.60048
83.93889
84.72358
85.94508
86.57392
87.32452
87.80645
88.55825
89.03130
89.83378
90.28858
91.00617
91.41707
92.06369
92.46500
93.19964
93.39947
93.24754
93.30829
93.62555
93.72062
93.77460
93.80255
93.85207
93.76337
93.41857
93.21047
92.84368
92.63776
92.31794
92.18986
92.09042
91.98417
91.75294
91.58739
91.28574
90.98092
90.25944
89.84178
89.16760
88.69026
87.76383
87.24230
86.42009
85.89800
85.00491
84.62346
84.30563
84.02459
83.45247
83.11182
82.55021
82.17681
81.54617
81.09481
80.25728
79.76045
78.94197
78.48019
77.73708
77.54276
77.69169
77.71685
77.71591
77.75120
77.83054
77.91565
78.11066
78.21977
78.36645
78.54413
78.95433
79.17572
79.47085
79.74728
80.25768
80.59774
81.15579
81.58430
82.38418
82.93494
83.93427
84.54531
85.57556
86.25143
87.47177
88.11322
88.99542
89.48760
90.21222
90.60419
91.16479
91.51495
92.11207
92.50579
93.23844
93.62904
94.12091
94.48067
95.15572
95.46248
95.82726
95.82090
95.39652
95.17776
94.89521
94.46425
93.41865
92.73930
91.61179
90.92233
89.80390
89.07419
87.81977
87.08670
85.92114
85.21004
83.99687
83.44267
82.90547
82.63171
82.37757
82.20015
81.88255
81.88624
82.23238
82.49746
83.04736
83.29698
83.58729
83.62549
83.42504
83.48241
83.84612
84.15090
84.81730
85.17353
85.67877
85.92665
86.31930
86.39621
86.27128
86.16832
85.88046
85.83525
85.94521
86.14436
86.67791
86.93080
87.28638
87.46225
87.72931
87.66390
87.12507
86.81497
86.27864
85.90971
85.29529
84.71542
83.46062
82.77468
81.70864
81.11480
80.37485
79.81202
78.78853
78.20812
77.33825
76.81655
75.97933
75.36552
74.24655
73.63317
72.85274
72.22394
71.05255
70.37342
69.26167
68.76234
68.28375
67.98894
67.61588
67.31585
66.72631
66.41221
65.90888
65.74107
65.67668
65.70344
65.85147
66.00169
66.32164
66.64348
67.37492
67.73958
68.15941
68.63615
69.68015
70.31895
71.44560
71.90961
72.19929
72.51936
73.17594
73.57650
74.20273
74.75602
75.84910
76.64248
78.05778
78.95561
80.39045
81.26238
82.68022
83.57431
85.04168
85.92239
87.37486
88.22539
89.51695
90.32095
91.68405
92.50125
93.86955
94.69009
96.04685
96.84864
98.13980
98.94451
100.31831
101.13769
102.50392
103.27368
104.45813
105.16975
106.36272
107.06995
108.23543
108.98126
110.28258
111.04946
112.24640
112.97319
114.17294
114.92048
116.18563
116.99015
118.24544
119.03474
120.35404
121.11014
122.19399
122.87417
124.01843
124.71931
125.90727
126.61502
127.79601
128.51046
129.70502
130.42565
131.56100
132.23949
133.30676
134.10946
135.57329
136.44779
137.90839
138.78507
140.25128
141.11885
142.51932
143.36460
144.78622
145.65341
147.11955
148.00508
149.49444
150.38803
151.88072
152.77678
154.26489
155.14168
156.53237
157.42815
158.85752
159.74900
161.16365
162.04145
163.44391
164.24364
165.44677
166.26544
167.71196
168.58581
170.05755
170.89604
172.09012
172.78299
173.86710
174.53785
175.69649
176.30393
177.15599
177.58257
178.14688
178.39325
178.63515
178.66519
178.51366
178.46078
178.40617
178.38151
178.35542
178.29157
178.09343
177.97572
177.76584
177.67759
177.58848
177.62965
177.88062
177.86262
177.54504
177.44105
177.31498
177.26363
177.21386
177.13575
176.92235
176.69653
176.20750
175.83397
175.09380
174.77623
174.43292
174.46748
174.91620
175.17085
175.54657
175.97752
177.00378
177.43313
177.79845
178.10110
178.63412
179.14915
180.27252
180.83957
181.63828
182.10708
182.83854
183.16655
183.51625
183.46633
182.90128
182.54790
181.86808
181.57265
181.24522
181.19617
181.37566
181.47796
181.64914
181.87644
182.43178
182.75842
183.29806
183.63202
184.19961
184.57675
185.26001
185.67586
186.37941
186.80978
187.51342
188.09326
189.29294
190.00966
191.20713
191.88942
192.95702
193.60870
194.68654
195.32827
196.19462
196.91061
198.27019
199.11272
200.54333
201.38268
202.71671
203.52447
204.84630
205.73482
207.19434
208.07348
209.39755
210.13134
211.11694
211.72205
212.72310
213.32190
214.24852
214.79080
215.63048
216.13656
216.98279
217.49274
218.34849
218.88734
219.81910
220.41974
221.48648
222.09272
223.04174
223.61115
224.57084
225.07228
225.76562
226.21809
226.99833
227.46096
228.22746
228.67545
229.37697
229.78039
230.42554
230.81491
231.47834
231.85059
232.40398
232.77100
233.40257
233.82009
234.54957
235.07959
236.03633
236.80118
238.25338
239.11035
240.48771
241.37562
242.84772
243.70788
245.02983
245.83867
247.18423
247.97253
249.25649
249.94421
250.85943
251.42709
252.38417
252.95784
253.91857
254.49311
255.45056
256.03750
257.01911
257.73841
259.07204
259.81141
260.86790
261.49916
262.41561
263.05261
264.12785
264.83491
266.04139
266.77934
267.97454
268.75058
270.11754
270.92959
272.28093
273.01199
274.02993
274.71270
275.95473
276.66010
277.74443
278.46389
279.74840
280.51667
281.79306
282.55981
283.80661
284.41185
285.10160
285.54290
286.30087
286.74174
287.45795
287.89387
288.64222
289.04182
289.58800
289.95093
290.61948
290.98979
291.53509
292.00035
292.92694
293.50833
294.49207
295.09730
296.13752
296.76574
297.81912
298.45556
299.53147
300.20700
301.37127
302.02957
302.99586
303.65908
304.87563
305.60937
306.84671
307.58870
308.82554
309.59309
310.90943
311.68397
312.94508
313.71798
315.02618
315.85431
317.28786
318.14277
319.56891
320.39834
321.72302
322.53167
323.85537
324.63557
325.88438
326.63302
327.86206
328.61623
329.90897
330.56317
331.39310
331.76207
332.09547
332.34625
332.83531
333.01748
333.14690
333.27037
333.53399
333.70371
334.03917
334.06965
333.85209
333.89053
334.17867
334.53831
335.39975
336.01902
337.17739
337.91341
339.19635
339.93945
341.05078
341.72568
342.86612
343.46290
344.27239
344.76142
345.57694
346.14668
347.23369
347.87280
348.92059
349.61254
350.79364
351.54990
352.89027
353.64663
354.82494
355.52814
356.68747
357.27010
357.96881
358.56754
359.79366
360.54238
361.82166
362.67225
364.15664
365.00363
366.27345
367.01898
368.22318
368.94798
370.14051
370.74520
371.53796
372.08454
373.09534
373.77942
375.05933
375.67333
376.35304
376.78038
377.53958
377.77393
377.79722
377.66436
377.12488
377.01502
377.16364
377.34733
377.81377
378.07246
378.47909
378.70877
379.06499
379.28092
379.65904
379.77445
379.75297
379.83121
380.07214
380.24480
380.56216
380.83277
381.38049
381.81149
382.66263
383.07309
383.57624
383.84597
384.25475
384.35522
384.27713
384.17853
383.90641
383.76187
383.55349
383.39271
383.10878
382.82843
382.20675
381.79749
381.08678
380.65031
379.92489
379.51612
378.92473
378.53299
377.85685
377.34149
376.32424
375.86922
375.40619
375.20219
375.05177
374.96763
374.85914
374.78803
374.66060
374.57597
374.41982
374.30238
374.06351
373.97179
373.89010
374.02054
374.54659
374.79243
375.07324
375.25653
375.57903
375.86663
376.49266
376.82054
377.28499
377.55720
378.03664
378.16068
378.08267
377.99103
377.74290
377.62647
377.50910
377.32560
376.82330
376.61264
376.41929
376.32558
376.22215
376.09610
375.71934
375.74274
376.16962
376.36702
376.65081
376.73692
376.81077
376.57151
375.73586
375.37018
374.93504
374.68602
374.30281
374.07573
373.70083
373.49242
373.17137
372.99784
372.73365
372.64628
372.67230
372.47505
371.85249
371.36612
370.31521
369.87749
369.46328
369.20851
368.79585
368.59833
368.38722
368.06492
367.22782
366.75829
365.99664
365.54129
364.77881
364.24885
363.29028
362.73476
361.88065
361.36527
360.49818
360.00036
359.20995
358.71525
357.87822
357.18452
355.80212
354.96058
353.61919
352.76994
351.35249
350.53384
349.22795
348.60612
347.93907
347.51186
346.76287
346.48610
346.34066
346.24017
346.10658
345.87007
345.20217
345.00598
345.01482
345.02134
345.07183
345.10186
345.14752
345.28237
345.68433
345.92296
346.32890
346.68611
347.44933
347.92558
348.74570
349.25056
350.12150
350.61672
351.40904
351.84167
352.44029
352.76561
353.22876
353.52706
354.03892
354.52034
355.55512
356.15708
357.05051
357.59780
358.44737
358.80623
359.09343
359.28933
359.61970
359.88379
360.42879
360.76784
361.35184
361.75805
362.53062
362.84057
363.06937
363.11308
362.98302
362.93741
362.89250
362.87588
362.88150
362.74203
362.31864
362.14747
361.99608
361.89734
361.71938
361.59284
361.34585
361.20710
360.97878
360.89389
360.82661
360.90752
361.22685
361.49302
362.02888
362.37040
363.00941
363.22567
363.23781
363.25473
363.25633
363.25532
363.24993
363.22998
363.15048
363.03690
362.68895
362.63910
362.81448
362.91721
363.12582
363.20172
363.18019
363.42863
364.19259
364.61987
365.32334
365.76520
366.45101
366.87058
367.58924
367.96406
368.47978
368.78647
369.29633
369.64806
370.31671
370.66475
371.15387
371.49461
372.11984
372.64474
373.71707
374.27248
375.03569
375.43491
376.01124
376.15066
376.04547
375.90391
375.54958
375.16529
374.30526
373.80808
373.05354
372.61557
371.91733
371.48738
370.73860
370.41634
370.13449
369.89420
369.42148
369.15626
368.72474
368.49888
368.17897
367.99044
367.69197
367.39906
366.73133
366.27076
365.41350
365.00236
364.49034
364.31391
364.30208
364.23083
364.03296
363.90953
363.70563
363.45819
362.85368
362.46428
361.78427
361.31605
360.44121
359.90613
358.97022
358.54903
358.14032
357.79056
357.08032
356.80737
356.65115
356.47810
356.12577
355.89830
355.50122
355.29261
354.94684
354.92248
355.18200
355.42521
356.03663
356.33281
356.72999
356.74751
356.36181
356.34937
356.63281
356.88673
357.45000
357.80262
358.42588
358.85958
359.55534
360.13189
361.24556
361.99387
363.37027
364.16952
365.44872
366.25724
367.52648
368.34576
369.75343
370.62309
371.98333
372.79404
374.11404
374.89869
376.02972
376.81991
378.21812
378.92694
379.83204
380.30160
380.86301
381.28970
382.01563
382.52728
383.41374
383.96848
384.81559
385.44056
386.59430
387.27196
388.30416
388.94720
390.02905
390.73727
392.01755
392.68997
393.68482
394.29293
395.31704
395.87534
396.66203
397.21973
398.26172
398.68776
398.99789
399.35234
400.14280
400.57591
401.27337
401.50526
401.52193
401.78238
402.58789
403.05689
403.85365
404.29992
404.98443
405.43564
406.25298
406.72962
407.50152
407.95660
408.69097
409.25311
410.36469
411.04178
412.18993
412.87732
414.05340
414.56472
414.98245
415.29931
415.88839
416.23899
416.84587
417.04057
417.03888
417.21368
417.77197
418.11923
418.72457
419.19720
420.12490
420.74461
421.79002
422.41871
423.40534
423.98483
424.88500
425.43511
426.36471
426.90490
427.78054
428.23606
428.86845
429.23484
429.82449
430.18124
430.77985
431.06694
431.41376
431.50175
431.45338
431.42507
431.37264
431.32539
431.22446
431.14550
430.98733
430.91628
430.82760
430.80057
430.74974
430.80737
431.03737
431.20639
431.52852
431.86070
432.66583
433.19622
434.22336
434.60408
434.81081
434.92778
435.06733
435.15899
435.31723
435.40431
435.56784
435.43312
434.85709
434.42222
433.56308
433.05102
432.20446
431.53314
430.20591
429.42096
428.10785
427.34157
426.11672
425.31034
423.93009
423.14021
421.93977
421.19702
419.92775
419.17887
417.93971
417.35038
416.64929
416.21908
415.51518
415.08122
414.39340
413.92566
413.03879
412.68596
412.48166
412.16040
411.36536
410.88972
410.07868
409.58063
408.78416
408.27013
407.44433
406.80201
405.59623
404.88801
403.69990
402.98921
401.87738
401.17017
400.13697
399.33965
397.87118
397.06520
395.94208
395.28861
394.28545
393.68088
392.68635
392.09443
391.11388
390.54099
389.60636
389.07440
388.25742
387.66930
386.57736
386.13075
385.78028
385.64479
385.54166
385.47699
385.41966
385.15780
384.35565
383.86382
382.98376
382.52188
381.89919
381.50909
380.85820
380.61230
380.49808
380.39512
380.21975
380.17352
380.19154
380.28891
380.59314
380.75673
380.99928
381.15060
381.40262
381.59414
381.96265
382.36346
383.31056
383.97202
385.24986
385.85005
386.53811
386.98097
387.70965
388.29870
389.50335
390.22767
391.46133
392.20350
393.47558
394.04596
394.59279
394.87145
395.18260
395.25792
395.16529
395.08619
394.92982
394.64620
393.92774
393.48617
392.78595
392.33514
391.59406
391.22430
390.76459
390.31490
389.31300
388.74016
387.77461
387.32553
386.86305
386.65655
386.47333
386.34077
386.12442
385.78502
384.85913
384.52430
384.33191
384.30646
384.42295
384.54338
384.77467
385.19084
386.24807
386.91247
388.07783
388.75360
389.85050
390.53585
391.75064
392.32373
392.89822
393.21979
393.64634
393.93301
394.43397
394.81359
395.50290
395.95408
396.73063
397.10190
397.55988
397.87933
398.48129
398.86894
399.53098
399.95258
400.67237
401.18122
402.10382
402.71239
403.80976
404.54249
405.82221
406.61991
408.00314
408.72632
409.69722
410.30029
411.18120
411.70795
412.60795
412.98358
413.26262
413.45250
413.76613
413.93572
414.18056
414.42896
415.01050
415.23730
415.37859
415.53114
415.85443
416.13751
416.66164
417.04916
417.76070
418.22533
419.04848
419.58242
420.53523
421.11522
422.06449
422.63764
423.59801
424.12145
424.83566
425.29515
425.99869
426.55805
427.56148
428.34700
429.82303
430.67702
432.05741
432.86043
434.14493
434.97255
436.38233
437.22254
438.61934
439.44899
440.80140
441.61424
442.96526
443.75935
445.05219
445.78594
446.93512
447.64355
448.85595
449.58404
450.80893
451.54850
452.78114
453.61532
455.10418
455.93284
457.12643
457.71464
458.41322
458.69721
458.87120
458.90098
458.75275
458.88457
459.45242
459.74036
460.18518
460.43689
460.83898
461.06374
461.40718
461.67968
462.21760
462.74429
463.91097
464.62669
465.84703
466.66050
468.07855
468.92991
470.35959
471.20838
472.60447
473.46110
474.91447
475.79113
477.25862
478.14599
479.63235
480.52339
482.01299
482.90857
484.40567
485.29180
486.68368
487.52136
488.90145
489.79155
491.27295
492.11341
493.34553
494.14455
495.51859
496.38483
497.81820
498.67997
500.12409
500.97816
502.38831
503.24462
504.69390
505.52362
506.81361
507.56634
508.80240
509.40407
510.08928
510.48889
511.11686
511.35290
511.44320
511.59614
511.98897
512.05028
511.90289
511.71535
511.20312
511.16509
511.52293
511.80879
512.44800
512.82535
513.47465
513.82419
514.34331
514.55582
514.70389
514.90383
515.44219
515.56831
515.48503
515.44412
515.27529
515.46346
516.24592
516.52800
516.74107
516.86375
517.01205
517.15471
517.46679
517.65103
517.96921
518.18988
518.61329
518.81696
519.05377
519.19469
519.47847
519.42723
519.00833
518.69664
518.11968
517.53124
516.28295
515.48372
514.11464
513.28826
511.89908
511.04735
509.65388
508.76409
507.27096
506.37453
504.88795
504.00345
502.64488
501.87653
500.75621
500.09860
499.03580
498.47572
497.68975
497.22534
496.46653
495.99686
495.18893
494.71087
493.90498
493.48758
492.85891
492.74539
493.07787
493.02994
492.58702
492.37506
492.04811
491.98871
492.13308
492.03124
491.52779
491.51702
491.93842
492.10866
492.30181
492.43736
492.71268
492.67172
492.21354
492.11714
492.19704
492.36617
492.84530
493.21322
493.92137
494.43854
495.41684
495.99693
496.99585
497.42388
497.75796
498.07934
498.67884
499.15080
500.05268
500.57881
501.45751
501.96740
502.72906
503.11794
503.62494
503.83048
503.96736
504.04861
504.16445
504.28686
504.57784
504.79799
505.23583
505.54487
506.13030
506.56263
507.40681
507.99862
509.13846
509.73476
510.47757
510.99285
511.87633
512.40782
513.28975
513.82473
514.74665
515.23599
515.83304
516.35253
517.34327
517.95793
519.03137
519.62126
520.41288
520.90248
521.72330
522.26887
523.27057
523.89239
524.95216
525.60594
526.63071
527.21627
528.11144
528.59998
529.33759
529.70752
530.20741
530.47205
530.80977
531.08451
531.62392
531.95380
532.53019
532.82572
533.19322
533.31754
533.32937
533.33691
533.36003
533.26904
532.97235
532.80698
532.51889
532.50733
532.78006
532.91151
533.10783
533.22250
533.45587
533.43760
533.15697
532.99093
532.70329
532.53663
532.31041
531.93186
530.94024
530.37655
529.46637
528.99016
528.30048
527.90464
527.27461
526.92764
526.40571
526.14705
525.80685
525.72188
525.77895
525.84836
526.03741
526.24437
526.71629
526.93657
527.19792
527.35290
527.60369
527.78846
528.20002
528.36913
528.49917
528.66493
529.03477
529.45537
530.42337
531.02977
532.05838
532.66426
533.65551
534.13558
534.72040
534.88801
534.76586
534.78630
534.91123
535.06700
535.43254
535.88372
536.92259
537.62423
538.85270
539.59269
540.83555
541.53155
542.60570
543.15989
543.90286
544.30173
544.86895
545.18053
545.60933
545.95274
546.66120
547.02101
547.48894
547.65293
547.65684
547.78865
548.19379
548.27300
548.20631
548.16310
548.08303
548.13667
548.37899
548.62866
549.15732
549.68055
550.82508
551.44646
552.33286
552.86666
553.78377
554.12833
554.38817
554.36369
553.99886
553.98413
554.29258
554.49035
554.86095
555.09275
555.49583
555.75444
556.20803
556.45514
556.82439
557.10432
557.66480
558.01782
558.64003
559.04258
559.74362
560.23501
561.03615
561.71290
563.01169
563.73862
564.74811
565.50709
566.89327
567.71198
569.05656
569.94235
571.41186
572.29592
573.77286
574.65807
576.13879
577.01595
578.45241
579.31428
580.75446
581.61562
583.05488
583.90839
585.28140
586.17095
587.61036
588.47493
589.91862
590.78654
592.17741
593.02725
594.47067
595.26528
596.47243
597.05799
597.67237
598.20499
599.27191
599.78967
600.49240
600.94809
601.76562
602.21571
602.89818
603.21516
603.57421
603.82494
604.29490
604.64413
605.32715
605.86012
606.90890
607.61836
608.91347
609.70332
610.98653
611.73709
612.95624
613.72663
615.07049
615.81141
616.90684
617.56041
618.64617
619.28599
620.32820
621.01527
622.25596
622.92239
623.88158
624.48242
625.48493
626.09887
627.15048
627.79508
628.87794
629.51749
630.58555
631.13350
631.83470
632.48753
633.87133
634.70842
636.05368
636.85423
638.18577
639.00737
640.40945
641.28595
642.75994
643.64007
645.09782
645.98552
647.35755
648.13523
649.30699
649.95471
650.93240
651.49684
652.39250
652.96853
654.00101
654.51224
655.15442
655.55042
656.21564
656.73125
657.75000
658.41724
659.60534
660.30218
661.44690
662.22862
663.65287
664.51601
665.97718
666.86531
668.34657
669.23829
670.72469
671.60299
673.02892
673.82141
674.96633
675.67091
676.76177
677.38433
678.33082
679.06796
680.44329
681.23998
682.47425
683.16372
684.14836
684.82341
685.93868
686.70302
688.08463
688.89750
690.22354
691.02159
692.30508
693.07505
694.37216
695.07022
696.03946
696.60000
697.48930
697.95435
698.62291
699.06473
699.86504
700.25249
700.71063
701.11027
701.94088
702.45132
703.33161
703.85004
704.69538
705.28353
706.34360
706.88641
707.63084
707.95007
708.25144
708.42405
708.69048
708.72031
708.55313
708.51635
708.56094
708.50228
708.26909
707.99992
707.40364
706.85931
705.75353
705.00839
703.68769
702.89590
701.67196
700.83243
699.35864
698.46710
696.99666
696.10609
694.62290
693.74655
692.36468
691.48172
690.00017
689.17995
688.04041
687.35604
686.26405
685.60646
684.49578
683.84173
682.76477
682.17670
681.33279
680.76855
679.76141
679.14669
678.11915
677.54200
676.72531
676.22115
675.37775
674.85782
673.96481
673.43443
672.57818
671.95114
670.74065
670.05299
668.98468
668.33059
667.22169
666.61605
665.71555
665.37639
665.23364
664.98079
664.36264
663.98135
663.29478
662.98391
662.60100
662.64004
663.16143
663.57029
664.42336
664.88332
665.56460
666.03514
666.85685
667.49930
668.79729
669.58261
670.89566
671.64641
672.83333
673.60296
674.99885
675.70789
676.69566
677.15774
677.68549
677.94227
678.26262
678.50029
678.97329
679.38626
680.25570
680.98009
682.41874
683.16551
684.19082
684.80493
685.81858
