1.49995
2.35477
3.58969
4.47152
5.86225
6.69773
8.05292
8.90929
10.35694
11.16151
12.37911
12.95657
13.48552
13.91162
14.73583
14.91235
14.63760
14.03327
12.55220
12.12573
12.87295
13.25028
14.18481
13.95703
12.52932
11.96375
11.58980
11.79317
12.57266
13.25598
14.01659
14.41842
14.72209
15.08429
15.48476
16.05988
17.32403
18.14041
19.60100
20.33413
21.20639
21.41631
20.86761
20.65473
20.37578
20.07190
19.37031
18.90711
18.23534
17.41831
16.06484
15.58355
15.83848
15.89488
15.83941
16.26863
17.28152
17.93443
18.96848
19.74483
21.13633
21.58617
21.34636
