1.49996
2.38415
3.76951
4.59500
5.42974
6.27323
7.72049
8.55495
9.66187
10.36801
11.54799
12.23752
13.39520
13.89360
14.27706
14.75062
15.87715
16.09162
15.51865
15.54504
15.98647
16.47709
17.56291
17.90747
17.86417
17.94295
18.18791
18.15791
17.76174
17.85405
18.45765
18.87330
19.77960
19.97248
19.66011
19.58085
19.45434
19.67741
20.53728
20.83959
21.05801
21.08608
20.90272
20.85639
20.77382
21.04067
21.92742
22.55764
23.74674
24.55530
25.82269
26.68297
28.01050
28.78080
29.84066
30.23131
30.37478
30.35412
30.03371
30.12105
30.02261
30.04838
29.91937
30.44230
31.86910
32.56230
33.18882
33.19660
32.57601
31.94929
30.76746
29.99937
28.87821
28.30940
27.32150
26.68143
25.51925
24.91872
24.09070
23.67445
23.10630
23.08792
23.61535
23.96963
24.66392
25.18845
26.29606
26.65224
26.62094
26.71626
27.08168
26.86415
25.87725
25.38546
24.65869
24.26167
23.89807
23.40823
22.36047
21.75930
20.87285
20.09535
18.68853
17.88385
16.62954
16.00732
15.38581
14.95299
14.18969
13.81581
13.38825
13.17721
12.95156
12.76994
12.34056
12.37920
12.89120
13.29285
13.89101
14.53366
15.56001
16.17626
17.11311
17.69623
18.66697
19.29803
20.39220
21.16381
22.54718
23.44448
24.80076
25.64226
27.04122
27.92170
29.41613
30.26972
31.36778
32.21322
33.20053
33.82209
34.73354
35.45980
36.80149
37.70062
39.02259
39.84813
41.19828
41.98118
42.81721
43.20768
43.46561
43.71216
44.19520
44.46305
44.73422
45.01340
45.48877
45.55879
45.18116
45.40100
46.34515
46.77865
47.28726
47.42798
47.21496
47.25031
47.46559
47.65511
48.05662
48.27960
48.61182
48.83834
49.24103
49.52166
50.16301
50.13183
49.39400
49.07157
48.66186
48.50636
48.33084
48.60069
49.46104
49.96179
50.67436
51.36912
52.35106
53.06974
54.30362
54.74634
54.76086
54.62896
54.08957
53.74721
53.26254
52.69055
51.58347
50.96815
50.03875
