 0.10000	145.66633606	148.25775146	 20.09052277	144.45542908	147.59600830	 20.67810822	           0	           2
 0.10000	143.69123840	147.28927612	 21.03960991	142.36325073	146.95671082	 21.65149879	          -1	           3
 0.10000	141.60099792	146.60719299	 21.97462273	140.43305969	145.77880859	 22.41902161	          -2	           4
 0.10000	139.68685913	145.35757446	 22.68849182	138.37399292	144.75871277	 23.09447670	          -3	           5
 0.10000	137.67210388	144.46876526	 23.57406616	136.74746704	144.14904785	 24.70989990	          -4	           6
 0.10000	136.21740723	143.91775513	 25.39684296	135.41511536	143.53042603	 26.60238838	          -5	           7
 0.10000	134.88369751	143.05952454	 27.15188789	134.02239990	141.95431519	 27.68398094	          -6	           8
 0.10000	133.47587585	141.31379700	 27.99399567	132.54057312	140.24989319	 28.48262215	          -7	           9
 0.10000	131.99592590	139.54829407	 28.60704422	131.12329102	138.33403015	 28.50770378	          -8	          10
 0.10000	130.69670105	137.54605103	 28.55313873	130.19642639	136.14665222	 28.74529457	          -9	          11
 0.10000	129.72770691	135.42211914	 28.98999596	128.73712158	134.47013855	 29.58807945	         -10	          12
 0.10000	128.16407776	133.90153503	 29.97790527	127.19691467	133.00033569	 30.68330574	         -11	          13
 0.10000	126.74219513	132.33091736	 31.07017136	126.23250580	131.04992676	 31.65733528	         -12	          14
 0.10000	125.87877655	130.25468445	 31.87365723	125.29452515	128.88076782	 32.00315094	         -13	          15
 0.10000	124.78311920	128.14393616	 31.97979546	123.74129486	127.09350586	 31.74110603	         -14	          16
 0.10000	122.99812317	126.60558319	 31.62037277	121.61299133	126.06298828	 31.43877983	         -15	          17
 0.10000	120.73673248	125.89009094	 31.35257721	119.24028015	125.94407654	 31.28948975	         -16	          18
 0.10000	118.38276672	125.76902008	 31.09041595	117.11503601	125.21586609	 30.51328468	         -17	          19
 0.10000	116.38367462	124.78009796	 30.22958755	115.29514313	123.83579254	 29.81811905	         -18	          20
 0.10000	114.50299072	123.43173218	 29.69869995	113.05184174	123.05963898	 29.73446465	         -19	          21
 0.10000	112.20487213	122.76467133	 29.73891449	110.82323456	122.18458557	 29.73416901	         -20	          22
 0.10000	109.98710632	121.87094879	 29.82015991	108.58318329	121.40151215	 30.05390739	         -21	          23
 0.10000	107.84617615	121.08823395	 30.45913887	106.92357635	120.58099365	 31.52599335	         -22	          24
 0.10000	106.35155487	120.20897675	 32.10955048	105.46391296	119.44133759	 33.04216385	         -23	          25
 0.10000	104.72737885	119.18786621	 33.48897934	103.28789520	119.14194489	 33.90453720	         -24	          26
 0.10000	102.53610992	119.11981964	 34.39485168	101.51757812	119.11657715	 35.49434280	         -25	          27
 0.10000	100.98940277	119.26005554	 36.20540619	100.31132507	119.73459625	 37.45461655	         -26	          28
 0.10000	 99.89347839	119.96455383	 38.21404648	 99.18178558	120.28553009	 39.49292755	         -27	          29
 0.10000	 98.86561584	120.47959137	 40.30925751	 98.51095581	120.78921509	 41.73173523	         -28	          30
 0.10000	 98.37635040	121.02361298	 42.58685303	 98.31064606	121.52863312	 43.99616623	         -29	          31
 0.10000	 98.22619629	121.59819794	 44.88656235	 98.02159882	121.33289337	 46.34714127	         -30	          32
 0.10000	 98.00042725	121.14525604	 47.22398758	 98.10797882	120.74644470	 48.66442108	         -31	          33
 0.10000	 98.27927399	120.50668335	 49.51164246	 98.76103973	120.12708282	 50.87886047	         -32	          34
 0.10000	 98.98108673	119.69624329	 51.63417053	 99.22000122	118.68914795	 52.71760941	         -33	          35
 0.10000	 99.44858551	118.04604340	 53.29908752	 99.94779968	116.89678955	 54.12065506	         -34	          36
 0.10000	100.24263000	116.21446228	 54.62183762	100.72646332	115.05889893	 55.44366455	         -35	          37
 0.10000	101.09753418	114.47791290	 56.01696014	101.84765625	113.73501587	 57.08016205	         -36	          38
 0.10000	102.20470428	113.19589233	 57.70167542	102.60736084	112.15662384	 58.70338821	         -37	          39
 0.10000	103.00926208	111.61415100	 59.29439545	103.87236786	110.85980988	 60.26001740	         -38	          40
 0.10000	104.56161499	110.45813751	 60.67158127	105.91706085	109.90833282	 60.99906921	         -39	          41
 0.10000	106.77207184	109.75978088	 61.22940826	108.22103882	109.79110718	 61.61225891	         -40	          42
 0.10000	109.05728149	110.05848694	 61.80164337	110.26688385	110.93118286	 61.95203400	         -41	          43
 0.10000	110.95867920	111.36093903	 62.33076859	111.94200897	111.88141632	 63.33538437	         -42	          44
 0.10000	112.36758423	112.30802917	 64.00080872	112.73215485	113.13441467	 65.19677734	         -43	          45
 0.10000	112.98507690	113.64315033	 65.89122009	113.40917969	114.48577881	 67.05572510	         -44	          46
 0.10000	113.65427399	115.18022156	 67.56811523	114.03337860	116.54843140	 68.04758453	         -45	          47
 0.10000	114.16776276	117.38745880	 68.33488464	114.25884247	118.82119751	 68.76084137	         -46	          48
 0.10000	114.16990662	119.67182159	 69.03057861	113.78014374	121.03685760	 69.51013947	         -47	          49
 0.10000	113.52156830	121.87989807	 69.67325592	113.04452515	123.30023193	 69.69551086	         -48	          50
 0.10000	112.74300385	124.11347961	 69.92413330	112.22315979	125.33594513	 70.61753845	         -49	          51
 0.10000	111.98729706	126.09667206	 71.02999115	111.75308228	127.38808441	 71.75325012	         -50	          52
 0.10000	111.45476532	128.16160583	 72.09650421	110.72008514	129.38366699	 72.55810547	         -51	          53
 0.10000	110.30149078	130.17721558	 72.53909302	109.71455383	131.44706726	 72.00160217	         -52	          54
 0.10000	109.28186798	132.18351746	 71.72823334	108.44593811	133.35710144	 71.31662750	         -53	          55
 0.10000	108.04599762	134.09741211	 71.00646210	107.54751587	135.35693359	 70.36561584	         -54	          56
 0.10000	107.21681213	136.14945984	 70.10679626	106.69142151	137.53057861	 69.85724640	         -55	          57
 0.10000	106.19784546	138.27964783	 69.83710480	105.17594910	139.35256958	 70.06182098	         -56	          58
 0.10000	104.42961884	139.84526062	 70.13407898	103.01208496	140.32850647	 70.19014740	         -57	          59
 0.10000	102.19237518	140.68888855	 70.13010406	100.91056061	141.41168213	 69.84598541	         -58	          60
 0.10000	100.03257751	141.58163452	 69.76868439	 98.54224396	141.42353821	 69.75488281	         -59	          61
 0.10000	 97.67372131	141.25297546	 69.90241241	 96.32963562	140.78033447	 70.36713409	         -60	          62
 0.10000	 95.59832764	140.55526733	 70.83563232	 94.61208344	140.24153137	 71.91947937	         -61	          63
 0.10000	 93.94372559	140.20637512	 72.51696014	 92.77005005	140.40089417	 73.42819214	         -62	          64
 0.10000	 92.07051086	140.51741028	 73.97792816	 90.93272400	140.79077148	 74.91436768	         -63	          65
 0.10000	 90.14975739	140.70846558	 75.34558105	 88.79311371	140.22988892	 75.76664734	         -64	          66
 0.10000	 88.11234283	139.70782471	 76.03090668	 87.33051300	138.49150085	 76.42530060	         -65	          67
 0.10000	 86.77905273	137.80697632	 76.60588074	 85.81332397	136.67793274	 76.80219269	         -66	          68
 0.10000	 85.14538574	136.08935547	 76.91471863	 83.86859131	135.32165527	 77.07803345	         -67	          69
 0.10000	 83.26863098	134.65710449	 77.14543152	 82.56952667	133.33248901	 77.20388794	         -68	          70
 0.10000	 82.32524872	132.46864319	 77.20188141	 82.32317352	130.97373962	 77.09264374	         -69	          71
 0.10000	 82.07054901	130.11938477	 77.20487976	 81.33028412	128.89285278	 77.64600372	         -70	          72
 0.10000	 80.89911652	128.14358521	 77.88778687	 80.14346313	126.91027832	 78.28038788	         -71	          73
 0.10000	 79.82227325	126.11704254	 78.55061340	 79.50929260	124.73863983	 79.04874420	         -72	          74
 0.10000	 79.27048492	123.93214417	 79.36148071	 78.80399323	122.61930084	 79.91372681	         -73	          75
 0.10000	 78.60152435	121.80841064	 80.24034882	 78.39476013	120.42646027	 80.78216553	         -74	          76
 0.10000	 78.25177002	119.60095978	 81.10420227	 77.99063110	118.22431183	 81.63639069	         -75	          77
 0.10000	 77.77787781	117.42755127	 81.99127960	 77.32274628	116.15417480	 82.63793945	         -76	          78
 0.10000	 77.14659882	115.39472961	 83.08329773	 77.01618958	114.15248871	 83.91186523	         -77	          79
 0.10000	 76.88568878	113.42199707	 84.41741180	 76.59035492	112.22908783	 85.27555847	         -78	          80
 0.10000	 76.35752869	111.53127289	 85.79010773	 75.88130188	110.39693451	 86.64633942	         -79	          81
 0.10000	 75.50242615	109.78034973	 87.17760468	 74.72223663	108.87471008	 88.08185577	         -80	          82
 0.10000	 74.27632904	108.30384827	 88.61190033	 73.56112671	107.31124115	 89.47757721	         -81	          83
 0.10000	 73.14668274	106.70999146	 89.99892426	 72.47338867	105.71125793	 90.89067078	         -82	          84
 0.10000	 72.14165497	105.03135681	 91.37326050	 71.71207428	103.77980042	 92.07693481	         -83	          85
 0.10000	 71.52191925	102.99977112	 92.47771454	 71.31970215	101.65006256	 93.09710693	         -84	          86
 0.10000	 71.25479126	100.83229828	 93.46168518	 71.29632568	 99.46175385	 94.06739807	         -85	          87
 0.10000	 71.09444427	 98.63969421	 94.36770630	 70.34947968	 97.39183807	 94.73574066	         -86	          88
 0.10000	 70.14160156	 96.53084564	 94.88656616	 70.25891113	 95.04179382	 95.01691437	         -87	          89
 0.10000	 70.05261230	 94.17164612	 94.92853546	 69.38302612	 92.91168976	 94.46804810	         -88	          90
 0.10000	 68.80823517	 92.23759460	 94.31813049	 67.60999298	 91.33682251	 94.29934692	         -89	          91
 0.10000	 66.81836700	 90.95998383	 94.10360718	 65.44964600	 90.73142242	 93.53642273	         -90	          92
 0.10000	 64.68088531	 90.42504120	 93.18782043	 63.48772049	 89.76872253	 92.56120300	         -91	          93
 0.10000	 62.91231155	 89.13251495	 92.29573059	 62.35151672	 87.76029968	 92.07347107	         -92	          94
 0.10000	 61.86036301	 87.01296997	 91.99304199	 60.89012146	 85.87042999	 92.00024414	         -93	          95
 0.10000	 60.21839142	 85.27690887	 91.94854736	 58.99706650	 84.42332458	 91.78436279	         -94	          96
 0.10000	 58.13587952	 84.17373657	 91.72905731	 56.64091873	 84.24804688	 91.64372253	         -95	          97
 0.10000	 55.77767181	 84.37955475	 91.85559845	 54.58708954	 84.83869171	 92.64268494	         -96	          98
 0.10000	 53.74298859	 84.91132355	 92.94191742	 52.28542709	 84.71495056	 93.23285675	         -97	          99
 0.10000	 51.39531708	 84.61811829	 93.15888214	 50.03560638	 84.42324829	 92.55827332	         -98	         100
 0.10000	 49.15366745	 84.51435852	 92.41529083	 47.72954941	 84.98051453	 92.45141602	         -99	         101
 0.10000	 46.91542435	 85.30009460	 92.65279388	 45.71726990	 85.89484406	 93.32849121	        -100	         102
 0.10000	 44.96807861	 86.30187988	 93.60702515	 43.69866562	 87.04752350	 93.88628387	        -101	         103
 0.10000	 42.98101425	 87.53224182	 94.11957550	 41.83040619	 88.37458038	 94.58016968	        -102	         104
 0.10000	 41.28787613	 89.02062225	 94.88574982	 40.63060760	 90.25565338	 95.42327118	        -103	         105
 0.10000	 40.50120544	 91.07194519	 95.77412415	 40.75289536	 92.43907928	 96.33508301	        -104	         106
 0.10000	 41.07552719	 93.17995453	 96.72685242	 41.92044830	 94.23820496	 97.37007904	        -105	         107
 0.10000	 42.45063019	 94.65985107	 97.96033478	 43.29666901	 94.83643341	 99.18544006	        -106	         108
 0.10000	 43.83514786	 95.19601440	 99.80839539	 44.74258804	 96.05262756	100.63928986	        -107	         109
 0.10000	 45.15715027	 96.72903442	101.06092072	 45.53585434	 98.11297607	101.49559021	        -108	         110
 0.10000	 45.94753647	 98.74761200	101.98004913	 46.78258896	 99.41079712	103.03359222	        -109	         111
 0.10000	 47.40655518	 99.70384216	103.60859680	 48.61990356	 99.93798065	104.45670319	        -110	         112
 0.10000	 49.31933212	100.08766937	104.99858093	 50.48435593	100.36448669	105.89966583	        -111	         113
 0.10000	 51.04277420	100.31866455	106.60035706	 51.64101028	 99.90317535	107.90988159	        -112	         114
 0.10000	 52.02662277	 99.66246796	108.68270111	 52.67573547	 99.24509430	109.96685791	        -113	         115
 0.10000	 53.06743622	 98.96139526	110.72142029	 53.71929932	 98.44188690	111.96631622	        -114	         116
 0.10000	 54.18606186	 98.12683105	112.66391754	 55.05151367	 97.59623718	113.76612854	        -115	         117
 0.10000	 55.73917770	 97.24810791	114.22514343	 57.07645035	 96.66431427	114.56649017	        -116	         118
 0.10000	 57.87117004	 96.31861877	114.79842377	 59.21233749	 95.78760529	115.20497894	        -117	         119
 0.10000	 59.96053314	 95.30702209	115.32674408	 61.09119034	 94.32329559	115.30338287	        -118	         120
 0.10000	 61.54549026	 93.54910278	115.32658386	 61.82909012	 92.07865906	115.39303589	        -119	         121
 0.10000	 61.95773697	 91.19061279	115.42695618	 61.95549011	 89.69194031	115.46092224	        -120	         122
 0.10000	 62.26535034	 88.85604095	115.57028198	 63.19670868	 87.70793152	115.81848145	        -121	         123
 0.10000	 63.79180527	 87.16480255	116.21482086	 64.80873108	 86.64913940	117.18765259	        -122	         124
 0.10000	 65.28181458	 86.30281067	117.86684418	 65.82183075	 85.75232697	119.15171814	        -123	         125
 0.10000	 66.15283966	 85.40295410	119.90844727	 66.70545959	 84.81166077	121.16936493	        -124	         126
 0.10000	 67.00539398	 84.40879822	121.91223145	 67.44349670	 83.63108826	123.11576843	        -125	         127
 0.10000	 67.78585052	 83.30561066	123.87851715	 68.50261688	 82.97550201	125.15264130	        -126	         128
 0.10000	 68.75140381	 82.93805695	126.01420593	 68.82892609	 83.21141052	127.48577118	        -127	         129
 0.10000	 68.96766663	 83.14064789	128.36949158	 69.30640411	 82.68472290	129.75624084	        -128	         130
 0.10000	 69.44616699	 82.42260742	130.60247803	 69.60310364	 81.97196960	132.02275085	        -129	         131
 0.10000	 69.60466766	 81.70774841	132.87921143	 69.42787933	 81.27748108	134.30345154	        -130	         132
 0.10000	 69.42667389	 81.03054810	135.16506958	 69.60440063	 80.63776398	136.60000610	        -131	         133
 0.10000	 69.59153748	 80.40741730	137.46676636	 69.35127258	 80.00708771	138.89077759	        -132	         134
 0.10000	 69.36294556	 79.95317078	139.78611755	 69.59624481	 80.16998291	141.25051880	        -133	         135
 0.10000	 69.88947296	 80.40230560	142.06617737	 70.61672974	 80.98999786	143.23736572	        -134	         136
 0.10000	 71.13517761	 81.26988983	143.91389465	 72.11976624	 81.64723206	144.97880554	        -135	         137
 0.10000	 72.83554077	 81.78557587	145.50169373	 74.17221069	 81.85515594	146.17546082	        -136	         138
 0.10000	 75.04679108	 81.85591888	146.37492371	 76.54206085	 81.77407837	146.32101440	        -137	         139
 0.10000	 77.43730927	 81.72194672	146.31173706	 78.93017578	 81.59760284	146.27532959	        -138	         140
 0.10000	 79.81772614	 81.67134857	146.38299561	 81.22096252	 82.03091431	146.76715088	        -139	         141
 0.10000	 82.05710602	 82.27085114	146.98782349	 83.41584778	 82.73500061	147.41806030	        -140	         142
 0.10000	 84.26256561	 83.03250885	147.38565063	 85.54898834	 83.50885010	146.78083801	        -141	         143
 0.10000	 86.39586639	 83.80461121	146.73184204	 87.74293518	 84.30746460	147.15620422	        -142	         144
 0.10000	 88.63365936	 84.38903809	147.23857117	 90.11360931	 84.18342590	147.11781311	        -143	         145
 0.10000	 90.95665741	 83.87683105	147.15432739	 92.20642853	 83.06803894	147.32894897	        -144	         146
 0.10000	 92.88961029	 82.51255035	147.50292969	 93.88319397	 81.46788788	147.91247559	        -145	         147
 0.10000	 94.41107941	 80.79206848	148.17724609	 95.08612061	 79.55134583	148.67877197	        -146	         148
 0.10000	 95.74855804	 78.98786163	148.90251160	 97.13301086	 78.43336487	149.05320740	        -147	         149
 0.10000	 97.93751526	 78.17674255	149.35823059	 99.18305969	 77.98621368	150.17008972	        -148	         150
 0.10000	 99.93344116	 77.75249481	150.60415649	101.13310242	 77.13941193	151.26129150	        -149	         151
 0.10000	101.92935944	 77.06242371	151.66918945	103.22077179	 77.43078613	152.33522034	        -150	         152
 0.10000	104.08905792	 77.50960541	152.54937744	105.58747864	 77.49596405	152.57661438	        -151	         153
 0.10000	106.46603394	 77.31379700	152.57693481	107.84107208	 76.71958160	152.53340149	        -152	         154
 0.10000	108.67127991	 76.38694000	152.46464539	110.05427551	 75.84966278	152.25392151	        -153	         155
 0.10000	110.85572815	 75.44701385	152.22973633	112.09023285	 74.61257172	152.39086914	        -154	         156
 0.10000	112.93668365	 74.32321167	152.31607056	114.38294983	 74.26055908	151.92781067	        -155	         157
 0.10000	115.23151398	 74.01427460	151.77114868	116.54134369	 73.30957794	151.58750916	        -156	         158
 0.10000	117.38233948	 72.99880219	151.61553955	118.80937195	 72.64508057	151.90509033	        -157	         159
 0.10000	119.67337036	 72.45121002	152.04702759	121.14060974	 72.21852875	152.24246216	        -158	         160
 0.10000	121.95922852	 71.90689087	152.43423462	123.16440582	 71.12464142	152.85949707	        -159	         161
 0.10000	123.88484192	 70.65234375	153.10945129	125.05060577	 69.79575348	153.50109863	        -160	         162
 0.10000	125.77890015	 69.45508575	153.90039062	126.92433167	 69.15731049	154.82022095	        -161	         163
 0.10000	127.68243408	 69.24964142	155.29244995	128.91447449	 69.84548187	155.90409851	        -162	         164
 0.10000	129.59194946	 70.35719299	156.19735718	130.56066895	 71.47789001	156.42747498	        -163	         165
 0.10000	131.04450989	 72.09684753	156.86282349	131.60096741	 73.00003052	157.92201233	        -164	         166
 0.10000	131.82373047	 73.35338593	158.71694946	131.93125916	 73.55452728	160.19816589	        -165	         167
 0.10000	132.01603699	 73.69594574	161.07989502	132.17973328	 73.93423462	162.55007935	        -166	         168
 0.10000	132.16828918	 74.00486755	163.44364929	131.96762085	 73.99993896	164.92820740	        -167	         169
 0.10000	131.86318970	 73.98894501	165.81787109	131.71690369	 73.93966675	167.30792236	        -168	         170
 0.10000	131.49212646	 73.94793701	168.17549133	130.89526367	 74.04171753	169.54643250	        -169	         171
 0.10000	130.51354980	 73.98766327	170.35594177	129.81900024	 73.75500488	171.66313171	        -170	         172
 0.10000	129.46965027	 73.44763184	172.43008423	129.05528259	 72.63414001	173.61849976	        -171	         173
 0.10000	128.65905762	 72.25709534	174.33004761	127.81265259	 71.75603485	175.46087646	        -172	         174
 0.10000	127.23793030	 71.71543884	176.14907837	126.26966095	 72.10014343	177.22650146	        -173	         175
 0.10000	125.61356354	 72.38130188	177.77076721	124.45683289	 73.00402832	178.49232483	        -174	         176
 0.10000	123.63660431	 73.22195435	178.78430176	122.15794373	 73.33197021	179.00218201	        -175	         177
 0.10000	121.26095581	 73.31178284	179.00297546	119.79595947	 73.11084747	178.75930786	        -176	         178
 0.10000	118.92465210	 72.96144867	178.60638428	117.48091888	 72.64449310	178.35916138	        -177	         179
 0.10000	116.72183228	 72.43722534	177.92771912	115.79133606	 72.07121277	176.81147766	        -178	         180
 0.10000	115.13826752	 71.96538544	176.20552063	113.96110535	 71.98658752	175.27838135	        -179	         181
 0.10000	113.25865173	 71.93616486	174.72229004	112.07644653	 71.75703430	173.81860352	        -180	         182
 0.10000	111.50483704	 71.71037292	173.12800598	110.88615417	 71.74796295	171.76330566	        -181	         183
 0.10000	110.28395844	 71.66844940	171.10244751	109.02903748	 71.39029694	170.33166504	        -182	         184
 0.10000	108.28416443	 71.22068787	169.86093140	107.02956390	 70.94106293	169.09016418	        -183	         185
 0.10000	106.37868500	 70.59746552	168.57679749	105.53324890	 69.73693848	167.68750000	        -184	         186
 0.10000	105.03024292	 69.41667938	167.01699829	104.28957367	 69.20344543	165.73176575	        -185	         187
 0.10000	103.83008575	 69.07589722	164.97216797	103.04726410	 68.89026642	163.70819092	        -186	         188
 0.10000	102.63275146	 68.76337433	162.92358398	102.01853943	 68.53504944	161.57633972	        -187	         189
 0.10000	101.71035004	 68.35043335	160.75497437	101.30844879	 67.98123932	159.35945129	        -188	         190
 0.10000	101.02931976	 67.72974396	158.54479980	100.53480530	 67.22074127	157.22477722	        -189	         191
 0.10000	100.06640625	 67.05905151	156.47633362	 99.01220703	 67.08110046	155.41105652	        -190	         192
 0.10000	 98.53337860	 66.92675781	154.66734314	 98.03701782	 66.46884918	153.32908630	        -191	         193
 0.10000	 97.67506409	 66.02074432	152.64010620	 96.98792267	 65.00593567	151.77700806	        -192	         194
 0.10000	 96.83371735	 64.40760803	151.12544250	 96.98748016	 63.51807785	149.92887878	        -193	         195
 0.10000	 97.23757172	 62.88216019	149.34669495	 97.94096375	 61.74782944	148.66505432	        -194	         196
 0.10000	 98.32978821	 61.06614685	148.23071289	 98.91949463	 59.89997101	147.49745178	        -195	         197
 0.10000	 99.46499634	 59.33441925	147.06529236	100.61894226	 58.65850449	146.38961792	        -196	         198
 0.10000	101.33358002	 58.28864670	145.99423218	102.57084656	 57.75984955	145.33520508	        -197	         199
 0.10000	103.37396240	 57.47800446	145.05329895	104.78373718	 57.05112839	144.77900696	        -198	         200
 0.10000	105.66126251	 56.95613861	144.61982727	107.14060974	 57.03108597	144.39279175	        -199	         201
 0.10000	107.97154236	 57.31014252	144.20059204	109.16057587	 58.13612366	143.81303406	        -200	         202
 0.10000	109.79113007	 58.74071884	143.60665894	110.58751678	 59.98346710	143.34584045	        -201	         203
 0.10000	111.27689362	 60.50897217	143.11212158	112.63758850	 60.94987869	142.66429138	        -202	         204
 0.10000	113.39804077	 61.23485184	142.28189087	114.56990814	 61.70775986	141.47596741	        -203	         205
 0.10000	115.27211761	 61.82736969	140.93009949	116.35803223	 61.77272797	139.89862061	        -204	         206
 0.10000	117.13681030	 61.61169434	139.48283386	118.51843262	 61.11994934	139.17398071	        -205	         207
 0.10000	119.34999084	 60.85749054	138.96267700	120.74044037	 60.45603561	138.57333374	        -206	         208
 0.10000	121.58811188	 60.16781998	138.50953674	122.95756531	 59.60580826	138.74464417	        -207	         209
 0.10000	123.81886292	 59.39963531	138.59831238	125.16394806	 59.32351685	137.94149780	        -208	         210
 0.10000	125.96163940	 59.15556717	137.56616211	127.24819183	 58.68182373	136.96069336	        -209	         211
 0.10000	127.96335602	 58.59552383	136.42538452	128.96557617	 58.76212311	135.32373047	        -210	         212
 0.10000	129.59051514	 58.86504364	134.68869019	130.64613342	 59.07433701	133.64628601	        -211	         213
 0.10000	131.27337646	 59.23059845	133.02575684	132.30809021	 59.55862045	131.99307251	        -212	         214
 0.10000	132.97332764	 59.70054626	131.40885925	134.16955566	 59.83766174	130.51696777	        -213	         215
 0.10000	134.81567383	 60.00597763	129.91809082	135.78598022	 60.39188385	128.84330750	        -214	         216
 0.10000	136.16426086	 60.77388763	128.12509155	136.36303711	 61.61659622	126.90178680	        -215	         217
 0.10000	136.53750610	 62.10950851	126.17260742	136.90115356	 62.89371872	124.94827271	        -216	         218
 0.10000	136.88706970	 63.52901459	124.31433868	136.48901367	 64.75028992	123.54205322	        -217	         219
 0.10000	136.23085022	 65.45865631	123.05529022	135.71856689	 66.63539886	122.28145599	        -218	         220
 0.10000	135.51358032	 67.22928619	121.64077759	135.33506775	 67.98525238	120.35917664	        -219	         221
 0.10000	135.35072327	 68.35685730	119.54291534	135.57212830	 68.78491974	118.12405396	        -220	         222
 0.10000	135.80514526	 69.11473846	117.32339478	136.36354065	 69.75981140	116.09172058	        -221	         223
 0.10000	136.70211792	 70.13789368	115.35276794	137.29020691	 70.75810242	114.12236786	        -222	         224
 0.10000	137.62362671	 71.19297028	113.41307068	138.14682007	 72.02766418	112.28421021	        -223	         225
 0.10000	138.44377136	 72.51958466	111.59575653	138.94418335	 73.31874847	110.43111420	        -224	         226
 0.10000	139.02030945	 73.87699890	109.73291779	138.74804688	 74.88114166	108.65414429	        -225	         227
 0.10000	138.58557129	 75.43486786	107.96673584	138.31900024	 76.30779266	106.77776337	        -226	         228
 0.10000	137.94750977	 76.67257690	106.04602814	136.98907471	 76.93016052	104.92242432	        -227	         229
 0.10000	136.59002686	 77.15675354	104.15016174	136.28848267	 77.60900116	102.75287628	        -228	         230
 0.10000	135.80828857	 77.80434418	102.01873016	134.66142273	 77.92158508	101.06009674	        -229	         231
 0.10000	133.89720154	 78.18238068	100.66609192	132.56285095	 78.80882263	100.39335632	        -230	         232
 0.10000	131.87483215	 79.38591766	100.37061310	131.00021362	 80.58494568	100.58222198	        -231	         233
 0.10000	130.65728760	 81.35526276	100.89160156	130.48025513	 82.61410522	101.68588257	        -232	         234
 0.10000	130.42446899	 83.37170410	102.16432953	130.53073120	 84.58065796	103.04400635	        -233	         235
 0.10000	130.41624451	 85.41353607	103.35849762	129.95933533	 86.83190918	103.51879883	        -234	         236
 0.10000	129.76905823	 87.70798492	103.47842407	129.56681824	 89.15299988	103.13613129	        -235	         237
 0.10000	129.44685364	 90.02125549	102.94416046	129.30586243	 91.47499084	102.60810089	        -236	         238
 0.10000	128.95153809	 92.27872467	102.42301941	127.96969604	 93.36752319	102.11138916	        -237	         239
 0.10000	127.39691925	 94.05481720	102.18441010	126.47453308	 95.10300446	102.72937012	        -238	         240
 0.10000	126.07844543	 95.85746002	103.01116180	125.72325134	 97.24853516	103.44084167	        -239	         241
 0.10000	125.45031738	 98.07395172	103.66202545	124.89034271	 99.43298340	103.95367432	        -240	         242
 0.10000	124.78932190	100.30546570	104.13572693	125.00601196	101.75845337	104.43086243	        -241	         243
 0.10000	125.11483002	102.63999939	104.55364227	125.30393982	104.12067413	104.68271637	        -242	         244
 0.10000	125.34244537	105.01606750	104.66336060	125.26932526	106.49914551	104.46346283	        -243	         245
 0.10000	125.31856537	107.38682556	104.34675598	125.54265594	108.85269165	104.13181305	        -244	         246
 0.10000	125.70004272	109.73468018	104.08886719	126.00743103	111.20111847	104.11569214	        -245	         247
 0.10000	126.20485687	112.03444672	104.38377380	126.55469513	113.20845032	105.24722290	        -246	         248
 0.10000	126.63110352	113.99325562	105.67597961	126.55950928	115.37231445	106.25849915	        -247	         249
 0.10000	126.35956573	116.16363525	106.63192749	125.76174164	117.36730957	107.29527283	        -248	         250
 0.10000	125.37551880	118.15799713	107.47203827	124.66703033	119.47405243	107.36154938	        -249	         251
 0.10000	124.41677094	120.33328247	107.42630768	124.30531311	121.80738068	107.67207336	        -250	         252
 0.10000	124.21009064	122.65085602	107.96174622	124.04962158	123.95750427	108.67738342	        -251	         253
 0.10000	123.82752991	124.73645782	109.06190491	123.25577545	125.99613190	109.63731384	        -252	         254
 0.10000	122.92038727	126.75170898	109.98377228	122.35713959	128.01377869	110.56186676	        -253	         255
 0.10000	122.01146698	128.76277161	110.91291046	121.43562317	130.02255249	111.48442078	        -254	         256
 0.10000	120.94726562	130.65005493	111.89973450	119.91549683	131.42999268	112.65662384	        -255	         257
 0.10000	119.38394928	131.91510010	113.19266510	118.69136810	132.74382019	114.23184204	        -256	         258
 0.10000	118.05172729	133.10450745	114.74769592	116.71773529	133.42645264	115.35012054	        -257	         259
 0.10000	115.96115875	133.63301086	115.78564453	114.76684570	133.98464966	116.61968231	        -258	         260
 0.10000	113.96601105	134.14695740	116.99018097	112.53241730	134.27136230	117.40869141	        -259	         261
 0.10000	111.69542694	134.57324219	117.52238464	110.44583893	135.39744568	117.45569611	        -260	         262
 0.10000	109.66761017	135.82968140	117.34741974	108.35214233	136.47454834	117.03334045	        -261	         263
 0.10000	107.56089020	136.83944702	116.82154846	106.25331116	137.42184448	116.37846375	        -262	         264
 0.10000	105.41178131	137.71829224	116.28392792	103.95671844	138.05838013	116.39942932	        -263	         265
 0.10000	103.17437744	138.46549988	116.56689453	102.12252045	139.45201111	116.97591400	        -264	         266
 0.10000	101.49772644	139.91714478	117.42268372	100.53590393	140.43136597	118.45091248	        -265	         267
 0.10000	100.14350128	140.85282898	119.13977051	 99.80405426	141.63867188	120.37020111	        -266	         268
 0.10000	 99.82477570	142.14494324	121.11115265	100.24456024	142.95811462	122.29820251	        -267	         269
 0.10000	100.61375427	143.60177612	122.80320740	101.38294220	144.82197571	123.21023560	        -268	         270
 0.10000	101.96655273	145.47256470	123.41159058	103.11077118	146.42051697	123.60466003	        -269	         271
 0.10000	103.85619354	146.90588379	123.71773529	105.18766785	147.57141113	123.88862610	        -270	         272
 0.10000	106.04899597	147.80656433	123.97090149	107.54026794	147.89225769	124.08786774	        -271	         273
 0.10000	108.43290710	147.97532654	124.10858154	109.92446136	148.11546326	124.07730103	        -272	         274
 0.10000	110.78213501	148.35504150	123.96758270	112.06060028	149.06109619	123.63114929	        -273	         275
 0.10000	112.92430115	149.19667053	123.42795563	114.37203217	148.99729919	123.09496307	        -274	         276
 0.10000	115.18077087	148.65303040	122.91249084	116.32687378	147.71005249	122.70394135	        -275	         277
 0.10000	116.95003510	147.13951111	122.40200043	117.81143188	146.18089294	121.63751984	        -276	         278
 0.10000	118.34061432	145.61448669	121.18664551	119.22195435	144.67094421	120.42609406	        -277	         279
 0.10000	119.66030121	144.11251831	119.87740326	120.28088379	143.24130249	118.82753754	        -278	         280
 0.10000	120.42430878	142.64677429	118.17017365	120.18250275	141.60040283	117.12441254	        -279	         281
 0.10000	120.34819031	141.02749634	116.45275879	121.08996582	140.28729248	115.38069916	        -280	         282
 0.10000	121.30739594	139.66239929	114.77345276	121.33141327	138.42895508	113.92198944	        -281	         283
 0.10000	121.30231476	137.74597168	113.34043884	121.15010071	136.68632507	112.29167938	        -282	         284
 0.10000	121.05294800	136.05856323	111.65825653	120.86315918	135.01570129	110.59914398	        -283	         285
 0.10000	120.84667969	134.46528625	109.89114380	120.97192383	133.70295715	108.60720062	        -284	         286
 0.10000	121.04251099	133.24368286	107.84027100	121.16072845	132.48751831	106.55202484	        -285	         287
 0.10000	121.25114441	131.99906921	105.80516815	121.42104340	131.11260986	104.60897827	        -286	         288
 0.10000	121.66301727	130.65931702	103.87358856	122.28295898	130.05717468	102.64932251	        -287	         289
 0.10000	122.69646454	129.81956482	101.88948822	123.44959259	129.63296509	100.60748291	        -288	         290
 0.10000	123.92238617	129.62556458	 99.84535217	124.73609924	129.79450989	 98.59841919	        -289	         291
 0.10000	125.23509216	129.95967102	 97.87141418	126.12015533	130.34634399	 96.72560883	        -290	         292
 0.10000	126.44148254	130.65390015	 95.94631195	126.59766388	131.23886108	 94.57542419	        -291	         293
 0.10000	126.63471985	131.73779297	 93.83068085	126.58247375	132.80380249	 92.77861023	        -292	         294
 0.10000	126.43676758	133.33538818	 92.07060242	126.00296021	134.04042053	 90.82138062	        -293	         295
 0.10000	125.76220703	134.45127869	 90.06113434	125.38185120	135.10151672	 88.76557159	        -294	         296
 0.10000	125.09159088	135.54789734	 88.04332733	124.47370911	136.39691162	 86.97386932	        -295	         297
 0.10000	124.32168579	136.78645325	 86.17971039	124.45023346	137.18005371	 84.73941803	        -296	         298
 0.10000	124.46729279	137.45350647	 83.88521576	124.45977020	137.96990967	 82.47859955	        -297	         299
 0.10000	124.35746765	138.15689087	 81.60747528	124.02676392	138.26400757	 80.15002441	        -298	         300
 0.10000	123.85768127	138.30236816	 79.27040863	123.61306763	138.30728149	 77.79224396	        -299	         301
 0.10000	123.41858673	138.34103394	 76.91757965	123.04339600	138.46383667	 75.47212982	        -300	         302
 0.10000	122.70574951	138.41285706	 74.64286804	121.96189880	138.13815308	 73.37145233	        -301	         303
 0.10000	121.59119415	137.83509827	 72.61293030	121.09574890	137.09448242	 71.40811157	        -302	         304
 0.10000	120.83202362	136.64842224	 70.67599487	120.50386047	135.86981201	 69.43832397	        -303	         305
 0.10000	120.11569977	135.47235107	 68.73363495	119.20270538	134.95632935	 67.66297150	        -304	         306
 0.10000	118.54747772	134.69297791	 67.10881805	117.30184174	134.31359863	 66.36645508	        -305	         307
 0.10000	116.50126648	134.37385559	 65.96460724	115.21879578	134.96717834	 65.46508026	        -306	         308
 0.10000	114.40500641	135.14321899	 65.13034058	113.01900482	135.19111633	 64.56236267	        -307	         309
 0.10000	112.18886566	135.24349976	 64.22634888	110.79641724	135.34873962	 63.68279648	        -308	         310
 0.10000	110.01374054	135.37966919	 63.24581146	108.81571198	135.39279175	 62.34576035	        -309	         311
 0.10000	108.08128357	135.29524231	 61.83967590	106.85451508	134.96893311	 61.04299545	        -310	         312
 0.10000	106.10304260	134.74880981	 60.60412216	104.84512329	134.30836487	 59.91819000	        -311	         313
 0.10000	103.99460602	134.17013550	 59.66528320	102.50122070	134.13420105	 59.53911972	        -312	         314
 0.10000	101.62169647	134.29821777	 59.45750427	100.23859406	134.86625671	 59.34755707	        -313	         315
 0.10000	 99.43190002	135.24731445	 59.24020767	 98.14051056	135.96759033	 58.99149704	        -314	         316
 0.10000	 97.40688324	136.48725891	 58.98925018	 96.28718567	137.46173096	 59.20368958	        -315	           0
