 0.10000	 48.54735184	 23.54571533	 53.70153427	 49.36741638	 23.66157532	 52.45095825	           0	           2
 0.10000	 49.88315964	 23.60281944	 51.71592331	 50.74201965	 23.17785645	 50.56194687	          -1	           3
 0.10000	 51.32525635	 23.31947136	 49.89144516	 52.37866592	 24.02671623	 49.09145355	          -2	           4
 0.10000	 52.29795837	 24.83595848	 48.70613098	 51.17470932	 25.80775452	 48.91547775	          -3	           5
 0.10000	 50.29450607	 25.85399437	 48.73405457	 49.32372284	 24.78848457	 48.31908035	          -4	           6
 0.10000	 48.59673691	 24.53087044	 47.85542679	 47.54064560	 24.84209633	 46.83669281	          -5	           7
 0.10000	 46.90928268	 24.35032272	 46.42509842	 46.28931427	 22.98692703	 46.50672913	          -6	           8
 0.10000	 46.57079315	 22.15914154	 46.29365921	 47.91358185	 21.65808868	 45.85128021	          -7	           9
 0.10000	 48.64392853	 21.16467094	 45.66992569	 49.85024261	 20.32714653	 45.36466599	          -8	          10
 0.10000	 50.32670975	 19.64770508	 45.71265411	 50.31598282	 18.72512627	 46.89523315	          -9	          11
 0.10000	 50.39167786	 18.25253677	 47.65714645	 50.57045746	 17.77532768	 49.06779099	         -10	          12
 0.10000	 50.39765167	 17.21730042	 49.75213623	 49.71775436	 16.06007767	 50.42163467	         -11	          13
 0.10000	 49.27908707	 15.37256527	 50.80162811	 48.39907455	 14.26827908	 51.30738068	         -12	          14
 0.10000	 48.10567093	 13.46899986	 51.59848785	 48.26701355	 12.02818298	 51.98299026	         -13	          15
 0.10000	 47.63186264	 11.42907143	 52.20094299	 46.15856171	 11.56834316	 52.44576263	         -14	          16
 0.10000	 45.39699554	 11.63282394	 51.97074509	 45.02643585	 11.83370018	 50.53125763	         -15	          17
 0.10000	 44.70327377	 12.05419350	 49.72094345	 44.25331116	 12.61214066	 48.40335846	         -16	          18
 0.10000	 43.72218323	 12.81517220	 47.70590591	 42.70566559	 12.92592525	 46.60848618	         -17	          19
 0.10000	 41.82852173	 12.95677185	 46.80710602	 41.40642166	 12.90566158	 48.24549484	         -18	          20
 0.10000	 40.98174286	 12.69004059	 49.00880814	 40.24425507	 12.03576756	 50.13903427	         -19	          21
 0.10000	 40.05085373	 11.56837368	 50.88284683	 40.17853928	 10.73729610	 52.12467575	         -20	          22
 0.10000	 40.25397110	 10.08769703	 52.74214554	 40.34852982	  8.80372620	 53.51131821	         -21	          23
 0.10000	 40.72863770	  8.07821655	 53.88308334	 41.81542587	  7.12686062	 54.28694916	         -22	          24
 0.10000	 42.41275024	  6.45454025	 54.26524734	 43.34186554	  5.37291622	 53.80008698	         -23	          25
 0.10000	 43.60643005	  4.62961054	 53.36761856	 43.43270493	  3.50443792	 52.39113998	         -24	          26
 0.10000	 43.54294968	  2.66327238	 52.09112167	 43.70639420	  1.17574239	 52.19311142	         -25	          27
 0.10000	 44.48385239	  0.77845150	 51.97497940	 45.64361191	  1.63799429	 51.56736374	         -26	          28
 0.10000	 46.50832367	  1.56155694	 51.33006287	 47.61868668	  0.55905902	 51.22011948	         -27	          29
 0.10000	 48.35957718	  0.64224309	 50.71614075	 48.73119736	  1.77613521	 49.80724335	         -28	          30
 0.10000	 49.14995956	  2.23219204	 49.15427017	 49.95443344	  2.74879479	 47.99859238	         -29	          31
 0.10000	 50.40658951	  2.86930966	 47.23015594	 51.10434723	  2.68643141	 45.91510010	         -30	          32
 0.10000	 51.37714386	  2.69121075	 45.05764389	 51.78483200	  2.65935588	 43.61451721	         -31	          33
 0.10000	 51.32322693	  3.13508034	 43.00580215	 50.12670135	  3.91737056	 43.45997620	         -32	          34
 0.10000	 49.52824020	  4.58947611	 43.45200348	 49.01265335	  5.97939587	 43.22337341	         -33	          35
 0.10000	 48.17902374	  6.31596041	 43.18133926	 46.83982849	  5.64694738	 43.27576447	         -34	          36
 0.10000	 45.95310211	  5.55627632	 43.39945984	 44.50345230	  5.69840288	 43.75728607	         -35	          37
 0.10000	 43.65201950	  5.95678949	 43.89152145	 42.27405167	  6.54658556	 43.83504105	         -36	          38
 0.10000	 41.89631653	  7.27692890	 44.20085526	 41.89353561	  8.51839256	 45.04269791	         -37	          39
 0.10000	 42.28880692	  8.66467571	 45.83780670	 43.22407150	  7.87169313	 46.70177841	         -38	          40
 0.10000	 43.37123489	  6.99716997	 46.85516739	 42.94845963	  5.65799904	 46.32804489	         -39	          41
 0.10000	 42.27936935	  5.56322575	 45.73369217	 41.59426117	  6.83011532	 45.31463623	         -40	          42
 0.10000	 41.07861328	  7.18470621	 44.66787338	 40.75405502	  7.32469320	 43.21015930	         -41	          43
 0.10000	 40.61430740	  6.99229479	 42.38570404	 40.56402588	  5.76949501	 41.51847458	         -42	          44
 0.10000	 40.87924194	  5.32033396	 40.80531311	 41.83932495	  5.07928085	 39.67845154	         -43	          45
 0.10000	 42.53456116	  5.26392603	 39.13801575	 43.70525742	  6.10827208	 38.73056793	         -44	          46
 0.10000	 44.27896500	  6.68945026	 38.35329437	 44.93503571	  7.81120634	 37.60459137	         -45	          47
 0.10000	 45.43210602	  8.48661518	 37.27918243	 46.31519318	  9.60013676	 36.79991150	         -46	          48
 0.10000	 46.94303894	 10.21150589	 37.00372314	 47.79840088	 10.80836964	 38.08159256	         -47	          49
 0.10000	 48.42337418	 11.15292454	 38.62950134	 49.49261475	 11.66140366	 39.55031967	         -48	          50
 0.10000	 50.36573410	 11.72691250	 39.75791550	 51.83927155	 11.44888973	 39.72232437	         -49	          51
 0.10000	 52.25703812	 11.22533226	 38.95718002	 51.45574951	 10.94592094	 37.72037506	         -50	          52
 0.10000	 51.14867401	 11.33842182	 36.97123718	 50.90195847	 12.69622421	 36.38398743	         -51	          53
 0.10000	 50.69495010	 13.47095394	 35.97680664	 50.31411362	 14.77289867	 35.33751297	         -52	          54
 0.10000	 50.07945251	 15.56191921	 34.97590637	 49.68418503	 16.87314415	 34.36499405	         -53	          55
 0.10000	 49.39801025	 17.71453857	 34.22770309	 48.85852051	 19.10753822	 34.36069107	         -54	          56
 0.10000	 48.59390640	 19.93202400	 34.60455704	 48.51933670	 21.17239571	 35.44454956	         -55	          57
 0.10000	 47.79618454	 21.69421959	 35.32387543	 46.76929474	 21.19711494	 34.35003281	         -56	          58
 0.10000	 46.13069916	 21.30623817	 33.72542572	 45.45382309	 22.06816101	 32.62485504	         -57	          59
 0.10000	 44.63998413	 21.87697792	 32.29175568	 43.77032089	 20.76723289	 32.80365372	         -58	          60
 0.10000	 43.04361343	 20.25146484	 32.67829895	 41.82839966	 19.93272781	 31.85881424	         -59	          61
 0.10000	 41.43840408	 19.12185097	 31.84215546	 42.07342148	 17.99366188	 32.59967422	         -60	          62
 0.10000	 41.60387039	 17.23525429	 32.71906281	 40.26696396	 17.05868340	 32.06221008	         -61	          63
 0.10000	 39.54578781	 16.75211143	 32.50460434	 39.32749557	 16.60497284	 33.98126221	         -62	          64
 0.10000	 39.68796158	 16.22010040	 34.71046066	 41.00991821	 15.53973675	 34.90879440	         -63	          65
 0.10000	 41.44461823	 15.13103676	 35.58242798	 41.41327286	 14.78917217	 37.04253387	         -64	          66
 0.10000	 41.14982986	 14.34252262	 37.77800751	 40.14319992	 13.39664745	 38.36276627	         -65	          67
 0.10000	 40.17663193	 13.08197689	 39.20526505	 41.26385117	 13.40782070	 40.18594360	         -66	          68
 0.10000	 41.50716782	 13.39112091	 41.05218124	 41.18186951	 13.05605316	 42.47762680	         -67	          69
 0.10000	 41.31117630	 13.25438309	 43.34584808	 41.76540756	 14.23248005	 44.38840866	         -68	          70
 0.10000	 42.48350906	 14.35230637	 44.91739655	 43.83897781	 13.73664761	 45.10068130	         -69	          71
 0.10000	 44.67503738	 13.46625137	 45.29473877	 46.03764725	 12.93180466	 45.62273026	         -70	          72
 0.10000	 46.91247177	 13.07156181	 45.78074646	 48.02278137	 14.07103252	 45.91563416	         -71	          73
 0.10000	 48.88161087	 14.33360863	 45.97336578	 50.36194611	 14.12467861	 46.09564972	         -72	          74
 0.10000	 51.14704514	 14.46244812	 45.81388474	 51.76886368	 15.41038322	 44.83172226	         -73	          75
 0.10000	 52.10559845	 16.23204613	 44.68562317	 52.24068069	 17.63477325	 45.19937515	         -74	          76
 0.10000	 52.59949875	 18.42709541	 45.42998886	 53.59037781	 19.49485207	 45.78744888	         -75	          77
 0.10000	 53.89767456	 20.32813072	 45.93226624	 53.70110321	 21.81454277	 45.88975906	         -76	          78
 0.10000	 54.30128860	 22.36329269	 46.27512360	 55.45949936	 21.70659065	 46.96601486	         -77	          79
 0.10000	 56.11981583	 22.20236588	 47.32404709	 56.09931183	 23.69125557	 47.50496674	         -78	          80
 0.10000	 56.68359375	 24.18225288	 47.02798080	 57.37285995	 23.42802620	 45.92979050	         -79	          81
 0.10000	 58.17881012	 23.68722916	 45.62467957	 59.07359695	 24.77312469	 46.14434814	         -80	          82
 0.10000	 59.58301926	 25.44158936	 46.46595001	 59.94263458	 26.66343307	 47.25821304	         -81	          83
 0.10000	 60.80478287	 26.92151642	 47.25896835	 61.85638809	 26.07367897	 46.60686493	         -82	          84
 0.10000	 62.03694153	 25.70431519	 45.80632019	 61.17120361	 25.41631317	 44.61572647	         -83	          85
 0.10000	 60.83077240	 25.69273949	 43.82991409	 60.70625687	 26.86448288	 42.90180969	         -84	          86
 0.10000	 60.12891388	 27.36388016	 42.42528534	 58.72269058	 27.75991821	 42.08535767	         -85	          87
 0.10000	 57.83366776	 27.68549728	 41.96786880	 56.46884155	 27.06397057	 41.99559021	         -86	          88
 0.10000	 55.85788727	 26.42731285	 42.17215729	 55.47450638	 25.06945610	 42.68111420	         -87	          89
 0.10000	 55.02701950	 24.37628174	 43.04032516	 54.25954819	 23.37866592	 43.85617447	         -88	          90
 0.10000	 53.38561630	 23.16734695	 43.81874084	 52.33541107	 23.75112724	 42.92084503	         -89	          91
 0.10000	 51.48263931	 23.89993286	 42.67498016	 49.99959183	 23.69241714	 42.76128769	         -90	          92
 0.10000	 49.40849304	 24.34125710	 42.56300354	 49.80301285	 25.73319244	 42.16779709	         -91	          93
 0.10000	 49.79721451	 26.57504272	 41.85211945	 49.65500641	 27.91858292	 41.20186615	         -92	          94
 0.10000	 49.48994064	 28.75383759	 40.91471863	 49.08488846	 30.16331100	 40.60354614	         -93	          95
 0.10000	 48.77098083	 30.98302841	 40.41281128	 48.12761307	 32.30047989	 40.09976578	         -94	          96
 0.10000	 47.68454742	 33.06999969	 39.96183395	 46.90634918	 34.34357834	 39.81792831	         -95	          97
 0.10000	 46.19666672	 34.89125061	 39.74687958	 44.71970749	 35.14448547	 39.68556976	         -96	          98
 0.10000	 44.11394882	 35.80805969	 39.63954926	 43.85689926	 37.28556061	 39.66301727	         -97	          99
 0.10000	 43.97641373	 38.13097382	 39.37900543	 44.81739044	 39.05792236	 38.55238724	         -98	         100
 0.10000	 44.86571884	 39.84472656	 38.11849976	 44.27188873	 41.13194656	 37.62841034	         -99	         101
 0.10000	 43.80116272	 41.85413742	 37.37076950	 42.82932663	 42.92841339	 36.98197174	        -100	         102
 0.10000	 42.04945755	 43.36474228	 37.08710480	 40.76053619	 43.78532028	 37.72865677	        -101	         103
 0.10000	 40.14860535	 43.28044510	 38.15353775	 40.16789627	 41.79141998	 38.33317566	        -102	         104
 0.10000	 40.38019562	 41.06693268	 38.82282257	 41.27260590	 40.34403992	 39.78759766	        -103	         105
 0.10000	 41.44824600	 40.33957291	 40.67015839	 41.09256363	 41.18115616	 41.85970688	        -104	         106
 0.10000	 40.74607086	 41.46071625	 42.64163589	 39.84313202	 41.74219513	 43.80574799	        -105	         107
 0.10000	 39.45888138	 41.55648804	 44.59782028	 39.21210098	 40.74154282	 45.83256912	        -106	         108
 0.10000	 38.89714432	 40.08023834	 46.35503769	 38.24031448	 38.77598572	 46.69711304	        -107	         109
 0.10000	 37.86771774	 38.00535202	 46.97378922	 37.16300201	 36.77773285	 47.46958160	        -108	         110
 0.10000	 37.15431976	 35.91238022	 47.71592712	 37.90352631	 34.64258575	 47.99172974	        -109	         111
 0.10000	 37.97795105	 33.74591064	 47.99839783	 37.52479935	 32.34851074	 47.69565582	        -110	         112
 0.10000	 37.45224762	 31.45511818	 47.61577988	 37.40928268	 29.95712662	 47.55205536	        -111	         113
 0.10000	 37.95695496	 29.26382446	 47.72320938	 39.38475800	 29.23669434	 48.18199158	        -112	         114
 0.10000	 39.83935547	 28.51577187	 48.47094727	 39.42378616	 27.08890152	 48.67391586	        -113	         115
 0.10000	 39.32078934	 26.20536804	 48.81000900	 39.25114441	 24.71710968	 48.98316193	        -114	         116
 0.10000	 38.94995117	 23.88308907	 49.13616562	 38.16887665	 22.62528229	 49.37627792	        -115	         117
 0.10000	 37.42523575	 22.26718330	 49.73468399	 36.13654709	 22.57583809	 50.43738937	        -116	         118
 0.10000	 35.43302536	 22.75412560	 50.96920776	 34.45854187	 23.08415222	 52.06062698	        -117	         119
 0.10000	 33.86990738	 23.64245605	 52.44995499	 33.14278793	 24.95349121	 52.49776459	        -118	         120
 0.10000	 32.70629883	 25.70580864	 52.72868347	 31.82833099	 26.78264046	 53.29394150	        -119	         121
 0.10000	 32.13982391	 27.55230522	 53.64118195	 33.62718582	 27.72791672	 53.72367859	        -120	         122
 0.10000	 33.97764206	 28.53534508	 53.91115952	 33.19214630	 29.77176285	 54.23383331	        -121	         123
 0.10000	 32.95153046	 30.58143806	 53.92347717	 32.75814438	 31.35061836	 52.65038681	        -122	         124
 0.10000	 33.06326294	 32.11458969	 52.28564072	 34.06479645	 33.20336151	 52.53313065	        -123	         125
 0.10000	 34.72629547	 33.76935959	 52.76050949	 35.88486099	 34.35337830	 53.51313782	        -124	         126
 0.10000	 36.56259155	 34.94365692	 53.46940231	 37.25793076	 35.93689728	 52.58636093	        -125	         127
 0.10000	 37.83171082	 36.58973694	 52.35351944	 38.97143936	 37.55192947	 52.19529343	        -126	         128
 0.10000	 39.18641663	 38.28490829	 52.67110825	 38.52408981	 38.84997177	 53.89251328	        -127	         129
 0.10000	 38.20115662	 39.37161255	 54.55070496	 37.71998215	 40.37980652	 55.55150223	        -128	         130
 0.10000	 37.09601974	 40.87262726	 55.97265625	 35.68703079	 41.31636810	 56.23238754	        -129	         131
 0.10000	 34.93046188	 41.78995132	 56.34556198	 33.80779266	 42.77858353	 56.45435333	        -130	         132
 0.10000	 33.31698227	 43.49503326	 56.21894836	 32.68657303	 44.64905548	 55.49740219	        -131	         133
 0.10000	 33.20259094	 45.17940521	 54.98516846	 34.66075134	 44.84982681	 54.86271286	        -132	         134
 0.10000	 35.53987503	 44.79274368	 54.67946625	 37.02662277	 44.72331238	 54.49384308	        -133	         135
 0.10000	 37.72163010	 44.54481888	 53.95088196	 38.24682236	 44.12345505	 52.61060715	        -134	         136
 0.10000	 38.34072113	 43.81196213	 51.77168274	 37.79532623	 43.30250168	 50.47060776	        -135	         137
 0.10000	 38.22489548	 42.90340042	 49.78790283	 39.63997650	 42.43738174	 49.61406708	        -136	         138
 0.10000	 40.49037552	 42.54660797	 49.34077835	 41.49978638	 43.59066391	 48.96533966	        -137	         139
 0.10000	 42.29236603	 43.32226562	 48.63431168	 42.61354446	 41.87514496	 48.40513229	        -138	         140
 0.10000	 42.79209137	 40.99383926	 48.43816757	 42.75421906	 39.54764938	 48.83403015	        -139	         141
 0.10000	 42.89194107	 38.73913193	 49.20411682	 43.11054230	 37.53906250	 50.07695389	        -140	         142
 0.10000	 43.86994171	 37.15474701	 50.36930847	 45.29241943	 37.57687759	 50.14989471	        -141	         143
 0.10000	 46.19095612	 37.52997589	 50.15670776	 47.63183975	 37.13550568	 50.29021454	        -142	         144
 0.10000	 48.50740814	 36.92830276	 50.28193665	 49.93881989	 36.68006897	 49.90879059	        -143	         145
 0.10000	 50.60329437	 36.32569504	 50.40149307	 50.84239578	 35.83166122	 51.79740906	        -144	         146
 0.10000	 50.18531799	 35.61902237	 52.37438202	 48.77909470	 35.60483551	 51.85253906	        -145	         147
 0.10000	 48.17641830	 36.23055649	 52.08730698	 48.51432800	 37.60021591	 52.59693146	        -146	         148
 0.10000	 48.66643143	 37.80837631	 53.45916748	 48.92903137	 36.71258926	 54.44919968	        -147	         149
 0.10000	 48.69684982	 36.57881546	 55.30823898	 47.73547363	 37.04138947	 56.36252594	        -148	         150
 0.10000	 47.46238708	 37.72715378	 56.87720108	 47.66324615	 39.21166611	 56.95250320	        -149	         151
 0.10000	 47.56930161	 39.82040405	 57.60858154	 47.14590073	 39.72090149	 59.04408646	        -150	         152
 0.10000	 47.26641083	 40.28202438	 59.73720932	 47.95251465	 41.60273361	 59.92360687	        -151	         153
 0.10000	 48.39918137	 42.27558899	 60.32032776	 49.34587479	 43.14564896	 61.09270477	        -152	         154
 0.10000	 49.39287949	 43.53976440	 61.90028000	 48.66352081	 43.58412933	 63.21018982	        -153	         155
 0.10000	 47.90905762	 43.68969727	 63.68913269	 46.43025208	 43.66923523	 63.93941879	        -154	         156
 0.10000	 45.88407516	 44.08135223	 63.35480118	 46.51648331	 44.62423706	 62.10774231	        -155	         157
 0.10000	 46.63553619	 45.31573486	 61.54437637	 46.67049408	 46.77109528	 61.18325806	        -156	         158
 0.10000	 46.56985474	 47.62620544	 60.92219925	 46.18585587	 49.01262283	 60.49801636	        -157	         159
 0.10000	 45.91837692	 49.84515762	 60.28604507	 45.45158386	 51.26864243	 60.21134567	        -158	         160
 0.10000	 45.03097153	 51.74958038	 59.57764816	 44.66456223	 51.50795746	 58.14331436	        -159	         161
 0.10000	 43.99179840	 51.13058853	 57.67984390	 42.81373978	 50.25387573	 57.98541260	        -160	         162
 0.10000	 42.02388382	 49.84465408	 58.12076569	 40.74040222	 49.14717484	 58.46136093	        -161	         163
 0.10000	 39.91344452	 49.48509979	 58.57032776	 39.50355911	 50.92771530	 58.54364395	        -162	         164
 0.10000	 39.00496292	 51.60809708	 58.23035431	 37.99592972	 52.28168106	 57.34835815	        -163	         165
 0.10000	 37.88662338	 52.72276306	 56.57172012	 38.45948029	 53.11600876	 55.24243546	        -164	         166
 0.10000	 39.20767975	 53.42527008	 54.84962463	 40.56570816	 53.93984222	 55.22498322	        -165	         167
 0.10000	 41.36537933	 53.53133774	 55.28421783	 41.80779266	 52.11201859	 55.48379898	        -166	         168
 0.10000	 41.95353699	 51.59163284	 54.76417542	 41.56253815	 52.09669113	 53.40703201	        -167	         169
 0.10000	 41.46380615	 52.31795883	 52.54046249	 41.34046555	 52.78721619	 51.12122345	        -168	         170
 0.10000	 41.60690689	 53.16544342	 50.34946823	 42.57390213	 53.87644196	 49.44997025	        -169	         171
 0.10000	 43.05260086	 54.23487854	 48.77766418	 43.91739273	 54.70638657	 47.64644623	        -170	         172
 0.10000	 43.76490402	 54.92388153	 46.78661728	 42.59792709	 54.86454010	 45.84614944	        -171	         173
 0.10000	 41.75821304	 55.11621857	 45.64308929	 40.43852997	 55.54892349	 46.20970535	        -172	         174
 0.10000	 40.15155029	 56.40129471	 46.23985672	 41.01434326	 57.56958389	 45.86489487	        -173	         175
 0.10000	 41.06327438	 58.44684219	 45.67047882	 40.69795609	 59.82628250	 45.20839691	        -174	         176
 0.10000	 40.09704971	 60.37480927	 45.59302902	 39.23736954	 59.84719086	 46.70324707	        -175	         177
 0.10000	 38.94009781	 60.49564743	 47.25186539	 39.44102097	 61.89172745	 47.02865219	        -176	         178
 0.10000	 39.52651978	 62.78681946	 46.99510956	 39.46092606	 64.27427673	 46.81377029	        -177	         179
 0.10000	 39.46118546	 65.15415955	 47.00177765	 39.45627213	 66.37988281	 47.86623001	        -178	         180
 0.10000	 39.62945557	 67.25442505	 47.98720551	 40.22731781	 68.59654236	 47.68551254	        -179	         181
 0.10000	 40.27653885	 69.21343994	 47.03225708	 39.85018158	 69.40439606	 45.60696030	        -180	         182
 0.10000	 39.61664963	 69.62171173	 44.76564026	 39.37336349	 70.16297913	 43.38810349	        -181	         183
 0.10000	 38.73955536	 69.88170624	 42.81454086	 37.70880890	 68.84307861	 43.14436340	        -182	         184
 0.10000	 37.26931381	 68.11628723	 42.84722137	 37.09846115	 66.98604584	 41.87611389	        -183	         185
 0.10000	 36.96688080	 66.30788422	 41.29965973	 36.48853302	 65.23161316	 40.37090302	        -184	         186
 0.10000	 37.09358597	 64.79895782	 39.86429596	 38.52813339	 65.23686218	 39.85155869	        -185	         187
 0.10000	 39.24196243	 65.32490540	 40.39238739	 39.38109970	 65.30323792	 41.88569260	        -186	         188
 0.10000	 39.91902161	 65.29866791	 42.60704803	 41.05052185	 65.21384430	 43.58806610	        -187	         189
 0.10000	 41.88752747	 65.35387421	 43.28860855	 42.06173325	 65.61079407	 41.82112885	        -188	         190
 0.10000	 42.35868073	 65.95427704	 41.04428482	 42.63554001	 66.88682556	 39.90259552	        -189	         191
 0.10000	 43.43136215	 66.98468018	 39.49408722	 44.62015915	 66.17578888	 39.92109680	        -190	         192
 0.10000	 45.51049423	 66.24719238	 39.81140137	 46.45829010	 67.26650238	 39.25225830	        -191	         193
 0.10000	 47.33498383	 67.22245789	 39.05309677	 48.29156494	 66.07131195	 38.95260620	        -192	         194
 0.10000	 49.08866119	 66.09662628	 39.37067413	 49.58669281	 67.15618134	 40.30879593	        -193	         195
 0.10000	 50.08211517	 67.57513428	 40.93516159	 51.00823975	 68.03864288	 42.02099228	        -194	         196
 0.10000	 51.48007965	 68.37015533	 42.71532059	 52.00785828	 69.18789673	 43.85743332	        -195	         197
 0.10000	 52.54698944	 69.14884949	 44.57983017	 53.12703705	 68.87292480	 45.93571091	        -196	         198
 0.10000	 52.83738708	 68.66027832	 46.76153183	 51.44984436	 68.11264038	 46.91987991	        -197	         199
 0.10000	 50.74521637	 68.59975433	 47.19663239	 50.89369965	 70.02965546	 47.62472153	        -198	         200
 0.10000	 50.53668594	 70.64529419	 47.07332611	 49.90991974	 70.26201630	 45.76549530	        -199	         201
 0.10000	 50.28277969	 69.87048340	 45.04547501	 51.53942871	 69.14280701	 44.66880035	        -200	         202
 0.10000	 52.02915573	 68.42292023	 44.43571091	 52.93907166	 68.17036438	 43.27004623	        -201	         203
 0.10000	 53.35880661	 68.61164856	 42.60656357	 53.69254303	 70.05812836	 42.39027023	        -202	         204
 0.10000	 53.69986725	 70.94027710	 42.57006836	 53.25077820	 72.36526489	 42.70335770	        -203	         205
 0.10000	 53.00818634	 73.23045349	 42.75193024	 52.52311325	 74.64952087	 42.72478104	        -204	         206
 0.10000	 52.61534119	 75.53182983	 42.87478256	 53.23645401	 76.83467865	 43.28277206	        -205	         207
 0.10000	 54.01350784	 77.06479645	 43.67377090	 55.14518738	 76.13848877	 44.00697327	        -206	         208
 0.10000	 55.73548889	 76.27111053	 44.67312241	 55.71617889	 77.37084198	 45.69287109	        -207	         209
 0.10000	 56.15230179	 77.68216705	 46.41578293	 57.26260757	 77.54781342	 47.41521835	        -208	         210
 0.10000	 57.88467026	 77.67443085	 48.05282593	 58.72744751	 78.38092041	 49.07278824	        -209	         211
 0.10000	 59.36435318	 77.90578461	 49.49517441	 59.41774750	 76.47718811	 49.04096985	        -210	         212
 0.10000	 59.96049118	 75.82653809	 49.34405899	 61.06589508	 75.53412628	 50.31482315	        -211	         213
 0.10000	 61.44765472	 76.05179596	 50.94424820	 60.93692017	 77.42842102	 51.25098038	        -212	         214
 0.10000	 61.39916992	 78.16823578	 51.47168732	 62.86963272	 78.46178436	 51.50815201	        -213	         215
 0.10000	 63.55518341	 79.03550720	 51.60988617	 64.31366730	 80.31400299	 51.80883789	        -214	         216
 0.10000	 64.53092194	 81.16410828	 52.00730896	 64.28256226	 82.57521820	 52.45081329	        -215	         217
 0.10000	 64.54067230	 83.41811371	 52.63031769	 65.45060730	 84.60465240	 52.74649811	        -216	         218
 0.10000	 66.16712189	 85.14541626	 52.80470657	 67.50238800	 85.82625580	 52.86077499	        -217	         219
 0.10000	 68.34981537	 85.52497101	 52.83059692	 68.90400696	 84.14328766	 52.64731598	        -218	         220
 0.10000	 69.40674591	 83.41231537	 52.79668427	 70.31978607	 82.41793060	 53.45021057	        -219	         221
 0.10000	 70.54497528	 81.60694885	 53.76784134	 70.60943604	 80.16836548	 54.18731689	        -220	         222
 0.10000	 69.87547302	 79.64779663	 54.19329834	 68.55400085	 80.21289825	 53.76421738	        -221	         223
 0.10000	 67.69294739	 80.38028717	 53.56421280	 66.27161407	 80.78849030	 53.31370926	        -222	         224
 0.10000	 65.46894073	 80.49003601	 53.03758621	 64.61193848	 79.40328217	 52.45944214	        -223	         225
 0.10000	 64.64099121	 78.50454712	 52.49180984	 65.69611359	 77.69285583	 53.18291473	        -224	         226
 0.10000	 65.83094788	 76.80324554	 53.18671799	 65.02474213	 75.67102051	 52.62284088	        -225	         227
 0.10000	 65.40818787	 74.92858124	 52.28914261	 66.87769318	 74.71379089	 52.07925415	        -226	         228
 0.10000	 67.68953705	 74.33267975	 52.15130997	 68.92801666	 73.80632019	 52.81385040	        -227	         229
 0.10000	 69.17234039	 72.95462036	 52.65699005	 68.36508942	 71.92771149	 51.91971588	        -228	         230
 0.10000	 67.83631134	 72.09296417	 51.21059418	 67.61860657	 73.55673981	 50.96626282	        -229	         231
 0.10000	 67.45314026	 73.80005646	 50.11581421	 67.51327515	 72.84819794	 48.95820999	        -230	         232
 0.10000	 67.53084564	 72.37963867	 48.19021606	 67.80579376	 71.73100281	 46.86600494	        -231	         233
 0.10000	 67.31265259	 71.04925537	 46.54667282	 66.18660736	 70.41845703	 47.31082535	        -232	         234
 0.10000	 65.45307922	 70.38327026	 47.83069611	 64.45229340	 71.09951782	 48.68801117	        -233	         235
 0.10000	 64.15291595	 71.44668579	 49.46218872	 64.21002197	 72.06528473	 50.82737732	        -234	         236
 0.10000	 64.54696655	 71.77766418	 51.61062622	 65.22740173	 70.48735809	 51.95959473	        -235	         237
 0.10000	 65.95053101	 70.07841492	 52.30500793	 67.39271545	 70.14682007	 52.71111298	        -236	         238
 0.10000	 67.98556519	 69.69511414	 53.21509933	 68.53279114	 68.82169342	 54.30474854	        -237	         239
 0.10000	 69.36306763	 68.70979309	 54.63287354	 70.65187836	 68.83820343	 55.38939667	        -238	         240
 0.10000	 71.46710205	 68.63352203	 55.06784439	 71.72747803	 68.21242523	 53.65195847	        -239	         241
 0.10000	 71.22756958	 67.77249146	 53.04666138	 69.86222076	 67.17170715	 53.20375824	        -240	         242
 0.10000	 69.11599731	 67.64681244	 53.36882782	 69.17223358	 69.13207245	 53.57030869	        -241	         243
 0.10000	 68.87570953	 69.87813568	 53.97660065	 67.99898529	 70.98593140	 54.48027039	        -242	         244
 0.10000	 67.24836731	 71.23011017	 54.91204453	 65.99751282	 70.60588074	 55.45558929	        -243	         245
 0.10000	 65.55256653	 69.83517456	 55.58839035	 65.69161987	 68.39558411	 55.19068527	        -244	         246
 0.10000	 65.87273407	 67.57567596	 55.51415634	 66.47225952	 66.67534637	 56.55323029	        -245	         247
 0.10000	 66.45029449	 66.68720245	 57.45269394	 65.90013123	 67.78981781	 58.30782318	        -246	         248
 0.10000	 65.47946167	 67.85360718	 59.10065079	 64.67362213	 67.07428741	 60.09712601	        -247	         249
 0.10000	 64.86023712	 66.62776184	 60.85572433	 66.08588409	 65.99329376	 61.44304657	        -248	         250
 0.10000	 66.55105591	 66.42655182	 62.07995224	 66.35143280	 67.88310242	 62.37707520	        -249	         251
 0.10000	 65.72151947	 68.42700195	 62.71924210	 64.26496124	 68.16776276	 62.96597290	        -250	         252
 0.10000	 63.55144882	 68.51871490	 63.38709259	 63.02348709	 69.54135895	 64.34888458	        -251	         253
 0.10000	 62.56247330	 70.27947235	 64.57717133	 62.00075150	 71.64962769	 64.33879089	        -252	         254
 0.10000	 61.16171265	 71.94513702	 64.20299530	 59.83692932	 71.24338531	 64.15645599	        -253	         255
 0.10000	 59.15192795	 70.89017487	 63.69210052	 58.55109406	 70.32472992	 62.43952942	        -254	         256
 0.10000	 58.22753906	 70.14647675	 61.61914825	 57.86627579	 70.20718384	 60.16474533	        -255	         257
 0.10000	 57.69414520	 69.98220062	 59.31077576	 57.72369385	 69.17052460	 58.04983139	        -256	         258
 0.10000	 57.13386536	 69.06722260	 57.37814331	 55.75498199	 69.59675598	 57.11742783	        -257	         259
 0.10000	 54.94569016	 69.87242889	 56.83721161	 53.57978439	 70.35230255	 56.44547653	        -258	         260
 0.10000	 52.97860336	 70.69810486	 55.87251663	 52.54040909	 71.28448486	 54.56355667	        -259	         261
 0.10000	 52.31250000	 71.52581024	 53.72761154	 51.99895859	 71.71603394	 52.27337265	        -260	         262
 0.10000	 52.20116043	 71.83760071	 51.40525436	 53.13548660	 72.02317047	 50.24680328	        -261	         263
 0.10000	 53.66377640	 71.95507050	 49.52182388	 54.56810379	 71.63291931	 48.36944962	        -262	         264
 0.10000	 54.97927475	 71.11997986	 47.75510025	 55.18188477	 69.74590302	 47.18893433	        -263	         265
 0.10000	 55.71860886	 69.50937653	 46.50653458	 56.71670151	 70.30393219	 45.71771622	        -264	         266
 0.10000	 56.88122177	 70.84789276	 45.02010345	 56.47417068	 71.93985748	 44.07579803	        -265	         267
 0.10000	 55.85327148	 71.83880615	 43.43235397	 55.16517639	 70.52121735	 43.23185730	        -266	         268
 0.10000	 54.34445190	 70.15314484	 43.25668335	 52.85195923	 70.24507141	 43.37375259	        -267	         269
 0.10000	 51.97671127	 70.31845093	 43.17856598	 50.53720856	 70.61516571	 42.87936401	        -268	         270
 0.10000	 50.00819016	 70.84609222	 42.18906403	 50.09769058	 71.19651031	 40.73347855	        -269	         271
 0.10000	 50.19153976	 71.25086975	 39.84041977	 50.59419632	 71.05532837	 38.40901566	        -270	         272
 0.10000	 50.79312897	 70.96498108	 37.53649902	 51.17965317	 70.86120605	 36.09111404	        -271	         273
 0.10000	 51.04250717	 70.63369751	 35.23162460	 50.26226807	 70.05587769	 34.08847427	        -272	         274
 0.10000	 49.76160049	 69.75283813	 33.40509415	 48.95065308	 69.05313110	 32.35509872	        -273	         275
 0.10000	 48.27496338	 69.47631073	 31.93780518	 47.90951538	 70.88388062	 32.30522156	        -274	         276
 0.10000	 47.68869019	 71.75582123	 32.32673645	 47.56000137	 73.24953461	 32.28575134	        -275	         277
 0.10000	 47.34796906	 74.08038330	 32.01325607	 47.08831024	 75.28411865	 31.15685463	        -276	         278
 0.10000	 46.28257370	 75.56211090	 30.86816216	 44.93123627	 74.92275238	 30.99044228	        -277	         279
 0.10000	 44.47866440	 74.36586761	 31.53351212	 45.00751495	 73.51412201	 32.64918137	        -278	         280
 0.10000	 44.73522186	 73.32785797	 33.48637390	 43.69533539	 73.75536346	 34.47904587	        -279	         281
 0.10000	 43.16928101	 74.08800507	 35.12849426	 42.47608566	 74.93083954	 36.15720367	        -280	         282
 0.10000	 41.81727219	 75.17007446	 36.72072220	 40.49361801	 75.10442352	 37.42247772	        -281	         283
 0.10000	 39.71782303	 75.07417297	 37.87596893	 38.43244553	 74.97868347	 38.64244843	        -282	         284
 0.10000	 37.66143799	 74.87921143	 39.09453583	 36.39762878	 74.48096466	 39.79696274	        -283	         285
 0.10000	 35.69569397	 74.77574921	 40.27635956	 34.84263611	 75.81990051	 40.93338394	        -284	         286
 0.10000	 35.00109863	 76.69042969	 41.09702301	 36.17179108	 77.54044342	 40.70109177	        -285	         287
 0.10000	 37.04367447	 77.75380707	 40.63810730	 38.48655701	 77.35900116	 40.74686813	        -286	         288
 0.10000	 39.31954956	 77.01889038	 40.73647308	 40.70064545	 76.44638824	 40.61542892	        -287	         289
 0.10000	 40.84054184	 75.55752563	 40.61913300	 39.70204544	 74.58972931	 40.74993134	        -288	         290
 0.10000	 39.13268661	 73.89326477	 40.72920227	 38.32881165	 72.64176941	 40.53639603	        -289	         291
 0.10000	 37.46207047	 72.41112518	 40.46438599	 36.16303253	 73.15777588	 40.53325653	        -290	         292
 0.10000	 35.30833054	 73.21410370	 40.25747299	 34.29927063	 72.76983643	 39.24047089	        -291	         293
 0.10000	 33.40922546	 72.68134308	 39.33920288	 32.53032303	 72.86206818	 40.54116058	        -292	         294
 0.10000	 31.91308403	 72.99667358	 41.18196869	 30.90602875	 73.09881592	 42.28888702	        -293	         295
 0.10000	 30.46574593	 73.79623413	 42.64897537	 30.58155441	 75.27708435	 42.44050217	        -294	         296
 0.10000	 30.32575417	 75.98606873	 41.94883728	 29.71830940	 76.63674164	 40.74160004	        -295	         297
 0.10000	 29.32410622	 76.27243042	 40.01936340	 29.10871887	 74.81359863	 39.74532700	        -296	         298
 0.10000	 28.98228836	 73.97417450	 39.44717789	 29.02001953	 72.56064606	 38.94710159	        -297	         299
 0.10000	 28.60858154	 71.79103088	 38.72770309	 27.40009117	 70.92743683	 38.51900101	        -298	         300
 0.10000	 26.61572647	 70.51069641	 38.66322708	 25.25321198	 70.21939850	 39.21868896	        -299	         301
 0.10000	 24.71275139	 69.53520203	 39.44140625	 24.54604340	 68.09423065	 39.82289886	        -300	         302
 0.10000	 24.64831734	 67.43309784	 39.22093201	 25.02060699	 67.52662659	 37.77092361	        -301	         303
 0.10000	 25.42747307	 68.22783661	 37.38027191	 25.49774933	 69.41049957	 38.30021286	        -302	         304
 0.10000	 26.20483971	 69.91516876	 38.06506729	 27.32886505	 69.42756653	 37.19976425	        -303	         305
 0.10000	 27.23567581	 69.17292786	 36.34165192	 25.90876389	 69.09623718	 35.64641953	        -304	         306
 0.10000	 25.09667587	 68.71235657	 35.59177780	 24.21335220	 67.80496979	 36.39564133	        -305	         307
 0.10000	 23.36124992	 67.59738159	 36.59722137	 21.95246315	 68.02567291	 36.31124496	        -306	         308
 0.10000	 21.26931763	 67.70776367	 36.80336380	 21.39810944	 66.75605011	 37.95552444	        -307	         309
 0.10000	 21.55783653	 66.21101379	 38.65356445	 22.40122986	 65.51289368	 39.67890549	        -308	         310
 0.10000	 22.08524513	 64.87332916	 40.22745132	 20.66574860	 64.38865662	 40.22668457	        -309	         311
 0.10000	 19.91047287	 63.91166687	 40.33528137	 18.78848267	 62.93181992	 40.51059341	        -310	         312
 0.10000	 17.97796440	 62.54896545	 40.58906174	 16.52799797	 62.16587448	 40.61441040	        -311	         313
 0.10000	 15.67857838	 62.39051056	 40.80897522	 14.85586739	 63.51486206	 41.36466217	        -312	         314
 0.10000	 13.98285294	 63.72064972	 41.43770599	 12.68713093	 63.08921432	 41.02268600	        -313	         315
 0.10000	 11.85792160	 63.40838623	 41.16553497	 11.25970459	 64.61684418	 41.82247925	        -314	         316
 0.10000	 11.02043152	 65.37847137	 42.23773575	 10.93764114	 66.69040680	 42.96004868	        -315	           0
