79
38
-1
78
78
79
81
79
78
65
78
79
78
78
79
77
79
-1
79
-1
79
-1
79
275
-1
263
59
78
263
79
57
262
78
79
78
78
79
-1
79
79
106
80
64
74
79
77
79
74
63
78
79
78
78
79
78
79
270
78
78
-1
79
79
79
78
79
33
79
79
64
78
296
84
270
75
79
59
76
-1
78
78
78
78
78
78
80
213
79
78
-1
78
79
-1
78
78
81
-1
79
79
78
39
-1
78
76
78
78
78
78
79
73
78
78
78
79
-1
78
69
78
79
-1
1
79
79
78
79
-1
78
81
79
-1
75
78
-1
-1
79
-1
-1
-1
-1
253
78
-1
79
77
78
79
78
77
79
78
95
78
79
81
78
79
79
78
-1
79
77
-1
78
98
79
79
74
-1
78
-1
79
79
79
75
78
78
87
78
-1
78
78
-1
80
82
79
78
256
79
265
88
79
-1
285
78
78
-1
-1
78
80
78
79
78
-1
-1
78
79
78
79
-1
79
78
78
65
78
79
79
52
-1
287
93
255
103
79
79
261
78
79
78
78
80
78
78
78
79
-1
79
-1
78
81
78
85
4
80
76
79
78
81
79
258
84
78
78
78
78
80
79
-1
78
-1
79
-1
78
-1
-1
76
104
79
79
78
79
79
78
78
79
-1
79
79
77
61
-1
78
80
77
79
81
252
78
78
77
78
240
225
233
78
78
79
78
79
93
78
84
64
78
-1
55
77
271
78
-1
79
-1
-1
-1
-1
81
85
-1
79
-1
83
79
78
78
-1
78
79
79
122
72
89
78
87
79
79
78
79
66
85
79
87
78
77
75
79
-1
76
79
79
-1
79
81
82
79
102
112
-1
-1
79
79
78
-1
79
78
78
79
-1
-1
-1
79
79
79
-1
78
262
79
79
79
-1
78
79
78
79
78
79
82
79
-1
78
79
67
78
78
-1
74
78
79
125
79
78
-1
79
85
79
78
78
80
-1
79
79
79
74
76
269
-1
78
83
276
78
78
86
76
75
78
78
79
79
78
75
69
79
79
311
79
71
78
67
78
79
77
78
79
262
79
79
78
79
78
-1
-1
78
79
-1
-1
79
77
78
79
78
78
79
109
111
78
78
-1
79
79
78
80
78
79
80
-1
275
78
104
109
86
78
80
277
79
79
78
68
303
-1
79
78
79
79
79
79
83
78
-1
-1
112
78
79
260
78
-1
78
71
79
78
78
78
79
78
79
78
78
-1
78
79
-1
79
80
82
-1
79
79
83
78
78
78
-1
79
79
-1
79
78
114
46
-1
103
79
81
78
269
259
-1
78
79
78
79
79
-1
80
79
79
78
78
-1
79
-1
78
78
79
79
85
-1
79
78
78
78
217
79
78
78
78
82
246
79
80
78
78
79
78
-1
79
79
-1
78
107
-1
78
79
79
79
78
78
56
79
78
78
78
79
-1
248
79
61
100
78
78
83
80
78
79
-1
79
81
53
79
78
78
81
-1
-1
78
76
70
78
78
82
78
78
77
-1
78
264
79
79
78
-1
78
79
79
79
-1
80
79
-1
79
85
78
79
78
79
-1
78
78
79
77
79
78
78
78
112
78
78
101
-1
78
56
78
79
79
78
85
79
79
78
78
265
278
294
269
77
78
79
79
80
78
-1
78
82
78
78
-1
78
78
79
254
74
79
78
78
83
-1
78
78
-1
78
74
112
78
80
105
69
-1
-1
78
79
-1
78
78
275
-1
78
78
78
79
79
256
-1
79
80
78
262
78
78
79
78
76
79
79
-1
268
67
107
79
78
80
131
77
78
72
78
82
79
79
5
45
79
76
269
79
-1
-1
79
76
79
79
79
79
265
2
-1
79
94
78
79
79
84
78
274
78
79
26
266
81
79
79
-1
78
-1
79
79
79
79
80
80
77
74
79
43
131
-1
278
79
-1
79
-1
-1
78
77
79
-1
78
84
78
79
78
80
77
-1
79
79
239
78
78
-1
107
81
78
79
79
108
92
79
79
-1
78
78
79
78
79
78
79
78
79
79
-1
-1
78
79
83
80
79
79
79
79
255
65
73
78
79
79
76
78
77
79
48
78
-1
76
79
80
79
-1
-1
79
77
78
80
78
-1
79
78
79
273
78
-1
-1
80
78
-1
297
84
78
79
3
-1
78
78
79
78
-1
78
79
79
249
79
78
78
80
-1
79
78
78
280
78
77
80
-1
114
79
78
78
78
78
291
77
-1
-1
-1
79
78
-1
78
-1
-1
79
79
279
79
79
79
95
78
92
57
78
78
79
79
78
79
79
255
78
79
79
79
78
82
80
-1
259
78
80
79
79
-1
78
79
78
-1
79
-1
77
80
-1
79
78
-1
78
74
78
79
79
79
79
79
234
78
79
67
79
78
282
78
78
283
77
54
247
78
79
78
79
81
78
-1
78
79
-1
62
79
78
72
78
78
78
79
78
78
79
78
78
78
-1
79
302
78
79
75
64
78
78
-1
-1
-1
79
36
79
79
-1
-1
8
78
78
-1
80
-1
-1
76
79
69
76
78
78
78
-1
77
280
79
74
80
78
78
80
79
78
79
79
78
79
78
82
77
35
79
110
77
60
78
93
99
79
79
78
-1
79
70
78
78
-1
76
75
-1
79
265
78
78
79
63
79
73
-1
78
78
79
79
77
78
79
78
79
79
99
79
62
79
79
-1
79
78
78
73
79
-1
78
78
78
87
79
80
79
79
81
79
78
79
79
-1
276
49
78
79
82
237
-1
78
78
-1
86
69
78
-1
78
72
74
78
77
79
79
-1
103
83
80
78
-1
79
79
78
-1
79
79
79
284
-1
78
66
182
-1
79
79
-1
79
78
78
-1
101
119
79
292
78
92
76
-1
78
79
79
84
77
78
79
79
79
-1
78
275
72
78
17
78
79
265
-1
79
269
79
80
78
75
-1
79
-1
-1
79
79
79
79
78
-1
79
78
-1
79
78
78
77
79
78
-1
93
79
79
77
78
52
78
78
85
-1
55
78
-1
78
-1
79
79
78
81
79
-1
80
78
78
79
74
75
78
-1
79
78
78
79
80
-1
78
79
267
78
78
78
103
309
78
79
277
85
-1
77
79
-1
79
78
98
104
79
78
78
78
84
78
78
80
79
290
79
79
80
79
71
78
79
78
-1
79
79
79
79
79
66
-1
-1
75
82
79
-1
81
78
229
79
79
115
-1
79
79
79
79
78
79
86
75
79
93
-1
268
77
-1
78
-1
78
78
78
79
78
79
79
220
-1
77
-1
79
79
232
-1
96
79
79
78
78
78
78
64
79
80
93
78
75
79
79
78
-1
79
278
78
-1
234
77
78
79
-1
79
23
-1
79
79
79
79
80
80
78
79
77
79
78
79
268
77
79
79
78
-1
297
79
79
79
80
79
78
-1
79
-1
79
79
79
77
78
78
79
-1
79
78
78
-1
78
79
274
78
79
78
78
78
81
80
-1
79
80
79
-1
78
-1
76
79
85
79
79
79
79
78
-1
79
77
80
83
88
79
79
77
76
79
280
86
-1
6
79
79
78
79
78
78
79
78
-1
79
79
78
284
281
78
79
65
78
78
78
-1
76
62
79
78
73
107
78
78
-1
78
79
77
78
215
86
79
79
79
80
-1
79
98
79
78
61
247
85
-1
78
79
84
78
74
73
79
78
78
75
79
79
78
78
78
79
78
77
79
-1
60
78
78
79
84
78
79
-1
79
-1
79
258
-1
230
78
78
78
77
79
79
189
79
79
78
78
79
263
79
-1
-1
79
79
79
78
70
-1
79
-1
229
70
79
78
79
79
79
-1
78
79
79
-1
78
79
78
79
79
80
78
78
80
79
78
79
79
70
267
-1
78
78
79
98
76
78
81
47
78
78
78
254
78
79
78
78
78
128
78
-1
68
281
79
293
79
79
78
78
79
-1
77
79
78
78
78
-1
77
78
80
-1
-1
79
78
78
77
-1
78
-1
77
272
78
79
78
79
79
79
78
81
78
251
78
86
79
78
79
78
-1
79
-1
79
79
78
78
79
79
-1
79
78
79
-1
78
-1
78
-1
80
79
79
77
276
71
78
73
78
-1
78
279
73
78
79
79
83
79
78
-1
79
-1
78
107
-1
242
-1
79
79
79
280
78
78
79
76
78
78
238
74
79
91
74
78
79
78
-1
85
78
78
78
77
79
110
78
79
79
78
255
83
285
79
261
78
79
78
241
-1
76
78
78
77
-1
79
79
77
235
79
78
311
78
85
78
92
78
78
79
77
78
78
72
80
76
79
78
79
45
79
78
79
79
78
78
78
78
79
79
79
78
79
75
80
246
96
85
79
30
-1
79
75
78
277
-1
270
78
79
277
79
80
77
77
79
79
78
78
-1
78
85
100
78
-1
-1
79
78
79
-1
82
274
77
78
78
79
-1
79
78
-1
69
-1
86
114
79
79
78
16
79
-1
-1
-1
79
79
-1
-1
82
78
-1
-1
79
78
79
79
79
79
-1
78
79
78
84
79
78
78
78
78
79
78
79
79
78
79
79
79
83
-1
78
-1
79
78
79
83
78
79
80
-1
79
78
84
78
78
89
95
79
83
295
78
79
80
78
79
286
78
78
78
79
-1
76
79
77
245
82
-1
78
-1
78
78
-1
-1
-1
78
82
-1
80
84
79
78
69
78
-1
79
-1
59
78
78
79
78
-1
79
79
79
79
79
77
77
78
79
79
79
78
78
79
-1
78
79
78
79
79
296
79
-1
33
82
80
81
78
88
78
78
78
78
78
78
79
78
78
79
78
243
76
81
82
79
78
-1
79
245
-1
260
274
78
79
248
80
228
79
78
-1
205
79
78
-1
-1
79
79
78
78
79
-1
79
78
79
78
86
78
78
78
78
79
71
79
79
-1
79
78
266
-1
76
79
79
151
281
81
78
81
-1
82
79
79
80
78
-1
78
87
254
79
78
225
79
79
79
78
79
60
96
81
78
79
79
264
79
79
79
61
78
78
78
78
61
74
79
78
78
85
78
78
78
78
78
78
78
79
78
79
81
79
79
79
78
79
78
86
76
79
-1
79
79
78
77
79
78
78
79
78
79
87
-1
79
69
77
79
262
79
75
78
76
78
78
-1
80
12
-1
76
79
78
275
-1
78
82
80
80
125
93
76
71
-1
78
268
-1
79
-1
78
78
79
79
-1
80
79
78
-1
79
78
79
78
78
78
-1
79
76
79
78
80
79
81
107
78
277
79
79
74
78
73
-1
79
-1
78
-1
79
-1
80
78
79
78
78
73
-1
251
78
78
-1
78
-1
-1
79
79
79
259
77
253
274
114
78
-1
-1
78
57
41
82
79
80
79
278
79
-1
77
79
-1
80
78
79
79
80
78
-1
74
79
78
262
-1
78
78
78
79
78
78
-1
-1
-1
79
79
78
79
99
79
79
78
79
-1
78
78
78
78
91
78
78
79
78
79
79
263
78
78
-1
107
78
79
-1
87
75
-1
79
-1
78
79
89
88
285
78
78
81
78
78
78
78
79
261
78
-1
78
72
80
78
78
-1
77
82
79
76
26
78
79
78
79
59
75
66
78
298
-1
79
-1
265
-1
79
-1
74
79
79
-1
79
251
79
79
-1
82
78
79
-1
98
79
79
77
81
-1
78
78
78
78
79
81
78
78
80
79
250
281
78
79
78
78
54
78
76
85
79
-1
-1
175
78
79
78
276
277
289
78
71
80
79
79
77
77
81
111
78
-1
78
79
79
78
78
79
79
-1
78
80
79
77
78
79
79
79
267
79
78
120
79
79
79
82
74
252
78
-1
-1
78
79
79
-1
78
78
78
-1
81
79
-1
79
-1
52
78
-1
74
78
79
63
78
72
78
-1
78
79
92
78
78
78
79
78
-1
76
83
79
235
80
79
79
-1
-1
79
78
78
80
79
79
78
79
-1
78
273
62
106
79
-1
79
-1
79
79
72
78
78
-1
78
80
78
78
78
84
79
78
78
79
78
79
78
78
80
79
76
-1
-1
65
-1
79
286
84
89
91
78
264
79
-1
79
128
79
79
79
78
-1
78
78
-1
-1
79
79
79
-1
90
94
119
78
79
79
78
78
279
278
78
78
80
78
79
79
78
87
79
79
219
103
80
79
-1
78
78
71
78
77
78
78
78
79
79
-1
79
277
79
78
78
-1
77
-1
78
273
78
78
78
78
79
75
77
78
-1
-1
78
-1
78
78
78
81
78
78
234
238
79
79
-1
-1
79
83
284
78
79
78
78
112
78
80
79
79
79
-1
79
78
79
-1
263
78
79
65
78
83
76
77
79
79
79
269
-1
78
79
78
-1
78
79
77
78
-1
78
68
79
11
81
79
78
77
-1
78
235
79
79
78
79
83
79
-1
79
249
4
78
51
74
78
79
-1
79
77
70
78
79
96
78
78
78
-1
75
-1
79
74
-1
71
78
79
78
78
266
79
266
78
-1
82
83
79
79
142
80
76
79
78
100
77
32
79
78
79
79
72
78
79
205
78
78
78
79
-1
73
79
79
79
79
79
79
78
79
79
78
78
296
78
79
76
78
78
79
84
80
-1
-1
-1
266
79
77
78
-1
258
79
78
79
77
79
75
-1
78
79
79
77
78
78
-1
76
79
79
104
79
-1
-1
284
79
79
78
78
79
79
-1
80
78
79
78
53
59
-1
81
78
77
-1
78
79
78
78
-1
79
78
79
79
-1
-1
79
300
79
-1
81
-1
-1
79
79
75
78
74
79
80
79
80
76
105
-1
79
-1
81
79
79
78
76
78
77
251
79
77
79
37
277
79
79
265
79
73
275
279
254
-1
82
79
-1
78
79
78
78
79
79
-1
253
79
78
78
-1
268
-1
77
-1
79
78
79
-1
78
79
80
80
300
78
57
-1
78
78
80
81
78
82
79
78
79
78
78
82
-1
79
78
70
79
76
62
92
77
99
74
-1
79
79
79
80
81
79
79
79
79
-1
79
78
-1
79
77
79
79
78
79
-1
-1
78
-1
78
-1
77
79
78
283
-1
81
268
79
79
78
79
79
39
-1
270
-1
77
79
79
83
78
79
64
79
79
311
79
-1
73
83
79
-1
79
78
80
78
79
69
80
73
79
270
79
288
-1
-1
78
-1
80
77
79
79
78
242
79
79
78
78
246
79
79
74
78
98
62
-1
78
58
78
78
79
78
75
70
79
75
78
79
78
79
81
79
-1
79
107
79
78
268
76
-1
79
96
213
18
78
78
267
78
79
78
78
78
79
268
79
80
78
53
78
78
76
78
79
79
78
88
26
75
284
79
78
-1
79
78
78
79
80
78
79
81
78
-1
80
78
79
81
-1
-1
79
78
82
73
81
79
78
-1
78
79
79
78
78
2
79
-1
79
79
78
78
79
236
-1
80
80
78
79
77
78
80
78
-1
78
79
79
-1
64
89
289
83
78
78
109
78
60
104
75
-1
78
78
79
79
81
78
-1
78
266
79
79
78
78
80
80
79
79
78
78
74
78
79
-1
77
78
79
261
80
-1
265
78
80
79
209
78
-1
78
-1
79
73
78
-1
-1
264
78
-1
-1
67
79
78
79
89
78
80
79
70
79
79
-1
79
78
78
-1
78
78
78
78
79
-1
79
78
-1
78
86
78
78
78
-1
79
44
78
81
78
82
265
80
281
79
82
-1
78
274
97
177
116
80
-1
79
78
79
78
72
79
78
55
78
-1
78
-1
78
77
78
79
-1
76
121
79
78
73
82
-1
77
79
-1
79
81
63
79
76
78
-1
-1
79
-1
78
78
79
-1
80
72
79
78
-1
-1
79
79
-1
77
79
91
79
79
78
78
79
78
83
79
-1
79
79
79
76
77
78
80
78
69
79
75
82
55
77
95
78
-1
78
79
78
78
78
289
79
79
-1
-1
79
-1
-1
79
-1
79
78
78
-1
78
73
78
-1
78
-1
79
78
78
199
78
79
74
79
-1
83
79
76
79
80
78
78
79
77
-1
88
78
77
80
-1
79
265
64
79
79
89
78
78
79
78
78
79
79
79
80
78
-1
79
78
78
79
78
79
78
79
-1
52
238
79
75
78
78
43
79
108
58
79
80
89
78
79
117
79
79
79
79
79
-1
78
79
79
276
79
78
-1
68
89
79
79
79
79
79
-1
78
79
78
79
79
260
80
79
83
78
271
80
77
78
79
24
78
79
78
78
81
101
261
-1
78
79
79
77
78
275
79
-1
-1
79
269
79
79
-1
78
67
254
78
78
78
267
79
79
79
78
78
79
79
-1
79
-1
79
279
79
79
75
265
78
71
260
270
79
64
79
78
79
79
259
-1
78
80
77
79
96
78
79
86
79
306
-1
79
78
80
75
79
79
-1
78
78
78
79
79
90
79
298
76
-1
103
-1
79
81
248
79
82
264
78
75
77
79
-1
264
78
267
83
87
79
78
67
78
-1
79
78
78
78
79
78
-1
78
307
78
79
78
273
260
73
75
79
-1
78
79
79
-1
82
79
63
69
78
80
79
-1
105
-1
78
73
-1
79
77
78
261
81
66
-1
79
75
79
76
78
78
79
79
82
79
78
236
76
74
-1
79
79
79
79
95
78
82
-1
-1
77
79
78
78
79
75
78
78
78
77
79
79
77
79
81
79
215
78
79
78
98
79
76
-1
79
79
79
79
79
67
79
78
79
78
79
79
78
78
-1
79
78
79
78
79
79
79
100
80
-1
79
78
198
85
230
78
-1
78
79
80
79
78
253
78
80
79
78
78
79
77
71
79
78
210
79
80
79
64
78
70
78
78
-1
78
81
79
271
79
80
78
78
34
-1
78
79
78
-1
78
79
78
78
79
77
76
79
93
79
79
273
-1
78
89
79
79
79
79
78
86
-1
78
78
84
93
79
78
263
80
314
81
77
79
81
-1
78
79
78
-1
78
79
77
79
78
79
107
78
75
78
78
79
79
101
-1
78
223
103
79
78
-1
66
-1
78
-1
270
79
-1
75
78
-1
79
287
79
79
246
107
-1
78
269
78
260
89
79
78
79
73
81
-1
63
240
78
78
78
75
79
79
78
79
78
79
-1
83
83
84
81
-1
79
78
-1
77
80
78
79
71
78
79
273
81
78
255
79
79
79
217
-1
74
93
79
78
78
78
78
79
104
78
78
79
247
77
79
79
-1
80
79
33
79
79
79
87
88
90
-1
79
78
79
-1
78
79
79
79
282
-1
78
78
78
68
77
78
79
-1
79
-1
78
79
81
78
277
78
78
272
-1
79
78
80
79
76
78
80
62
143
78
89
78
91
79
79
79
79
78
79
79
79
-1
78
79
79
79
77
79
79
78
87
-1
78
-1
86
97
78
79
-1
-1
78
79
-1
259
79
79
79
79
79
78
78
79
270
78
79
-1
-1
77
78
78
73
75
78
273
79
78
78
77
78
-1
-1
79
78
79
78
78
81
79
300
78
-1
-1
65
282
100
78
78
79
34
78
79
-1
79
78
82
90
-1
77
79
82
-1
79
78
85
78
78
81
78
81
79
271
79
79
78
78
79
250
79
78
78
78
258
80
81
78
78
75
271
79
79
78
78
81
79
78
79
-1
79
79
-1
78
78
-1
79
79
77
78
-1
272
79
79
78
-1
98
78
-1
-1
-1
29
77
78
79
79
79
79
-1
79
76
73
74
79
260
77
79
78
78
75
79
79
79
79
79
78
81
79
86
78
78
78
79
85
79
79
78
-1
78
78
80
78
79
79
82
78
80
-1
-1
82
78
78
79
89
79
78
78
79
78
-1
79
70
73
78
82
80
78
76
-1
2
83
-1
229
74
79
79
71
80
-1
-1
79
-1
79
78
-1
276
78
99
78
-1
78
79
78
79
78
78
79
78
78
78
78
79
78
96
78
-1
-1
78
79
79
-1
79
79
78
78
-1
78
79
78
78
78
79
54
252
79
78
79
-1
79
78
129
71
78
279
274
253
-1
80
78
79
79
79
268
65
78
79
79
47
79
73
78
247
79
-1
79
-1
73
78
79
71
81
69
81
83
78
-1
80
78
79
77
-1
79
78
79
78
79
151
79
78
78
79
78
79
79
302
272
75
78
75
-1
-1
78
78
78
79
79
222
78
78
81
79
79
79
79
78
79
78
73
78
77
264
78
78
8
78
108
79
78
79
83
78
83
81
79
78
80
78
77
72
79
81
77
71
77
78
-1
245
85
265
79
253
79
82
-1
78
-1
-1
-1
84
79
78
79
79
-1
79
80
78
78
80
-1
79
78
-1
78
79
78
79
78
79
272
-1
78
79
79
78
80
78
79
78
78
80
78
79
272
78
249
80
271
78
96
78
78
-1
-1
78
79
79
77
78
79
79
77
78
238
-1
79
78
79
267
281
79
81
78
-1
-1
78
78
78
78
79
79
79
74
72
270
-1
78
79
78
78
81
79
78
79
79
78
77
79
79
79
78
78
77
87
78
-1
-1
72
79
79
78
78
79
-1
79
289
-1
265
79
274
-1
78
79
64
79
-1
79
69
78
78
78
30
52
79
58
-1
78
79
233
-1
79
78
72
73
250
78
79
78
78
46
79
78
-1
79
-1
-1
78
79
-1
78
-1
78
78
79
79
79
79
78
79
81
76
265
78
78
79
80
282
-1
78
-1
79
79
79
79
79
265
115
75
79
79
79
293
78
270
79
76
78
79
69
79
78
79
79
-1
79
79
77
81
78
77
78
78
83
83
84
79
79
-1
78
79
79
-1
79
79
79
78
291
79
78
78
252
78
86
-1
-1
79
78
61
209
78
78
64
78
77
76
79
79
-1
79
-1
79
78
79
278
79
78
78
78
79
-1
77
78
75
-1
78
-1
83
77
78
79
78
78
79
80
-1
79
79
78
78
62
79
78
75
79
78
-1
78
78
80
72
79
78
81
79
78
80
77
79
78
76
79
78
81
78
78
259
78
78
79
78
277
79
78
-1
-1
79
79
79
63
272
78
51
79
-1
65
56
75
79
-1
261
78
78
79
75
-1
79
78
79
77
78
79
79
78
-1
79
79
-1
78
271
85
214
-1
78
76
78
78
79
-1
78
79
80
79
-1
79
79
264
87
79
246
272
79
82
79
77
78
79
-1
80
79
78
77
78
78
78
80
79
79
78
79
79
78
78
-1
78
79
81
78
87
79
274
-1
230
79
80
-1
79
81
79
78
281
78
78
78
306
79
78
78
79
78
84
79
78
79
92
78
79
78
87
79
-1
77
78
77
81
79
78
-1
78
-1
79
78
79
-1
-1
80
77
267
63
79
78
84
78
79
197
274
-1
78
77
79
249
78
79
81
78
72
78
78
80
79
-1
78
81
-1
76
70
210
-1
78
295
246
276
77
280
273
78
78
79
79
79
79
78
-1
78
78
79
78
-1
79
78
80
78
79
85
79
78
76
79
79
78
79
79
79
80
119
79
78
79
266
79
78
79
79
126
79
79
79
-1
76
79
78
-1
79
-1
77
78
82
78
78
78
82
78
84
79
79
79
76
-1
79
150
-1
79
78
78
266
78
82
86
79
78
77
79
78
69
75
78
120
79
78
77
78
79
78
80
78
78
-1
78
78
78
78
91
79
78
78
78
241
79
78
79
-1
78
79
79
-1
78
81
83
75
79
78
78
78
78
78
80
79
84
78
79
258
76
102
78
78
78
79
91
79
81
97
-1
81
79
79
-1
-1
78
79
79
78
86
-1
79
62
78
78
79
-1
112
76
270
79
193
90
-1
78
78
298
78
78
78
217
77
79
-1
89
78
79
79
79
79
78
79
69
64
82
-1
69
78
69
-1
78
78
-1
-1
79
79
79
79
79
-1
79
79
80
-1
78
-1
-1
78
86
78
78
79
79
78
78
79
75
78
79
79
-1
79
76
79
78
-1
78
268
-1
77
78
78
79
54
79
43
79
79
76
78
79
78
79
78
79
78
80
285
78
77
78
78
81
96
79
79
-1
78
84
79
-1
77
-1
78
78
79
78
78
-1
26
-1
79
79
79
59
-1
79
78
-1
80
78
79
-1
79
-1
78
-1
78
-1
-1
279
79
78
263
-1
80
-1
78
-1
79
-1
75
79
76
13
87
78
79
77
-1
77
79
78
80
77
79
105
79
79
198
78
114
78
78
79
78
-1
78
78
79
79
37
79
79
-1
-1
273
78
80
78
78
79
78
79
269
79
-1
79
78
78
79
78
44
282
79
144
78
79
74
76
79
79
-1
-1
78
-1
76
292
78
78
-1
79
80
-1
78
79
79
64
78
79
79
78
78
78
79
-1
79
79
79
79
79
79
79
-1
76
80
57
78
79
79
78
78
78
78
67
78
-1
78
78
78
87
80
86
77
78
79
79
75
78
79
87
-1
78
79
79
-1
-1
78
272
78
-1
95
276
79
78
78
-1
-1
78
79
79
79
80
75
76
79
78
80
-1
57
79
75
79
78
78
79
79
78
-1
92
313
187
79
79
79
79
89
79
279
60
265
293
79
79
79
79
81
79
79
79
-1
78
79
78
81
78
79
79
78
80
79
78
115
78
-1
70
80
-1
275
78
78
111
78
79
100
61
78
80
78
78
78
78
78
78
-1
78
79
79
79
78
79
78
79
78
78
65
79
79
78
79
79
77
78
78
-1
-1
81
77
78
78
78
77
254
78
79
80
-1
78
82
78
79
78
-1
78
78
81
77
78
-1
79
79
-1
78
78
78
79
79
77
-1
79
80
61
80
18
78
79
79
80
-1
79
79
79
78
79
78
78
80
81
78
79
60
78
95
78
278
79
78
79
79
82
80
76
81
79
81
-1
79
78
269
286
237
78
78
78
-1
78
156
79
284
81
74
79
78
78
79
78
296
78
79
69
75
79
282
79
79
281
75
79
-1
79
80
80
290
79
-1
78
284
246
78
80
78
79
84
80
78
261
79
79
79
112
78
41
78
136
79
79
79
289
-1
75
79
79
256
226
-1
78
79
78
77
80
87
80
79
-1
78
78
269
68
83
79
78
81
78
78
-1
-1
85
83
79
79
78
79
-1
-1
77
-1
78
75
-1
185
79
79
-1
78
77
78
-1
79
78
76
78
46
73
-1
69
79
79
77
79
-1
78
-1
78
78
78
77
79
79
79
77
249
78
78
78
79
79
79
78
79
46
79
-1
79
77
79
78
-1
78
79
80
79
78
78
78
81
82
79
-1
84
65
78
261
283
254
264
78
277
78
79
79
-1
78
-1
-1
-1
80
80
77
79
-1
252
78
78
82
79
78
78
-1
79
78
-1
-1
78
74
-1
78
78
78
-1
-1
67
79
78
78
85
79
77
79
64
79
-1
78
78
-1
24
-1
79
79
-1
-1
78
76
253
78
79
78
-1
-1
78
-1
-1
78
79
22
-1
78
-1
79
78
78
83
79
77
79
-1
79
-1
79
78
241
75
-1
113
78
78
78
79
78
78
79
78
78
78
77
81
79
78
-1
79
78
78
77
79
78
78
79
78
78
79
78
79
78
93
80
79
-1
79
253
19
-1
81
-1
78
79
-1
79
80
79
79
79
79
67
79
75
78
79
78
79
78
79
78
78
71
188
281
62
80
76
-1
81
78
78
164
-1
79
-1
78
79
78
79
79
77
75
-1
79
73
80
82
71
-1
92
78
82
47
78
-1
79
79
271
79
78
78
79
78
78
79
78
78
264
80
76
262
79
82
79
78
79
77
77
79
-1
223
-1
-1
79
79
76
78
78
-1
78
79
76
79
78
79
79
91
78
118
78
79
290
278
81
79
79
78
81
-1
93
79
77
78
78
99
79
80
78
78
82
78
83
264
79
80
-1
78
82
79
244
307
-1
-1
73
79
78
-1
172
272
78
-1
-1
286
78
78
78
78
-1
79
79
56
271
79
87
78
78
78
79
78
78
79
79
252
80
79
79
78
77
79
-1
230
79
-1
79
74
78
76
104
-1
73
77
-1
79
79
78
78
81
78
78
272
78
78
77
76
78
79
78
77
79
79
79
79
78
72
77
-1
78
76
78
78
78
79
65
78
79
78
-1
78
-1
90
79
-1
79
65
78
-1
78
78
79
80
78
79
81
79
78
78
78
78
78
78
78
74
76
67
79
79
78
79
79
78
81
78
79
-1
79
79
-1
76
78
-1
82
-1
80
-1
-1
79
80
78
77
78
78
80
78
-1
81
78
79
69
270
79
80
77
78
78
79
79
79
-1
-1
78
74
79
79
79
78
-1
78
-1
79
-1
-1
79
78
79
-1
-1
78
66
78
227
77
77
79
261
78
77
79
68
78
-1
79
-1
-1
78
78
79
78
-1
78
114
78
79
79
79
-1
78
78
75
79
79
77
79
78
-1
79
78
80
79
79
57
79
78
79
79
79
-1
-1
-1
71
79
83
79
-1
46
79
296
236
81
-1
96
79
82
272
77
78
77
87
75
79
78
286
78
79
77
79
-1
78
282
78
78
79
-1
275
78
55
268
-1
-1
281
78
78
78
79
79
-1
-1
-1
78
79
76
62
75
51
79
144
79
79
77
78
279
-1
79
78
79
79
80
-1
-1
78
86
77
74
79
61
79
80
58
82
78
77
78
71
78
80
78
78
80
79
272
-1
80
79
78
75
79
78
80
78
70
78
78
81
78
45
79
77
78
79
78
79
79
78
78
79
78
96
282
79
265
79
77
79
-1
79
79
74
79
-1
79
73
79
79
-1
86
271
-1
78
79
-1
80
79
78
275
79
79
79
78
-1
78
206
78
78
77
78
79
82
268
78
273
80
78
78
78
79
78
-1
79
78
78
-1
78
79
79
77
79
78
-1
79
79
78
-1
79
78
78
86
78
79
79
-1
79
82
85
79
263
-1
-1
-1
78
-1
300
73
79
-1
-1
78
78
79
79
80
74
78
79
78
78
78
79
-1
78
77
82
78
78
79
79
79
79
80
79
77
-1
75
79
78
78
100
80
78
68
254
-1
79
80
79
78
79
102
78
79
78
79
-1
78
78
77
79
-1
311
251
78
78
-1
79
-1
-1
273
83
79
-1
78
78
305
-1
77
79
85
79
79
73
30
75
84
76
80
252
79
78
78
79
78
78
-1
79
81
80
79
78
62
257
78
83
81
93
78
79
78
43
79
78
78
69
-1
78
76
-1
79
-1
-1
78
78
76
76
78
-1
80
79
84
77
79
239
75
78
208
78
78
80
78
121
-1
79
92
79
79
78
265
79
78
77
-1
66
78
264
79
78
-1
78
3
78
271
72
79
78
79
78
79
81
79
79
79
-1
78
-1
79
-1
78
105
78
78
78
78
77
79
283
79
78
78
119
78
76
78
79
64
62
78
78
-1
78
80
78
79
80
79
78
80
79
96
81
104
79
78
82
79
79
-1
78
79
78
79
-1
79
-1
-1
79
79
79
79
76
-1
268
78
44
79
81
78
259
274
79
81
85
78
78
78
79
83
78
298
78
79
78
-1
79
79
80
79
80
-1
79
78
247
79
79
77
78
78
78
79
79
79
79
-1
78
-1
77
83
98
78
75
79
78
36
79
79
78
78
77
79
79
79
-1
78
78
78
173
79
71
78
56
-1
78
78
78
78
79
78
44
78
68
78
78
252
78
-1
270
-1
78
-1
79
-1
78
-1
77
79
69
78
96
79
79
82
-1
-1
78
293
79
82
226
76
79
-1
78
3
79
59
78
78
78
78
77
83
79
79
79
79
78
-1
80
-1
78
78
79
79
78
79
94
81
18
79
-1
108
79
-1
80
78
73
78
79
79
55
76
-1
81
77
79
78
-1
-1
77
79
78
79
78
79
78
79
78
77
80
78
99
89
79
-1
78
81
79
220
82
79
92
79
79
78
78
262
89
78
296
78
79
76
78
79
79
78
234
78
78
79
78
79
77
78
79
78
78
78
80
79
218
62
-1
79
78
79
78
83
79
81
77
78
79
78
78
80
79
79
79
72
79
78
78
268
78
76
307
79
259
78
78
79
78
78
78
78
103
78
79
257
79
79
78
-1
80
78
79
78
79
79
77
99
77
95
79
-1
78
79
78
78
79
78
96
78
78
79
-1
72
79
78
80
78
76
78
79
78
79
78
75
78
78
76
78
78
78
81
270
79
78
85
78
53
79
78
78
82
78
79
79
69
105
251
79
79
78
77
248
78
79
79
61
78
66
79
-1
79
79
79
78
-1
79
-1
113
78
79
291
78
77
78
78
18
-1
-1
79
72
79
-1
78
79
78
113
78
81
82
42
82
78
78
-1
78
86
-1
90
78
79
26
79
78
78
81
-1
79
77
75
82
79
76
-1
78
-1
94
79
283
77
79
253
77
79
79
81
63
78
79
78
80
78
-1
-1
-1
81
86
258
79
78
79
96
78
85
81
79
79
78
79
291
78
-1
257
78
78
78
-1
78
78
78
79
78
79
79
251
79
78
79
85
77
79
273
79
-1
46
78
239
225
83
84
79
78
68
-1
72
1
-1
77
79
280
79
80
79
-1
-1
77
78
-1
79
78
78
80
-1
-1
79
77
77
-1
78
78
78
79
-1
85
78
82
79
262
79
97
79
-1
78
270
79
79
79
79
-1
78
-1
79
78
78
48
78
78
77
78
79
78
78
257
79
82
78
78
79
78
78
82
79
79
78
84
79
77
79
79
78
81
-1
78
79
79
80
78
77
78
78
76
-1
78
94
79
79
78
79
247
78
86
78
79
79
78
-1
79
-1
79
78
79
267
78
79
80
253
79
79
78
78
83
79
78
78
78
79
78
-1
79
80
79
78
79
79
90
78
78
78
78
75
73
79
76
78
78
78
78
-1
81
-1
-1
79
79
-1
79
-1
79
72
-1
79
78
79
79
78
78
79
79
78
-1
80
272
80
79
78
-1
79
-1
-1
79
99
80
77
79
78
79
79
-1
-1
80
78
79
79
-1
79
78
286
79
-1
78
78
79
78
270
79
79
79
79
73
78
81
80
263
78
89
-1
69
85
79
78
78
-1
78
79
79
278
79
79
78
76
80
80
78
79
84
68
-1
78
77
230
78
79
79
79
79
78
80
77
-1
79
277
300
79
79
77
279
78
79
78
86
62
78
-1
79
81
78
77
77
79
103
-1
-1
79
79
84
-1
74
-1
-1
-1
78
-1
121
79
79
-1
-1
79
-1
88
78
79
79
78
79
79
79
79
81
272
80
78
80
79
78
88
78
79
78
79
79
77
78
232
78
78
79
72
79
78
79
79
79
78
79
78
78
79
274
90
79
78
77
79
84
73
78
79
79
79
83
-1
79
270
-1
78
263
81
272
78
78
-1
107
78
78
100
78
72
78
86
-1
80
79
-1
78
42
274
79
79
267
3
-1
78
58
78
78
79
79
80
79
78
79
-1
68
78
78
78
78
78
79
78
76
78
78
79
85
79
77
264
79
78
119
78
79
79
-1
77
79
78
80
-1
79
78
64
78
79
79
78
65
-1
235
78
78
78
97
-1
79
219
78
67
79
78
79
-1
78
79
8
80
78
78
-1
78
79
79
78
281
76
79
78
-1
81
-1
78
81
78
71
-1
234
78
-1
-1
78
76
79
214
78
-1
-1
79
79
78
-1
79
79
-1
79
79
78
80
79
79
77
78
78
79
78
-1
79
79
78
79
78
78
79
79
-1
78
79
82
78
79
79
79
80
55
79
78
79
78
84
79
85
78
-1
79
249
267
266
78
75
79
78
79
78
78
78
77
78
264
78
76
79
78
-1
78
300
62
78
78
-1
79
79
79
79
78
79
74
79
79
78
-1
83
89
-1
78
-1
78
79
78
82
88
7
-1
255
254
78
113
79
78
82
79
84
-1
-1
-1
76
81
-1
78
78
264
79
271
78
78
79
79
79
78
79
78
79
80
79
78
80
79
-1
79
260
78
-1
78
78
78
19
78
77
78
78
79
78
-1
79
261
-1
79
78
310
75
76
79
78
79
78
76
79
-1
77
78
58
80
78
85
80
78
79
274
78
79
81
80
78
78
78
86
79
79
73
77
79
78
79
78
78
78
78
1
78
80
78
79
78
65
-1
79
79
79
79
78
77
264
79
79
80
78
79
78
78
78
79
78
81
268
79
81
-1
78
79
78
79
79
78
78
78
78
79
78
79
272
79
78
79
-1
79
-1
81
81
76
-1
78
79
78
79
79
78
78
79
86
79
78
82
-1
-1
79
-1
-1
86
78
79
78
96
78
79
79
77
67
89
79
76
80
79
-1
79
78
-1
79
77
-1
78
78
-1
65
78
80
78
78
78
79
79
77
78
78
79
-1
67
-1
264
-1
79
271
78
82
79
78
79
267
78
-1
78
81
78
-1
58
78
99
62
79
79
59
78
78
78
91
79
-1
79
78
78
80
79
78
80
78
68
79
78
78
79
78
-1
79
78
82
79
84
249
79
78
79
78
80
78
-1
79
79
79
80
-1
79
78
251
78
78
78
79
78
75
78
78
80
-1
-1
88
-1
78
78
73
247
-1
79
78
78
77
-1
-1
78
77
83
79
64
271
78
79
77
184
57
78
78
78
78
80
78
78
57
78
72
78
78
78
79
78
269
78
-1
79
88
78
79
74
-1
78
80
78
79
78
79
78
-1
232
254
70
79
78
92
79
78
79
250
78
78
79
263
-1
79
88
78
79
99
78
224
79
79
79
76
78
78
133
78
78
79
78
78
-1
78
-1
79
-1
78
-1
78
78
79
79
76
279
96
79
80
189
79
79
78
-1
-1
78
78
79
75
79
78
264
88
78
314
79
81
284
78
277
-1
78
78
115
79
74
70
78
79
78
-1
78
79
79
85
78
77
-1
264
78
79
79
-1
80
78
78
79
64
73
265
-1
87
78
63
78
80
79
78
78
79
-1
76
82
78
79
78
76
-1
-1
78
79
68
-1
78
79
78
76
78
78
79
79
-1
79
78
47
78
78
82
79
-1
81
79
78
79
-1
-1
78
81
-1
79
78
-1
79
86
78
80
76
78
79
-1
79
78
79
87
79
-1
79
-1
78
79
79
79
49
-1
-1
76
79
78
82
78
-1
79
79
300
78
75
70
-1
78
76
-1
79
81
79
53
-1
-1
108
300
79
78
-1
78
78
79
79
77
77
78
79
79
79
268
-1
78
276
79
78
70
79
79
82
79
67
79
78
77
79
78
-1
78
79
80
76
79
79
79
78
79
79
81
-1
78
78
-1
78
140
80
79
78
78
79
78
239
78
79
79
77
78
79
79
81
78
78
79
76
79
79
282
78
103
78
78
-1
-1
79
79
-1
-1
78
79
-1
87
77
79
78
78
78
79
78
81
78
78
78
79
89
79
109
78
79
79
271
79
269
81
78
78
78
-1
79
-1
98
79
72
81
80
79
78
78
-1
211
77
-1
76
77
78
78
80
79
108
87
-1
79
78
78
78
82
78
79
80
76
79
78
93
78
79
76
77
79
78
-1
78
78
79
78
-1
78
81
78
-1
79
76
-1
78
79
-1
79
86
79
76
-1
79
75
217
78
79
78
79
79
78
79
78
-1
78
79
74
79
78
79
79
78
78
67
80
-1
78
79
78
117
78
89
78
79
77
-1
81
79
78
268
80
75
78
257
-1
78
-1
-1
78
265
75
92
78
79
-1
75
79
79
255
79
263
75
93
241
78
78
82
74
78
266
79
86
78
78
82
269
79
79
-1
76
78
79
79
78
74
78
78
-1
79
92
267
79
79
79
78
79
79
79
79
78
243
78
79
79
79
78
79
80
106
79
82
78
79
75
79
-1
79
78
78
79
270
-1
79
78
79
78
78
-1
60
315
274
-1
78
77
78
79
82
1
77
71
96
77
-1
78
54
79
85
78
79
78
78
47
89
78
79
79
-1
78
79
79
298
79
79
-1
80
78
79
79
78
78
-1
78
80
77
99
-1
251
78
78
79
267
79
78
78
78
74
-1
79
90
79
79
265
77
84
78
80
-1
76
78
-1
78
78
79
-1
-1
78
79
78
78
273
-1
78
78
78
79
78
78
78
79
-1
78
78
79
78
79
78
79
79
75
79
78
192
79
82
77
80
82
81
-1
78
309
79
75
79
-1
77
78
79
80
78
78
-1
78
85
234
78
78
263
81
76
78
79
78
-1
78
79
80
79
80
78
78
75
79
-1
77
-1
78
78
70
68
270
78
77
79
79
78
78
75
78
79
79
79
82
78
78
78
78
77
79
79
79
79
78
78
66
79
80
79
78
78
78
79
79
79
79
78
304
80
270
79
75
81
81
80
78
-1
-1
78
79
79
83
77
267
79
78
79
-1
73
78
81
83
78
-1
69
78
79
-1
84
78
263
-1
78
80
88
79
79
78
79
-1
85
78
77
78
71
268
78
78
79
79
-1
-1
78
76
79
80
80
-1
265
75
78
78
79
68
79
79
79
79
-1
79
79
74
78
251
79
79
78
78
78
79
-1
79
78
78
79
78
-1
71
79
78
79
64
78
78
-1
78
78
78
78
81
114
115
77
73
78
80
78
78
78
88
78
78
78
77
78
80
78
79
81
78
302
79
78
78
78
79
79
79
78
78
70
-1
67
79
78
79
78
78
79
82
78
78
79
80
78
76
78
72
-1
78
79
-1
76
79
-1
78
-1
79
279
78
78
279
82
75
79
79
78
75
283
91
79
78
260
80
79
78
79
-1
-1
78
84
78
80
79
-1
93
78
78
78
-1
78
-1
78
78
79
49
79
-1
80
-1
79
79
79
81
78
78
75
79
288
79
-1
79
79
79
76
-1
79
80
78
-1
80
-1
79
78
94
79
79
78
79
78
99
79
284
-1
-1
63
78
139
78
78
79
295
79
79
79
-1
79
-1
49
78
-1
78
78
-1
79
79
78
80
84
-1
78
79
79
78
-1
43
79
79
78
75
79
-1
78
76
79
78
80
78
78
79
-1
78
-1
78
78
77
78
80
78
74
80
-1
79
78
78
-1
-1
79
97
79
79
-1
78
79
-1
78
78
167
83
78
78
-1
60
263
275
78
78
80
-1
78
246
77
79
78
79
79
78
78
-1
79
80
78
78
273
80
79
78
79
78
79
76
-1
78
5
78
79
-1
-1
79
81
228
-1
79
79
85
227
79
79
78
-1
264
72
78
78
79
79
-1
267
78
79
79
224
78
-1
78
79
83
78
79
-1
79
75
250
79
78
78
254
113
260
78
-1
-1
81
79
80
78
79
-1
79
-1
-1
79
82
79
79
102
-1
81
79
-1
77
81
79
78
86
78
78
79
79
78
79
78
-1
282
-1
78
79
-1
79
78
79
79
79
77
83
78
78
78
78
83
-1
78
-1
-1
2
257
80
78
79
79
79
-1
312
78
7
1
266
78
78
86
79
79
-1
-1
264
79
79
78
79
-1
-1
79
79
78
-1
79
78
-1
79
78
93
-1
48
75
78
78
79
-1
78
117
79
78
79
78
91
-1
79
78
312
79
79
79
142
92
80
79
79
74
79
224
65
76
77
79
78
78
79
245
78
77
78
79
78
79
79
78
77
70
75
84
79
79
79
78
78
78
260
78
238
80
78
-1
-1
77
78
76
79
79
-1
277
78
81
79
79
77
-1
78
86
78
78
79
79
73
78
78
79
78
79
79
79
-1
-1
278
79
255
275
78
78
79
75
-1
78
78
78
78
79
79
155
78
79
78
78
51
78
78
79
80
79
79
78
284
77
79
81
79
78
78
79
79
78
76
78
-1
79
87
262
76
78
255
186
-1
78
79
95
73
78
79
77
79
78
78
94
245
79
79
79
94
263
83
78
80
77
77
78
-1
79
79
79
79
78
79
78
78
78
54
79
78
79
82
77
78
241
79
79
79
271
81
79
79
79
79
78
78
-1
79
79
79
81
79
268
79
78
-1
79
78
78
83
78
78
79
79
79
79
78
103
79
79
78
78
-1
76
79
79
79
-1
47
78
-1
79
76
78
79
79
79
79
78
85
-1
77
-1
78
78
80
79
79
80
78
79
217
79
-1
78
74
79
78
-1
78
79
76
78
80
82
79
-1
253
79
79
78
264
77
78
78
79
75
-1
79
-1
79
78
78
77
79
72
78
77
78
77
79
78
78
78
72
77
78
-1
-1
73
79
79
59
-1
275
78
307
78
78
78
77
79
77
79
78
94
78
79
79
78
78
80
78
85
79
80
78
78
79
79
82
79
78
78
-1
79
79
80
78
-1
81
79
-1
70
76
-1
78
79
75
258
79
79
79
78
74
78
84
79
261
79
79
76
78
78
-1
79
79
-1
78
-1
78
78
78
-1
261
78
79
78
-1
79
78
84
124
79
79
78
79
77
79
78
78
78
-1
78
78
57
79
79
-1
78
78
61
-1
79
78
-1
79
79
79
284
80
285
268
81
66
79
83
78
77
79
79
61
80
78
78
78
27
78
76
78
79
94
-1
87
78
79
-1
80
262
78
85
75
78
-1
77
-1
78
79
78
78
79
78
264
75
-1
79
80
73
77
79
79
79
276
79
219
79
78
71
80
64
245
79
62
81
77
79
79
79
-1
78
77
-1
78
80
79
79
79
78
78
79
79
79
284
79
80
-1
79
-1
78
78
79
78
266
78
70
78
79
79
-1
78
78
77
78
78
79
194
78
78
-1
79
79
78
79
-1
76
78
263
262
-1
79
79
78
78
69
78
78
270
75
-1
79
79
79
78
75
79
79
80
78
78
79
286
78
78
75
78
112
79
64
84
79
78
75
78
274
-1
79
281
257
84
79
64
74
78
78
78
79
79
79
79
71
79
80
80
79
79
78
-1
98
78
-1
78
79
78
-1
-1
79
79
94
80
82
224
79
79
78
79
78
75
78
79
79
-1
78
79
79
78
79
294
77
78
72
79
-1
-1
78
76
79
282
76
78
79
79
-1
61
78
79
79
78
76
79
77
78
77
79
79
79
79
78
80
279
-1
70
79
79
274
85
83
77
80
79
79
78
267
78
-1
80
289
77
80
-1
96
78
79
78
78
79
-1
88
-1
81
76
80
-1
76
300
78
-1
77
78
-1
78
77
77
79
78
79
78
79
-1
79
79
-1
75
78
63
79
78
78
79
-1
77
78
78
78
79
78
79
-1
79
79
79
79
79
-1
78
79
259
78
79
78
79
79
78
78
72
79
268
63
78
77
79
79
79
289
-1
79
89
300
79
79
76
79
79
78
78
78
80
78
77
79
-1
78
79
-1
78
79
77
-1
72
75
79
-1
79
86
231
80
-1
69
78
79
78
-1
78
79
-1
220
-1
107
79
79
79
79
77
79
78
78
78
84
-1
79
79
103
-1
-1
89
79
79
-1
84
77
24
73
79
79
78
80
78
79
67
80
78
76
79
56
-1
49
78
79
75
78
79
91
79
79
79
78
78
79
81
78
78
87
79
79
79
78
79
78
79
79
81
79
26
-1
79
79
63
79
77
79
79
263
-1
79
79
-1
-1
79
80
78
-1
79
281
75
83
84
78
77
79
78
79
72
245
78
79
-1
82
79
78
89
-1
79
-1
80
-1
78
78
79
78
78
79
170
77
78
-1
-1
78
78
78
78
78
79
80
79
78
78
269
74
79
71
68
80
-1
78
78
78
79
80
-1
-1
239
78
79
-1
79
78
78
97
-1
79
79
79
79
79
79
51
89
79
79
78
88
78
79
79
81
82
81
79
78
79
79
79
194
80
78
83
79
-1
85
79
79
79
78
-1
81
78
-1
79
79
79
87
82
79
79
79
78
79
79
78
79
78
-1
-1
78
79
245
295
78
100
80
78
79
81
79
80
79
78
265
304
78
79
78
-1
79
78
78
77
79
80
78
77
78
78
78
122
78
80
75
79
78
78
93
78
79
74
78
79
77
79
80
76
79
79
78
77
74
78
78
79
84
236
-1
268
78
78
78
78
78
78
79
76
70
-1
71
79
77
