1.49984
2.39041
3.84818
4.70371
6.05590
6.87241
8.22556
9.05266
10.44545
11.30074
12.74288
13.63962
15.10491
15.99626
17.48346
18.36871
19.81335
20.57325
21.55804
22.21935
23.38412
24.13119
25.44489
26.24856
27.56773
28.41610
29.81646
30.65652
32.05784
32.85917
34.09870
34.92326
36.37744
37.23994
38.67215
39.53183
40.97190
41.83875
43.29381
44.15816
45.60001
46.36870
47.39319
48.05004
49.18496
49.83892
50.91005
51.40673
51.90002
52.34472
53.25220
53.73187
54.35787
54.79693
55.61079
56.12083
57.03958
57.45780
57.92052
58.17373
58.48459
58.89619
59.89365
60.51264
61.49123
62.18891
63.47797
64.29524
65.72630
66.53805
67.83275
68.44586
69.08291
69.51221
70.29735
70.52353
70.43429
70.57650
71.06647
71.36111
71.93460
72.06422
71.85215
72.00022
72.57402
73.12520
74.34460
74.90154
75.54487
75.85898
76.22004
76.50907
77.10431
77.36459
77.67711
77.71468
77.51937
77.42259
77.29250
77.08732
76.54629
76.20239
75.57851
75.25901
74.80381
74.66588
74.69375
74.68117
74.62612
74.63142
74.68607
74.79457
75.11401
75.25723
75.37162
75.64584
76.38637
76.87205
77.77053
78.27976
79.09300
79.51199
80.06162
80.55016
81.57305
82.25833
83.50330
84.16263
85.02329
85.69530
86.91064
87.70464
89.07428
89.87247
91.17934
91.90119
92.97035
93.65549
94.77996
95.43451
96.49912
97.05863
97.82806
98.09976
98.18372
98.13729
97.84303
97.68879
97.43539
97.42838
97.72470
97.61752
96.99833
96.75767
96.50453
96.50303
96.72899
97.04560
97.86237
98.38250
99.34443
99.74669
100.09862
100.38887
100.95057
101.31036
101.90432
102.45539
103.64261
104.15778
104.59388
105.13635
106.36809
107.04951
108.09931
108.80408
110.07658
110.83625
112.11528
112.82154
113.80851
114.42169
115.38821
116.02980
117.13425
117.81822
118.98100
119.69136
120.90339
121.62214
122.71939
123.39414
124.52984
125.24141
126.43704
127.20287
128.49786
129.34001
130.76472
