1.50000
2.34339
3.32147
3.94090
3.80353
3.04773
1.94122
1.65786
1.88588
2.29761
3.13307
3.50767
2.66162
2.99957
3.84220
4.35732
3.64269
3.23710
2.08678
2.72232
3.93694
4.69528
6.11732
6.74257
6.70481
6.24646
5.10014
4.46748
3.90931
3.78392
4.82413
5.53704
6.80471
7.38824
7.54452
7.90561
8.54067
9.23272
10.50426
10.88434
9.81590
9.18692
8.90759
8.17026
6.83496
6.25956
6.02768
6.31372
7.15159
6.54459
5.45722
5.41738
6.59189
6.20154
4.91563
4.54000
3.51525
3.15169
3.47702
3.53023
3.04686
3.78334
5.16217
6.04434
7.42479
8.18319
8.97171
9.70940
8.98636
9.11972
10.22001
10.64534
9.96729
9.14555
7.92820
7.95547
8.84493
9.52619
8.70965
8.58921
9.03096
9.42625
10.35118
10.92856
9.90276
10.38052
11.74357
11.86116
10.82702
10.66106
11.55021
11.84500
12.78059
13.30212
14.62168
14.49329
13.03762
13.00460
14.37053
15.01753
16.25499
17.06745
18.35808
19.14720
20.48793
20.63151
19.28497
19.29939
20.61953
21.49189
22.71129
23.60004
25.05559
25.82780
26.91335
27.05659
26.41167
26.55635
25.77273
24.94622
23.81473
23.80394
24.98984
25.86232
26.60765
26.35917
25.50962
25.25679
24.19672
24.25618
25.41290
26.07152
25.07720
24.76973
25.16378
25.20562
24.67398
23.81100
24.35398
24.22416
22.83777
22.10807
21.64911
21.57125
21.96649
21.83993
21.00488
20.22287
21.08561
21.18358
20.23878
20.03204
20.39605
20.79896
21.58501
22.42861
22.68096
23.44080
23.81322
24.70286
25.81070
25.63195
24.37522
24.10503
24.65546
25.37099
25.92184
25.46588
25.01274
25.47847
25.90047
26.46034
26.91544
26.54755
25.37535
25.17852
26.34570
27.11807
27.23513
26.43987
25.67913
25.49674
25.13751
24.44881
24.88668
25.75596
27.09393
27.79569
28.41804
28.31202
27.83005
26.97413
27.53217
28.15130
29.28729
29.94062
29.31338
29.07541
28.54579
