1.49992
2.30503
3.33153
3.88086
4.33661
4.89713
6.07195
6.47825
6.31075
6.97163
8.46928
8.92517
8.30015
8.54524
9.45693
10.26687
11.48908
12.29671
13.66119
14.53398
15.92153
16.81470
18.29281
18.91644
18.85595
19.28744
20.04832
20.88672
22.19087
22.96717
24.22070
24.72175
24.87307
25.17958
25.58051
26.12599
27.29334
28.16469
29.61751
30.38260
30.87644
31.30422
31.57331
32.31260
33.78629
34.67062
36.10587
37.00211
38.49697
39.07379
38.70729
38.61378
38.37719
38.46010
38.81796
39.33740
40.49625
41.21009
42.55817
42.85979
42.31639
41.73575
40.38317
39.84628
39.69449
39.19467
38.06326
37.25803
35.91404
35.60683
36.22682
36.84432
38.04635
38.84767
40.02493
40.79974
42.14260
42.63514
42.33694
41.74381
40.66580
39.97347
38.85011
38.14285
36.92322
36.24547
35.33717
34.60010
33.21632
32.51820
32.07625
31.43757
30.83630
30.32298
29.58519
28.71074
28.07648
27.52646
26.59789
25.90767
24.57793
24.30920
25.24142
25.51065
25.16392
25.07430
25.02566
24.98594
24.89529
24.98992
25.43551
25.46939
25.06897
25.22823
25.79731
26.40670
27.25154
27.84377
29.02657
29.16496
28.37666
27.70226
26.38485
25.77371
25.63059
25.49888
25.41172
25.30511
25.10633
24.98375
24.76595
24.69165
24.65641
24.73059
24.77915
25.47248
26.89957
27.64858
28.37847
28.24107
27.02754
26.89540
27.79359
27.71325
26.64127
26.59765
27.47118
27.91545
28.52536
29.28022
30.70103
31.28417
31.11960
30.87554
30.10802
29.96518
30.40162
30.49893
30.90232
31.38615
32.40417
33.25493
34.06304
34.55599
34.68937
34.92769
35.20099
34.83665
33.89960
33.06527
32.50450
31.85263
30.95379
30.08057
29.01134
28.99142
30.06860
30.61570
30.54819
31.17732
32.61971
33.44638
34.68290
35.44896
36.70532
37.49249
38.70160
39.19020
39.26697
39.98634
41.40191
42.00099
41.47967
41.80139
43.06123
43.33833
42.58837
42.89025
43.95285
44.84095
45.86952
46.76007
48.11444
48.61108
48.29187
47.68845
46.55336
46.29089
46.64320
47.20201
47.86501
48.72134
50.00643
50.81561
52.13003
52.95355
54.07202
54.91942
55.32060
55.70284
56.28894
56.72416
57.36329
57.62997
57.80442
58.02798
58.52994
58.81906
59.35566
59.10701
58.04980
57.24301
56.56873
55.89211
54.57198
53.99353
53.47810
53.23451
53.00553
52.90229
52.81904
52.70386
52.36340
52.38270
52.68005
53.21282
54.61930
54.90627
54.17826
53.45669
52.06037
51.84716
52.89524
53.42769
54.43519
54.71915
54.43913
54.25850
54.03247
53.83670
53.50414
53.08938
52.18137
51.37294
50.02942
49.44656
49.17276
48.97223
48.55204
48.84073
49.96307
50.79564
52.29068
53.14029
54.32074
55.10784
56.35739
57.22164
57.78728
58.39100
58.88590
59.16209
59.39699
59.39693
58.89425
59.40478
60.86718
61.70621
62.99300
63.78606
65.15369
65.80246
66.40370
66.86787
67.11611
67.95537
69.12239
69.81758
70.73218
71.29169
72.06100
72.85122
74.07144
74.50041
74.39022
74.54803
75.14279
74.98925
74.03952
73.62153
73.08260
72.95758
73.05968
73.40183
74.40260
75.01115
76.23055
76.30013
75.22684
74.74659
74.00819
74.06722
74.92941
75.49066
76.38580
77.17399
78.40177
79.19890
80.50098
81.39866
82.70136
83.22790
83.53314
82.98450
81.48575
80.58814
79.11802
78.47906
78.66060
79.20583
80.52272
81.30267
82.52624
83.15306
83.89688
84.38313
85.10832
85.83013
87.23587
87.88165
88.25754
88.06953
87.11254
86.35839
85.27497
84.44367
83.76745
83.24585
82.91472
82.68178
82.32068
82.29220
82.41394
82.95368
84.03593
84.71021
85.73304
86.55394
87.52158
87.93727
88.37073
87.99358
86.86822
86.01369
84.59900
83.86067
83.20249
83.11223
83.61966
83.85328
84.20651
84.45658
85.10689
84.73332
83.25954
82.86441
83.56252
83.36706
82.37550
81.80692
80.93108
80.10873
78.87168
78.00475
77.24079
77.06292
77.51619
77.55847
77.17849
77.39914
78.14212
78.50504
78.82065
79.42213
80.07496
80.70625
81.96395
82.57509
83.08687
83.38400
83.56461
84.11543
85.48943
86.30279
87.68665
88.48761
89.69917
90.46648
91.41726
91.90562
92.56884
92.61662
92.04751
91.82303
91.54877
91.45275
91.39038
91.49818
91.77226
92.40883
93.80002
94.63511
95.73305
96.35539
97.22195
97.83896
98.90156
99.63730
100.92400
101.62100
101.73942
101.85095
101.76868
102.10884
103.28144
103.50412
103.24976
102.46024
101.12665
100.28093
98.95219
98.05808
96.85312
96.03211
94.79362
94.27637
94.79141
94.63235
93.89577
93.68596
93.68436
93.68611
93.51148
94.18349
95.62860
96.51068
97.98258
98.86619
99.90919
100.78117
100.85351
101.60655
103.00036
103.73119
103.94368
104.00518
103.77467
103.69587
103.42313
103.92030
105.21045
105.91416
106.01574
105.72008
104.87078
104.01860
102.65627
101.78659
100.69932
99.85346
99.21834
98.71636
97.87366
97.57752
97.94608
98.21857
98.86894
99.13443
99.22172
99.10671
98.51996
98.50747
98.20900
98.01500
97.76220
97.24545
95.99168
95.35781
95.61724
95.67718
96.12192
95.58001
94.08183
93.22587
91.98882
91.43088
91.07308
90.57360
89.60948
89.06017
88.23100
87.71898
86.87370
86.30340
85.32144
84.70963
83.78726
83.24464
82.38765
81.93145
81.59046
81.08061
80.01775
79.20836
78.74529
78.05139
76.74951
75.90196
74.52691
74.25493
75.09988
75.29809
75.31565
75.31472
75.25343
75.20881
75.22566
74.83678
73.61661
73.43929
74.24463
74.54891
74.58704
74.47553
73.96878
73.72275
73.42937
73.34345
73.51746
73.14774
71.92665
71.76199
72.59708
72.71947
72.52121
72.09703
71.49868
70.69081
69.60227
68.73271
67.31319
66.53947
65.62732
64.82813
64.02337
63.46077
62.49487
62.23884
62.38405
62.67310
63.62228
63.71149
62.91781
62.94614
63.70297
64.03852
64.15903
64.21927
64.13388
64.32567
64.65313
65.19984
66.37675
66.62723
66.05064
65.97023
66.14228
66.19940
66.31012
66.05622
65.08380
64.86531
65.10256
65.20372
65.43373
65.40133
65.18934
64.71629
63.47088
62.79475
61.88457
61.15361
59.95612
59.26605
58.13939
57.74088
57.86353
57.37967
56.41064
56.31914
56.98258
57.52522
57.84484
58.39548
59.65128
60.36333
61.43549
62.17206
63.45941
63.74429
63.17764
