0.00013522
0.00042967
0.00050263
0.00050263
0.00028746
0.00025130
0.00034773
0.00044523
0.00044523
0.00026885
0.00026885
0.00033145
0.00042128
0.00118886
0.00207691
0.00237691
0.00237691
0.00203520
0.00121294
0.00060309
0.00049986
0.00045914
0.00045914
0.00045448
0.00041661
0.00040040
0.00030624
0.00042292
0.00083149
0.00114004
0.00114004
0.00127145
0.00127145
0.00095884
0.00048239
0.00031993
0.00027232
0.00027232
0.00031980
0.00062504
0.00062504
0.00053023
0.00049289
0.00042882
0.00042882
0.00019119
0.00047701
0.00047701
0.00041240
0.00037022
0.00037959
0.00037959
0.00044849
0.00044849
0.00087814
0.00127509
0.00144008
0.00144008
0.00109925
0.00109925
0.00095134
0.00080354
0.00056716
0.00048621
0.00048621
0.00075055
0.00129405
0.00166545
0.00166545
0.00145333
0.00086937
0.00027364
0.00024032
0.00024032
0.00024792
0.00024792
0.00024061
0.00029905
0.00029905
0.00024348
0.00034749
0.00039251
0.00091913
0.00144776
0.00195269
0.00230412
0.00251254
0.00251254
0.00224669
0.00186861
0.00120033
0.00045787
0.00019760
0.00021990
0.00021990
0.00045110
0.00045110
0.00024893
0.00020049
0.00027727
0.00031154
0.00031154
0.00040251
0.00040251
0.00034084
0.00028937
0.00050596
0.00054064
0.00054064
0.00026652
0.00026180
0.00046088
0.00046088
0.00027972
0.00039045
0.00039045
0.00031704
0.00031704
0.00038438
0.00051574
0.00051574
0.00040421
0.00040421
0.00032660
0.00034481
0.00064656
0.00123422
0.00171109
0.00171109
0.00141508
0.00091029
0.00028753
0.00018208
0.00022446
0.00022446
0.00017211
0.00018310
0.00026405
0.00038084
0.00038346
0.00057253
0.00067644
0.00067644
0.00074909
0.00165633
0.00212696
0.00212696
0.00208464
0.00156454
0.00167673
0.00231670
0.00263998
0.00263998
0.00238692
0.00175898
0.00150054
0.00129907
0.00118856
0.00080652
0.00051018
0.00028974
0.00024659
0.00016865
0.00054657
0.00091954
0.00109503
0.00109503
0.00083729
0.00046524
0.00044224
0.00069395
0.00099693
0.00122913
0.00126180
0.00176751
0.00192050
0.00192050
0.00150832
0.00111293
0.00094213
0.00090970
0.00182180
0.00224197
0.00224197
0.00212414
0.00175382
0.00152543
0.00187141
0.00187141
0.00145850
0.00105719
0.00105719
0.00087613
0.00072614
0.00039151
0.00049251
0.00049251
0.00036078
0.00025164
0.00037920
0.00037920
0.00031717
0.00051652
0.00055770
0.00055770
0.00026803
0.00026803
0.00029922
0.00037070
0.00037880
0.00037880
0.00037470
0.00036754
0.00028667
0.00034513
0.00034513
0.00056966
0.00056966
0.00053657
0.00050764
0.00043647
0.00056426
0.00064790
0.00064790
0.00031509
0.00027274
0.00014697
0.00018627
0.00018627
0.00016427
0.00020079
0.00021575
0.00040837
0.00058755
0.00058755
0.00040713
0.00031203
0.00036385
0.00036385
0.00044372
0.00078306
0.00158815
0.00201113
0.00201113
0.00179225
0.00170865
0.00120817
0.00092839
0.00100351
0.00100351
0.00151319
0.00173615
0.00173615
0.00137997
0.00063840
0.00042391
0.00032912
0.00021785
0.00042286
0.00048861
0.00049506
0.00049645
0.00049645
0.00037537
0.00038876
0.00107893
0.00153449
0.00153449
0.00141891
0.00089323
0.00061532
0.00032971
0.00027929
0.00061759
0.00098615
0.00153869
0.00169929
0.00169929
0.00135057
0.00055226
0.00037836
0.00094375
0.00167882
0.00217996
0.00217996
0.00206795
0.00148704
0.00090699
0.00066337
0.00082903
0.00082903
0.00087890
0.00115974
0.00115974
0.00100929
0.00120524
0.00173015
0.00206625
0.00206625
0.00177300
0.00108688
0.00050415
0.00048438
0.00045154
0.00045154
0.00050964
0.00088757
0.00088757
0.00082033
0.00059440
0.00057831
0.00032578
0.00048217
0.00048217
0.00042260
0.00039968
