1.50007
1.83959
0.91455
1.68044
2.57643
3.46009
4.80218
5.59229
6.79791
7.68685
8.92286
9.32895
8.84159
7.96631
7.37838
7.28464
6.80630
7.64078
8.07908
8.13222
7.86519
7.90436
8.69636
8.95449
8.80581
9.38901
10.05169
10.75244
12.00207
12.42001
11.34384
10.96324
10.66071
10.28932
9.81945
9.64018
9.62826
9.46305
8.70900
9.17132
10.65667
11.40082
11.97730
11.78655
10.94302
11.39281
12.87631
13.62831
14.10728
14.75335
16.10080
16.90496
18.15321
18.88183
20.04392
20.76104
21.80261
22.27181
21.29479
20.94204
20.49450
20.47451
20.85321
