1.49996
2.37885
3.76360
4.65783
6.13503
7.02807
8.49198
9.22889
9.51265
10.01934
11.03157
11.88411
13.12860
13.73472
14.08631
14.71903
16.04633
16.84753
17.31317
18.09329
19.16829
19.90233
21.16566
21.88879
23.01809
23.71736
24.94271
25.35497
25.02232
25.06820
25.49038
25.28277
24.40835
23.79531
22.52977
22.45132
23.66097
23.76474
22.91284
22.42661
21.69551
22.00786
23.43804
23.68533
22.72075
22.87338
24.05496
24.41178
24.00031
24.55938
26.02022
26.47327
25.85976
25.67642
25.45455
25.31163
25.39048
25.02991
23.78187
23.68286
24.77584
24.84671
24.05196
23.67945
23.12786
22.70440
21.90606
21.54841
21.41626
21.48898
22.00660
21.84351
20.96818
20.41566
19.37704
18.77617
17.72124
17.44852
17.70365
18.22446
19.22429
20.04872
20.84796
21.63573
22.97766
23.48351
23.44275
23.78181
24.62549
25.34858
26.40000
27.27463
27.89172
28.60977
30.03724
30.61216
30.62932
30.22840
29.04522
28.87877
29.73526
30.09727
30.77902
30.45228
29.08258
28.50470
28.02227
28.14962
29.05118
29.57795
30.11885
30.85922
32.35202
33.14640
34.15474
34.81065
35.80750
36.40012
37.38188
37.63937
37.47016
37.08581
37.33625
37.63390
38.35940
38.41495
38.02606
37.21915
35.92306
35.58679
36.14818
36.52220
37.35384
38.00709
38.18276
38.45749
38.86554
39.54381
41.03465
41.91589
43.35926
44.19379
45.32013
45.61723
45.24241
45.24307
45.44144
45.71551
46.44858
46.54961
45.81400
45.90734
46.69398
47.59098
48.53698
48.68119
48.05443
47.34390
46.27212
45.64034
44.40409
43.73501
42.88504
42.08358
40.61848
39.98594
39.65987
39.43811
39.11801
39.37090
40.24572
40.53601
41.78167
42.63015
43.90332
44.46654
44.34659
44.29943
44.28184
43.75011
42.64880
42.11061
41.61718
41.66351
41.27924
41.34019
42.51379
43.20371
44.35104
45.02350
45.94605
46.62418
47.75531
47.71504
46.49430
45.92056
45.20140
44.88565
44.57544
