 0.10000	185.03123474	154.34466553	121.49723053	184.86166382	155.76226807	121.95680237	           0	           2
 0.10000	184.76864624	156.61428833	122.22940826	184.73402405	158.05735779	122.63597870	          -1	           3
 0.10000	184.24554443	158.70372009	123.02669525	182.90386963	158.88258362	123.67240143	          -2	           4
 0.10000	182.23727417	159.33280945	124.07437134	181.48133850	160.48109436	124.67326355	          -3	           5
 0.10000	180.83100891	160.98358154	125.03760529	179.55824280	161.49317932	125.64520264	          -4	           6
 0.10000	178.73040771	161.80149841	125.81240845	177.27433777	162.15098572	125.73097229	          -5	           7
 0.10000	176.54237366	162.67266846	125.70050049	175.80715942	163.96147156	125.48199463	          -6	           8
 0.10000	175.17645264	164.44956970	125.89870453	174.38029480	164.46217346	127.16975403	          -7	           9
 0.10000	173.84077454	164.40173340	127.88697815	173.08502197	163.99598694	129.11721802	          -8	          10
 0.10000	172.23437500	163.95384216	129.40724182	170.86293030	164.24693298	128.87588501	          -9	          11
 0.10000	169.97206116	164.25830078	128.75466919	168.47731018	164.14213562	128.72650146	         -10	          12
 0.10000	167.67231750	163.74240112	128.69760132	166.78019714	162.53799438	128.74838257	         -11	          13
 0.10000	166.00817871	162.19270325	128.44213867	164.83848572	162.55377197	127.57546234	         -12	          14
 0.10000	164.21812439	162.11453247	127.09452820	163.74861145	160.75068665	126.68391418	         -13	          15
 0.10000	163.76560974	159.88206482	126.45225525	164.43681335	158.55693054	126.24624634	         -14	          16
 0.10000	164.66870117	157.69981384	126.10543060	164.94880676	156.23623657	125.93693542	         -15	          17
 0.10000	164.81036377	155.40730286	125.61797333	164.19021606	154.29739380	124.82301331	         -16	          18
 0.10000	163.51866150	153.87834167	124.39686584	162.11033630	153.81622314	123.88668060	         -17	          19
 0.10000	161.27865601	153.66218567	123.58511353	159.89549255	153.33161926	123.11177826	         -18	          20
 0.10000	159.03974915	153.13104248	122.93056488	157.58593750	152.79241943	122.79816437	         -19	          21
 0.10000	156.73490906	152.51582336	122.73031616	155.34535217	151.95419312	122.71621704	         -20	          22
 0.10000	154.58505249	151.55487061	122.45431519	153.55567932	150.83572388	121.63548279	         -21	          23
 0.10000	152.95559692	150.34774780	121.17807770	152.08854675	149.31521606	120.52199554	         -22	          24
 0.10000	151.46380615	149.18354797	119.88883972	150.60113525	149.89450073	118.88914490	         -23	          25
 0.10000	150.28109741	150.07626343	118.06853485	150.21450806	150.14764404	116.57207489	         -24	          26
 0.10000	150.19625854	149.87886047	115.71429443	150.29194641	148.94282532	114.54669189	         -25	          27
 0.10000	150.28671265	148.41625977	113.81838989	150.25738525	147.53324890	112.60708618	         -26	          28
 0.10000	149.97656250	146.99435425	111.94509125	149.06773376	146.19374084	111.06122589	         -27	          29
 0.10000	148.71582031	145.58158875	110.50511932	148.50367737	144.42555237	109.57410431	         -28	          30
 0.10000	148.09448242	143.72039795	109.19535828	147.11541748	142.62857056	108.88300323	         -29	          31
 0.10000	146.40283203	142.08215332	108.92754364	145.09437561	141.54611206	109.42703247	         -30	          32
 0.10000	144.42292786	141.02828979	109.72603607	143.58134460	139.86825562	110.16768646	         -31	          33
 0.10000	142.99162292	139.51156616	110.74563599	142.08566284	139.68583679	111.92809296	         -32	          34
 0.10000	141.85736084	139.45062256	112.76570892	142.15466309	138.71052551	114.03569794	         -33	          35
 0.10000	142.21932983	138.28598022	114.82596588	142.22970581	137.39830017	116.03477478	         -34	          36
 0.10000	142.28128052	137.46403503	116.93049622	142.39175415	138.40867615	118.09021759	         -35	          37
 0.10000	142.44589233	139.26506042	118.36043549	142.53288269	140.62918091	117.74281311	         -36	          38
 0.10000	142.34393311	141.50866699	117.75338745	141.83363342	142.83383179	118.23588562	         -37	          39
 0.10000	141.07641602	143.25120544	118.48435211	139.63533020	142.95738220	118.77762604	         -38	          40
 0.10000	138.75117493	142.83691406	118.66737366	137.43272400	142.55627441	118.01088715	         -39	          41
 0.10000	136.63821411	142.46652222	117.60125732	135.35646057	142.45710754	116.82379150	         -40	          42
 0.10000	134.58578491	142.38201904	116.36911774	133.28512573	142.17564392	115.65276337	         -41	          43
 0.10000	132.60116577	142.00216675	115.09658051	131.71284485	141.53501892	113.98270416	         -42	          44
 0.10000	131.02812195	141.61859131	113.40623474	129.85116577	142.17825317	112.66437531	         -43	          45
 0.10000	129.35643005	142.92526245	112.58605194	129.29528809	144.30671692	113.16644287	         -44	          46
 0.10000	129.15026855	145.14604187	113.45414734	128.85478210	146.53355408	113.93949127	         -45	          47
 0.10000	128.80538940	147.37501526	114.25199127	129.01887512	148.73023987	114.85755157	         -46	          48
 0.10000	128.83561707	149.60317993	114.97340393	127.98375702	150.82223511	114.77896881	         -47	          49
 0.10000	127.96536255	151.67802429	114.50274658	128.71006775	152.81242371	113.86404419	         -48	          50
 0.10000	129.10757446	153.53445435	113.50442505	129.77742004	154.76361084	112.96697998	         -49	          51
 0.10000	130.29898071	155.32826233	112.50086975	131.34835815	155.95600891	111.63293457	         -50	          52
 0.10000	131.78434753	156.11709595	110.86312103	132.22352600	155.98356628	109.43535614	         -51	          53
 0.10000	131.93713379	155.70901489	108.62795258	130.74784851	154.99429321	108.05876923	         -52	          54
 0.10000	130.09143066	154.99638367	107.44380188	129.36634827	155.71296692	106.34388733	         -53	          55
 0.10000	128.61581421	156.05285645	105.98363495	127.16646576	156.43580627	106.01430511	         -54	          56
 0.10000	126.35836029	156.82353210	105.95574188	125.12574005	157.66882324	105.84200287	         -55	          57
 0.10000	124.39580536	158.18281555	105.75099182	123.19002533	159.05520630	105.57560730	         -56	          58
 0.10000	122.48708344	159.59332275	105.43080139	121.32759094	160.49171448	105.12375641	         -57	          59
 0.10000	120.79032898	161.19252014	104.96360779	120.24494171	162.55805969	104.67362976	         -58	          60
 0.10000	119.84199524	163.35118103	104.79420471	119.19171143	164.51211548	105.48416901	         -59	          61
 0.10000	118.64071655	165.16152954	105.76721954	117.49908447	166.08819580	106.05737305	         -60	          62
 0.10000	116.82829285	166.64662170	106.26528931	115.70748138	167.57873535	106.61327362	         -61	          63
 0.10000	115.07893372	168.12191772	106.95391846	114.13159943	168.99122620	107.72483063	         -62	          64
 0.10000	113.51450348	169.39732361	108.23652649	112.45829010	169.72169495	109.25032806	         -63	          65
 0.10000	111.84870148	170.33718872	109.49164581	111.27447510	171.68171692	109.15824127	         -64	          66
 0.10000	110.77127075	172.37580872	108.88723755	109.80944824	173.31246948	108.21913910	         -65	          67
 0.10000	109.22131348	173.87326050	107.83365631	108.09136963	174.67840576	107.26397705	         -66	          68
 0.10000	107.90864563	175.38212585	106.73411560	108.62264252	176.49870300	106.03182220	         -67	          69
 0.10000	108.68540192	176.86441040	105.21214294	108.27722931	176.65075684	103.78485107	         -68	          70
 0.10000	108.05085754	176.61633301	102.91502380	107.70048523	176.59953308	101.45696259	         -69	          71
 0.10000	107.21572876	176.48382568	100.70826721	106.05252075	176.18107605	 99.81140137	         -70	          72
 0.10000	105.35987854	175.84109497	 99.34954071	104.15934753	175.11236572	 98.82350922	         -71	          73
 0.10000	103.69667053	174.40180969	 98.52395630	103.35685730	172.98686218	 98.16166687	         -72	          74
 0.10000	103.64542389	172.14186096	 98.05295563	104.83300018	171.22586060	 98.04882812	         -73	          75
 0.10000	105.49423218	170.72007751	 98.38926697	106.42568207	170.18414307	 99.43539429	         -74	          76
 0.10000	106.97393799	169.94497681	100.10692596	107.77682495	169.75100708	101.35858154	         -75	          77
 0.10000	108.39376831	169.61177063	101.99797058	109.63954163	169.54167175	102.83000183	         -76	          78
 0.10000	110.09272003	168.94218445	103.32406616	110.02568817	167.49945068	103.72725677	         -77	          79
 0.10000	110.13900757	166.66007996	104.02756500	110.41475677	165.26373291	104.49834442	         -78	          80
 0.10000	110.67845154	164.50524902	104.89980316	111.27265167	163.40275574	105.72288513	         -79	          81
 0.10000	111.58814240	162.76055908	106.26364899	112.05464172	161.74719238	107.26403046	         -80	          82
 0.10000	112.36939240	161.05157471	107.73454285	112.91804504	159.77807617	108.30229187	         -81	          83
 0.10000	113.29497528	159.03637695	108.63607025	114.01002502	157.82768250	109.15827942	         -82	          84
 0.10000	114.38703918	157.07630920	109.46984100	114.94386292	155.79406738	110.00950623	         -83	          85
 0.10000	115.18595123	154.94369507	110.16036987	115.38034058	153.45950317	110.08815002	         -84	          86
 0.10000	115.58615112	152.58605957	110.10289001	116.06635284	151.16874695	110.18770599	         -85	          87
 0.10000	116.32116699	150.30876160	110.23270416	116.75656128	148.87736511	110.32808685	         -86	          88
 0.10000	116.79373169	147.98071289	110.27862549	116.57882690	146.54594421	109.89909363	         -87	          89
 0.10000	116.07201385	145.82948303	110.09605408	115.01078796	145.30708313	111.01812744	         -88	          90
 0.10000	114.17092896	145.44218445	111.31086731	113.08174896	146.46949768	111.22373962	         -89	          91
 0.10000	112.28630066	146.88891602	111.20551300	110.82356262	147.21467590	111.14472198	         -90	          92
 0.10000	110.20264435	147.85928345	111.05349731	109.96109009	149.33638000	110.95847321	         -91	          93
 0.10000	109.59963989	150.02154541	110.50103760	108.92176056	150.55941772	109.27606201	         -92	          94
 0.10000	108.54158020	150.95333862	108.56232452	107.83767700	151.57415771	107.39243317	         -93	          95
 0.10000	107.85816956	152.06857300	106.64112854	108.68621826	152.95455933	105.75856018	         -94	          96
 0.10000	108.83802032	153.14598083	104.89265442	108.48413849	152.79841614	103.47727203	         -95	          97
 0.10000	108.46748352	152.46690369	102.64137268	108.65340424	151.68800354	101.37343597	         -96	          98
 0.10000	108.81639862	151.05117798	100.75969696	109.11782074	149.71621704	100.14659119	         -97	          99
 0.10000	109.54026794	149.16389465	 99.57615662	110.60077667	148.88484192	 98.55297089	         -98	         100
 0.10000	110.87148285	148.35675049	 97.87680054	110.53018188	147.20718384	 96.97585297	         -99	         101
 0.10000	110.76097870	146.59437561	 96.35901642	111.75605774	145.92291260	 95.45988464	        -100	         102
 0.10000	111.99813080	145.27955627	 94.87938690	111.80104828	144.05169678	 94.04113770	        -101	         103
 0.10000	111.74348450	143.32080078	 93.52046967	111.54743958	142.07139587	 92.71440887	        -102	         104
 0.10000	111.84198761	141.50205994	 92.08301544	112.91524506	141.24661255	 91.06695557	        -103	         105
 0.10000	113.29566956	140.58905029	 90.58492279	113.19814301	139.13652039	 90.22380829	        -104	         106
 0.10000	113.65310669	138.36262512	 90.28376007	114.91090393	137.75958252	 90.83490753	        -105	         107
 0.10000	115.39227295	137.20021057	 91.34922028	115.71214294	136.24600220	 92.46111298	        -106	         108
 0.10000	115.73950195	135.56704712	 93.04993439	115.42761230	134.34364319	 93.85894012	        -107	         109
 0.10000	115.25001526	133.61125183	 94.34878540	114.93274689	132.42709351	 95.21240997	        -108	         110
 0.10000	114.66011810	131.59521484	 95.41724396	114.23941803	130.17892456	 95.15998840	        -109	         111
 0.10000	113.60286713	129.54518127	 95.11148834	112.15734863	129.14938354	 95.16708374	        -110	         112
 0.10000	111.35934448	128.74778748	 95.06213379	110.07263947	128.05697632	 94.72058105	        -111	         113
 0.10000	109.69133759	127.29389954	 94.43469238	109.94367218	125.88948059	 93.97290802	        -112	         114
 0.10000	110.09085083	125.04739380	 93.69343567	110.53319550	123.69441223	 93.22134399	        -113	         115
 0.10000	110.58026886	122.82092285	 93.01177979	110.29409790	121.34888458	 92.98519897	        -114	         116
 0.10000	110.21646881	120.66757965	 92.40264893	110.35048676	120.35948944	 90.94091034	        -115	         117
 0.10000	110.03828430	120.19441223	 90.11348724	109.00950623	120.17153931	 89.02239227	        -116	         118
 0.10000	108.37653351	120.10311890	 88.38701630	107.31513977	120.03689575	 87.32939148	        -117	         119
 0.10000	106.51565552	119.68080139	 87.12106323	105.44732666	118.73763275	 87.58878326	        -118	         120
 0.10000	104.71282196	118.41423035	 87.99526215	103.62623596	118.29306793	 89.02195740	        -119	         121
 0.10000	102.76490784	118.28237152	 89.28153229	101.27609253	118.30391693	 89.10160828	        -120	         122
 0.10000	100.53744507	118.78007507	 88.90890503	100.06235504	120.14455414	 88.50643158	        -121	         123
 0.10000	 99.40226746	120.60864258	 88.10886383	 98.10427856	120.63935852	 87.35839844	        -122	         124
 0.10000	 97.33195496	120.72409058	 86.90616608	 96.02964020	120.89953613	 86.18406677	        -123	         125
 0.10000	 95.33502960	120.78910828	 85.62458038	 94.39408875	120.29547882	 84.56677246	        -124	         126
 0.10000	 93.94107819	119.88986969	 83.90511322	 93.48486328	118.96646881	 82.81547546	        -125	         127
 0.10000	 93.05972290	118.64075470	 82.09370422	 92.18668365	118.56794739	 80.87686157	        -126	         128
 0.10000	 91.72058868	118.24450684	 80.17956543	 91.08970642	117.42334747	 79.09500885	        -127	         129
 0.10000	 90.69901276	116.68907928	 78.75335693	 90.20186615	115.27501678	 78.79768372	        -128	         130
 0.10000	 89.86096954	114.46363068	 78.98167419	 89.29235840	113.24147797	 79.63880920	        -129	         131
 0.10000	 88.91725922	112.50776672	 79.99917603	 88.09030914	111.42952728	 80.63385773	        -130	         132
 0.10000	 88.11548615	110.54822540	 80.81262970	 88.94422913	109.30019379	 80.74076080	        -131	         133
 0.10000	 89.57922363	108.79802704	 80.34822845	 90.62136841	108.74952698	 79.27072906	        -132	         134
 0.10000	 91.26142883	108.60276794	 78.65613556	 92.32234955	108.40933990	 77.61402130	        -133	         135
 0.10000	 92.87522125	107.92848969	 77.09238434	 93.50416565	106.65354156	 76.61475372	        -134	         136
 0.10000	 93.79749298	105.98412323	 76.09049988	 94.12102509	105.00105286	 75.00510406	        -135	         137
 0.10000	 94.06566620	104.58566284	 74.20927429	 93.50094604	104.32778168	 72.84413910	        -136	         138
 0.10000	 93.35482025	104.14440918	 71.97602844	 93.30301666	103.96854401	 70.48757935	        -137	         139
 0.10000	 93.50195312	103.56393433	 69.70927429	 94.12069702	102.56163788	 68.78094482	        -138	         140
 0.10000	 94.69239044	101.91786194	 68.52074432	 95.82636261	100.97444153	 68.79147339	        -139	         141
 0.10000	 96.43677521	100.32044220	 68.69926453	 97.23505402	 99.14463806	 68.22050476	        -140	         142
 0.10000	 97.94516754	 98.61466980	 68.06656647	 99.35375977	 98.10284424	 68.01326752	        -141	         143
 0.10000	100.20964813	 97.83016205	 67.96734619	101.64714813	 97.41152191	 68.05536652	        -142	         144
 0.10000	102.43039703	 97.47363281	 67.61697388	103.07151794	 98.03891754	 66.38452911	        -143	         145
 0.10000	103.37097168	 98.48944855	 65.66591644	103.70071411	 99.46537781	 64.57583618	        -144	         146
 0.10000	103.37515259	 99.91132355	 63.86534882	102.11960602	100.00212860	 63.04989624	        -145	         147
 0.10000	101.60406494	100.62922668	 62.66183853	101.35350800	102.08677673	 62.41155243	        -146	         148
 0.10000	101.44593811	102.92852020	 62.71584702	101.97016144	103.77086639	 63.84073257	        -147	         149
 0.10000	102.56697845	104.06772614	 64.44497681	103.86241913	103.93898010	 65.18972015	        -148	         150
 0.10000	104.59107971	104.07999420	 65.69817352	105.61814117	104.71508026	 66.58783722	        -149	         151
 0.10000	106.42736053	104.54000092	 66.93986511	107.52133179	103.51431274	 66.96685028	        -150	         152
 0.10000	108.06037140	102.79465485	 66.99359131	108.71699524	101.44946289	 67.08668518	        -151	         153
 0.10000	108.72356415	100.64753723	 66.67948151	108.09158325	 99.91127777	 65.53619385	        -152	         154
 0.10000	107.60476685	 99.42633820	 64.95704651	106.53124237	 98.74358368	 64.16427612	        -153	         155
 0.10000	106.02783966	 98.19429779	 63.66349030	105.41558838	 97.10175323	 62.84043884	        -154	         156
 0.10000	105.04328918	 96.44598389	 62.35474396	104.44519806	 95.32647705	 61.55835342	        -155	         157
 0.10000	104.07569885	 94.65341187	 61.09482956	103.46683502	 93.50686646	 60.34619904	        -156	         158
 0.10000	102.92145538	 92.94629669	 59.90625000	101.74307251	 92.30998230	 59.23307800	        -157	         159
 0.10000	101.09896851	 91.81692505	 58.84743118	100.02346802	 90.94106293	 58.27824020	        -158	         160
 0.10000	 99.74924469	 90.17705536	 57.89204788	100.02110291	 88.79940796	 57.36581039	        -159	         161
 0.10000	100.27072144	 88.03495789	 56.96333694	101.01078796	 86.97682953	 56.20066452	        -160	         162
 0.10000	101.13865662	 86.18991089	 55.78429794	100.98502350	 84.79843140	 55.24615479	        -161	         163
 0.10000	100.40905762	 84.17234039	 54.95337677	 98.96053314	 83.84164429	 54.74868393	        -162	         164
 0.10000	 98.08737183	 83.75534058	 54.55060196	 96.65853119	 83.97275543	 54.15014267	        -163	         165
 0.10000	 95.76892853	 84.01156616	 54.02241898	 94.28317261	 84.10760498	 53.84110641	        -164	         166
 0.10000	 93.52925873	 83.76636505	 54.19447327	 93.01744843	 82.83753204	 55.25514603	        -165	         167
 0.10000	 93.13190460	 82.23352814	 55.91207123	 94.14842224	 81.44267273	 56.68072128	        -166	         168
 0.10000	 94.51135254	 80.97022247	 57.35492706	 94.77047729	 80.28139496	 58.66178131	        -167	         169
 0.10000	 94.99854279	 79.93930817	 59.46199799	 95.60546875	 79.54224396	 60.77485275	        -168	         170
 0.10000	 95.36927032	 79.25600433	 61.59458542	 94.12763214	 78.90216064	 62.35798264	        -169	         171
 0.10000	 93.61685181	 78.80668640	 63.09252930	 93.08258057	 78.89664459	 64.49111176	        -170	         172
 0.10000	 93.01979065	 78.94282532	 65.38732910	 93.38919830	 79.20390320	 66.81735229	        -171	         173
 0.10000	 93.62165833	 78.75445557	 67.56138611	 93.94659424	 77.32257080	 67.86752319	        -172	         174
 0.10000	 93.98891449	 76.84581757	 68.62941742	 93.74530029	 76.99620819	 70.10157776	        -173	         175
 0.10000	 93.57736206	 77.21723938	 70.95694733	 93.23493958	 77.96356201	 72.21164703	        -174	         176
 0.10000	 93.02664185	 78.31350708	 73.01301575	 92.69997406	 78.85064697	 74.37423706	        -175	         177
 0.10000	 92.38044739	 78.89843750	 75.21298218	 91.71117401	 78.48178101	 76.48843384	        -176	         178
 0.10000	 91.29576874	 78.33937073	 77.27274323	 90.60723877	 78.17768097	 78.59500885	        -177	         179
 0.10000	 90.03134155	 78.21194458	 79.28471375	 88.95449829	 78.66145325	 80.22682190	        -178	         180
 0.10000	 88.15631104	 78.38230133	 80.53401947	 87.09882355	 77.34837341	 80.28428650	        -179	         181
 0.10000	 86.83452606	 76.48869324	 80.30710602	 87.20355988	 75.05030823	 80.51817322	        -180	         182
 0.10000	 87.59049225	 74.23821259	 80.52834320	 88.49478912	 73.07292938	 80.25659180	        -181	         183
 0.10000	 89.24546051	 72.65484619	 80.52351379	 90.39974213	 72.80673218	 81.46913910	        -182	         184
 0.10000	 91.06781006	 72.51279449	 81.99504852	 92.04415894	 71.62858582	 82.71226501	        -183	         185
 0.10000	 92.27698517	 70.98982239	 83.30155182	 91.96189117	 69.94110107	 84.32632446	        -184	         186
 0.10000	 91.77818298	 69.23362732	 84.85035706	 91.47605133	 67.94622040	 85.55783844	        -185	         187
 0.10000	 90.92739868	 67.32424164	 85.90621948	 89.59101105	 66.69037628	 86.15441895	        -186	         188
 0.10000	 88.80306244	 66.48097992	 86.53437042	 87.52809143	 66.53302765	 87.32254028	        -187	         189
 0.10000	 87.07777405	 66.56005859	 88.10095978	 87.07725525	 66.59938049	 89.60024261	        -188	         190
 0.10000	 86.93778992	 66.82088470	 90.46089935	 86.62722778	 67.60039520	 91.70406342	        -189	         191
 0.10000	 86.42773438	 67.62003326	 92.58103943	 86.14271545	 66.88820648	 93.85883331	        -190	         192
 0.10000	 85.97367096	 66.76984406	 94.73443604	 85.82700348	 67.15776825	 96.17579651	        -191	         193
 0.10000	 85.44337463	 66.86257172	 96.93428802	 84.57084656	 65.72087860	 97.36418152	        -192	         194
 0.10000	 84.20365906	 65.30400085	 98.07189178	 83.95826721	 65.28666687	 99.55139160	        -193	         195
 0.10000	 84.02361298	 64.86486816	100.34336090	 84.38780212	 63.72918320	101.25284576	        -194	         196
 0.10000	 85.05543518	 63.20020676	101.54272461	 86.46515656	 62.79603195	101.22811127	        -195	         197
 0.10000	 87.32650757	 62.83722305	101.48506165	 88.24774933	 63.60070801	102.38966370	        -196	         198
 0.10000	 89.03626251	 63.42619705	102.78639984	 90.03709412	 62.31669235	102.91716766	        -197	         199
 0.10000	 90.48834229	 61.55104446	103.05771637	 90.97360229	 60.15768814	103.32738495	        -198	         200
 0.10000	 90.75099182	 59.28786087	103.26916504	 89.62754822	 58.39343262	102.83621979	        -199	         201
 0.10000	 89.07585907	 57.70028687	102.67932892	 88.27613068	 56.46978378	102.36953735	        -200	         202
 0.10000	 87.88063049	 55.77828598	102.78787231	 87.70780945	 55.23836136	104.17646790	        -201	         203
 0.10000	 87.47002411	 54.83050537	104.94224548	 87.06919098	 54.17691422	106.23127747	        -202	         204
 0.10000	 86.45059967	 53.74798965	106.72403717	 85.09866333	 53.10545731	106.81887054	        -203	         205
 0.10000	 84.22161865	 53.00155258	106.98997498	 82.79809570	 53.35207748	107.30635834	        -204	         206
 0.10000	 81.92560577	 53.49732590	107.46992493	 80.50849152	 53.85758209	107.80375671	        -205	         207
 0.10000	 79.67010498	 53.57584000	107.63907623	 78.94789124	 52.45039368	106.95999146	        -206	         208
 0.10000	 78.50946045	 52.02678680	106.29859924	 78.04081726	 51.78018951	104.89548492	        -207	         209
 0.10000	 77.73416138	 51.57433701	104.07556152	 77.24350739	 51.12464905	102.73168945	        -208	         210
 0.10000	 76.89060974	 51.20663834	101.90873718	 76.32973480	 51.91308975	100.71074677	        -209	         211
 0.10000	 75.85714722	 52.28081894	100.03992462	 74.79946899	 52.75589752	 99.08884430	        -210	         212
 0.10000	 74.21305084	 53.34542465	 98.74609375	 73.57496643	 54.70101929	 98.68020630	        -211	         213
 0.10000	 73.01612854	 55.40276337	 98.61611176	 71.99753571	 56.49234009	 98.45984650	        -212	         214
 0.10000	 71.22763062	 56.95688248	 98.48050690	 69.82009888	 57.46511078	 98.58061218	        -213	         215
 0.10000	 69.03695679	 57.27521133	 98.98088074	 68.41836548	 56.15854263	 99.76837921	        -214	         216
 0.10000	 68.21739960	 55.90793991	100.60887146	 68.39746857	 56.21935654	102.06505585	        -215	         217
 0.10000	 68.75977325	 56.57632828	102.80727386	 69.60550690	 57.56155777	103.55815887	        -216	         218
 0.10000	 70.45137024	 57.69964981	103.83227539	 71.82259369	 57.09220123	103.80840302	        -217	         219
 0.10000	 72.61492157	 56.90204620	103.42692566	 73.51598358	 56.82816315	102.23021698	        -218	         220
 0.10000	 74.16443634	 56.66820526	101.62768555	 75.39617920	 56.38531876	100.82006836	        -219	         221
 0.10000	 75.73516846	 55.82082367	100.20708466	 75.44066620	 54.58417130	 99.41139984	        -220	         222
 0.10000	 75.30953217	 53.89703751	 98.84628296	 74.87092590	 52.73255539	 98.00942230	        -221	         223
 0.10000	 74.31101990	 52.18889999	 97.56319427	 73.15812683	 51.65941620	 96.76391602	        -222	         224
 0.10000	 72.46463013	 51.56270599	 96.20053101	 71.39285278	 51.89115906	 95.20491028	        -223	         225
 0.10000	 70.71058655	 51.85908508	 94.62123108	 69.55317688	 51.49059677	 93.74238586	        -224	         226
 0.10000	 68.96508026	 51.27725983	 93.09750366	 68.17253113	 50.95327759	 91.86674500	        -225	         227
 0.10000	 67.79000092	 50.55282211	 91.15895081	 67.27478027	 49.64213562	 90.08489990	        -226	         228
 0.10000	 67.36096954	 48.94692612	 89.52114105	 68.12537384	 47.78917694	 88.95171356	        -227	         229
 0.10000	 68.68344116	 47.13256454	 88.69426727	 69.72394562	 46.06538391	 88.52742767	        -228	         230
 0.10000	 70.59609985	 45.90761566	 88.37358856	 71.88373566	 46.64218903	 88.14596558	        -229	         231
 0.10000	 72.77792358	 46.58177185	 88.06999969	 74.06430817	 45.81122208	 88.08477783	        -230	         232
 0.10000	 74.86945343	 45.41159821	 88.08372498	 76.20001984	 44.72048569	 88.08156586	        -231	         233
 0.10000	 77.05522156	 44.44471359	 88.07152557	 78.54368591	 44.26789474	 88.03730011	        -232	         234
 0.10000	 79.39459991	 43.97860336	 88.03562927	 80.68846130	 43.22082138	 88.02143097	        -233	         235
 0.10000	 81.49229431	 42.86104202	 88.20309448	 82.86517334	 42.53175735	 88.70894623	        -234	         236
 0.10000	 83.29583740	 41.99662018	 89.29000854	 82.88991547	 40.93425369	 90.26796722	        -235	         237
 0.10000	 83.26536560	 40.51849747	 90.97212982	 84.48076630	 40.43568802	 91.84714508	        -236	         238
 0.10000	 85.26728821	 40.71259689	 92.18498993	 86.48024750	 41.59452820	 92.16299438	        -237	         239
 0.10000	 86.81653595	 42.41691971	 92.30475616	 86.48547363	 43.84754181	 92.60997772	        -238	         240
 0.10000	 86.39420319	 44.71552277	 92.82721710	 86.24753571	 46.17594147	 93.13487244	        -239	         241
 0.10000	 86.22177124	 46.85840225	 93.71981049	 86.33977509	 47.40889359	 95.10958099	        -240	         242
 0.10000	 86.22591400	 47.70505524	 95.95034027	 85.78452301	 48.02965546	 97.34587860	        -241	         243
 0.10000	 85.46032715	 48.13173294	 98.17739868	 84.79712677	 48.11729431	 99.52184296	        -242	         244
 0.10000	 84.40913391	 48.12953186	100.33222198	 83.68088531	 48.07624817	101.64189911	        -243	         245
 0.10000	 83.58146667	 48.33434677	102.49752045	 84.04237366	 49.15863037	103.66241455	        -244	         246
 0.10000	 84.17179108	 49.54198456	104.46550751	 84.34749603	 50.02824783	105.87329102	        -245	         247
 0.10000	 84.02682495	 50.29864120	106.66909027	 82.87433624	 50.53844452	107.59843445	        -246	         248
 0.10000	 82.32355499	 50.87812805	108.22341919	 81.61642456	 51.81730652	109.15490723	        -247	         249
 0.10000	 81.21985626	 51.90219116	109.95806122	 80.88299561	 51.18056488	111.22913361	        -248	         250
 0.10000	 80.56726074	 51.04840851	112.06123352	 80.08893585	 51.15298843	113.47887421	        -249	         251
 0.10000	 79.39822388	 51.43607330	113.98101044	 78.08809662	 52.15966034	113.88558960	        -250	         252
 0.10000	 77.22964478	 52.42138290	113.83312988	 75.76139832	 52.58498383	113.57664490	        -251	         253
 0.10000	 74.87581635	 52.65188217	113.43898773	 73.38455200	 52.64315033	113.28314209	        -252	         254
 0.10000	 72.56260681	 52.73055267	112.92993164	 71.43407440	 52.93098450	111.96308136	        -253	         255
 0.10000	 70.82206726	 53.30720139	111.42233276	 69.96755981	 54.27152252	110.65495300	        -254	         256
 0.10000	 69.79416656	 54.95636368	110.09828949	 70.15470886	 56.06874084	109.15920258	        -255	         257
 0.10000	 70.38043976	 56.86620712	108.80941772	 70.69756317	 58.30452347	108.52616882	        -256	         258
 0.10000	 71.30883026	 58.92881012	108.74079132	 72.51227570	 59.08953857	109.62130737	        -257	         259
 0.10000	 73.28273010	 59.17430115	110.07766724	 74.61157227	 59.22212219	110.77143860	        -258	         260
 0.10000	 75.33715820	 58.85142899	111.15312958	 76.09162903	 57.60304642	111.50241852	        -259	         261
 0.10000	 76.79290771	 57.32639694	111.99342346	 77.86022949	 57.82114029	112.92360687	        -260	         262
 0.10000	 78.52742767	 57.73933792	113.52097321	 79.52352142	 57.14334106	114.47019958	        -261	         263
 0.10000	 80.09529114	 56.77526474	115.05779266	 80.96880341	 56.10647202	116.07637024	        -262	         264
 0.10000	 81.53908539	 55.60863113	116.56021118	 82.52546692	 54.66736984	117.18377686	        -263	         265
 0.10000	 83.11270905	 54.00359344	117.33290100	 83.99392700	 52.80426788	117.15030670	        -264	         266
 0.10000	 84.55591583	 52.10573959	117.08240509	 85.65444183	 51.09186935	116.96215820	        -265	         267
 0.10000	 85.78496552	 50.20169449	116.96074677	 84.96866608	 48.94348907	116.97660828	        -266	         268
 0.10000	 84.82215881	 48.15213776	117.37882233	 85.14818573	 47.24187851	118.52538300	        -267	         269
 0.10000	 84.98728180	 46.61764145	119.15282440	 84.23380280	 45.64682770	120.01254272	        -268	         270
 0.10000	 83.84651947	 45.10173035	120.61418152	 83.32353210	 44.18701935	121.68152618	        -269	         271
 0.10000	 82.77458191	 44.03103256	122.37686157	 81.74979401	 44.51755524	123.35785675	        -270	         272
 0.10000	 81.02979279	 44.70880127	123.86176300	 79.65363312	 44.93725967	124.41238403	        -271	         273
 0.10000	 79.03459930	 45.18849564	125.01468658	 78.51765442	 45.76200867	126.30037689	        -272	         274
 0.10000	 78.00322723	 45.95325089	127.01290894	 76.96363068	 45.88272476	128.09143066	        -273	         275
 0.10000	 76.33269501	 46.32271576	128.55718994	 75.57696533	 47.60188293	128.76034546	        -274	         276
 0.10000	 75.02590179	 48.27817917	128.97663879	 73.99652100	 49.30176163	129.35173035	        -275	         277
 0.10000	 73.48375702	 49.93887711	129.72412109	 72.80164337	 50.97145844	130.57052612	        -276	         278
 0.10000	 72.47433472	 51.63379288	131.08239746	 72.13273621	 52.71714783	132.06144714	        -277	         279
 0.10000	 71.83549500	 53.54510498	132.24835205	 71.32701111	 54.89413834	131.83525085	        -278	         280
 0.10000	 71.01708221	 55.68376923	131.53611755	 70.43448639	 56.81181717	130.73779297	        -279	         281
 0.10000	 70.38195038	 57.70865631	130.69201660	 70.74814606	 58.99378204	131.37294006	        -280	         282
 0.10000	 71.23971558	 59.70264816	131.62811279	 72.47923279	 60.51299286	131.86531067	        -281	         283
 0.10000	 73.15069580	 61.10366821	131.96205139	 74.25165558	 62.11373901	132.09223938	        -282	         284
 0.10000	 74.63901520	 62.89802933	131.88235474	 74.74023438	 64.16776276	131.09069824	        -283	         285
 0.10000	 74.52184296	 64.99523926	130.81333923	 73.55031586	 66.13792419	130.80741882	        -284	         286
 0.10000	 73.51827240	 66.95114136	130.42390442	 74.33286285	 67.76460266	129.46247864	        -285	         287
 0.10000	 74.82824707	 68.45968628	129.17825317	 75.63179779	 69.72480774	129.23399353	        -286	         288
 0.10000	 76.33367157	 70.28733063	129.25070190	 77.77958679	 70.66783142	129.36935425	        -287	         289
 0.10000	 78.34950256	 71.35463715	129.25506592	 78.35437012	 72.78625488	128.80793762	        -288	         290
 0.10000	 78.88829803	 73.50010681	128.68597412	 80.29412842	 74.02088928	128.64192200	        -289	         291
 0.10000	 80.88385773	 74.56578064	129.04760742	 81.18055725	 75.38925171	130.26538086	        -290	         292
 0.10000	 81.23935699	 76.04340363	130.87977600	 80.91000366	 77.31829071	131.59785461	        -291	         293
 0.10000	 81.04565430	 77.84297943	132.31587219	 81.68105316	 78.16586304	133.63548279	        -292	         294
 0.10000	 82.19866943	 78.07174683	134.36499023	 83.11120605	 77.44821167	135.37876892	        -293	         295
 0.10000	 83.81429291	 76.89253235	135.45761108	 84.56294250	 75.93567657	134.57810974	        -294	         296
 0.10000	 85.42863464	 75.78713226	134.38273621	 86.76151276	 76.42951965	134.62840271	        -295	         297
 0.10000	 87.63014984	 76.64141846	134.72753906	 89.11750793	 76.72628021	134.90045166	        -296	         298
 0.10000	 89.88002014	 77.19049835	135.01208496	 90.67256927	 78.45172882	135.18695068	        -297	         299
 0.10000	 91.10909271	 79.23405457	135.26707458	 91.71806335	 80.58880615	135.47444153	        -298	         300
 0.10000	 91.85718536	 81.41808319	135.15478516	 91.63011932	 82.50696564	134.14866638	        -299	         301
 0.10000	 91.46713257	 82.71827698	133.28956604	 91.21524811	 82.10581207	131.94407654	        -300	         302
 0.10000	 90.93213654	 81.96452332	131.10263062	 90.27537537	 81.94441223	129.75495911	        -301	         303
 0.10000	 89.89985657	 81.92242432	128.93916321	 89.31052399	 81.86535645	127.56188202	        -302	         304
 0.10000	 88.81506348	 81.98006439	126.82139587	 87.83116913	 82.47377777	125.80368805	        -303	         305
 0.10000	 87.15898132	 82.48537445	125.20761871	 86.00053406	 82.04676056	124.36299133	        -304	         306
 0.10000	 85.24646759	 81.87520599	123.90537262	 83.96299744	 81.59181976	123.18385315	        -305	         307
 0.10000	 83.08324432	 81.74604797	123.08341217	 81.83187866	 82.44519043	123.52314758	        -306	         308
 0.10000	 81.14489746	 82.96474457	123.77857971	 80.23134613	 84.04877472	124.26606750	        -307	         309
 0.10000	 79.55471039	 84.55726624	124.56609344	 78.28185272	 85.15427399	125.08617401	        -308	         310
 0.10000	 77.53903198	 85.61701202	125.28692627	 76.31346893	 86.47245026	125.40206146	        -309	         311
 0.10000	 75.75762939	 87.14193726	125.62439728	 75.22669220	 88.41638947	126.20844269	        -310	         312
 0.10000	 74.80278015	 89.18666077	126.39115906	 74.01608276	 90.46215057	126.42474365	        -311	         313
 0.10000	 73.47534943	 91.16534424	126.56400299	 72.47882080	 92.21747589	126.94717407	        -312	         314
 0.10000	 71.95021057	 92.88138580	127.24044800	 71.17830658	 94.02362061	127.82926178	        -313	         315
 0.10000	 70.66065979	 94.64946747	128.21356201	 69.72238922	 95.59159088	128.90664673	        -314	         316
 0.10000	 69.25865936	 96.21485901	129.35948181	 68.64176178	 97.32830811	130.15249634	        -315	           0
