1.49997
2.04769
1.93236
2.27514
2.65462
3.13917
3.96510
4.63682
5.87466
6.58382
7.61061
7.88100
7.48364
7.94362
8.92289
9.14376
10.18069
10.40687
9.40973
9.57159
10.48116
10.42518
10.58477
10.45223
10.14834
9.81148
9.01422
8.61086
8.22460
7.53754
6.17489
6.63027
7.91826
8.20563
6.86406
6.12255
5.30200
5.83119
7.26572
8.16292
9.59271
9.92502
11.29350
12.05778
12.33424
11.80113
11.25621
10.48010
10.44124
11.32150
11.20977
10.57670
9.14986
8.98435
9.84777
10.70966
12.13210
13.02581
13.57650
13.43180
12.35702
11.91884
11.86698
11.19932
10.83506
10.65548
10.60040
10.54212
10.72999
10.76712
10.17136
10.53199
11.22349
11.93575
11.41970
12.27034
13.23500
14.04584
14.97276
15.34399
14.54932
14.80947
14.87714
15.41404
16.66585
17.49535
18.51233
19.10597
20.40468
20.92155
21.18766
21.80857
22.89026
23.06046
21.98071
21.46906
21.01061
21.87119
23.04860
22.98412
21.88091
21.72731
22.50716
22.95398
24.37921
25.07709
26.33648
26.95780
26.34297
25.59917
24.50555
24.99835
26.16448
25.95324
25.08596
24.23800
23.01904
22.21185
21.66154
22.33905
23.61988
24.16219
23.05516
22.19386
21.66410
21.76351
22.26464
22.67154
22.19170
21.68817
20.75352
20.26320
19.37513
19.74686
20.87136
21.32499
21.81900
22.27781
22.68338
22.68523
22.67663
22.52512
22.62149
22.66806
22.22888
22.98818
23.81058
23.98190
22.89478
22.30964
23.03548
23.57257
23.76712
23.94004
24.41194
24.66481
25.17212
24.49340
23.65671
23.89954
24.70820
24.62695
24.11934
23.81776
23.55543
22.94899
21.46665
20.83052
20.80586
20.34445
19.82141
19.52930
19.56306
18.69279
18.14005
18.10126
19.06211
19.18672
18.76979
18.15392
16.92411
16.53346
15.49687
14.65657
14.19333
13.90882
14.01571
14.53770
14.67428
15.35414
15.79040
15.94902
15.73677
15.37561
14.20673
13.50742
14.48966
14.90633
16.14990
16.76872
17.26693
17.91995
18.35152
18.57717
18.24482
18.99844
20.25420
20.66681
20.14647
20.38076
21.36016
20.78529
19.75657
19.32929
19.83413
19.55137
18.50854
17.66756
16.29359
15.91371
17.30669
17.40388
15.91057
15.96941
17.46055
18.17581
18.00184
17.71016
17.51507
17.83644
18.86528
18.48819
17.28303
17.82784
19.29120
19.97784
21.20964
21.97704
22.35224
22.25679
22.59037
22.43827
21.48798
21.14143
21.01086
20.71083
21.03301
20.41283
18.98141
18.08199
16.60890
15.71603
14.23801
13.38924
12.03395
11.48722
12.23905
12.58454
12.93920
13.27784
13.80505
14.25732
14.48775
14.35953
13.24331
12.68812
11.98312
11.42171
10.35804
9.74875
8.89090
8.61405
8.34808
9.11406
10.08031
10.89832
11.21768
10.66487
9.17530
9.12536
10.62365
11.36840
11.86279
12.46937
13.72701
14.61068
15.96082
15.72256
14.36103
13.89829
14.66188
14.88039
14.38257
15.25164
15.71637
15.72229
16.53156
15.96598
14.78002
14.23167
15.33367
15.61204
15.72517
15.82616
15.40673
15.27597
16.16634
16.91763
16.04025
15.58156
16.35490
17.04826
18.41148
18.75843
18.43670
18.47644
18.53385
17.67810
17.56221
17.54445
17.59178
16.68895
15.96126
15.18920
14.87445
14.56541
15.37340
15.98818
16.14310
16.87421
16.12591
16.33649
16.65569
16.90477
16.78509
17.16104
17.22331
16.76974
15.86202
15.18810
14.19589
14.05223
15.31429
16.12698
17.13952
17.65879
17.81551
17.30563
15.86635
15.38837
16.20876
16.89765
17.82458
18.68686
19.62859
20.48061
21.00816
20.60132
20.72420
21.06450
21.36745
22.15059
23.64327
24.53018
25.91558
26.24207
24.92315
24.30226
23.29397
23.32199
24.31469
24.88604
25.20901
25.96733
27.38531
28.09016
28.93810
29.57873
30.58553
31.22592
31.98802
32.30056
33.59921
34.35699
34.08159
34.31787
34.97410
35.79373
37.14924
37.59464
36.63794
36.89705
38.12083
39.00850
40.36869
40.13457
38.76741
37.96557
37.73988
37.60035
37.19898
36.63625
37.18524
36.44362
35.57012
35.75692
37.14207
37.15105
35.78281
34.95095
33.57402
32.73197
31.39303
30.61762
29.39057
28.68142
27.80916
26.98113
27.07232
27.25456
27.43460
26.81422
25.33674
25.11595
26.33367
26.79211
26.00765
25.60372
25.03403
24.27086
22.86972
23.05703
24.52370
24.64034
23.30735
22.43879
21.33570
21.25989
22.18408
22.91718
22.00010
21.26044
19.95768
19.70965
19.93438
19.21001
19.00059
18.64225
18.13912
17.60183
18.77743
19.08493
18.43080
17.66008
17.49680
17.95752
18.53230
19.01793
19.66640
19.41561
19.34046
19.24919
18.20507
17.90116
18.83901
19.51570
20.36257
21.02166
20.87972
20.54050
20.64366
20.37118
20.17103
19.77423
19.27845
18.46901
18.08950
18.22390
18.77377
19.13182
19.69115
19.84837
19.37975
19.37558
18.82556
19.40235
19.87565
20.24091
21.27597
22.17187
23.50740
23.78738
22.38778
21.67502
21.62607
21.62082
21.95564
22.08520
22.68208
23.05430
23.73883
24.56923
25.64477
26.26037
27.17874
27.38442
26.82794
27.35757
28.80371
29.53271
30.00173
30.76351
32.23814
33.01342
34.05935
34.43566
34.26035
33.64690
33.03411
33.80461
34.33600
34.01363
33.40931
33.15608
31.94514
31.27894
31.09340
31.07239
31.24235
31.72996
32.37224
33.03467
33.62418
33.02346
32.23307
31.47270
30.04577
29.21861
27.89695
27.86372
28.83399
29.66284
31.10778
31.73706
31.47263
30.67054
30.04006
30.58116
31.77808
32.65423
33.12642
32.86576
31.72116
30.95400
31.88440
31.55179
30.84026
30.23422
30.77831
30.26447
29.08685
28.91372
30.01679
30.24671
29.04049
28.32505
27.55687
27.21114
27.48535
28.01677
29.00707
29.67735
28.68403
28.03599
28.04308
27.92735
28.24631
27.66573
26.40687
25.76510
25.23648
26.01661
26.56382
26.18586
26.17477
26.37246
27.61058
28.21306
28.37501
29.13945
30.09267
30.14529
29.48226
29.39974
29.37418
29.32418
30.39237
30.90847
30.31861
29.55031
30.15893
30.78013
31.65131
31.63062
32.17238
32.77450
33.74000
34.23265
34.93449
35.30352
35.75467
36.20058
36.30984
36.42587
36.66166
36.30429
35.26923
34.63988
35.00616
34.24828
33.61454
33.69128
34.12921
34.57892
34.48209
33.65051
33.63993
33.01258
32.53792
32.99035
33.39402
