0.00015004
0.00015004
0.00041331
0.00041331
0.00013028
0.00013493
0.00013493
0.00012051
0.00196107
0.00196107
0.00170069
0.00020129
0.00009114
0.00002205
0.00000000
0.00000000
0.00000000
0.00016795
0.00050630
0.00047203
0.00004439
0.00000000
0.00016975
0.00001315
0.00032506
0.00008535
0.00032506
0.00159261
0.00159261
0.00013579
0.00005256
0.00130957
0.00145167
0.00145167
0.00148485
0.00148485
0.00007421
0.00003167
0.00006841
0.00012430
0.00012430
0.00015696
0.00138140
0.00138140
0.00004917
0.00021019
0.00008590
0.00000000
0.00201185
0.00201185
0.00012416
0.00000000
0.00009299
0.00002168
0.00011521
0.00011521
0.00010486
0.00010486
0.00000267
0.00019106
0.00019106
0.00013687
0.00157516
0.00157516
0.00027044
0.00026646
0.00010344
0.00009204
0.00016173
0.00114585
0.00114585
0.00045094
0.00162109
0.00162109
0.00045094
0.00000000
0.00009516
0.00009516
0.00017449
0.00017449
0.00016818
0.00132947
0.00132947
0.00127854
0.00127854
0.00022808
0.00022808
0.00013654
0.00013654
0.00013042
0.00012409
0.00053601
0.00053601
0.00015479
0.00010672
0.00198306
0.00198306
0.00023747
0.00000701
0.00021991
0.00009165
0.00174792
0.00174792
0.00167002
0.00167002
0.00000540
0.00014747
0.00052067
0.00052067
0.00016875
0.00006414
0.00009074
0.00007276
0.00004772
0.00000000
0.00000000
0.00092751
0.00092751
0.00001896
0.00132760
0.00132760
0.00005945
0.00006322
0.00209044
0.00209044
0.00114401
0.00201954
0.00201954
0.00000000
0.00000000
0.00006571
0.00006571
0.00013928
0.00062847
0.00062847
0.00014741
0.00002986
0.00012540
0.00000000
0.00000000
0.00000000
0.00008055
0.00008055
0.00007362
0.00007366
0.00008472
0.00008472
0.00007440
0.00006012
0.00000000
0.00022072
0.00022072
0.00176735
0.00176735
0.00014182
0.00001228
0.00154738
0.00154738
0.00008827
0.00011645
0.00126580
0.00126580
0.00036096
0.00008540
0.00008540
0.00002627
0.00135502
0.00135502
0.00000000
0.00000000
0.00000000
0.00000000
0.00005149
0.00007923
0.00007923
0.00152031
0.00152031
0.00086799
0.00083348
0.00051144
0.00003776
0.00010495
0.00087585
0.00087585
0.00011218
0.00011218
0.00010034
0.00004972
0.00156453
0.00156453
0.00201907
0.00201907
0.00198456
0.00198456
0.00022737
0.00260885
0.00365207
0.00365207
0.00160980
0.00160980
0.00087774
0.00087774
0.00008117
0.00003059
0.00016288
0.00082541
0.00082541
0.00022820
0.00168805
0.00168805
0.00000547
0.00000802
0.00011067
0.00018834
0.00008060
0.00012465
0.00014818
0.00001930
0.00000000
0.00010478
0.00164117
0.00164117
0.00014818
0.00000000
0.00003296
0.00010568
0.00124294
0.00124294
0.00007612
0.00006739
0.00161036
0.00161036
0.00006739
0.00000000
0.00063151
0.00063151
0.00005324
0.00109394
0.00109394
0.00007092
0.00022062
0.00030366
0.00030366
0.00029827
0.00010194
0.00084497
0.00084497
0.00015232
0.00068888
0.00068888
0.00005448
0.00000000
0.00018036
0.00001637
0.00000000
0.00000000
0.00014580
0.00172920
0.00172920
0.00016450
0.00016450
0.00103548
0.00207707
0.00215486
0.00215486
0.00027044
0.00034376
0.00016686
0.00010080
0.00000000
0.00011132
0.00011132
0.00010814
0.00032072
0.00032072
0.00059830
0.00059830
0.00207085
0.00207085
0.00140546
0.00140546
0.00007143
0.00020928
0.00020928
0.00013445
0.00012388
0.00019008
0.00020337
0.00022250
0.00011198
0.00011198
0.00017249
0.00017249
0.00016970
0.00016970
0.00015358
0.00188508
0.00188508
0.00031579
0.00058007
0.00058007
0.00014239
0.00005454
0.00000869
0.00011241
0.00008816
0.00008642
0.00032785
0.00143579
0.00143579
0.00235674
0.00235674
0.00000000
0.00000000
0.00042096
0.00115222
0.00115222
0.00053132
0.00053132
0.00017741
0.00017741
0.00012970
0.00010151
0.00009767
0.00013409
0.00013409
0.00014641
0.00014934
0.00014934
0.00019655
0.00019655
0.00023329
0.00023329
0.00014632
0.00141985
0.00141985
0.00119109
0.00119109
0.00190468
0.00190468
0.00023802
0.00083413
0.00083413
0.00007231
0.00133063
0.00133063
0.00021946
0.00056371
0.00056371
0.00009093
0.00009093
0.00133349
0.00133349
0.00004374
0.00010560
0.00237171
0.00237171
0.00026778
0.00026778
0.00011282
0.00015141
0.00023541
0.00023541
0.00015514
0.00000000
0.00010645
0.00160456
0.00160456
0.00014794
0.00153525
0.00153525
0.00012928
0.00013963
0.00164230
0.00266129
0.00266129
0.00220147
0.00019319
0.00000000
0.00023018
0.00172187
0.00172187
0.00030844
0.00161717
0.00161717
0.00019293
0.00015449
0.00000000
0.00017075
0.00177145
0.00177145
0.00020250
0.00087163
0.00087163
0.00003743
0.00007751
0.00147631
0.00147631
0.00005607
0.00163697
0.00163697
0.00071350
0.00132093
0.00132093
0.00017911
0.00017911
0.00013825
0.00072071
0.00072071
0.00014627
0.00186069
0.00186069
0.00067435
0.00067435
0.00182100
0.00000000
0.00001905
0.00116845
0.00151404
0.00181793
0.00182100
0.00098882
0.00049648
0.00023088
0.00092263
0.00139366
0.00139366
0.00013821
0.00306250
0.00428066
0.00428066
0.00013510
0.00003541
0.00043361
0.00001785
0.00007742
0.00190472
0.00190472
0.00008659
0.00007869
0.00016996
0.00016996
0.00007288
0.00007288
0.00006367
0.00017112
0.00017112
0.00021023
0.00143609
0.00168546
0.00168546
0.00006367
0.00002312
0.00005800
0.00005800
0.00000000
0.00006891
0.00146983
0.00146983
0.00096350
0.00096350
0.00150662
0.00150662
0.00111215
0.00111215
0.00111532
0.00111532
0.00010355
0.00025912
0.00025912
0.00007850
0.00038265
0.00038265
0.00011293
0.00011293
0.00007589
0.00051425
0.00051425
0.00013561
0.00013561
0.00011813
0.00011813
0.00005329
0.00009511
0.00036233
0.00036233
0.00008070
0.00080429
0.00080429
0.00007147
0.00001850
0.00094891
0.00096788
0.00096788
0.00010339
0.00002584
0.00000000
0.00047262
0.00047262
0.00000780
0.00013385
0.00151795
0.00151795
0.00079297
0.00112951
0.00112951
0.00024286
0.00034120
0.00034120
0.00007212
0.00011414
0.00011414
0.00001091
0.00001091
0.00000000
0.00000000
0.00000000
0.00000000
0.00011458
0.00124043
0.00124043
0.00004099
0.00001703
0.00001703
0.00001315
0.00006399
0.00001354
0.00000000
0.00006564
0.00008719
0.00136999
0.00136999
0.00076596
0.00010290
0.00014048
0.00007386
0.00169563
0.00169563
0.00000000
0.00001929
0.00001929
0.00002156
0.00002156
0.00010207
0.00010207
0.00004456
0.00004484
0.00004484
0.00016536
0.00027825
0.00027825
0.00124269
0.00124269
0.00149236
0.00149236
0.00068623
0.00068623
0.00002145
0.00035047
0.00035047
0.00008126
0.00004196
0.00097528
0.00097528
0.00007975
0.00002257
0.00011026
0.00127219
0.00127219
0.00033019
0.00058945
0.00120672
0.00120672
0.00047354
0.00047354
0.00003214
0.00113177
0.00113177
0.00004568
0.00008258
0.00051960
0.00110794
0.00179264
0.00179264
0.00017998
0.00021321
0.00110586
0.00110586
0.00008502
0.00065909
0.00065909
0.00037334
0.00139229
0.00139229
0.00005094
0.00007037
0.00005639
0.00002669
0.00007244
0.00010164
0.00217344
0.00217344
0.00155098
0.00053520
0.00053520
0.00215462
0.00215462
0.00045968
0.00018009
0.00165311
0.00165311
0.00010289
0.00009466
0.00000000
0.00001149
0.00063386
0.00173404
0.00173404
0.00002915
0.00007223
0.00138385
0.00138385
0.00048865
0.00039035
0.00004130
0.00008941
0.00005587
0.00005587
0.00005174
0.00004899
0.00004899
0.00001355
0.00010204
0.00010204
0.00010022
0.00005945
0.00046242
0.00046242
0.00000000
0.00004529
0.00008950
0.00008950
0.00004529
0.00000000
0.00007629
0.00007629
0.00005719
0.00006103
0.00036249
0.00036249
0.00011169
0.00011169
0.00010934
0.00019013
0.00019013
0.00007093
0.00000000
0.00016171
0.00005616
0.00043677
0.00119918
0.00119918
0.00000000
0.00000000
0.00089506
0.00089506
0.00012317
0.00013534
0.00013534
0.00007193
0.00007193
0.00000000
0.00000000
0.00014492
0.00172834
0.00172834
0.00128299
0.00302093
0.00302093
0.00044420
0.00005901
0.00000000
0.00010770
0.00010770
0.00019626
0.00019626
0.00017365
0.00006970
0.00015649
0.00015649
0.00004868
0.00005633
0.00005633
0.00009143
0.00010582
0.00109742
0.00159695
0.00159695
0.00152605
0.00010840
0.00053973
0.00053973
0.00079764
0.00079764
0.00004510
0.00020939
0.00003446
0.00003778
0.00003778
0.00000000
0.00020939
0.00000000
0.00004088
0.00010910
0.00170410
0.00170410
0.00009347
0.00006485
0.00005540
0.00009882
0.00002661
0.00002661
0.00000000
0.00000000
0.00026881
0.00000000
0.00006668
0.00022005
0.00022005
0.00020471
0.00017613
0.00017613
0.00007728
0.00014964
0.00014964
0.00005184
0.00012540
0.00212199
0.00212199
0.00013715
0.00000000
0.00000000
0.00002139
0.00127061
0.00127061
0.00015019
0.00064267
0.00064267
0.00048351
0.00009850
0.00022557
0.00022557
0.00018152
0.00002507
0.00000000
0.00120766
0.00120766
0.00021564
0.00206111
0.00206111
0.00097651
0.00097651
0.00000000
0.00000981
0.00000981
0.00000000
0.00014804
0.00007681
0.00007681
0.00018304
0.00019050
0.00019050
0.00017606
0.00017606
0.00011613
0.00009942
0.00009942
0.00000000
0.00000000
0.00017139
0.00162032
0.00162032
0.00011761
0.00011761
0.00005349
0.00000000
0.00174286
0.00175448
0.00177514
0.00177514
0.00027311
0.00013639
0.00012251
0.00031214
0.00031214
0.00011564
0.00020054
0.00023906
0.00023906
0.00064479
0.00064479
0.00021852
0.00015974
0.00026255
0.00026255
0.00011669
0.00010374
0.00010374
0.00011249
0.00011249
0.00008782
0.00008531
0.00011914
0.00059350
0.00059350
0.00011914
0.00000000
0.00000000
0.00015652
0.00157502
0.00157502
0.00242997
0.00242997
0.00233913
0.00233913
0.00083460
0.00186656
0.00186656
0.00147467
0.00147467
0.00016213
0.00183199
0.00183199
0.00074202
0.00011289
0.00021085
0.00094749
0.00094749
0.00019103
0.00019103
0.00013797
0.00000000
0.00000000
0.00020955
0.00000000
0.00001661
0.00013860
0.00000000
0.00016813
0.00016813
0.00009761
0.00009845
0.00009845
0.00006515
0.00156865
0.00156865
0.00007027
0.00000000
0.00012495
0.00012495
0.00010460
0.00011688
0.00154453
0.00154453
0.00000000
0.00004286
0.00004286
0.00001208
0.00000000
0.00005270
0.00038590
0.00038590
0.00005270
0.00000000
0.00000000
0.00000000
0.00011002
0.00043016
0.00043016
0.00020955
0.00003899
0.00009879
0.00006255
0.00178972
0.00178972
0.00000000
0.00041115
0.00041115
0.00000000
0.00127502
0.00127502
0.00008642
0.00025695
0.00024585
0.00000000
0.00025695
0.00000000
0.00009096
0.00017018
0.00000000
0.00010310
0.00013266
0.00013266
0.00166228
0.00166228
0.00000000
0.00000000
0.00008436
0.00008793
0.00000000
0.00000000
0.00000000
0.00153382
0.00153382
0.00015265
0.00011317
0.00006312
0.00008733
0.00008733
0.00124674
0.00124674
0.00008436
0.00008793
0.00003546
0.00186013
0.00186013
0.00069795
0.00016398
0.00057417
0.00152214
0.00152214
0.00057417
0.00235635
0.00235635
0.00198725
0.00198725
0.00164704
0.00164704
0.00018016
0.00000000
0.00005845
0.00010891
0.00010891
0.00015361
0.00015361
0.00018317
0.00018317
0.00014306
0.00013612
0.00013612
0.00012741
0.00174368
0.00174368
0.00091727
0.00091727
0.00000000
0.00000000
0.00001652
0.00064212
0.00064212
0.00001652
0.00000000
0.00000000
0.00017018
0.00011157
0.00005339
0.00160014
0.00160014
0.00012532
0.00000000
0.00022717
0.00022717
0.00156521
0.00156521
0.00163089
0.00163089
0.00022948
0.00022948
0.00013957
0.00012411
0.00012891
0.00012891
0.00012812
0.00012812
0.00014749
0.00014749
0.00011102
0.00142048
0.00144586
0.00144586
0.00021865
0.00004505
0.00020525
0.00020525
0.00013927
0.00021410
0.00021410
0.00013056
0.00007221
0.00007221
