1.49995
2.27327
2.63833
3.09106
2.62855
2.76174
2.92440
3.29711
3.72277
4.39721
3.99557
3.74728
3.27440
3.01563
2.98504
3.82235
4.24236
4.57064
5.03274
5.82272
5.40086
6.09094
7.50021
8.10335
7.78277
7.83090
7.97380
8.20034
9.09493
8.41518
7.38759
6.94764
5.70553
5.29131
5.34103
5.74654
5.93586
6.81877
7.77430
7.87670
6.77941
6.31211
7.53028
7.22147
5.95792
5.19635
4.81750
5.46728
6.12079
5.75191
4.66155
4.37732
4.66154
5.34699
6.32023
7.11068
6.76943
6.32569
6.74928
7.18122
7.48390
7.21564
6.07174
6.24192
6.54600
5.82575
5.62624
5.64287
5.59783
6.49724
6.52379
6.83120
7.19864
7.99811
9.02495
9.59367
8.52214
8.72038
9.85228
10.25109
10.46829
10.36461
10.36910
9.63689
9.57898
9.70462
10.36883
9.63657
8.33344
8.20597
9.38745
9.67127
9.18588
9.07704
9.71166
10.18491
11.09670
11.67548
12.69431
13.26754
14.19068
14.47541
14.44527
14.54002
15.01023
14.63275
13.70097
14.33129
15.49221
15.49100
14.07189
14.31582
15.67801
16.54212
17.81489
17.83977
17.01650
17.71017
18.55970
18.94077
20.00349
19.55712
18.56331
17.94795
16.96125
16.51411
15.54798
15.26298
15.46109
15.65459
15.97084
16.47533
17.85394
17.62971
16.18305
15.34773
14.58270
15.16998
16.56377
16.77247
15.58104
15.15934
14.57958
14.07846
14.68871
15.05998
15.56034
15.49174
14.75885
14.62886
14.79023
15.48562
16.89214
17.28061
17.49880
17.60044
17.81650
18.27761
18.26670
18.19142
18.95302
19.50839
20.31767
21.12754
21.66624
22.40136
22.10064
21.59170
21.71288
22.05231
22.87040
22.38183
21.50348
21.47084
22.42382
22.99514
23.87335
24.22038
24.48983
24.40212
23.89733
23.68791
23.38472
23.49313
23.95023
24.51042
25.80017
26.39641
26.89189
27.40969
28.39459
29.00075
29.05554
28.45183
28.14048
28.24263
28.33546
29.00858
29.97620
30.48798
31.49927
32.07390
31.42944
30.63489
31.33606
31.64021
30.79160
30.47132
30.18706
30.55608
30.86944
30.86518
30.45668
30.22040
30.32838
29.90651
29.69360
28.94264
28.27633
27.99416
27.97232
28.30746
27.96272
27.75554
28.15938
28.98314
28.60236
27.99213
27.72576
27.14096
25.67273
25.88126
27.30850
28.15292
29.10420
29.88359
30.59408
31.32972
32.69729
32.72175
31.38986
30.74938
30.14767
29.35225
28.74500
27.90910
27.13623
27.21069
26.70484
26.98873
27.56404
28.44719
29.12797
29.77824
30.56920
30.30303
29.27160
29.08209
29.66834
29.89665
31.07916
31.50261
30.98746
30.91544
31.35921
31.27828
30.79904
31.63069
32.14889
31.88017
32.41989
33.23423
32.77850
32.34569
33.24812
33.74369
34.87011
34.70474
33.34830
33.60503
35.03378
35.84540
36.82871
37.71856
38.56136
38.39522
37.53798
38.27192
39.31017
39.82802
39.55190
39.50444
39.74962
39.12260
38.17717
37.54407
37.45363
38.34613
38.94392
39.61220
39.46933
39.02427
37.82349
37.58101
38.90487
39.79861
41.29694
42.14305
43.31420
43.14370
42.07882
41.54221
42.67274
43.51642
44.22175
43.68361
42.93091
42.69989
43.11750
43.61686
44.19674
44.34892
44.27633
43.58750
42.16347
41.28154
39.80335
39.16241
38.97591
38.86024
38.91675
39.12216
38.82149
38.55254
38.93176
38.30184
37.98227
37.68221
38.11113
37.46151
37.10194
37.42838
36.94542
36.56010
36.19218
36.17860
37.08307
36.88120
35.72494
35.31687
34.84232
34.36759
33.11482
32.71554
34.01052
34.89542
35.88137
36.37785
36.79292
36.25506
36.06639
35.50427
35.90592
36.17575
35.64036
35.06413
34.48815
34.31120
35.01673
34.82566
33.52112
33.52784
34.77012
35.65387
36.79928
37.52226
37.98298
38.62556
39.31567
39.90015
41.05852
41.73057
41.56018
40.69282
40.93959
40.17062
40.16289
40.66096
41.45429
41.95694
43.03219
42.74990
41.58062
40.77282
39.32362
38.56096
37.60204
37.26489
37.22642
37.16092
36.79428
37.30859
37.78169
38.23091
38.67201
38.91644
39.30448
39.95780
40.66999
40.67670
39.62800
39.80373
41.16025
41.85333
42.09530
41.30852
40.53038
39.84022
39.20516
38.67811
37.67837
37.14376
36.18210
35.70454
35.10662
34.48154
33.43808
33.62517
34.88911
35.78291
36.78176
37.37406
38.07687
38.31534
38.67865
38.01971
36.73192
36.22797
36.59556
37.34140
38.43112
39.20614
39.73968
39.48702
38.21831
38.51205
38.71269
37.80700
37.61506
38.05771
39.50137
40.25107
41.67923
42.33232
42.27878
42.63745
43.12283
43.80562
44.53095
44.49571
45.09486
45.69461
45.03986
44.38590
43.38758
43.13152
43.96325
43.36758
42.33900
42.65974
43.98102
44.80030
45.04121
44.74897
43.84211
43.65877
43.83232
44.44488
45.89844
46.71841
47.85578
48.39755
48.97915
49.35256
49.70549
50.36404
50.58989
50.85236
51.28720
51.33533
50.88058
51.07324
51.92802
52.35810
53.13429
52.91405
51.61800
51.77724
53.19939
54.03916
55.39225
55.80749
55.48546
55.51664
56.03222
55.50634
55.00589
54.26490
53.74466
53.38782
53.69153
53.56540
53.19124
53.39286
54.32923
54.45792
53.74368
54.36611
55.01379
55.68691
56.77106
57.66342
58.92381
59.73190
61.13219
61.32974
60.14903
60.32112
61.52647
61.10189
59.84359
60.14199
61.62881
62.41917
63.76122
63.50201
62.01945
61.95276
63.30764
63.91681
63.09277
63.67257
65.08663
65.08025
63.64062
63.32121
64.45840
64.45605
65.21102
65.15407
64.32253
63.56340
64.41457
64.84892
64.60963
64.51419
64.40747
64.12312
63.59117
63.01957
62.96335
62.59401
62.03212
61.48358
61.02462
61.45569
62.66628
63.19341
63.61231
64.27718
65.09289
64.58645
63.26445
62.76857
64.06653
64.35536
63.60919
62.74252
62.42035
62.03697
61.29603
61.60518
62.85791
63.04589
61.75227
60.90948
60.46558
59.83707
58.70635
58.19846
59.34500
59.50104
58.69011
58.38823
58.22358
58.00282
57.86408
57.88614
57.88507
58.60117
59.65434
59.39949
59.56207
58.97948
57.86130
57.71713
58.63894
59.13467
60.17627
61.02744
62.31572
62.04868
60.72518
60.62416
61.56643
61.62482
60.33257
60.42070
61.14373
61.95173
61.79440
61.74876
61.47592
61.88561
62.46773
62.98680
62.51481
61.90725
62.44727
62.78569
63.51821
