1.49989
2.31003
3.32765
4.15125
5.62119
6.44822
7.74684
8.30805
8.77395
8.98296
9.02721
9.37163
10.27034
10.54390
9.96756
10.63944
11.93504
12.79120
13.64705
14.36358
15.65138
16.46148
17.84936
18.69433
20.03268
20.75720
20.69185
20.80098
21.06281
20.84350
20.16125
19.33093
17.92793
17.62156
18.61088
19.08113
19.89311
20.42814
21.38637
21.96449
22.85466
23.51137
24.46290
25.06193
26.04113
26.68973
27.87565
28.12954
27.40622
27.48025
28.19636
28.83571
30.17468
30.68477
30.41120
30.41625
30.48634
30.54207
30.67661
30.68889
30.80988
30.17687
28.72410
28.06513
27.55624
27.84914
28.95531
29.55335
29.53141
29.68890
29.91900
30.35696
31.40155
32.19941
33.54095
34.07009
34.19190
34.45810
34.94536
35.59891
36.87603
37.53316
38.34894
38.70617
38.70912
39.04601
39.95044
40.64197
41.96800
42.73587
43.55360
44.11984
45.08208
45.61106
46.47576
46.53014
45.96882
45.24554
44.44686
43.60831
42.40627
41.58598
40.66064
40.10269
39.47357
39.01479
37.97055
38.03737
39.42704
40.17287
40.99659
41.83783
42.38588
43.21193
44.67081
45.55108
46.91015
47.68159
48.10604
47.62563
46.14562
45.67178
45.98295
46.17442
46.77105
46.69269
46.10313
45.26755
43.91166
43.45425
43.58191
44.23776
45.68425
46.04312
45.12625
44.93898
45.02780
45.07427
45.33193
44.98476
43.82911
42.97331
41.66375
40.91987
39.82957
39.34490
39.00383
38.77175
38.44256
38.41389
38.57973
38.89141
40.29411
41.12794
41.38592
41.93552
43.13465
43.70960
44.35306
44.62972
44.98226
45.23213
45.45545
45.64170
45.69454
45.98529
46.15485
46.93292
48.00202
48.87311
50.30102
51.03377
51.20029
51.40917
51.65153
52.02285
52.78823
53.39069
54.35844
55.18159
56.66739
57.53508
58.67180
59.49523
59.65649
59.72572
59.41956
59.57863
60.21318
60.88920
61.64686
62.51096
63.69977
64.33759
65.10138
65.31384
65.13557
64.93218
64.36173
64.03099
63.55860
63.20652
62.66344
61.94120
60.55128
59.77227
58.70573
57.95571
56.62813
55.74670
54.56706
53.71423
53.11852
52.61620
51.55201
51.64681
52.88149
53.61438
54.67449
55.54578
55.94815
56.73039
57.59387
58.27136
59.57587
59.90191
59.40225
59.29979
59.42902
59.10488
58.34153
57.86235
57.49128
57.56510
58.31229
58.40624
58.28746
58.83314
60.13441
60.73860
60.92376
61.07905
61.18843
61.49745
62.43143
62.67591
62.44394
62.20959
61.71340
61.32311
60.62502
59.88168
58.42759
57.73338
57.89984
57.59818
56.67538
56.63445
57.39588
57.89515
58.92664
59.19349
58.64418
58.95530
59.58627
59.88943
60.30349
60.95703
62.17967
63.07531
64.36608
65.07326
65.27648
65.99987
67.38710
67.73700
67.02907
67.13031
67.92113
68.38683
68.95966
69.79459
70.94059
71.69399
73.01574
73.33525
72.87649
72.36450
71.21074
70.55498
69.46917
69.16902
69.33294
69.75671
70.80016
71.38652
72.41598
72.51451
71.68650
71.54220
71.77467
71.95927
72.47135
72.46972
71.99493
71.68739
71.52925
70.73536
69.66141
69.19582
69.19792
69.47543
70.37606
71.15898
72.52393
73.21900
73.34301
72.97291
71.72254
70.94231
69.64395
68.75286
67.36501
66.51955
65.50624
65.74889
67.22823
67.54279
66.77535
66.03365
64.63022
63.73770
62.28529
61.50244
61.15226
60.60709
59.79152
59.38622
59.07637
58.46479
57.15289
56.49853
55.88142
55.15220
53.81041
53.11122
53.30593
53.39500
53.85701
53.34481
52.11052
51.36846
50.35394
49.95171
49.85097
49.94935
50.37377
50.27054
49.72050
49.14694
48.03058
47.44563
46.60646
46.76934
47.94542
48.60567
49.62220
50.47521
51.58308
52.39164
53.82360
54.23790
53.54399
52.96656
51.67120
51.00529
50.09499
49.69050
49.69235
49.87647
50.59810
50.96075
51.78181
51.56331
50.21684
49.40109
47.94346
47.22156
46.70893
46.02420
44.61594
43.88287
43.34973
42.60744
41.22826
40.65389
40.26910
40.61564
41.60859
42.30903
43.04473
43.84299
45.19429
45.41794
44.35565
44.55274
45.82418
46.70035
48.15343
48.85279
49.31259
49.86416
51.11566
51.11369
49.84898
49.37132
49.02655
48.58661
47.87378
47.06271
46.37149
45.87317
45.31418
44.78859
43.90304
43.37875
42.68769
42.14551
41.98238
41.87082
41.90464
41.70342
41.02426
40.99151
41.65322
41.54413
40.71404
40.01035
38.98465
39.10664
40.31766
41.21161
42.39273
42.77928
42.87927
42.18875
40.81158
40.22666
40.60562
40.00171
38.64958
37.78584
36.45151
35.78293
36.06660
36.03936
36.01111
35.68587
34.69263
34.10300
33.07687
32.47772
31.36727
31.30503
32.36843
32.53591
32.23383
31.54482
30.08262
29.19661
27.75996
27.05684
26.78538
26.67872
26.89311
26.86346
26.82248
26.17547
24.70771
24.09082
24.41052
23.97291
22.82610
22.46170
22.83277
23.58832
24.69210
25.29180
25.12828
25.81347
27.13510
27.64793
27.61852
27.68138
27.68718
27.95690
28.77296
28.84148
28.15277
28.10855
28.52828
28.82339
29.40888
29.53755
28.95457
28.55575
27.77726
27.37141
26.54965
26.94457
28.38032
28.96198
28.80668
29.38569
30.28381
30.87436
31.83044
32.43528
33.35501
34.22223
35.46896
36.23897
37.57741
37.84691
37.10856
36.62984
35.62234
34.97309
33.95462
33.21701
31.81283
31.11777
30.32940
30.04732
30.17838
30.02447
29.47163
29.49674
30.31930
29.93810
28.46931
27.63292
26.26864
25.42592
24.02531
23.45409
23.99917
24.18172
24.38566
24.01203
22.80150
22.34998
22.57966
22.52185
22.11862
22.52320
23.89319
23.97808
22.74763
22.29517
21.82579
22.32177
23.81929
24.41437
24.33515
24.53598
24.85762
25.44355
26.06549
26.44170
26.68370
26.71671
26.47077
26.37314
26.18638
26.37072
26.94508
27.69201
28.49569
29.18127
30.37458
31.20154
31.96267
32.34462
32.32076
32.44762
32.75763
32.88873
33.01214
33.11450
33.17934
33.16032
32.96922
33.02723
33.20825
33.89821
35.34170
36.12655
36.62121
37.16261
37.84030
38.67685
39.99180
40.66168
40.63804
41.15238
42.47687
43.19731
44.00115
44.32923
44.41579
44.22019
43.37457
43.33633
44.10104
44.31991
44.14938
44.56639
45.49933
46.30699
46.59909
47.23465
47.99641
48.54067
49.10742
49.43244
49.67301
50.40239
51.86456
52.74358
54.10410
54.91744
56.02611
56.55632
56.54865
56.01052
54.56454
53.85649
53.38420
53.52136
54.46336
54.87079
55.51921
55.34785
54.39291
53.98551
53.54933
53.44192
53.85364
53.58916
52.62221
52.19740
52.50839
52.34339
51.65594
51.69874
52.43014
52.74918
52.70938
53.25094
54.33602
55.09564
56.13872
56.19542
55.19762
54.62391
54.04707
53.63081
53.96480
53.27536
51.90765
51.17008
50.79619
49.99162
48.64186
48.23065
48.70387
49.35734
50.34076
50.93442
51.34257
52.12403
53.56325
54.31564
55.27690
55.46778
55.59736
55.78294
56.17233
56.75258
57.95757
58.49934
58.53120
59.00190
60.03052
60.90693
61.44764
62.25047
63.68323
64.14389
63.59352
63.71800
64.35319
64.77255
65.60094
65.91593
65.99862
66.33167
67.20122
67.83950
69.03191
69.59231
70.01989
70.72005
71.72920
71.60023
70.24675
69.55986
68.56054
67.86255
67.00620
66.69564
66.64789
66.66169
66.67501
67.18450
68.58598
69.26060
69.86792
70.11481
70.20812
70.29431
70.40728
70.54657
70.87978
70.55183
69.61487
69.52495
70.16464
70.69823
71.36849
71.47192
70.95347
70.72980
70.38371
70.48001
71.08000
71.37438
71.77094
72.10213
71.87945
71.46068
70.97689
71.21457
72.42661
72.96807
73.00212
73.46648
74.68251
75.10059
74.57805
75.04183
76.22384
76.98440
77.97986
78.40617
78.64073
78.79114
79.02805
78.96980
78.47352
78.45957
78.99510
78.83652
78.05658
77.47718
76.61908
76.04241
75.35993
74.67241
73.54915
73.03028
72.32780
71.91798
71.45123
71.38940
72.45024
73.14840
74.18310
74.79272
75.83084
75.92257
74.98664
74.78477
75.34780
75.46888
75.37310
75.20150
74.80926
74.97836
75.68771
75.73630
75.79808
75.93030
76.30327
76.10304
75.20083
74.58206
73.51077
72.65321
71.76912
71.12786
71.08414
71.04736
70.49930
70.59440
70.76827
71.27764
72.60374
73.39802
74.40587
74.81735
74.89779
75.06382
75.54517
75.41935
74.72226
74.25935
73.59876
72.76729
71.36275
70.63176
69.84187
70.34133
71.71496
72.60106
74.09097
74.98694
76.47683
77.34693
78.60647
79.39137
80.62129
81.35873
81.67361
81.61564
80.93781
80.72712
80.86622
80.43452
79.63875
79.06174
78.03465
77.47752
77.14193
77.27817
78.30648
78.11605
76.76553
76.01600
74.75876
74.28405
74.57037
74.76797
75.31837
75.51594
75.34780
75.26734
75.06121
75.02871
74.71852
75.06567
76.09458
76.32333
76.02401
75.52149
74.22761
73.70315
73.11331
73.47720
74.85770
75.68194
76.44534
76.26705
75.01788
74.34199
73.17119
72.77036
71.45840
70.78227
69.51302
69.31047
70.22295
70.56004
70.93719
71.69958
72.73847
73.31589
73.45985
73.02499
71.88648
71.21830
71.08786
71.29976
72.59877
73.04112
73.47334
72.82663
72.03465
71.51926
70.29553
69.64361
68.67882
67.79916
66.47873
65.86216
66.17946
66.49847
67.47398
67.88600
68.01647
68.17349
68.50215
68.50364
68.18360
68.03890
67.82108
67.71614
67.59503
67.49490
67.32821
67.13029
66.76010
66.56763
66.19466
66.38103
67.13393
67.79814
69.06768
69.72627
69.92456
70.12816
70.34770
70.40768
69.72068
69.37042
68.75739
68.74444
69.35060
69.53103
69.31234
69.58625
70.47331
70.65289
70.15607
70.18131
70.60713
70.96276
71.69311
71.46408
71.62707
71.80347
71.78120
71.55066
71.92174
72.10990
71.99314
72.08256
72.30993
72.56802
71.59092
71.61223
72.44707
73.24187
74.30390
74.78819
75.17929
75.26009
75.18200
74.61303
73.54945
72.70481
71.38456
70.63895
69.72885
68.90553
68.40905
68.32392
68.77633
69.32555
70.53954
71.36502
71.99386
72.72007
73.64211
74.48559
75.21537
75.79274
76.61653
77.48274
78.87498
79.23078
78.57501
77.84603
76.83906
76.16592
75.12152
74.37487
72.97379
72.57420
73.20211
73.36021
73.27963
73.37404
73.00567
73.02381
74.00003
74.33054
74.29497
74.92694
76.09499
76.67698
77.08448
77.23396
77.22317
77.15670
76.95369
76.70649
76.07823
75.80590
75.29635
75.67890
76.90011
77.25792
77.21063
76.54218
75.12899
74.36609
73.60319
72.91647
72.24471
72.46186
73.53038
74.41135
75.59716
76.07232
75.95251
76.18111
76.82292
77.30723
78.00894
78.83425
80.19166
81.03131
81.99401
81.78513
80.37661
79.88263
79.79082
79.60490
79.73203
80.07184
80.67130
80.92699
80.92011
81.24636
82.00905
82.60382
83.27502
83.15494
82.10397
81.43198
80.33608
80.06425
80.54031
81.05630
82.23831
82.91899
84.11623
84.18332
83.06784
82.87646
83.36812
83.38698
83.03113
82.85054
82.76144
82.50216
82.10011
81.55939
80.46805
79.87336
79.01480
78.48568
77.64974
77.54527
78.27382
78.03280
76.81352
76.27836
76.20225
76.35733
77.02044
77.38667
78.19589
77.92301
76.71275
76.05926
75.29440
74.91348
74.55011
74.11826
73.13540
72.54490
71.49429
71.25272
71.59240
71.96315
72.44870
72.26581
71.01651
70.66488
71.23223
71.75120
72.56485
72.54929
72.98243
73.60710
74.97257
75.83576
76.98388
77.85912
78.73508
79.12855
79.23591
79.58632
80.61041
80.72149
79.97768
79.56027
79.45627
79.04149
78.00367
77.51039
77.04937
76.73739
76.28731
76.04323
75.78485
75.37297
74.55826
74.10813
73.21286
73.47019
74.83107
75.72643
77.08403
77.87773
79.10092
79.73270
80.50483
80.93802
81.34436
82.04726
83.53891
84.38795
85.67569
86.16504
85.97551
85.93175
85.73306
85.80108
86.27757
86.24950
85.85211
85.25922
83.83262
83.43500
83.93368
84.41786
85.56728
85.54107
84.35390
83.73197
82.69311
82.12055
81.35062
80.66417
79.50315
78.81696
77.55059
77.53746
78.81981
79.21227
78.82740
79.13239
80.24795
80.80856
81.59546
81.77613
81.49511
81.20335
80.36956
80.17068
80.23110
80.64458
81.80373
82.36204
82.68015
82.91220
83.25496
83.37223
83.21007
83.39658
83.85311
84.63352
86.10158
86.52363
85.81924
85.60721
85.65414
85.40116
84.79969
84.66018
85.03704
84.48107
83.14835
82.48526
82.93446
82.39017
81.06621
80.31696
79.78646
79.59079
79.91163
79.30848
77.81883
76.95227
75.70332
74.88369
74.32399
73.66316
72.51475
71.86931
70.81372
70.57426
71.07929
71.21583
71.39506
71.17544
70.48545
69.75602
68.94407
68.41958
67.65796
67.23923
67.21274
66.66190
65.34281
64.70683
64.06630
63.50911
62.50431
61.67124
60.40212
59.57551
58.28482
57.48386
56.19788
55.65334
55.33982
55.15887
55.11498
55.14281
55.28091
55.51990
56.13844
56.57557
57.38799
57.80159
58.10895
58.67942
59.99135
60.73442
61.40628
61.89361
62.71023
63.08237
63.28255
63.97089
65.10524
65.86529
67.18276
67.87862
68.89576
69.05267
68.21642
68.30287
69.21768
69.54154
69.73859
69.99543
70.64573
70.82902
70.90642
70.48695
69.53306
68.86307
67.58260
67.26886
67.79123
68.36530
69.70012
70.46879
71.66001
72.04576
71.80413
71.98823
72.58047
73.18700
74.31809
75.15832
75.35205
75.77307
76.55923
77.20469
78.49354
78.80393
78.21292
77.72376
76.54678
76.00382
75.20579
75.50567
76.82029
77.49766
78.08144
78.53890
79.35055
79.85580
80.72644
81.26233
82.07829
82.68031
82.94673
83.34414
83.88455
84.74314
85.39740
86.25863
87.23018
87.82346
88.82247
89.58540
89.93877
90.69074
92.00813
92.55715
92.12553
92.04843
92.08884
92.30644
92.96404
93.33971
93.41657
93.49525
93.42680
93.72941
94.73691
95.07524
95.11368
95.53334
96.60368
97.17488
97.10646
97.45119
98.37247
98.95595
99.85919
99.82751
98.83575
98.32410
98.28489
97.49604
96.24200
95.50303
94.52653
93.75219
92.31813
91.46025
90.09216
89.44547
89.80157
89.75159
89.51670
89.32043
88.83211
88.75262
89.02353
89.12112
89.27328
89.14971
88.85485
88.06453
86.94075
86.66141
87.48980
87.14328
86.63019
87.07912
88.52153
88.88754
88.27011
87.56346
86.10039
85.25973
84.01501
83.26627
82.17274
81.43401
80.94979
80.28858
78.98257
78.15255
77.46094
77.10000
77.02379
76.42853
75.17121
74.39108
73.22858
72.95962
73.67065
73.81613
73.68373
73.88700
74.50375
75.20507
76.66235
77.47282
78.47113
79.29305
80.71036
81.59565
83.09363
83.98512
85.46559
86.07364
86.10288
86.45423
86.99767
87.42726
88.10776
88.81585
89.45462
89.86622
90.22525
90.95175
92.06260
92.66162
93.35316
93.69994
94.35158
93.83689
92.36237
91.78020
92.18033
92.48025
93.50468
93.24006
91.83113
91.13578
91.12224
90.74214
89.80968
89.26529
88.23533
88.26832
89.28714
90.08547
91.24078
91.83458
91.73501
91.44938
91.48974
91.62523
91.25000
90.65702
89.57657
89.07569
88.94371
89.20644
90.09976
90.86279
92.18917
92.34374
92.90265
92.81603
91.78352
91.04741
90.12137
89.63698
89.04504
89.06118
89.73634
90.06646
90.59710
90.88308
91.29818
91.55437
91.92295
92.09779
91.95606
92.25206
93.26904
93.19091
92.09245
91.37003
90.14899
89.49939
89.35035
88.83950
88.15675
87.61951
87.00259
86.70943
86.91524
86.94976
86.97959
87.04754
87.19354
87.18649
86.99196
86.97014
86.92875
87.47172
88.94405
89.46699
89.38999
89.44453
89.53110
89.60229
89.55458
90.18502
91.67028
92.19452
91.67839
91.36214
90.58648
90.16629
89.35039
89.51698
90.64942
91.32089
92.61996
92.77091
91.69335
91.77566
92.86547
93.47683
94.47102
95.28215
96.68597
97.36530
97.06057
97.07183
97.02067
97.40987
98.60676
99.32732
100.57327
101.36660
102.62852
103.45619
104.89182
105.78346
107.16379
108.05178
109.38980
110.22756
111.45327
112.23566
112.82856
113.28628
113.85431
114.64642
115.29382
115.87338
116.13672
115.63698
114.27264
113.64178
113.46981
113.16883
112.28641
112.58846
114.05744
114.58368
114.63315
114.65123
114.51147
114.49534
114.76986
114.27641
112.91866
112.13699
111.08405
110.23100
109.51687
109.39937
110.00070
110.12336
110.17004
109.65086
108.58506
107.93849
106.87191
106.36614
105.84586
105.51352
105.01966
104.54851
103.42489
103.30186
104.14205
104.50606
105.29429
104.87804
103.41058
102.62390
102.18755
101.44063
99.98242
99.08974
97.74374
97.04840
96.05562
96.05049
96.83494
97.70920
98.48340
98.86361
98.88050
98.94721
99.01193
99.13990
99.29077
99.61454
99.92333
100.57244
102.03656
102.53864
102.16869
102.25390
102.65542
102.87662
103.25482
103.47332
103.80366
104.06023
104.46831
104.80934
105.20194
104.95234
103.83080
103.35706
102.81701
102.64696
102.43764
103.15181
104.59052
105.01495
104.26813
104.35938
105.12432
105.65158
106.60724
107.24112
108.35915
109.02310
110.09773
110.78530
111.94939
112.31984
112.20773
111.60073
110.10928
109.34325
108.78289
107.94353
106.62670
105.73254
104.48322
103.80775
102.91139
102.43602
101.85447
101.33401
100.17353
99.85948
100.12022
100.81735
102.22839
103.00557
102.63101
102.67892
102.76809
102.97258
103.55340
103.82723
103.93583
104.33368
105.06308
105.67057
106.11748
106.61773
106.87384
106.97897
107.11608
106.56010
105.13571
104.40202
103.98409
103.64565
103.27305
103.15647
103.20629
103.43432
104.06508
104.64105
105.61411
105.95564
105.81086
106.44414
107.65659
108.20855
108.72772
109.58291
110.95468
111.15000
110.21239
109.33358
108.65032
107.99287
106.84180
106.41075
106.50900
106.03367
104.88299
104.11646
102.87978
102.31212
101.75324
101.68108
102.10451
102.26655
102.37923
102.27475
102.11353
101.43930
100.50281
100.00178
99.79335
99.72240
99.99144
99.59391
98.63666
98.07483
97.56246
97.86775
99.15102
99.54015
99.27603
99.44159
100.30300
99.97818
98.51355
98.00015
98.16100
97.83623
96.92598
96.15195
95.09447
94.66722
94.87424
94.69559
94.09533
93.67609
92.74046
92.70820
93.61317
93.84339
93.71288
93.96337
94.82078
95.31405
96.22359
96.45393
96.17581
96.31796
96.87205
97.13216
97.42727
97.63006
98.14768
97.64333
96.15421
95.69309
96.34405
96.62999
97.14380
97.56357
98.50435
98.72003
98.33325
98.53941
99.21237
99.41347
99.15316
99.36836
100.02907
100.78899
102.13268
102.99221
103.82509
104.31222
104.40856
105.10951
106.59691
107.47828
108.78989
109.66146
111.14279
111.88483
112.43613
113.20256
113.91041
114.54992
115.71015
115.82701
114.89727
114.65658
114.69664
114.84227
115.30180
116.01662
117.38632
118.26258
119.63981
120.30795
120.99285
120.82866
119.63539
119.22115
118.89933
119.06375
119.57189
120.38011
121.49791
122.34318
122.99971
122.61858
121.14314
120.75279
121.55093
121.37495
120.39964
119.61855
118.48878
117.61018
116.13686
115.24253
113.86826
113.37324
112.69917
112.40966
112.16340
112.05757
111.90688
112.07688
112.52853
113.20550
114.69132
115.33368
115.52055
116.12786
117.16790
117.78217
118.54131
119.40998
120.57393
121.47064
122.63717
123.23574
124.02571
123.79217
122.41427
122.29875
123.24095
124.13762
124.86060
125.21062
125.23602
125.52063
126.19300
126.92492
127.95473
128.75823
130.16467
130.56080
130.10880
129.78155
128.99090
128.69491
128.79089
128.76443
128.48471
129.00593
130.48761
131.34827
132.80851
133.48455
133.80570
134.64003
135.92338
136.80560
138.29529
138.80394
137.97778
138.33181
139.75381
140.35929
140.21828
140.74354
141.95182
142.50636
142.66465
142.36466
141.70544
140.82370
139.89627
139.55172
139.67983
139.75209
139.85314
140.18724
141.04053
141.83598
143.18540
143.86919
143.67918
143.46499
142.77646
142.43770
142.26909
141.59744
140.51559
139.84070
138.78915
138.73745
139.52995
140.41844
141.36341
141.92149
142.39706
143.17983
144.52775
145.16028
145.04225
145.76629
147.20808
148.05779
149.26567
150.11829
151.11931
151.78495
152.90278
153.49087
154.25303
154.72022
155.51374
155.68588
155.38899
155.30495
155.16804
155.32549
155.89334
155.77623
154.97921
154.58231
153.84105
154.02918
155.13337
155.78161
156.87248
157.69799
159.15671
159.96975
160.86746
