 0.40000	 18.01412392	 27.77027702	 30.59598541	 19.00217056	 28.82970047	 30.20693016	           0	           2
 0.40000	 18.54736900	 29.59447479	 30.07190132	 17.16993141	 29.08734894	 30.38079071	          -1	           3
 0.40000	 16.49141312	 28.52765083	 30.57110023	 16.03013802	 27.11565590	 30.77943420	          -2	           4
 0.40000	 16.23292732	 26.33022690	 31.16909027	 17.25007439	 25.72921371	 32.09325027	          -3	           5
 0.40000	 17.97726631	 25.20276833	 32.03128815	 18.88486481	 24.69658661	 30.94968224	          -4	           6
 0.40000	 19.34540558	 24.06653404	 30.50161552	 19.62565994	 22.63975525	 30.13327980	          -5	           7
 0.40000	 20.27913857	 22.21034622	 29.68774223	 21.56345558	 22.58113861	 29.00735474	          -6	           8
 0.40000	 22.34093857	 22.53133202	 28.55699158	 23.50605774	 22.11981392	 27.70668411	          -7	           9
 0.40000	 24.40035248	 22.12102318	 27.60636520	 25.71840477	 22.53290176	 28.19201851	          -8	          10
 0.40000	 26.58585739	 22.59758568	 28.42258072	 28.07484436	 22.54580498	 28.59601212	          -9	          11
 0.40000	 28.75318336	 22.19595909	 29.07277489	 29.09228134	 21.42813110	 30.31591225	         -10	          12
 0.40000	 29.46554756	 20.61087799	 30.26397514	 29.45911980	 19.92386818	 28.93059158	         -11	          13
 0.40000	 30.16567230	 19.58568573	 28.48749924	 31.48281097	 19.98588753	 29.08329391	         -12	          14
 0.40000	 32.17122269	 19.41059875	 29.15423965	 32.08341217	 17.92365646	 28.97762108	         -13	          15
 0.40000	 32.65073395	 17.29101753	 28.68133926	 34.02224350	 17.13445473	 28.09460640	         -14	          16
 0.40000	 34.67042160	 17.04014778	 27.47753334	 35.60202026	 16.79582977	 26.32759285	         -15	          17
 0.40000	 35.26447678	 17.33163071	 25.68807411	 34.05454254	 17.95401573	 26.31939125	         -16	          18
 0.40000	 33.46067810	 18.60418701	 26.50490379	 32.78475571	 19.91224289	 26.79113388	         -17	          19
 0.40000	 32.28289032	 20.65824890	 26.82695580	 31.33616829	 21.81819534	 26.73759842	         -18	          20
 0.40000	 30.84389305	 22.51339912	 26.44755554	 30.06751060	 23.71159935	 25.98773193	         -19	          21
 0.40000	 30.07145691	 24.60875893	 26.05787277	 30.34575844	 25.92716217	 26.71850777	         -20	          22
 0.40000	 29.92271042	 26.72090530	 26.74881744	 28.53738594	 27.07139778	 26.29279709	         -21	          23
 0.40000	 27.67319679	 27.24904442	 26.47013855	 26.52602959	 28.01246834	 27.06261253	         -22	          24
 0.40000	 26.00980949	 28.56091309	 27.55511856	 25.30464363	 29.36827087	 28.60433960	         -23	          25
 0.40000	 25.73380661	 30.12844658	 28.82320595	 26.99600029	 30.27469063	 28.02609062	         -24	          26
 0.40000	 27.84546661	 30.48166466	 27.81300926	 29.33964920	 30.56681442	 27.71278191	         -25	          27
 0.40000	 30.01361465	 31.14965248	 27.83912849	 30.14036751	 32.58934784	 28.24049568	         -26	          28
 0.40000	 30.53247452	 33.26187515	 28.69190979	 31.51835632	 33.88170624	 29.63724518	         -27	          29
 0.40000	 31.84590340	 34.25044632	 30.38990211	 32.06715775	 34.57258987	 31.83803368	         -28	          30
 0.40000	 31.77376938	 34.89201736	 32.62644958	 30.58489418	 35.57965469	 33.22938919	         -29	          31
 0.40000	 30.50743294	 35.76302719	 34.10733795	 30.49266815	 34.78960419	 35.24855042	         -30	          32
 0.40000	 30.56243515	 33.92114258	 35.47443390	 29.82345963	 33.29138947	 34.33100891	         -31	          33
 0.40000	 28.97885704	 33.49723434	 34.09658051	 27.98660469	 34.33882141	 34.84311295	         -32	          34
 0.40000	 27.94050789	 35.19343567	 35.12224960	 28.98855209	 36.23967361	 34.88338089	         -33	          35
 0.40000	 29.73038292	 36.73284912	 34.75404358	 31.04037285	 37.46355820	 34.74863052	         -34	          36
 0.40000	 31.78519630	 37.12849808	 34.37054825	 31.38729668	 35.86368179	 33.66928482	         -35	          37
 0.40000	 31.55452347	 35.24797058	 34.30408096	 31.07986450	 35.86399078	 35.58678436	         -36	          38
 0.40000	 30.19658279	 35.73940277	 35.70687866	 29.21754265	 35.13133621	 34.74672318	         -37	          39
 0.40000	 28.83177948	 34.68508148	 34.06671143	 28.39849663	 33.84832382	 32.89962769	         -38	          40
 0.40000	 27.68663597	 33.33864212	 33.10817337	 27.41404343	 33.51357651	 34.57282639	         -39	          41
 0.40000	 27.11485100	 33.49351883	 35.42171097	 26.90967751	 33.55232620	 36.90648651	         -40	          42
 0.40000	 26.07678604	 33.26529694	 37.09067535	 25.36754608	 32.90542603	 35.81883240	         -41	          43
 0.40000	 25.38332367	 32.81644440	 34.92310715	 25.30691528	 32.39495087	 33.48550415	         -42	          44
 0.40000	 24.77430725	 31.67648506	 33.38267899	 24.17228889	 31.14035416	 34.64766693	         -43	          45
 0.40000	 23.39243317	 31.54915237	 34.83410263	 23.01580429	 32.40946960	 33.66443634	         -44	          46
 0.40000	 22.97295380	 32.86893082	 32.89157486	 23.64798737	 33.15121841	 31.58213997	         -45	          47
 0.40000	 23.46951485	 33.89253998	 31.10405540	 22.70916176	 35.05702972	 31.66607285	         -46	          48
 0.40000	 21.84729767	 35.00623703	 31.92013359	 21.55418015	 33.54222870	 32.06381226	         -47	          49
 0.40000	 20.84568977	 33.17923355	 31.64410210	 20.00379181	 33.72772980	 30.53043938	         -48	          50
 0.40000	 19.93942070	 34.42997360	 29.97137260	 20.59250450	 35.74135590	 29.64942551	         -49	          51
 0.40000	 21.34821510	 36.11582565	 29.96348190	 21.97290230	 35.37302780	 31.10719109	         -50	          52
 0.40000	 22.82685280	 35.62758636	 30.98015785	 22.55407143	 36.37326050	 29.70759964	         -51	          53
 0.40000	 22.46790886	 36.71628952	 28.88009262	 22.10760307	 36.72155762	 27.42403603	         -52	          54
 0.40000	 21.69630241	 37.46540451	 27.12814140	 21.38937759	 38.53664017	 28.13221359	         -53	          55
 0.40000	 21.24075508	 39.25201797	 28.65748024	 21.23748970	 40.41729355	 29.60185623	         -54	          56
 0.40000	 20.97311783	 40.96644592	 30.26390076	 20.29813385	 41.73955154	 31.35777473	         -55	          57
 0.40000	 19.67231941	 41.40775299	 31.91290283	 19.13874435	 40.00738144	 31.84877968	         -56	          58
 0.40000	 18.83346367	 39.16394043	 31.92015076	 18.45191002	 37.71443176	 31.97630119	         -57	          59
 0.40000	 18.49514198	 36.84054184	 32.18657684	 19.17103767	 35.73855591	 32.94728088	         -58	          60
 0.40000	 18.91903496	 34.92168808	 32.66583252	 17.87121010	 35.09751511	 31.60698318	         -59	          61
 0.40000	 17.83623123	 34.32738876	 31.14268303	 18.99918747	 33.39683533	 31.32034683	         -60	          62
 0.40000	 18.85744476	 32.87259674	 32.03797531	 17.65195274	 33.34941101	 32.79253006	         -61	          63
 0.40000	 17.06885529	 33.68823624	 33.38832474	 16.15591049	 34.68346786	 34.04096603	         -62	          64
 0.40000	 16.36150169	 34.49645615	 34.89702225	 17.53715897	 33.61337662	 34.60032272	         -63	          65
 0.40000	 17.34936905	 32.73348999	 34.62074280	 15.85084152	 32.67690659	 34.65527344	         -64	          66
 0.40000	 15.58313274	 31.83916473	 34.46402740	 16.75893402	 30.92525673	 34.28453064	         -65	          67
 0.40000	 16.80335999	 30.30458260	 33.63439560	 15.85428524	 30.10443115	 32.49023056	         -66	          68
 0.40000	 15.45363235	 29.95494652	 31.69845200	 14.94446754	 29.83372688	 30.29281044	         -67	          69
 0.40000	 14.62541866	 29.73946381	 29.45668221	 14.18814754	 29.67175293	 28.02347183	         -68	          70
 0.40000	 13.62271404	 29.22818375	 27.48179054	 12.59427357	 28.13633537	 27.48885727	         -69	          71
 0.40000	 11.92236233	 27.57371521	 27.28425789	 10.73548985	 26.82150269	 26.75943565	         -70	          72
 0.40000	 10.33393478	 26.08097649	 26.44273758	 10.50568390	 24.69323540	 26.98557854	         -71	          73
 0.40000	  9.84149456	 24.08820724	 27.03813934	  8.39251137	 24.29559326	 26.71040535	         -72	          74
 0.40000	  7.85880327	 25.00668526	 26.85004425	  8.14649487	 26.36005020	 27.42933273	         -73	          75
 0.40000	  8.93303013	 26.78839493	 27.51780701	 10.30755043	 26.20058250	 27.39493561	         -74	          76
 0.40000	 11.11324310	 26.01613426	 27.03897095	 12.48826981	 25.72449112	 26.51539612	         -75	          77
 0.40000	 13.35061073	 25.94374657	 26.65028572	 14.16613007	 26.75358200	 27.61413193	         -76	          78
 0.40000	 14.78389645	 27.40645981	 27.65895653	 15.40680695	 28.57837868	 26.96002197	         -77	          79
 0.40000	 16.14276123	 28.63627434	 26.44530678	 17.08497238	 27.60439110	 25.89997673	         -78	          80
 0.40000	 17.66055679	 27.01695442	 25.53469467	 18.59120560	 26.17715836	 24.71095657	         -79	          81
 0.40000	 18.67166710	 25.38379860	 25.12820053	 17.67524910	 25.51660728	 26.24153137	         -80	          82
 0.40000	 17.94668770	 25.10068703	 26.99203682	 19.24291801	 24.34622383	 26.96866608	         -81	          83
 0.40000	 20.01994896	 24.77365685	 27.12181091	 19.92395973	 26.25131607	 27.36120415	         -82	          84
 0.40000	 20.32941818	 26.81916428	 26.79278755	 20.89944458	 26.36805725	 25.48073578	         -83	          85
 0.40000	 21.35299301	 26.35327721	 24.70363617	 22.23078156	 26.49423409	 23.49558640	         -84	          86
 0.40000	 22.63725662	 26.62401962	 22.70336342	 23.11224937	 26.91716576	 21.31115341	         -85	          87
 0.40000	 23.40233612	 27.16558075	 20.49631119	 24.10605049	 27.43866158	 19.20011330	         -86	          88
 0.40000	 23.69392967	 28.14843559	 18.83088303	 22.65877724	 28.57724190	 19.82815552	         -87	          89
 0.40000	 21.85580254	 28.52720642	 20.23142433	 20.67377090	 27.68939781	 20.61971283	         -88	          90
 0.40000	 19.89023972	 27.35526848	 20.90999985	 18.66206360	 26.63464546	 21.38138390	         -89	          91
 0.40000	 18.16327667	 27.35911942	 21.57197380	 19.29506493	 28.28280067	 21.23164177	         -90	          92
 0.40000	 19.05865097	 29.11485481	 20.98324585	 17.60225868	 29.43326378	 20.81754303	         -91	          93
 0.40000	 16.99181747	 29.97902298	 20.44423103	 16.55925179	 31.07861328	 19.52031898	         -92	          94
 0.40000	 16.24718666	 31.79513168	 19.07421684	 15.77846336	 33.03752136	 18.37660408	         -93	          95
 0.40000	 15.36102962	 33.82812119	 18.47957039	 14.84457302	 34.59573364	 19.66023636	         -94	          96
 0.40000	 14.30342388	 35.26035309	 19.38555336	 13.89268684	 35.39684296	 17.94935799	         -95	          97
 0.40000	 14.43510342	 35.15413666	 17.27346802	 15.60425854	 34.38344955	 17.81110191	         -96	          98
 0.40000	 16.46686172	 34.45687866	 17.56529236	 17.26091957	 35.50093460	 16.83777809	         -97	          99
 0.40000	 17.43693542	 35.91262817	 16.05713272	 16.98164368	 36.17678833	 14.65256691	         -98	         100
 0.40000	 16.61007690	 36.00264740	 13.85164452	 15.79726028	 35.17778397	 12.89832687	         -99	         101
 0.40000	 15.49737167	 34.56878281	 12.30751133	 15.39088821	 33.41765213	 11.35174656	        -100	         102
 0.40000	 15.08226871	 32.58888245	 11.18508244	 14.27872944	 31.33025169	 11.32699203	        -101	         103
 0.40000	 14.28843689	 31.01443863	 12.16968250	 14.90813828	 32.03433990	 13.07837391	        -102	         104
 0.40000	 15.59729671	 31.73625565	 13.57451344	 16.22445679	 30.48546410	 13.03397846	        -103	         105
 0.40000	 16.40567207	 30.03866386	 13.79391289	 15.91961384	 30.97174644	 14.86304188	        -104	         106
 0.40000	 15.24057579	 30.90106392	 15.44944191	 14.02742672	 30.02150345	 15.38172531	        -105	         107
 0.40000	 13.44533253	 29.56029129	 15.89005089	 13.11541939	 29.03925896	 17.25739288	        -106	         108
 0.40000	 12.62661648	 28.75514984	 17.95758057	 11.35039139	 28.31990051	 18.61463928	        -107	         109
 0.40000	 11.47043324	 28.33722496	 19.50650787	 12.58588600	 29.24260902	 19.93783379	        -108	         110
 0.40000	 13.22189713	 28.60610008	 19.95690536	 12.49178886	 27.49078560	 19.26916313	        -109	         111
 0.40000	 11.69051266	 27.19543648	 18.98496819	 10.40609455	 27.96316719	 19.08911705	        -110	         112
 0.40000	  9.57620239	 28.18711662	 18.82244110	  8.24241734	 28.35039902	 18.15587616	        -111	         113
 0.40000	  7.97679901	 28.25139046	 17.30172157	  8.48277187	 27.65335655	 16.02252197	        -112	         114
 0.40000	  9.18287945	 28.12754440	 15.71434784	  9.46065998	 29.23990631	 16.68153763	        -113	         115
 0.40000	  9.88943005	 29.49637032	 17.43009758	 10.25851250	 28.75683212	 18.68180275	        -114	         116
 0.40000	 10.98428249	 29.00636673	 19.15179253	 11.97348022	 29.89066505	 18.45220947	        -115	         117
 0.40000	 12.81895733	 30.16577721	 18.59140015	 14.04810429	 29.88462448	 19.40384483	        -116	         118
 0.40000	 14.81141567	 30.20628357	 19.75563049	 15.74214458	 31.34123611	 20.06465530	        -117	         119
 0.40000	 16.44410324	 31.86915779	 20.26057816	 17.75246620	 32.54610825	 20.54295540	        -118	         120
 0.40000	 18.51295471	 32.98820114	 20.73259354	 19.77855682	 33.77041626	 20.92298698	        -119	         121
 0.40000	 20.32432175	 34.10818481	 21.55380058	 20.52857971	 34.24026108	 23.03390312	        -120	         122
 0.40000	 20.69054794	 34.34365463	 23.91304779	 21.14492798	 34.72959900	 25.28945160	        -121	         123
 0.40000	 20.68540382	 34.24115372	 25.88961411	 19.84690094	 33.16365433	 25.26838875	        -122	         124
 0.40000	 19.24116325	 33.34577560	 24.62820816	 19.27766037	 34.74135971	 24.07968330	        -123	         125
 0.40000	 19.46164894	 35.54978943	 23.72990417	 20.28730011	 36.60398102	 23.05397606	        -124	         126
 0.40000	 20.24624252	 37.27894592	 23.64788246	 19.65811157	 36.56460571	 24.82845116	        -125	         127
 0.40000	 18.90024185	 37.01971817	 24.99717331	 18.70565033	 37.88282394	 23.78592491	        -126	         128
 0.40000	 18.78511620	 38.54853439	 23.18565369	 19.43055344	 39.56660080	 22.29298401	        -127	         129
 0.40000	 20.14142227	 40.11823273	 22.30795288	 21.21375847	 40.38617325	 23.32196426	        -128	         130
 0.40000	 22.03703308	 40.74094391	 23.40083313	 23.06337547	 41.37014771	 22.50604057	        -129	         131
 0.40000	 23.77161980	 41.46707916	 23.05282211	 23.18973923	 41.00121689	 24.35451126	        -130	         132
 0.40000	 23.81594086	 40.63449097	 24.88680649	 25.18628883	 40.44627380	 24.30660629	        -131	         133
 0.40000	 26.02977943	 40.23595047	 24.07398415	 27.33971786	 39.71143341	 23.56528664	        -132	         134
 0.40000	 28.22229767	 39.88697052	 23.55989647	 29.25274277	 40.85982513	 24.05138969	        -133	         135
 0.40000	 29.88517570	 41.44825745	 24.30334091	 30.86023521	 42.51024246	 24.71697807	        -134	         136
 0.40000	 31.42182541	 43.16135025	 24.98220634	 32.54793930	 44.09327698	 25.31869698	        -135	         137
 0.40000	 32.24364471	 44.82150269	 25.75127411	 30.75712395	 44.74205017	 25.93522263	        -136	         138
 0.40000	 29.90698242	 44.98229218	 26.10651588	 28.49577332	 45.45283890	 26.29875374	        -137	         139
 0.40000	 28.06606865	 46.19533920	 26.57059860	 28.33864021	 47.58894730	 27.05389214	        -138	         140
 0.40000	 28.52253532	 48.41882324	 27.34978676	 28.84210777	 49.84027863	 27.70659256	        -139	         141
 0.40000	 28.64526367	 50.50759125	 27.13539124	 28.30358124	 51.17973328	 25.83862877	        -140	         142
 0.40000	 28.32890129	 50.48224640	 25.27026176	 28.70709991	 49.38834000	 26.22437286	        -141	         143
 0.40000	 28.08066940	 49.37546921	 26.87041664	 27.85663986	 50.48638153	 27.85306168	        -142	         144
 0.40000	 27.83148193	 51.12869644	 28.48283005	 27.50847244	 52.29393387	 29.37037086	        -143	         145
 0.40000	 27.44791603	 52.34852219	 30.26657295	 27.65501976	 51.29136276	 31.31030464	        -144	         146
 0.40000	 27.54134750	 50.87017822	 32.09736633	 27.07910728	 50.03669357	 33.25558472	        -145	         147
 0.40000	 26.24615097	 50.26772308	 33.50600433	 25.59264565	 51.54313660	 33.06307220	        -146	         148
 0.40000	 25.79014969	 51.52959442	 32.18519974	 26.58597374	 50.26116943	 32.09786987	        -147	         149
 0.40000	 27.31444931	 49.73337173	 32.12157822	 28.61269569	 49.12818146	 32.56665421	        -148	         150
 0.40000	 29.44073868	 48.77590561	 32.55853271	 30.73927307	 48.31944275	 31.96241570	        -149	         151
 0.40000	 31.57576752	 48.13868713	 32.24093246	 32.25835037	 48.32574463	 33.56348801	        -150	         152
 0.40000	 32.92853546	 47.82506943	 33.89584732	 33.61219025	 46.58112335	 33.41063690	        -151	         153
 0.40000	 33.98048401	 45.86909485	 33.00069427	 34.44706345	 44.85459518	 31.99906731	        -152	         154
 0.40000	 34.24088287	 44.03416443	 31.69125748	 33.34789276	 42.82924271	 31.72258377	        -153	         155
 0.40000	 32.90365601	 42.05162811	 31.81661034	 32.26429749	 40.72217941	 32.08911896	        -154	         156
 0.40000	 31.90828705	 39.91717148	 32.28055954	 31.34820938	 38.57356644	 32.64354324	        -155	         157
 0.40000	 30.99496078	 37.78373718	 32.89521790	 30.30282784	 36.51830292	 33.30794144	        -156	         158
 0.40000	 29.76320076	 35.82507706	 33.50739670	 29.72291374	 34.51843643	 34.24328613	        -157	         159
 0.40000	 29.36757278	 34.07517242	 34.94218826	 28.88401031	 32.69104004	 35.25933456	        -158	         160
 0.40000	 28.70495033	 31.81111526	 35.19623566	 29.29052544	 30.46810722	 34.87450409	        -159	         161
 0.40000	 29.26907921	 29.61411095	 34.59068298	 28.44720268	 28.41006660	 34.23726273	        -160	         162
 0.40000	 28.20461273	 28.06583595	 33.44165802	 28.54943657	 28.46821785	 32.03837585	        -161	         163
 0.40000	 28.38595009	 29.11771393	 31.43705750	 27.76740837	 30.48190308	 31.35714722	        -162	         164
 0.40000	 27.36811256	 31.28622437	 31.41669273	 26.66591644	 32.54035187	 31.84558105	        -163	         165
 0.40000	 26.16028595	 33.27564621	 31.96144676	 25.18479538	 34.41488647	 31.94016457	        -164	         166
 0.40000	 25.13305092	 35.21384430	 32.35107040	 24.38314247	 36.37865829	 32.92615128	        -165	         167
 0.40000	 23.95840073	 37.08598709	 33.28528595	 23.21680450	 38.06570053	 34.14555740	        -166	         168
 0.40000	 23.58460808	 38.85763550	 33.92736816	 24.62504005	 38.41578674	 32.94134521	        -167	         169
 0.40000	 24.95425415	 37.88554001	 32.29304123	 24.72519684	 36.61203384	 31.53432083	        -168	         170
 0.40000	 24.32803917	 35.80467987	 31.51646042	 24.02710915	 34.79598999	 32.58510971	        -169	         171
 0.40000	 24.01381874	 34.32788467	 33.35391998	 23.18912315	 33.77292252	 34.47727203	        -170	         172
 0.40000	 23.44624901	 33.02407837	 34.90560532	 24.60404396	 32.16685104	 34.48751450	        -171	         173
 0.40000	 25.32907104	 31.68104553	 34.26590347	 26.05690002	 31.38650703	 32.98775101	        -172	         174
 0.40000	 26.19029045	 30.64944649	 32.48860931	 25.63719749	 29.25660515	 32.55316544	        -173	         175
 0.40000	 25.90069389	 28.47147179	 32.20055008	 25.45546913	 27.78517723	 30.94322586	        -174	         176
 0.40000	 25.13043976	 27.04033852	 30.55634117	 24.60329819	 25.66857719	 30.85696793	        -175	         177
 0.40000	 24.38858795	 24.79586983	 30.81014442	 24.27561760	 23.33513451	 30.48863792	        -176	         178
 0.40000	 23.84823418	 22.58819771	 30.22532845	 22.52643776	 22.07493401	 29.73606491	        -177	         179
 0.40000	 22.82579041	 21.23010635	 29.65480614	 24.22641563	 21.52271652	 30.10486412	        -178	         180
 0.40000	 25.04692841	 21.42915726	 30.46241570	 26.27651596	 21.20536804	 31.29177284	        -179	         181
 0.40000	 27.11039925	 21.06879807	 31.60113335	 28.58216286	 20.84146500	 31.77989197	        -180	         182
 0.40000	 29.46593666	 20.72043991	 31.89777756	 30.94487000	 20.54841614	 32.07890320	        -181	         183
 0.40000	 31.83049202	 20.43842697	 32.19383240	 33.32009506	 20.30628967	 32.30948639	        -182	         184
 0.40000	 34.04771805	 19.98474503	 32.73017120	 34.41207886	 19.08177376	 33.87113190	        -183	         185
 0.40000	 35.27699661	 19.08868217	 34.11954117	 36.21327591	 20.05927849	 33.46285629	        -184	         186
 0.40000	 36.75662994	 20.31709480	 32.79342270	 37.13768768	 20.17796516	 31.34938812	        -185	         187
 0.40000	 37.56982803	 20.20152473	 30.56039810	 38.48409271	 20.35312843	 29.38097954	        -186	         188
 0.40000	 39.17078781	 20.34093475	 28.79939270	 40.10924911	 19.88099289	 27.72339249	        -187	         189
 0.40000	 40.95505142	 20.17704773	 27.80870819	 41.09386063	 20.92378616	 29.10222816	        -188	         190
 0.40000	 40.83702850	 21.35241699	 29.85101128	 41.02993393	 22.74539757	 30.37299919	        -189	         191
 0.40000	 41.55244446	 23.17284012	 30.96833801	 42.51004791	 23.29944420	 32.11598587	        -190	         192
 0.40000	 42.82423782	 22.52992439	 32.46130371	 42.29695892	 21.28750610	 31.80673981	        -191	         193
 0.40000	 41.92602158	 21.06199646	 31.01828575	 41.75626755	 21.75080872	 29.69661140	        -192	         194
 0.40000	 41.07950592	 21.91289520	 29.12546349	 39.79088974	 21.39006805	 28.56306839	        -193	         195
 0.40000	 39.01113892	 21.21847534	 28.14693260	 37.66803360	 21.04811478	 27.50102043	        -194	         196
 0.40000	 37.20546722	 21.65991020	 27.02998352	 37.42141342	 23.13001251	 26.82447433	        -195	         197
 0.40000	 38.31358719	 23.22343445	 26.74998474	 38.73392105	 21.80469894	 26.99589920	        -196	         198
 0.40000	 39.04406357	 20.97500801	 27.15498352	 39.20275116	 19.53124428	 27.52946281	        -197	         199
 0.40000	 38.98630905	 18.86351395	 28.09264946	 38.05771637	 17.73159599	 28.41879654	        -198	         200
 0.40000	 37.28798294	 17.76224136	 27.95345688	 37.30410385	 19.07387924	 27.22593880	        -199	         201
 0.40000	 36.68203735	 19.53691292	 26.76933098	 35.25353241	 19.56695938	 26.31296158	        -200	         202
 0.40000	 34.45396423	 19.85597992	 26.01812363	 33.21841812	 20.58154297	 25.57442093	        -201	         203
 0.40000	 32.88436127	 21.33428383	 25.21138954	 32.66148758	 22.77083015	 25.58101082	        -202	         204
 0.40000	 33.06908035	 23.25002480	 24.93745422	 33.55278397	 22.01652145	 24.23426437	        -203	         205
 0.40000	 33.88610840	 21.29698372	 23.80877113	 34.21486664	 19.84980774	 23.59091187	        -204	         206
 0.40000	 34.54240417	 19.14653397	 23.13490295	 35.23520279	 18.38496208	 22.04409790	        -205	         207
 0.40000	 35.48103333	 18.12819290	 21.21739197	 35.77867126	 18.26253891	 19.75341034	        -206	         208
 0.40000	 35.29224777	 18.07447624	 19.02001953	 33.89677048	 17.70775414	 18.61019135	        -207	         209
 0.40000	 33.00345993	 17.59922600	 18.60644722	 31.83592224	 18.33866692	 18.02334404	        -208	         210
 0.40000	 31.02177429	 18.68519402	 18.18745041	 29.80358315	 18.99552155	 19.00576210	        -209	         211
 0.40000	 29.76485443	 19.21507072	 19.87765312	 30.84752655	 19.35818291	 20.90588760	        -210	         212
 0.40000	 31.71439171	 19.15938377	 21.04357338	 32.79048538	 18.56767654	 20.18228340	        -211	         213
 0.40000	 33.37204742	 17.98372841	 19.82081413	 34.03827286	 16.82257843	 19.14416313	        -212	         214
 0.40000	 34.58082581	 16.24672508	 18.71498871	 35.55730820	 15.11333466	 18.60526085	        -213	         215
 0.40000	 36.06778336	 14.43555832	 18.30452728	 36.79539490	 13.35824394	 17.55608940	        -214	         216
 0.40000	 36.83812714	 12.79294109	 16.85680199	 36.12178421	 12.32208824	 15.62583160	        -215	         217
 0.40000	 35.46854782	 12.69614697	 15.13223267	 34.56684875	 13.15585899	 14.02513409	        -216	         218
 0.40000	 34.64813232	 13.96649647	 13.64255619	 35.75039291	 14.76391506	 14.27435398	        -217	         219
 0.40000	 36.32947922	 14.61270332	 14.94660187	 36.24982452	 13.29640770	 15.66148853	        -218	         220
 0.40000	 35.59811401	 12.94775391	 16.17525864	 34.62561417	 11.97079849	 16.76678276	        -219	         221
 0.40000	 33.88095856	 12.16274738	 17.23489952	 32.82081223	 12.17087460	 18.29611969	        -220	         222
 0.40000	 32.14458847	 12.43432713	 18.82861900	 31.01585770	 13.34864807	 19.20284081	        -221	         223
 0.40000	 31.43452072	 13.99850178	 19.66374969	 32.78348923	 13.40785789	 19.37840271	        -222	         224
 0.40000	 33.53013611	 13.18672848	 19.82994843	 34.16110611	 12.88449669	 21.15684700	        -223	         225
 0.40000	 34.02322388	 12.68438435	 22.02366066	 32.93612671	 12.53319263	 23.04617310	        -224	         226
 0.40000	 32.53762436	 12.04493523	 23.68882561	 31.92529106	 10.94655800	 24.50656891	        -225	         227
 0.40000	 31.29750633	 10.49393559	 24.96613121	 30.06385231	 10.01481628	 25.67222595	        -226	         228
 0.40000	 29.28724098	 10.20877934	 26.08389664	 28.25530434	 11.29535198	 26.01648521	        -227	         229
 0.40000	 28.05531311	 11.92071819	 25.40065384	 27.38599014	 13.14934635	 24.85974503	        -228	         230
 0.40000	 26.76972198	 13.77800083	 24.67213249	 25.39531136	 14.37636375	 24.61712265	        -229	         231
 0.40000	 24.51245499	 14.20162964	 24.61022186	 23.60387802	 13.01208401	 24.70772362	        -230	         232
 0.40000	 23.02960205	 12.37284184	 24.43981743	 22.25985718	 11.64874935	 23.37526894	        -231	         233
 0.40000	 21.87586975	 10.83469772	 23.36827087	 21.78810120	  9.67892075	 24.32040787	        -232	         234
 0.40000	 21.63875771	  9.22522736	 25.08333397	 21.53200340	  8.17632103	 26.15030098	        -233	         235
 0.40000	 22.03119087	  7.49873543	 26.46915245	 23.28230286	  6.68284750	 26.33131981	        -234	         236
 0.40000	 23.85590172	  6.55112076	 25.65048599	 23.97668648	  7.01024389	 24.22759819	        -235	         237
 0.40000	 23.53424644	  7.68056011	 23.82152367	 22.64298820	  8.67668915	 24.50222969	        -236	         238
 0.40000	 21.82611656	  8.34839535	 24.68906403	 20.59833145	  7.72916126	 25.28826714	        -237	         239
 0.40000	 21.05558968	  7.00533199	 25.56571388	 22.45855522	  7.31413269	 25.13399124	        -238	         240
 0.40000	 23.00676155	  7.97582102	 25.40172768	 22.26154518	  9.03296757	 26.16141129	        -239	         241
 0.40000	 22.88064384	  9.67191315	 26.29738426	 24.19715118	  9.22412395	 25.73494911	        -240	         242
 0.40000	 25.02802849	  9.37332726	 25.42251015	 26.30698204	  9.95563412	 24.89780807	        -241	         243
 0.40000	 27.14412880	 10.28570175	 24.87250137	 28.50650024	 10.85052395	 25.14654160	        -242	         244
 0.40000	 29.10878372	 11.42760658	 25.48510933	 29.35436440	 12.83810902	 25.93260384	        -243	         245
 0.40000	 29.23567581	 13.68706417	 25.65791702	 28.43257141	 13.87819672	 24.40550613	        -244	         246
 0.40000	 28.07244682	 13.35062885	 23.77127266	 28.27491379	 12.05793476	 23.03779221	        -245	         247
 0.40000	 28.54141617	 11.65904331	 23.79919624	 28.63904572	 12.94305420	 24.56848717	        -246	         248
 0.40000	 29.42300034	 12.99553108	 25.00862885	 30.66474152	 12.19521141	 25.26880264	        -247	         249
 0.40000	 30.62724686	 11.45432186	 24.75880241	 29.49932480	 10.49985600	 25.01782799	        -248	         250
 0.40000	 28.94507217	 10.68987083	 24.32524109	 29.27573586	 12.09027004	 24.74806404	        -249	         251
 0.40000	 29.48423958	 12.72093010	 24.13690376	 30.89829063	 12.27996445	 24.37344360	        -250	         252
 0.40000	 31.50962067	 11.99129009	 23.77506638	 31.28799438	 13.32530022	 23.12613106	        -251	         253
 0.40000	 31.13455772	 13.71384525	 22.32905197	 30.53958321	 13.83141518	 20.95719337	        -252	         254
 0.40000	 30.25989342	 13.97779846	 20.11447906	 29.99190331	 14.34859467	 18.68598175	        -253	         255
 0.40000	 29.45706940	 14.17431355	 17.98346138	 28.14410400	 13.65012741	 17.48217583	        -254	         256
 0.40000	 28.13945198	 12.76379013	 17.32621193	 29.37412453	 12.01978016	 17.74090195	        -255	         257
 0.40000	 30.24781609	 11.92893791	 17.93675995	 31.51088715	 12.72329235	 18.09059715	        -256	         258
 0.40000	 32.30358124	 13.12079906	 18.24489021	 33.57074738	 13.80561256	 18.66361618	        -257	         259
 0.40000	 34.32241440	 13.98262501	 18.20153236	 34.78499985	 14.16659355	 16.78660202	        -258	         260
 0.40000	 34.58134079	 13.29126072	 16.70014381	 34.65056229	 12.30358028	 17.82698822	        -259	         261
 0.40000	 34.74665833	 11.45660782	 17.53772736	 35.78157043	 10.94653702	 16.57911873	        -260	         262
 0.40000	 36.64089203	 10.82766533	 16.33858871	 38.11956787	 10.98490810	 16.53568077	        -261	         263
 0.40000	 38.79188156	 11.30927086	 17.03861618	 39.10432053	 12.07648945	 18.28911591	        -262	         264
 0.40000	 39.34165192	 12.55741692	 19.01182556	 39.72317505	 13.48936081	 20.12351990	        -263	         265
 0.40000	 39.75965881	 13.70684719	 20.99606514	 39.43948746	 13.33301640	 22.41300201	        -264	         266
 0.40000	 39.48445511	 13.55193806	 23.28478622	 39.49370193	 12.95882797	 24.66248131	        -265	         267
 0.40000	 39.52898788	 12.38110161	 25.35987282	 40.71207428	 11.86932087	 24.59301758	        -266	         268
 0.40000	 40.44372559	 12.01843643	 23.74669647	 39.05655289	 12.55184555	 23.54320717	        -267	         269
 0.40000	 38.51646042	 13.17539787	 23.90378380	 38.75468445	 13.35737896	 25.37355995	        -268	         270
 0.40000	 39.49440384	 13.67788124	 25.77412033	 39.89403915	 14.83313656	 24.90480614	        -269	         271
 0.40000	 39.43751144	 15.58969498	 25.07591629	 38.29480362	 15.21505833	 25.97246170	        -270	         272
 0.40000	 37.90290070	 15.75392818	 26.57744980	 38.14640427	 17.17816544	 26.98020935	        -271	         273
 0.40000	 38.77835083	 17.59189034	 27.46941948	 39.79317856	 18.15410042	 28.42019081	        -272	         274
 0.40000	 40.10095215	 17.50619125	 28.96369171	 39.73268509	 16.15338898	 28.43049812	        -273	         275
 0.40000	 38.96380615	 15.79166317	 28.72710228	 38.01038361	 16.71584511	 29.42483521	        -274	         276
 0.40000	 37.62470627	 17.35986137	 29.92117882	 37.61764908	 18.40594864	 30.99616623	        -275	         277
 0.40000	 37.43770218	 19.15320396	 30.52798653	 37.41366959	 18.56537437	 29.14819145	        -276	         278
 0.40000	 37.16884232	 18.89589500	 28.34776115	 36.67338562	 20.15861320	 27.70748520	        -277	         279
 0.40000	 36.01305771	 20.59276390	 27.27696228	 34.59121323	 20.55665779	 26.80064583	        -278	         280
 0.40000	 33.82426834	 20.89262009	 26.47086525	 32.82651520	 22.00310516	 26.32519150	        -279	         281
 0.40000	 32.01204681	 22.08266449	 25.95079422	 30.80335236	 21.23341942	 25.69059372	        -280	         282
 0.40000	 30.03781509	 20.78758812	 25.84857750	 28.84925652	 19.94910240	 26.21467972	        -281	         283
 0.40000	 28.09523582	 19.57369232	 26.53137398	 26.73642731	 19.22064972	 27.05947304	        -282	         284
 0.40000	 26.37483978	 18.88549805	 27.81232834	 26.54815865	 18.25205231	 29.16090202	        -283	         285
 0.40000	 27.22433853	 18.50065994	 29.70026016	 28.24597740	 19.45973778	 29.16513443	        -284	         286
 0.40000	 28.60453033	 20.24702263	 28.91716385	 29.21051788	 21.58177185	 28.59929466	        -285	         287
 0.40000	 29.67371368	 22.23898315	 28.19508171	 30.79573059	 22.71829224	 27.32257843	        -286	         288
 0.40000	 30.80447197	 23.54432106	 26.96552277	 29.52972984	 24.31733131	 26.79991531	        -287	         289
 0.40000	 29.25931358	 25.05743980	 26.36518097	 28.31179047	 26.21605110	 26.46405983	        -288	         290
 0.40000	 28.27168274	 26.75816727	 27.18136978	 28.54054642	 25.71185112	 28.22198105	        -289	         291
 0.40000	 28.65586472	 25.21734238	 28.96496773	 29.14066505	 24.29858017	 30.04700089	        -290	         292
 0.40000	 28.58989906	 24.34856033	 30.75700569	 27.49947548	 25.32510757	 30.42952538	        -291	         293
 0.40000	 26.89033127	 25.95622635	 30.22834396	 26.32729912	 27.18671799	 29.58119774	        -292	         294
 0.40000	 25.50468445	 27.41196442	 29.29396820	 24.22631264	 26.64993858	 29.10679245	        -293	         295
 0.40000	 23.47056961	 26.41356468	 29.53440285	 22.83953094	 26.41983604	 30.89515114	        -294	         296
 0.40000	 22.53529549	 26.29280853	 31.73246765	 22.17278481	 25.85079765	 33.11922073	        -295	         297
 0.40000	 22.44616890	 25.95772934	 33.96994019	 23.46268463	 26.73475647	 34.75276947	        -296	         298
 0.40000	 24.22871399	 26.69870949	 35.22372818	 25.22621346	 25.71131134	 35.75289917	        -297	         299
 0.40000	 26.03345871	 26.09001350	 35.63019180	 25.92184067	 27.43396378	 34.97336197	        -298	         300
 0.40000	 25.81600761	 27.93289185	 34.23157120	 25.34344864	 28.12934113	 32.82148743	        -299	         301
 0.40000	 24.88732910	 28.55615997	 32.17326736	 25.36900139	 29.32331657	 30.97766113	        -300	         302
 0.40000	 25.14924622	 29.71542740	 30.19788170	 23.96571541	 30.12686348	 29.37322426	        -301	         303
 0.40000	 23.73226547	 29.70228577	 28.61471748	 24.49518013	 28.47307396	 28.21854401	        -302	         304
 0.40000	 24.65290451	 27.92484665	 27.52250862	 24.47671700	 27.37381935	 26.13858032	        -303	         305
 0.40000	 24.39956665	 27.98827362	 25.48555565	 25.40189934	 28.93391609	 24.89308929	        -304	         306
 0.40000	 26.25199318	 29.05912781	 24.62563133	 27.69644928	 28.75400162	 24.89092064	        -305	         307
 0.40000	 27.82961845	 28.18257523	 24.20851326	 26.45170021	 28.27939987	 23.62377739	        -306	         308
 0.40000	 25.58496475	 28.12110519	 23.80706787	 24.99032593	 27.44625473	 25.00743675	        -307	         309
 0.40000	 25.29568672	 27.74831581	 25.79830742	 26.62336159	 28.33358955	 25.41795158	        -308	         310
 0.40000	 27.44121933	 28.40456963	 25.78669357	 28.09165382	 28.11653900	 27.10727119	        -309	         311
 0.40000	 28.93237305	 27.91141701	 26.86015129	 28.75606537	 27.92396545	 25.37060547	        -310	         312
 0.40000	 29.30775070	 27.34688568	 24.95497704	 30.16411591	 26.52894592	 25.87561417	        -311	         313
 0.40000	 30.87586212	 26.06023026	 25.58647156	 31.48715973	 25.91494751	 24.22444725	        -312	         314
 0.40000	 31.47873878	 26.14284325	 23.35391617	 30.75674820	 27.01302528	 22.36832428	        -313	         315
 0.40000	 30.26875877	 27.28915787	 21.66447258	 29.34137344	 27.41287041	 20.49210930	        -314	         316
 0.40000	 28.78162193	 27.45421791	 19.78869247	 27.83963394	 27.44728279	 18.62141418	        -315	           0
