0.00008860
0.00014403
0.00014403
0.00005035
0.00004038
0.00020577
0.00020577
0.00012394
0.00022241
0.00022241
0.00027872
0.00027872
0.00021886
0.00019263
0.00020502
0.00020502
0.00025672
0.00025672
0.00061206
0.00089176
0.00091606
0.00109321
0.00127230
0.00127230
0.00089804
0.00035405
0.00018908
0.00018908
0.00015335
0.00015335
0.00013127
0.00037604
0.00037604
0.00032615
0.00008366
0.00008449
0.00014809
0.00036641
0.00036641
0.00016975
0.00016975
0.00016552
0.00018209
0.00040172
0.00040207
0.00040207
0.00044146
0.00044840
0.00044840
0.00026457
0.00029646
0.00037182
0.00050830
0.00050830
0.00041981
0.00041981
0.00028345
0.00028345
0.00014028
0.00014028
0.00020436
0.00020436
0.00029158
0.00029158
0.00024800
0.00021222
0.00011707
0.00018217
0.00018217
0.00004187
0.00018644
0.00018644
0.00030195
0.00030195
0.00017490
0.00016950
0.00016003
0.00020553
0.00020553
0.00020429
0.00032186
0.00048675
0.00048675
0.00026860
0.00015666
0.00014823
0.00018602
0.00018602
0.00021261
0.00021261
0.00021031
0.00021100
0.00021100
0.00005789
0.00024103
0.00024103
0.00019349
0.00019360
0.00024753
0.00028347
0.00028347
0.00016753
0.00013776
0.00013776
0.00020627
0.00033940
0.00033940
0.00026566
0.00016068
0.00027383
0.00027383
0.00017233
0.00017130
0.00017130
0.00021417
0.00029150
0.00029150
0.00028604
0.00028604
0.00043116
0.00062992
0.00094509
0.00094509
0.00073632
0.00056688
0.00031562
0.00031562
0.00028309
0.00040497
0.00040497
0.00031549
0.00031549
0.00020843
0.00041089
0.00066799
0.00066799
0.00051572
0.00018752
0.00035050
0.00058155
0.00071352
0.00096598
0.00096598
0.00067411
0.00037594
0.00052803
0.00052803
0.00051953
0.00048751
0.00048751
0.00037777
0.00052302
0.00079355
0.00079355
0.00049602
0.00034456
0.00051987
0.00081633
0.00081633
0.00057949
0.00028599
0.00027099
0.00032044
0.00032044
0.00035563
0.00035563
0.00025070
0.00025493
0.00044322
0.00045270
0.00045270
0.00044524
0.00052256
0.00052256
0.00036052
0.00036052
0.00028280
0.00028280
0.00015742
0.00031557
0.00051266
0.00051266
0.00038767
0.00046175
0.00046175
0.00044514
0.00033408
0.00040322
0.00042205
0.00083444
0.00110364
0.00110364
0.00072924
0.00033512
0.00021488
0.00026405
0.00036492
0.00036492
0.00048511
0.00048511
0.00038953
0.00038953
0.00034730
0.00020597
0.00020534
0.00042336
0.00064697
0.00064697
0.00026158
0.00034020
0.00034020
0.00030394
0.00039913
0.00039913
0.00030847
0.00025029
0.00037681
0.00037681
0.00022149
0.00043254
0.00023198
0.00037519
0.00038777
0.00038777
0.00032997
0.00034647
0.00040898
0.00048505
0.00048505
0.00026290
0.00037478
0.00070119
0.00070119
0.00042855
0.00042855
0.00012452
0.00022833
0.00027016
0.00027016
0.00013516
0.00039188
0.00039188
0.00030849
0.00022065
0.00024089
0.00033815
0.00033815
0.00025209
0.00025209
0.00023062
0.00042687
0.00042687
0.00044535
0.00044535
0.00019556
0.00025634
0.00025634
0.00028845
0.00034875
0.00035674
0.00035674
0.00023092
0.00017813
0.00032859
0.00032859
0.00010595
0.00038838
0.00050899
0.00050899
0.00036519
0.00039873
0.00082807
0.00082807
0.00045681
0.00045681
0.00072929
0.00072929
0.00033988
0.00037391
0.00037391
0.00041911
0.00057629
0.00057845
0.00057845
0.00046486
0.00074903
0.00074903
0.00056483
0.00022444
0.00018440
0.00049169
0.00058306
0.00058306
0.00044530
0.00026631
0.00029195
0.00029195
0.00078472
0.00078472
0.00041493
0.00041493
0.00061217
0.00061217
0.00011165
0.00050539
0.00072539
0.00072539
0.00062170
0.00062170
0.00064573
0.00064573
0.00059145
0.00059145
0.00035412
0.00043055
0.00043055
