1.49998
2.38359
3.80221
4.67835
6.15354
6.68356
6.09884
6.73090
8.12544
8.82148
8.74519
9.20777
10.27528
11.17350
12.24539
13.11518
14.50729
15.40068
16.87658
17.62070
18.05608
18.27494
18.38993
18.46040
18.34616
18.85875
20.10104
20.77979
21.47774
22.09286
23.05489
23.78944
24.83877
25.45819
26.24537
27.12230
28.35143
29.09164
30.18840
30.88623
32.02788
32.86150
34.23083
34.95420
35.90712
36.50990
37.55057
38.06890
38.68134
39.20085
39.90016
40.76594
41.96590
42.79678
43.40426
43.95989
44.90180
45.17584
44.82446
44.85305
45.02940
45.49421
46.30130
46.87143
47.89752
48.46227
49.12627
49.95980
51.21714
51.41880
50.40825
50.57276
51.78945
52.22747
52.34978
52.50642
52.52771
53.27859
54.60640
55.06264
54.63797
54.97811
56.08658
56.49579
56.49865
56.84785
57.76728
58.33392
59.33182
59.69893
59.68674
60.26906
61.65802
62.33637
63.12909
63.53423
64.02973
64.22187
63.92086
64.61692
65.96510
66.73034
67.58386
68.05034
68.48945
68.77562
69.18170
69.56405
70.27159
70.68112
71.24992
71.84403
72.84611
73.63348
75.01913
75.61842
75.25533
75.22591
75.43924
74.91912
73.43057
73.02860
73.90733
73.56794
72.13998
71.31466
69.86428
69.34161
69.48592
69.42051
69.49608
68.82267
67.41821
66.85475
67.18540
67.09435
66.63977
66.68234
67.01195
67.73934
68.90935
69.59487
70.26859
71.07451
71.94166
72.57420
73.73988
73.93357
73.63481
73.53144
73.50817
73.36983
73.23136
72.78910
72.22368
72.08216
72.17747
72.67662
73.95015
74.61962
75.05150
75.58681
76.87506
77.60279
78.72283
79.34333
80.37178
80.43169
79.50016
78.93137
77.84974
77.28583
76.89537
76.57917
76.31198
75.48637
74.46527
73.72866
72.45711
71.86288
71.49274
71.29860
71.34751
71.43585
71.53833
72.19783
73.10326
73.97452
74.29174
74.82610
75.90211
76.74771
78.06193
78.89732
79.48189
80.09882
80.67817
81.10655
81.77936
82.38536
83.65081
84.20744
84.45460
85.27071
86.32230
86.80792
87.22226
87.02473
86.09594
85.87902
86.20375
86.45608
87.11605
87.35050
87.27050
87.89781
89.39156
90.08367
90.14250
90.55323
91.63095
92.02335
92.15597
92.31767
92.47416
92.22429
91.15463
91.02982
91.73569
92.08229
92.66138
93.03543
93.47891
94.17968
95.40133
96.12132
97.05326
97.00968
95.91663
95.53759
95.23307
95.33583
95.98645
96.47970
97.46443
98.20493
99.56893
100.43037
101.81515
102.57131
102.80809
103.06480
103.56628
103.20036
102.23644
101.50766
100.83024
100.61224
100.54851
101.14289
102.50995
103.29696
104.09868
104.71057
105.95483
105.93924
104.65513
104.15862
103.71208
103.46419
103.17737
102.84856
102.14850
101.49686
100.26930
99.62938
99.46661
99.63015
100.53312
100.83983
101.08896
100.99644
100.42522
100.08298
99.49489
98.99129
97.85797
97.52688
97.62611
97.84662
98.49409
98.74806
98.96267
99.15731
99.64498
99.60125
98.98824
98.68717
98.09168
98.21287
99.06657
99.70048
100.89221
101.43068
101.97525
102.23509
102.49690
102.63567
102.73970
102.97030
103.47299
103.50988
103.13570
102.84569
102.20235
101.79203
101.03797
100.63158
100.00436
100.02483
100.89263
100.65056
99.39539
98.83148
98.23550
97.78430
97.20677
96.33460
95.24342
94.65572
93.93922
93.90452
94.46863
95.18798
96.40969
97.23483
97.68531
98.06352
98.63886
98.97911
99.69847
99.52442
98.35385
97.71058
96.66233
95.86665
94.42974
93.59909
92.81929
92.30568
91.47046
91.33828
91.98211
92.21049
92.19146
92.63045
93.72792
93.55733
92.14487
91.43646
90.44202
89.69520
88.33984
87.69862
87.15377
87.24091
88.01441
88.60343
89.75226
90.54320
91.94057
92.70121
93.51137
93.48681
92.53743
92.05971
91.30269
90.89237
90.51140
90.40307
90.47806
90.55988
90.77976
90.99147
91.46883
91.76666
91.89581
92.45943
93.59746
93.77559
93.14313
92.36588
90.89802
90.05357
88.97019
88.07923
86.72576
85.95018
84.68959
84.57991
85.63368
86.22162
87.26865
87.87432
88.52690
89.30387
90.48057
90.50279
89.17977
89.05854
90.10853
90.75384
92.04195
92.82439
93.96348
94.82856
95.27532
94.79792
93.41341
92.69251
91.64916
91.56541
92.29487
93.13108
94.51619
95.38941
96.86967
97.54888
97.85611
98.40095
99.43742
99.53774
98.70230
97.99591
96.61033
95.79557
94.39749
94.25469
94.83638
95.32368
96.52475
97.40646
98.49122
99.33281
100.82753
101.72015
103.17841
103.73169
103.18875
103.07730
103.11160
102.67121
101.35896
100.80828
100.35370
100.07527
99.61323
99.61020
99.84122
100.63061
101.95738
102.82258
104.06927
104.82965
106.03085
106.86087
108.20873
109.07041
110.48777
111.26593
111.38256
111.59526
111.76310
111.61599
111.10023
110.44114
109.28786
108.42265
107.82075
107.61136
108.03198
108.19071
108.29977
108.84594
110.17300
110.98796
112.12394
113.01811
113.96683
114.65902
115.55452
115.53799
114.54122
114.22157
114.45086
114.58937
114.74218
114.64225
114.07627
114.10828
114.73709
115.00898
115.54038
115.23839
113.96845
113.32658
112.39765
112.63906
114.05417
114.62384
114.56710
115.05289
116.25760
116.47445
115.58827
115.78956
116.96825
117.72031
119.05155
119.50185
119.49922
119.28856
118.78075
118.11104
116.71038
115.99844
116.00275
116.05595
116.19196
116.99116
118.32709
118.78963
118.34929
118.67714
119.86418
120.39115
120.93261
121.53765
122.75108
123.64181
124.78296
125.61742
127.05736
127.92500
129.30027
130.06605
130.14609
130.59053
131.78400
131.89266
130.91719
130.42845
129.43499
129.53064
130.61875
131.49490
132.30006
133.07147
134.44406
135.07283
134.59914
134.99079
136.25654
136.93907
137.35652
137.55728
137.57795
137.77878
138.18517
138.23418
137.87495
137.98895
138.54351
139.20759
140.62148
141.40355
142.14795
141.75215
140.32920
139.76798
140.15956
140.20182
140.12326
140.27320
140.68148
141.36602
142.86086
143.44150
143.22047
143.08335
142.94951
142.38688
141.57279
141.27837
141.61389
141.58515
141.27027
141.27624
141.46466
141.90431
142.53415
143.40448
144.65936
145.44722
146.55588
147.43376
148.01699
148.56405
148.90358
149.55252
150.89547
151.73765
153.22403
153.70001
153.21701
153.26680
153.94644
153.44917
152.04170
151.17574
149.76336
148.94435
148.46018
147.87331
146.57127
146.16079
146.16810
146.60084
147.61155
148.12904
148.83002
