1.49995
2.33868
3.56310
4.08486
4.36620
4.84782
5.86036
6.61133
7.88011
8.74978
9.93738
10.63213
11.67388
12.22239
12.84832
13.32134
14.25641
14.56739
14.53274
14.79397
15.46715
15.92656
16.78299
17.33707
18.27512
18.83419
19.53827
19.82021
19.79716
19.89806
20.06295
20.52731
21.56350
22.32105
23.72337
24.49288
25.44668
26.03795
27.00283
27.53235
28.25314
28.91541
30.24387
30.99385
32.22190
32.73190
33.01098
33.47415
34.56033
35.19904
36.29350
36.55185
36.13256
36.00420
35.81617
35.80532
36.11192
36.35698
37.00806
36.78918
37.19136
37.01394
36.35868
36.26960
36.59783
36.80290
37.24131
37.41273
37.50701
37.59829
37.72412
38.03400
38.83597
39.42378
40.19138
40.63809
41.26074
41.68124
42.41331
42.95371
43.97811
44.70576
46.00851
46.90136
48.32878
49.16361
50.48396
51.13493
51.87875
52.13924
52.12257
52.07814
51.97396
51.57196
50.47375
49.89475
48.92214
48.77194
49.31512
49.70136
50.64185
50.83878
50.59034
50.27954
49.72372
49.06505
47.66469
46.80616
45.62855
44.75873
43.42112
42.84383
42.79044
42.70904
42.59380
42.95525
44.07627
44.70757
45.62324
46.21489
47.21311
47.63869
47.94164
48.17083
48.56838
48.75900
48.96766
48.89173
48.35407
48.30554
48.52464
49.07905
50.36273
50.82188
50.99097
50.83463
50.08330
49.62970
48.96842
48.24098
46.89621
46.14014
44.99973
44.39920
43.68473
42.99779
41.92148
41.17368
40.10617
39.53115
38.75760
38.23584
37.51755
36.82065
36.16265
35.60285
34.38649
33.71640
32.82470
32.38245
31.73453
31.90494
32.97703
33.70617
34.93395
35.72387
37.04397
37.86278
38.68695
39.38679
40.70058
41.48497
42.63569
43.38854
44.62663
45.21861
45.91103
46.04857
45.66960
45.70570
46.10439
46.32608
46.50999
47.19603
48.68563
49.54445
50.93196
51.48154
51.48810
52.09712
53.47765
54.30263
55.68027
56.52477
57.91675
58.60544
58.98703
59.49536
60.59736
61.07114
61.42370
61.67208
62.06646
62.33019
62.71137
63.27779
64.56377
65.39337
66.57475
67.22683
67.84392
68.23998
68.83245
69.23569
69.94168
70.41855
71.34302
71.43980
70.77846
70.47094
69.84496
69.98621
70.94818
71.59315
72.89273
73.34901
73.21189
73.38223
73.81794
74.31793
75.23824
75.80798
76.81133
77.25212
77.52991
78.19004
79.63459
80.32597
80.94162
81.59171
82.95839
83.55899
84.07959
84.39519
84.76291
85.28224
86.54651
87.09332
87.55210
87.79078
88.01400
88.26876
88.79398
89.10787
89.65040
89.98390
90.55133
90.93677
91.64243
92.13485
93.07071
93.65720
94.68248
95.20461
95.61350
95.91444
96.43034
96.66683
96.61240
97.12455
98.46933
99.30490
100.75237
101.58292
102.67126
103.22412
103.78103
104.40814
105.56496
106.16694
106.82082
107.26340
108.01079
108.53778
109.53140
110.11097
111.11824
111.50950
111.78877
111.60421
110.77312
110.22587
109.18233
108.57920
107.75534
106.98582
105.73356
105.01478
104.19676
103.60158
102.52043
101.96141
101.30373
100.57684
99.32180
98.50543
97.20385
96.41208
95.11374
94.32744
93.14637
92.28014
90.79156
89.89370
88.43915
87.64127
86.89935
86.84203
87.53795
87.95761
88.77104
89.24003
89.74826
90.13195
90.83574
90.97589
90.81505
90.71114
90.48997
90.24350
89.76917
89.12911
87.79965
87.07341
85.96124
85.77816
86.44351
86.80247
87.56293
87.65282
87.21734
86.75217
85.61758
84.93454
83.80666
82.95870
81.47051
80.57491
79.08339
78.34264
77.86701
77.33690
76.31433
75.49540
74.18002
73.34956
72.10654
71.43546
70.50723
70.18178
70.14612
70.03492
69.70589
69.84932
70.59811
71.01861
71.71766
72.28243
73.41586
74.10548
75.13175
75.70092
76.42504
77.12244
78.09255
78.92640
80.28685
81.16093
82.63870
83.48766
84.48952
85.20391
86.42986
87.21842
88.49344
89.33621
90.79186
91.46227
91.70347
92.04815
92.69421
93.24834
94.33786
95.06442
96.17963
96.87398
97.84377
98.56702
99.95089
100.55518
101.02501
101.37220
101.87629
102.49218
103.84085
104.59678
105.47261
106.11977
107.18519
107.78417
108.39130
108.67407
108.90277
108.47798
107.06990
106.55436
106.47505
106.41773
106.55753
106.27781
105.32283
104.81371
103.99207
103.70584
103.67501
103.41410
102.68438
102.34640
101.94557
101.58278
100.71703
100.61288
101.22742
101.24713
100.79432
100.58153
100.29408
99.95203
99.20304
98.60200
97.77407
97.25094
96.41726
95.89699
95.15467
94.85441
94.49430
94.82298
96.09376
96.75672
97.68693
97.88460
97.52470
97.26371
96.67934
96.21801
95.17981
94.92853
95.26185
95.28453
95.11610
95.12188
95.27060
95.35835
95.57189
95.47777
94.91252
94.78426
94.95327
95.02215
95.02674
95.44305
96.53871
97.14045
98.11354
98.59263
99.21129
99.50195
99.82797
100.00436
100.20182
100.42659
100.89529
101.31000
102.24509
102.63830
103.00788
103.15405
103.37809
102.99146
101.62183
101.23079
101.43410
101.88698
102.99187
103.65190
104.79934
105.35386
105.79197
106.54353
107.96587
108.77689
109.75572
110.45467
111.67716
112.41190
113.65198
114.39343
115.71063
116.07354
115.57604
115.91156
117.23855
117.57132
117.16396
116.98303
116.64081
116.45134
116.15228
115.99624
115.65404
115.90142
116.87641
117.49369
118.61461
119.31532
120.44253
121.12336
122.22359
122.91514
124.05149
124.76500
126.01167
126.70577
127.77210
128.39714
129.45230
129.82029
129.83669
130.06651
130.55560
130.85733
131.34443
131.75078
132.64233
132.83624
132.33561
132.69329
134.02525
134.76164
136.03858
136.46233
136.32934
136.55095
137.32896
137.41725
136.79935
137.04907
138.30629
138.67778
138.71091
138.36030
137.18001
136.60921
135.94907
135.20315
133.73019
132.90116
131.94245
131.33188
130.31854
129.83225
129.24203
128.85424
128.17240
127.77876
127.14513
126.80892
126.36411
125.94409
125.04840
124.36338
122.99720
122.44911
122.43371
121.92028
120.59917
119.87653
118.74899
118.04795
116.85109
116.11799
114.87793
114.10731
112.77340
112.02492
111.03028
110.50708
109.89131
109.43447
108.84992
108.45362
107.69706
107.54753
107.84676
108.03679
108.43373
108.75112
109.36364
109.80179
110.48101
110.31602
109.14108
108.75013
108.76963
108.60124
108.17497
107.80433
106.84845
106.85611
107.73652
108.51752
110.00439
110.76438
111.26651
111.72020
112.51479
112.84793
113.25041
113.11216
112.33801
111.74648
110.81813
110.40393
110.35388
110.15371
109.63140
109.47370
109.57040
109.35896
108.72209
108.10298
106.89499
106.22459
105.47337
105.23651
105.45022
105.10076
103.94063
103.35857
102.41769
102.27089
102.88216
102.88757
102.37142
102.25271
102.47256
102.27484
101.47853
101.17283
101.25768
100.75816
99.36764
98.61764
97.41492
96.89808
96.39129
96.53237
97.48526
97.92039
98.50487
98.87834
99.61873
99.58907
98.80928
98.20274
96.95457
96.28342
95.20538
94.88066
94.87653
95.29629
96.51403
97.05836
97.53477
97.74377
97.87783
97.91160
97.92457
97.69322
96.99959
96.43851
95.22009
94.76831
94.68393
94.57111
94.40596
94.27151
93.99727
93.78993
93.39611
93.05352
92.38317
91.70720
90.35033
89.55259
88.25683
87.43914
86.05065
85.18484
83.71857
82.83036
81.33511
80.55291
79.87562
79.29503
78.28665
77.65189
76.63564
75.79332
74.44348
73.60588
72.19198
71.41404
70.27215
69.72765
69.08855
68.92758
69.16601
69.15597
69.12994
68.57638
67.10395
66.49435
66.28171
66.61821
67.86266
68.61392
69.85368
70.63759
71.81431
72.39393
72.93233
73.63714
75.09720
75.78944
76.21924
76.49175
76.83106
77.01341
77.43882
77.10581
75.79201
75.11091
74.19618
73.36352
71.91181
71.17299
70.75573
70.56907
70.60076
70.67061
70.81485
71.27686
72.48013
73.31024
74.77216
75.62012
76.63466
77.17967
77.94994
78.02795
77.41698
77.28857
77.46879
77.21040
76.42363
75.66152
74.42719
73.66484
72.41370
71.76766
71.14788
71.02778
71.34889
71.68041
72.54778
72.78357
72.58438
72.40104
71.95147
71.70911
71.27592
71.24165
71.50772
71.89435
72.94510
73.34210
73.56459
73.66450
73.70779
73.66137
73.46357
73.34455
73.19130
72.90866
72.15287
71.78503
71.26482
71.03164
70.81732
70.70720
70.57048
70.56135
70.63224
70.86395
71.56597
71.95112
72.66639
72.71136
72.03338
72.00853
72.51345
72.74949
73.05660
73.46691
74.48074
74.85055
75.09813
75.07664
74.58418
74.73963
75.69058
75.97471
75.87810
76.30344
77.62765
77.99328
77.80263
77.26774
75.97206
75.15207
73.90482
73.06408
72.15781
71.89612
72.16390
72.25340
72.39788
72.40043
72.21590
72.24215
72.39099
72.78088
73.72832
74.58949
76.01725
76.72217
77.09846
77.64926
78.80789
79.54144
80.73162
81.44801
82.63313
83.33400
84.48308
85.13289
86.14417
86.68966
87.39654
87.78780
88.33252
88.72181
89.50495
89.51877
88.68783
88.59367
89.12742
89.36080
89.70599
89.83540
89.88600
89.98077
90.32103
90.13557
89.15971
89.02811
89.51927
89.85664
90.58041
91.02185
91.79619
92.24312
92.95857
93.35755
93.88625
94.49589
95.84406
96.66149
98.07473
98.92347
100.31044
101.13274
101.92344
102.33133
102.80875
102.81132
102.35953
101.92478
100.90259
100.32108
99.62215
98.91966
97.45346
96.90251
97.05152
96.62027
95.43050
94.59041
93.63053
92.87957
91.99406
91.15421
89.71312
88.91234
88.07836
87.67698
87.27922
87.44930
88.40699
88.75911
88.89827
89.39749
89.57328
89.71213
90.13446
90.43770
90.90906
91.39722
92.49890
93.08005
93.87161
94.06096
93.76984
93.87815
94.41755
94.73990
95.38252
95.52380
95.37759
95.09168
94.20436
93.95488
94.11101
93.84501
93.08545
92.59488
91.68902
91.27313
90.85505
90.45034
89.49611
89.33647
89.91391
89.75700
88.87874
88.28495
87.15015
86.39077
85.10949
84.30988
82.92855
82.19751
81.47255
80.67490
79.48364
78.59573
77.29255
76.73555
76.43376
76.29347
76.08636
76.48256
77.71525
78.56783
80.04692
80.88484
82.07944
82.94963
84.44043
85.33721
86.83471
87.69645
88.96781
89.75242
90.64804
91.52770
92.82794
93.72298
95.13534
95.96558
96.71628
97.50991
98.66562
99.44704
100.71743
101.50159
102.83514
103.59242
104.72220
105.50329
106.69425
107.31321
108.06745
108.10501
107.35456
107.19467
107.36396
107.40315
107.37185
107.57393
108.30775
108.40195
107.99864
107.74065
107.24718
106.82446
105.91254
105.57318
105.56584
105.15955
104.05496
103.40167
102.39369
101.56802
100.15528
99.30238
98.32839
98.04335
98.27694
98.41386
98.61460
99.06038
100.19903
100.87625
101.91683
102.79950
104.20836
104.84084
105.21815
105.20434
104.58283
104.62150
105.25524
105.64780
106.43192
106.76924
107.13562
107.27694
107.40495
107.23575
106.47819
106.35362
106.66966
106.90830
107.54205
107.58426
107.08166
106.92552
106.80833
106.78414
106.72372
107.11615
108.31432
108.97428
110.01059
110.65128
111.67846
112.50103
113.99142
114.64863
114.68636
115.34629
116.80983
117.67914
119.08546
119.98399
121.37792
122.20111
123.54491
124.21431
124.94966
125.52857
126.24629
126.74703
127.62833
128.15224
128.87673
129.67354
131.04076
131.88152
133.25564
134.11711
135.35469
136.04943
136.97725
137.69091
138.86920
139.28684
139.21232
139.02234
138.38582
137.86483
136.67493
136.37738
136.76712
136.62669
135.99113
135.41035
134.14519
133.38956
132.09705
131.32855
130.09962
129.24847
127.92047
127.12131
125.97778
125.25219
124.14602
123.47132
122.25753
121.98712
122.50265
122.69761
123.00058
123.18569
123.56410
123.49124
122.88720
122.55598
122.19161
121.70846
120.71268
120.30124
119.87003
119.98374
120.77019
121.12015
121.74230
121.54989
120.46788
119.71425
118.31607
117.51878
116.24854
115.71141
115.39012
115.31568
115.41600
115.75473
116.69532
117.10370
117.48690
117.58156
117.52445
117.06853
115.75452
115.04560
113.98991
113.34599
112.33413
111.59519
110.38396
109.63957
108.52679
107.83513
106.61980
106.12818
105.86811
105.86949
106.25614
106.38409
106.38654
106.55731
107.04717
107.37845
107.83352
107.77851
107.02736
107.02134
107.74302
107.85286
107.70656
107.19385
105.88797
105.18060
104.15927
103.64598
102.97069
102.78937
102.99835
103.09575
103.30357
103.35380
103.35755
103.20011
102.75328
102.26738
101.18649
100.64829
100.03379
99.46099
98.35386
97.77448
97.02952
96.38811
95.10156
94.31631
92.96036
92.15984
90.85622
90.11802
89.25049
88.70219
87.79997
87.31978
86.74451
86.32333
85.55214
85.25109
85.07565
84.87915
84.35186
84.46246
85.30693
85.72673
86.29030
86.91087
88.25867
88.85666
89.40500
89.65250
89.67803
89.85899
90.36668
90.52312
90.58366
90.60644
90.63601
90.49752
90.32190
90.38754
90.01734
90.02473
90.34407
90.80910
91.89245
92.35913
92.83750
93.07947
93.37193
93.46770
93.40604
93.60976
94.32843
94.65632
94.85969
95.16282
95.82452
96.11062
96.27083
96.26030
96.07706
95.66430
94.47223
94.17449
94.55616
94.40612
93.74521
93.21385
92.20191
91.66232
91.22363
90.64264
90.11388
89.45011
88.01833
87.17706
86.15937
85.51861
84.50587
83.82297
82.63709
81.90477
80.94311
80.62853
80.88181
80.77792
80.35224
80.05773
79.55604
79.04872
78.03090
77.60552
77.42946
76.96199
75.94774
75.15055
73.76974
72.93558
71.57803
70.68578
69.22698
68.33781
66.85752
65.96384
64.51840
63.92693
63.69207
63.96485
65.10313
65.74314
66.90626
67.26110
66.99930
67.29358
68.33275
68.50936
68.12999
67.61935
66.46938
65.99224
65.67936
65.38933
65.02198
64.70041
64.04426
63.69316
63.21780
63.10054
63.09369
63.50889
64.66829
65.47579
66.86179
67.68247
68.94939
69.65326
70.70100
71.32825
72.33908
72.95268
73.82853
74.29167
74.77951
75.47570
76.79827
77.43703
78.05549
78.01303
77.16064
76.90076
76.72458
76.85270
77.45624
77.85874
78.62640
79.15114
80.19067
80.46365
80.21593
80.17660
80.21151
80.14200
79.90939
79.79050
79.60591
79.50474
79.22340
79.53060
80.57991
81.15300
82.07305
82.63037
83.53136
84.17438
85.35265
86.05750
87.23294
87.61756
87.65236
87.28723
86.13529
85.74676
85.66485
85.62296
85.53289
85.95126
87.20694
88.02574
89.48724
90.38454
91.85534
92.73292
94.08908
94.92407
96.33222
97.09806
98.19962
98.83503
99.76800
100.50240
101.95250
102.51033
102.69423
102.35348
101.11024
100.50625
99.67732
99.14219
98.27214
97.59688
96.39873
95.55594
94.08595
93.43576
93.13959
92.89160
92.53231
92.24849
91.61905
91.62915
92.25684
92.63314
93.19519
93.55972
94.15347
94.58057
95.32937
95.87657
96.68119
96.77921
96.20449
95.90674
95.43176
95.10577
94.74944
94.47661
93.98640
93.73277
93.52109
92.93222
91.49889
90.75225
89.80396
89.00320
87.65864
86.84410
85.53044
84.71588
83.56030
82.72243
81.36253
80.47773
79.39688
78.83969
78.21935
77.94652
77.75889
77.60156
77.23996
77.66111
79.06330
79.86399
81.17543
81.91703
82.52315
82.99949
83.77474
84.31055
85.35589
85.72992
85.82033
86.13975
87.02470
87.39756
87.65870
88.14201
88.99715
89.75634
91.07938
91.84231
93.05679
93.66123
94.33929
94.62404
94.72727
95.06723
95.94610
96.59609
97.58941
98.42517
99.89882
100.71083
101.57980
102.09323
102.70854
103.19566
103.65740
104.40313
105.88135
106.68717
107.38150
107.77007
108.15669
108.57742
109.52638
110.06540
110.99235
111.37261
111.54701
112.09781
113.46697
114.22290
115.30575
115.92403
116.93150
117.22153
117.09576
116.94964
116.66138
116.07050
114.82837
114.00237
112.91355
112.44567
112.31226
112.09390
111.51817
111.55851
112.15192
112.73799
114.00445
114.78438
116.14066
116.93649
118.18841
118.90172
119.93230
120.74690
122.19966
123.04490
124.34588
125.08907
125.52512
126.24620
127.62738
128.16851
128.24654
128.43298
128.73888
128.89944
129.06408
129.17212
129.35139
129.27160
128.91727
128.64729
128.42478
128.32634
128.22206
128.00349
127.34669
126.97389
126.44249
126.12092
125.60784
125.15519
124.20853
123.80519
123.61837
123.31704
122.53003
122.34303
122.62020
122.33905
121.27213
120.75004
120.06667
119.66615
119.35938
118.99341
118.33404
117.90696
117.19127
116.60348
115.40718
114.77726
113.84054
113.43588
113.20464
113.05400
112.85434
112.67181
112.26453
112.09456
112.22575
112.19186
111.53875
111.25939
110.78766
110.20735
109.12715
108.24669
107.10267
106.41470
105.50263
104.85590
103.77755
103.41110
103.24953
103.70447
105.08977
105.70309
106.07140
106.36119
106.88645
106.94333
106.71076
106.21624
104.94817
104.28820
103.75117
103.49021
103.31239
103.59361
104.57641
105.17810
106.26893
106.82980
107.39199
107.93970
109.06530
109.80059
111.17608
111.34562
111.56635
112.20609
113.34804
114.16009
115.62053
116.49620
117.94316
118.80061
119.94566
120.38290
120.29786
120.79105
122.10179
122.79172
123.71759
124.40673
125.66646
126.35493
127.09026
127.57739
128.47042
128.64006
128.20780
128.04469
127.82989
127.65908
127.31933
127.22234
127.24173
127.24621
127.34372
127.09443
126.25382
125.66508
124.60180
123.78350
122.72624
122.21734
121.74420
121.46236
121.02552
120.81366
120.56822
120.34617
119.92968
119.67634
119.09540
119.28519
120.28810
121.11284
122.43996
123.25045
124.57718
125.23696
126.04122
126.41970
126.84838
126.85009
126.39188
126.13258
125.70551
125.26355
124.31939
123.55885
122.12070
121.38315
120.77634
120.39076
119.87238
119.49802
118.87767
118.40493
117.43856
116.97315
116.47047
115.89895
114.72435
114.09554
113.40148
112.74733
111.38752
110.75451
110.29721
109.57935
108.11947
107.41496
106.84594
106.65297
106.72324
106.73578
106.59889
107.05320
108.36187
109.09305
110.20858
111.02459
112.27699
112.80147
112.96193
113.58442
115.00727
115.74323
116.63942
117.04862
117.41770
117.68566
118.14736
118.44041
118.86079
119.16236
119.55479
119.81516
120.26442
120.52189
120.93080
121.20265
121.69088
121.94434
122.25066
122.54592
123.04322
123.78162
125.24697
126.10760
127.33136
128.11979
129.38148
130.15434
131.26399
132.04652
133.45274
134.12173
134.63244
134.77680
134.54638
134.50003
134.58458
134.26420
133.17986
132.72785
132.28930
131.96854
131.39182
131.07327
130.84832
130.34580
129.05810
128.51760
128.02630
128.13648
129.01933
129.41235
130.50164
131.27161
132.16487
132.79869
133.93044
134.47341
135.10213
135.32403
135.46535
135.19032
134.21956
133.49245
132.04910
131.38955
130.82805
130.48423
129.94142
129.83388
130.16847
129.89424
128.84663
128.14363
126.74850
126.29122
126.46522
126.49448
126.63742
126.50620
125.94780
125.90107
126.28264
126.37901
126.38051
126.43877
126.62253
126.59429
126.32901
126.26500
126.26676
126.34458
126.49597
126.99630
128.32704
129.08686
130.31410
131.05932
131.90783
132.41826
133.05042
133.61460
134.81341
135.28783
135.57895
135.85776
136.50719
136.55999
136.22280
135.60595
134.15167
133.34507
132.43731
131.64344
130.25122
129.40394
128.37184
128.22050
128.91940
129.46826
130.63982
131.46349
132.88411
133.72071
134.56821
135.30992
136.74571
137.43252
138.15704
138.62058
139.37850
139.89493
140.83683
141.41740
142.32742
142.72033
142.88885
143.54462
145.03129
145.90844
147.22686
147.89327
148.42326
148.93417
149.94560
150.55518
151.46896
152.21074
153.29344
153.83668
154.36399
154.98157
156.09594
156.67445
157.43021
157.84024
158.30340
158.90103
160.01026
160.65947
161.69321
162.29919
163.21741
163.81542
164.84094
165.48698
166.46693
167.06374
168.15474
168.33675
167.69614
167.49256
167.40260
167.00614
165.94976
165.13912
163.71652
162.88022
161.85322
161.62581
162.06060
162.48836
163.52543
164.19038
165.30507
166.09822
167.03929
167.72991
168.90944
169.78683
171.22959
172.11205
173.53039
174.17041
174.35446
174.66235
175.23189
175.83515
176.88639
177.59561
178.81565
179.63216
181.00539
181.87943
183.14773
183.93174
185.29495
185.81953
186.14479
185.78531
184.50833
183.61025
182.42482
181.65402
180.40357
179.61554
178.62609
177.99838
177.05029
176.58018
175.98187
175.74528
175.48728
175.80197
176.92681
177.67908
178.96536
179.71398
180.67725
181.11437
181.17445
181.59916
182.70966
183.35453
184.15081
184.33662
183.92609
183.99606
184.50106
184.80204
185.41304
185.47052
185.04881
184.83769
184.37209
184.62040
185.74436
186.27411
186.95968
187.34476
187.92878
