0.00027083
0.00043902
0.00043902
0.00035470
0.00051498
0.00105723
0.00180863
0.00216295
0.00216295
0.00196359
0.00137848
0.00062298
0.00034762
0.00023007
0.00011121
0.00011823
0.00032549
0.00098489
0.00133285
0.00133285
0.00125948
0.00107069
0.00096727
0.00115308
0.00209208
0.00281451
0.00324613
0.00348176
0.00348176
0.00345005
0.00281413
0.00189843
0.00117920
0.00059570
0.00021983
0.00053026
0.00069136
0.00073263
0.00083980
0.00083980
0.00076990
0.00078367
0.00097913
0.00115692
0.00115692
0.00089558
0.00058757
0.00102392
0.00138784
0.00200329
0.00206970
0.00206970
0.00168603
0.00095096
0.00048457
0.00044514
0.00067368
0.00097863
0.00143483
0.00183614
0.00200111
0.00200111
0.00192577
0.00144489
0.00057291
0.00037162
0.00017008
0.00016430
0.00028473
0.00036224
0.00044688
0.00093975
0.00144534
0.00144534
0.00131069
0.00083990
0.00066928
0.00036861
0.00053292
0.00053292
0.00035948
0.00040276
0.00054467
0.00055742
0.00096887
0.00104218
0.00104218
0.00081718
0.00054849
0.00029681
0.00029912
0.00029912
0.00023045
0.00031918
0.00034036
0.00034036
0.00021691
0.00022744
0.00022744
0.00017973
