1.49991
2.39668
3.88226
4.77206
6.24307
7.14268
8.62453
9.36614
9.93156
10.38563
11.02254
11.37568
11.79546
12.14583
12.81630
13.27106
14.09371
14.64394
15.59372
16.16332
17.20002
17.40917
17.04781
16.60533
15.43700
14.81914
14.09398
13.27669
11.82546
11.22402
11.35437
10.94132
9.84337
9.15645
8.53803
8.20919
7.87965
7.78889
7.84153
7.93491
8.17864
8.41588
9.01103
9.10320
8.77721
8.75379
8.81028
9.27157
10.44524
11.18777
12.48344
13.33600
14.81798
15.71090
17.16217
18.05083
19.53238
20.42543
21.92236
22.81757
24.31385
25.15265
26.31347
26.98934
27.93860
28.76094
30.20089
30.97769
31.54009
32.35489
33.77976
34.64772
36.07381
36.94148
38.30418
39.09868
40.19216
40.88385
41.94926
42.81876
44.27710
45.15093
46.59059
47.27579
47.82544
48.30814
49.19128
49.76057
50.75519
51.35311
52.46081
52.68216
52.12354
52.12075
52.52282
52.79537
53.39169
53.52335
53.37252
53.25741
52.94292
52.87926
52.93911
53.09707
53.67265
53.66790
53.18820
52.60885
51.27627
50.71523
50.31729
50.45205
51.31458
51.89471
53.00484
53.63362
54.49893
54.86979
55.15523
55.43916
55.97496
56.51317
57.70208
58.40823
59.60206
60.34176
61.54428
62.36141
63.30251
63.91014
64.98157
65.19128
64.66231
64.43216
64.31672
63.77752
62.46303
61.84694
61.20562
60.68169
59.53651
59.36250
59.99774
60.49678
61.58690
62.22557
63.29631
63.94383
64.96555
65.76775
67.12497
67.94568
69.23248
70.09034
71.01075
71.54900
72.21835
72.60782
73.26553
73.38865
72.96388
73.28145
74.50839
75.15952
76.05326
76.67811
77.77631
78.48564
79.35999
79.88908
80.70060
81.17813
81.85322
82.55291
83.95075
84.82585
86.30370
87.12206
87.87497
88.51334
89.65862
90.39488
91.74419
92.09740
91.69571
91.29081
90.30596
89.97252
89.92250
89.65843
88.89612
88.57574
88.33459
88.13374
87.92620
87.68193
87.13482
86.78914
86.27143
