0.00007873
0.00009902
0.00009902
0.00004663
0.00007718
0.00055857
0.00055857
0.00003731
0.00005011
0.00006600
0.00058108
0.00058108
0.00000000
0.00000000
0.00005591
0.00002216
0.00004862
0.00004862
0.00005045
0.00000388
0.00014799
0.00253921
0.00253921
0.00000000
0.00011658
0.00016027
0.00012516
0.00179463
0.00179463
0.00015202
0.00131610
0.00131610
0.00007901
0.00005628
0.00005407
0.00007253
0.00007253
0.00000000
0.00000000
0.00000000
0.00038641
0.00000000
0.00397064
0.00397064
0.00000000
0.00006595
0.00014677
0.00014677
0.00005759
0.00005077
0.00005077
0.00003267
0.00002906
0.00003515
0.00003515
0.00024096
0.00024096
0.00001334
0.00007618
0.00001377
0.00000000
0.00005996
0.00181067
0.00181067
0.00013739
0.00262621
0.00262621
0.00012226
0.00208875
0.00208875
0.00029523
0.00094851
0.00094851
0.00207963
0.00207963
0.00049812
0.00049812
0.00000000
0.00002580
0.00001798
0.00031143
0.00031143
0.00002839
0.00005537
0.00005537
0.00008261
0.00010571
0.00010571
0.00097741
0.00097741
0.00200689
0.00200689
0.00005520
0.00002941
0.00005350
0.00003702
0.00007038
0.00001849
0.00007038
0.00000000
