0.00061505
0.00102074
0.00135518
0.00168425
0.00199763
0.00206510
0.00222157
0.00222157
0.00242461
0.00257592
0.00278224
0.00312105
0.00340591
0.00340713
0.00340713
0.00312278
0.00280148
0.00239233
0.00273637
0.00276104
0.00276104
0.00263301
0.00263301
0.00262133
0.00216994
0.00202655
0.00186309
0.00191771
0.00250515
0.00324614
0.00365994
0.00365994
0.00362572
0.00328860
0.00262690
0.00230998
0.00255224
0.00255224
0.00279962
0.00296551
0.00296551
0.00278731
0.00272684
0.00302785
0.00322186
0.00326951
0.00326951
0.00306784
0.00287262
0.00244276
0.00207836
0.00238585
0.00238585
0.00252386
0.00280907
0.00306893
0.00315037
0.00315037
0.00290215
0.00287955
0.00287955
0.00298900
0.00298900
0.00298813
0.00276590
0.00219796
0.00194995
0.00233282
0.00245501
0.00278281
0.00288097
0.00288097
0.00333091
0.00333091
0.00331969
0.00291624
0.00245737
0.00251695
0.00251695
0.00259563
0.00259563
0.00299270
0.00322587
0.00322587
0.00316629
0.00315879
0.00311412
0.00314324
0.00314324
0.00289165
0.00280790
0.00290147
0.00297474
0.00297474
0.00269298
0.00229987
0.00179566
0.00144936
0.00094183
0.00041998
