0.00007760
0.00013653
0.00022767
0.00033816
0.00041108
0.00041108
0.00036013
0.00021709
0.00005974
0.00008536
0.00014094
0.00014094
0.00011011
0.00008475
0.00008718
0.00016810
0.00016810
0.00016425
0.00019981
0.00019981
0.00021207
0.00021478
0.00021478
0.00011421
0.00009694
0.00011546
0.00011546
0.00005052
0.00005052
0.00004236
0.00007467
0.00011437
0.00011437
0.00008518
0.00006237
0.00006237
0.00005573
0.00009063
0.00010561
0.00010561
0.00008013
0.00005615
0.00010241
0.00010241
0.00006254
0.00006254
0.00009071
0.00009071
0.00009559
0.00012072
0.00012072
0.00009479
0.00009479
0.00005496
0.00006793
0.00006793
0.00011230
0.00011230
0.00011174
0.00007568
0.00008867
0.00010394
0.00010394
0.00005062
0.00005062
0.00004069
0.00014716
0.00014716
0.00009184
0.00011380
0.00011380
0.00007036
0.00014102
0.00014102
0.00005440
0.00013514
0.00013514
0.00019319
0.00019319
0.00008836
0.00025296
0.00036685
0.00052755
0.00052755
0.00049262
0.00031577
0.00011598
0.00012013
0.00012013
0.00011822
0.00017382
0.00026402
0.00026402
0.00018608
0.00014703
0.00014703
0.00012983
0.00012983
0.00009259
0.00009259
