1.50002
1.96539
1.80365
2.37145
3.59860
3.62650
2.39246
2.00907
3.08865
3.85682
5.26804
6.13668
7.60210
7.75921
6.34432
5.63696
6.12196
6.59921
7.45984
8.29750
9.00392
9.67769
10.81938
11.52979
12.76320
13.30187
13.44840
13.75452
13.95096
13.15501
12.86622
13.14472
13.53366
12.71920
12.31113
12.00104
11.95299
11.89690
11.95372
12.27202
12.74592
13.17365
13.87711
14.20704
14.51355
15.03833
16.37483
16.58985
15.92003
15.30202
15.24719
15.31477
13.85420
13.85582
15.30545
15.90804
16.15311
16.32424
16.49520
16.14665
14.73390
13.90018
14.69863
15.54606
16.88993
17.75289
19.03980
19.01520
17.62612
17.78409
19.25398
20.04201
20.85299
21.62868
20.84269
21.03526
22.01522
22.27960
21.46458
21.54506
22.51792
22.81943
22.90779
22.70520
22.24728
21.74269
21.63034
21.80253
22.87490
23.62687
23.64508
23.74057
24.41604
24.71450
24.99882
24.70309
23.62294
22.76993
21.78925
20.99691
21.27166
20.57714
19.15352
18.70741
19.47344
19.73270
19.98539
20.37074
21.06195
21.94651
23.04460
23.92320
25.12175
25.85918
27.10722
27.99402
29.13151
28.66429
27.50098
27.43194
28.38136
29.09614
30.12618
30.75470
31.91376
32.15106
31.26294
31.46109
32.71204
32.43575
31.02229
30.42968
30.53320
29.69631
28.86448
28.13896
26.82765
26.32395
26.13135
26.35013
27.19275
27.72906
28.67962
29.46251
28.57886
28.92698
30.32668
30.51779
29.74632
29.26972
28.66977
27.96146
26.68608
25.88316
24.51113
23.77344
23.05577
22.31369
21.66559
21.27868
20.86127
20.65182
20.35268
20.42619
20.93349
21.35173
22.28796
22.59863
22.36858
22.46659
22.91904
22.98579
22.74382
22.84810
23.51735
23.23486
22.08721
21.94684
21.42901
20.85326
20.98004
21.69875
21.41441
20.85154
20.18031
20.69487
21.39773
21.46395
20.39501
20.03856
19.92008
20.42305
21.68334
21.47722
20.73561
19.95526
20.66706
20.88796
20.07041
19.61394
20.00011
19.78422
19.08511
18.87208
18.98276
19.02714
19.10660
19.35076
20.02627
20.42847
21.19025
20.55821
19.42320
18.52963
17.26612
16.58011
16.08351
16.19153
16.94352
17.81917
18.72498
18.34197
17.01749
16.69357
15.90881
15.56930
16.19364
16.83230
17.58676
17.67173
18.14682
19.02756
18.75843
18.81041
19.23986
19.32167
18.05770
17.43710
17.56863
18.37966
18.71971
18.97111
20.40554
21.04720
20.90845
21.79032
22.52395
23.22000
22.51585
21.89438
21.40068
21.46933
22.23177
22.59068
23.04006
23.40897
24.12079
24.59010
24.82711
24.43567
23.27334
22.74462
23.22403
23.93018
24.70584
25.41887
25.95275
26.02051
26.58715
26.77223
26.71690
26.82581
27.15911
27.68843
28.56277
29.00710
28.71144
29.37938
30.28811
30.23936
29.64209
29.14834
29.70364
30.60366
31.97527
32.09727
31.49736
32.31678
32.95593
32.64485
31.73542
30.95612
31.87018
32.11625
33.58013
34.27308
34.86224
34.08349
33.46489
33.56671
33.97733
34.56497
36.03009
36.26547
35.47624
35.03817
35.89098
35.45507
34.72983
34.38227
33.09499
32.37818
30.89393
30.65727
31.92346
31.60200
30.27562
29.49963
28.20356
27.38511
26.42432
26.80343
28.27753
28.90717
29.08946
28.18252
28.01251
28.47253
29.38645
30.05166
30.37047
31.18053
31.39812
31.62071
30.61093
30.00816
30.36188
31.24488
30.88111
30.50266
29.68888
29.93412
30.88735
30.90942
30.21162
30.20364
30.58888
31.02516
30.61365
31.50316
32.25444
32.89076
32.87336
32.30151
32.26267
32.48575
32.20253
32.70524
33.16036
33.20755
32.54985
32.70442
33.72660
33.81049
33.04014
32.61192
31.85765
32.06122
32.77922
33.43467
34.79621
35.65700
37.13192
37.91924
38.90400
39.64974
40.84852
40.39961
39.23501
38.62442
39.76185
40.47898
41.73461
42.34166
42.36416
42.62649
42.72281
43.61394
43.89215
44.69843
45.44080
45.77932
44.97614
44.58116
44.02142
43.21088
41.91875
41.13777
40.92427
40.70046
40.95613
40.96135
40.83065
40.83121
41.10858
40.68370
40.48166
39.92074
38.78348
38.30859
39.04874
38.72064
37.64852
37.14931
36.72220
36.81570
37.11408
37.93260
38.86188
38.97694
37.92174
38.47909
39.46838
39.40574
38.44522
37.60804
36.22112
35.71815
36.22809
36.13076
35.30695
35.60732
36.99267
37.88167
39.14081
39.91383
40.66159
41.24639
42.30928
42.93581
43.97800
44.54948
45.30153
45.98735
47.02208
47.68095
48.28853
48.62268
50.02751
50.34111
48.93393
48.10793
46.62499
46.36985
47.63448
47.77691
46.85541
47.05932
48.29206
49.10996
50.13882
50.57669
51.98677
52.37752
50.99192
50.33971
49.92025
50.24331
51.25647
51.83196
51.77035
51.01451
51.22986
51.19284
50.72344
50.15928
48.87160
49.23839
50.61133
51.39246
51.89105
51.71575
50.66133
51.29841
52.67941
53.30451
53.89612
54.00373
53.94729
54.35996
55.83912
56.25754
55.25221
54.68043
54.95722
55.20011
54.59382
54.31350
53.41998
52.88409
53.61850
53.88121
52.44671
51.89877
51.80822
51.18641
50.14878
50.77632
51.74055
52.02527
52.74717
52.95448
52.63241
52.73283
52.64886
52.85871
53.86797
53.88815
52.64410
52.49412
53.28041
53.56150
53.04034
53.63740
54.91550
55.77129
57.02976
56.91650
55.66090
55.16269
55.42596
56.07105
55.50407
54.85579
55.67555
56.44153
57.35856
57.60316
56.81987
56.12007
56.34906
56.84786
58.12787
58.12443
56.95462
56.71450
57.55416
57.49777
56.66434
56.59948
57.24625
57.68184
58.59363
58.88508
58.99990
58.62205
58.30181
58.09928
58.06667
58.46908
58.77789
58.86334
59.39697
58.91439
58.39982
58.00133
57.59610
57.19245
56.54858
56.23422
55.94950
55.40338
54.00772
53.42225
52.85972
53.19897
54.55575
55.40328
56.43869
57.00716
56.57173
56.88323
57.97587
58.56420
59.19176
59.75649
59.70466
60.34042
61.00555
61.31761
60.47058
59.78698
58.38015
57.49480
56.01609
55.26716
53.86172
54.02687
55.21612
54.97898
53.61764
52.93909
52.43773
52.84362
54.22083
54.70361
54.09091
54.13779
55.53118
56.14571
55.29067
55.86035
56.86234
56.74009
55.62250
55.40818
55.60889
56.50456
56.60662
56.73725
56.41345
56.09193
56.03775
56.14585
56.58332
56.86819
57.11470
57.88552
58.02434
58.88476
60.04326
