0.00001183
0.00012367
0.00012367
0.00009459
0.00009459
0.00008470
0.00010129
0.00026412
0.00058996
0.00074118
0.00074118
0.00048666
0.00016045
0.00009949
0.00006869
0.00008544
0.00008544
0.00013144
0.00038342
0.00048339
0.00048339
0.00035024
0.00015523
0.00004838
0.00006963
0.00011159
0.00045894
0.00096943
0.00123561
0.00126332
0.00126332
0.00083162
0.00024839
0.00008434
0.00032324
0.00046768
0.00054457
0.00054457
0.00034498
0.00009816
0.00012015
0.00044151
0.00075602
0.00075602
0.00072100
0.00039185
0.00029849
0.00029843
0.00029843
0.00021253
0.00017721
0.00020919
0.00020919
0.00013792
0.00013792
0.00013388
0.00017611
0.00023345
0.00023345
0.00010432
0.00011689
0.00026672
0.00026672
0.00016254
0.00010157
0.00010157
0.00010304
0.00010304
0.00009898
0.00010615
0.00010615
0.00009609
0.00006119
0.00018661
0.00018661
0.00018628
0.00018628
0.00011694
0.00011694
0.00013803
0.00014086
0.00014086
0.00015520
0.00015520
0.00015456
0.00046929
0.00082948
0.00123452
0.00123452
0.00114187
0.00066234
0.00018766
0.00014952
0.00006647
0.00009527
0.00009527
0.00016450
0.00016450
0.00016573
0.00016573
