1.49999
2.39436
3.81742
4.47543
4.37164
4.69339
5.41046
6.25602
7.61371
8.19167
7.61343
8.05178
9.44522
10.28121
11.48980
11.65930
10.75327
10.29232
10.30034
9.78138
9.07370
9.09320
9.57404
9.67421
9.14858
9.89712
10.73699
11.42975
12.58455
13.40800
14.74111
15.55826
16.29097
17.03089
18.45003
19.30595
20.71524
21.22107
20.47099
20.61105
21.66081
21.45589
20.18779
20.16657
21.36587
22.08664
22.23377
22.08372
20.96228
21.23952
22.72278
23.38095
22.59228
22.98194
24.23985
25.13633
26.53512
27.37939
28.65689
29.52795
31.01743
31.77834
32.23869
32.71924
32.92600
33.36349
34.29450
34.79298
35.20557
35.67981
36.57066
37.39496
38.86983
39.32953
38.44450
39.13967
40.13602
40.90776
42.28179
43.08783
44.52246
45.29300
46.39528
46.06077
44.59230
43.71768
42.24873
41.54396
41.11418
41.05836
41.18436
41.86644
42.22614
42.49746
42.35993
42.38001
42.48554
42.49500
42.24365
42.60794
43.69353
44.58953
45.49423
46.25445
45.75611
45.59666
45.30977
44.71703
43.25570
42.59974
42.04052
41.97618
42.28246
42.93673
43.72269
44.28573
44.83704
44.93595
44.58458
44.61397
45.01072
45.00568
44.43662
44.86724
45.63436
45.54037
44.54674
43.66135
42.53925
42.18614
42.83675
43.26395
44.13087
44.89664
45.99544
46.69035
47.05161
47.07740
46.36310
46.93169
48.22797
49.05834
50.44736
51.26263
52.55736
53.34596
54.46404
55.16127
56.33912
56.97944
57.98754
58.03960
56.76096
56.21353
55.93548
55.15720
54.18491
53.65318
53.02004
52.57573
51.93336
52.21232
52.60445
52.97015
52.65670
53.27468
54.23101
54.07858
52.83726
52.63290
52.36562
51.53317
50.89658
50.82925
51.43573
52.22871
52.91522
53.71804
53.92058
54.57928
55.87993
56.72997
58.04606
58.80099
58.79613
59.44096
60.84934
61.30656
61.34066
61.54497
61.86657
62.18121
62.67810
62.55836
61.84135
60.96300
61.37852
61.48604
61.92533
61.29808
60.12683
59.52216
59.20727
59.31992
59.17631
58.91172
59.89861
60.64909
61.78162
62.21522
63.07250
63.64187
63.36941
62.82664
61.54607
60.90191
60.40475
59.75284
58.38776
58.49173
59.84766
60.61844
62.06283
62.66029
61.74676
61.34942
61.68405
61.83934
61.88829
62.73236
63.65126
63.90376
63.17656
63.83599
65.13598
66.01618
67.42438
68.10518
68.15056
67.87006
66.85316
66.24100
65.06245
64.39844
63.83286
63.30422
62.53120
61.80397
61.08101
60.74639
60.56569
59.73684
58.30244
58.19111
58.75242
59.13605
59.64512
60.22470
61.22837
61.78291
61.67165
61.65860
61.43041
61.59282
62.12398
62.33183
62.24058
62.96994
64.10040
64.75321
64.09139
64.16376
64.72041
65.15110
66.30746
65.88209
64.47136
63.80798
63.79485
63.90039
64.42477
64.83784
65.69731
66.26457
67.25570
68.04295
69.54184
70.06234
69.79315
69.09053
67.80654
67.15712
67.17970
66.79885
66.08874
65.90194
66.53157
66.76535
67.10462
66.99498
66.53078
65.81425
64.58003
64.06579
63.61395
64.08477
65.58352
66.06788
65.04332
64.41825
63.80562
63.40277
62.86368
63.16486
64.43235
65.21850
66.64308
67.29616
68.03295
67.72583
66.36275
65.81940
65.36230
65.12836
66.09465
66.78593
66.63950
66.46454
66.44074
65.93819
66.10063
65.72701
66.17947
66.69607
66.79780
67.25888
67.66211
68.04977
68.95906
68.83631
67.54417
67.73815
69.18238
69.43765
68.23272
68.00616
68.64546
68.28296
66.87966
66.07451
65.12835
64.43710
64.91153
65.00917
65.42614
64.73457
63.57017
62.88880
61.74398
62.39149
63.83398
63.94365
62.66232
61.94107
62.49291
62.17621
61.81129
60.99712
59.99446
59.23429
58.55294
57.79093
56.30362
55.47029
54.48192
53.91405
53.13730
52.57823
51.67365
50.89711
49.58534
48.79432
47.48726
46.91262
46.61403
46.27331
45.80678
44.96104
43.73948
43.34613
43.70439
44.29617
45.30388
45.93140
46.95970
47.50877
48.30890
48.55294
47.98145
47.37439
46.59006
46.00443
44.95923
44.80680
45.47190
45.87415
46.65666
47.25894
48.41266
49.21486
50.61974
51.29265
51.94731
52.40758
53.32279
53.34521
52.66969
51.81051
51.32366
51.74862
52.72622
53.51459
54.62982
55.45785
55.65704
55.54536
54.77346
54.52093
54.91393
54.87469
54.47586
54.38950
54.69665
54.10494
52.63776
52.60495
54.07120
54.66945
54.82847
54.80436
54.72834
54.17637
53.71739
54.32020
55.63519
56.24710
56.19500
57.02326
57.34141
58.01657
59.43973
59.94377
59.85680
59.61776
59.08803
58.27295
57.61160
57.00277
56.05426
55.85247
56.30058
56.22815
55.62463
55.45281
56.18966
56.41996
56.07567
56.07894
56.52132
56.09213
54.76441
53.95964
52.62656
52.31457
52.04722
51.41396
50.14860
50.33168
51.43545
51.37729
50.36829
49.66114
48.31969
47.98213
48.56717
48.68407
48.76739
48.34966
47.63724
47.56763
46.53969
45.71113
45.66119
45.94516
45.47026
45.66785
46.57200
47.12030
46.82332
46.49137
46.47706
46.47339
46.06955
45.92370
45.88890
45.64127
44.71011
44.86836
46.03575
46.59673
47.32410
47.98143
49.30744
50.20503
51.45904
52.07050
53.15770
53.75963
53.63747
53.68204
53.87434
53.82179
52.67054
53.18718
54.60738
54.77141
54.20296
54.62001
55.23900
55.57381
56.87043
57.18230
56.69349
56.20856
55.71998
55.46509
54.93465
55.53258
57.01417
57.52753
57.05528
56.71529
55.24912
54.67904
55.15210
55.98507
56.80307
57.59748
58.97809
59.79277
60.76519
60.72519
59.78570
59.18890
59.43201
59.42130
59.67272
59.06486
58.74426
57.88201
57.17114
56.32408
54.92691
54.51843
55.41472
56.26429
57.72549
57.70377
56.21643
55.43938
54.43918
54.55393
55.46084
55.79265
55.15428
55.19595
56.61511
57.13854
57.02587
57.57813
59.01017
59.63603
59.90365
60.21569
59.87350
60.26100
61.08186
61.18730
60.58233
60.29740
59.89071
59.64293
59.50461
58.82208
58.65421
58.05791
57.58761
57.30881
57.07023
56.77524
55.93181
56.48045
57.88283
58.50315
58.24885
58.03035
57.72879
57.86308
58.69834
58.76823
58.16170
57.57907
56.40400
55.60860
54.17960
53.58365
53.51907
52.85285
51.73584
51.18912
50.89152
50.09018
49.13957
48.80741
48.90802
49.23066
49.86625
50.25674
50.92518
51.19834
51.51179
51.29879
50.48342
50.99673
52.48881
52.97462
52.48348
51.65872
50.88920
50.89729
50.37286
50.78119
52.25161
53.09574
53.46558
53.85043
53.96364
54.26906
54.96219
54.85301
54.42445
53.54206
53.75231
53.07744
52.69922
52.54237
52.77463
53.36325
53.34737
52.70955
52.71287
52.32104
51.84403
51.81614
51.71949
51.07533
49.70079
48.87920
47.65445
46.98091
46.85347
46.63713
45.95403
46.54968
47.86259
48.40320
48.00573
48.40080
49.80746
50.55504
51.58450
52.34188
53.81364
54.62563
55.74479
55.93199
54.91674
54.30503
53.19567
52.43881
51.03104
50.18196
49.05324
48.24552
48.94700
49.81347
50.11122
50.28414
50.59138
49.74004
49.16074
48.48610
48.52877
48.96786
50.33501
50.90085
51.18442
51.74867
52.81630
52.96450
52.61695
52.15722
51.62790
51.69001
51.84505
52.26471
53.74604
54.63319
56.11927
56.71608
56.52818
55.74966
54.46037
53.84642
53.82338
53.73255
53.60881
53.84992
54.65147
55.24829
55.91280
56.52895
57.90072
58.42354
57.30272
56.51552
55.36226
54.74711
53.29905
52.62694
52.09949
51.20188
50.43604
49.80602
49.38492
48.67899
47.55514
46.69359
45.37262
44.58989
43.83364
43.97932
45.38114
45.34387
43.93311
43.53956
44.39752
44.36323
43.77455
43.05173
42.32844
41.85178
41.25487
40.90447
41.11980
41.88511
42.99931
43.26253
43.63371
43.85291
44.39540
44.18573
43.37798
42.84931
41.68815
41.96098
43.36989
44.04555
44.63454
45.28303
45.79719
46.67821
46.87190
47.35744
47.81572
47.62502
46.54161
45.87873
44.66772
44.36497
44.98622
44.68353
43.41292
42.96302
43.15016
42.79345
41.84263
41.11329
40.97089
40.55520
39.68870
39.01495
37.72656
36.95176
35.75986
35.07347
34.06541
33.62952
32.90922
32.19491
31.16760
30.38978
30.59092
30.40364
29.80563
29.44379
28.93771
28.64449
29.39597
28.76433
27.64989
27.30913
28.20517
27.77384
26.52112
26.31622
27.27718
28.11116
27.92894
27.85019
27.92204
28.03701
28.01854
28.88228
29.60018
30.05624
30.12439
30.11072
29.84534
29.93282
30.73949
30.11050
28.84062
27.99803
26.61955
25.91851
25.39244
24.60054
24.65017
24.96753
26.18490
25.99025
24.56523
23.93376
23.36421
23.25921
23.78762
24.00597
24.25602
24.06507
23.55885
22.71505
22.71027
22.37043
21.53246
21.35287
21.67006
21.99874
22.83343
23.17635
23.26650
23.58295
24.66524
24.28969
22.80320
21.97982
20.87149
21.16941
22.55038
22.18021
21.42799
21.49180
22.46685
23.13951
22.93528
22.41545
22.58296
23.19446
24.68906
25.50035
26.65151
27.28231
28.17166
28.61753
29.13787
29.57019
30.31664
31.15181
32.49093
33.13628
32.53685
32.08474
32.68090
33.47434
34.67744
35.04622
35.68271
36.23017
37.06696
37.85988
39.25965
39.30634
37.94758
37.17273
36.57463
36.25866
36.21592
36.19371
36.01961
36.66075
38.04726
38.02048
36.54272
36.36721
37.61350
38.36646
39.66614
40.23021
39.77445
39.73030
40.04417
39.44114
38.34386
37.62456
36.47683
35.79888
34.59365
34.37860
35.06984
35.61052
36.80406
37.49414
38.61797
39.33418
40.58535
41.29977
42.53465
42.40833
41.00695
40.43063
40.16118
39.98609
39.87860
39.91510
39.55170
39.44944
39.81273
39.24271
38.04399
38.25667
39.66130
40.08322
40.79955
41.32731
41.61351
41.36427
40.63571
40.57614
41.60003
42.07038
42.29140
43.07714
43.98749
44.85320
46.16184
46.70150
45.78010
45.67699
46.11662
46.25206
46.32536
46.42998
46.65051
46.80473
47.14149
46.40545
45.44726
44.75284
45.72617
45.26091
44.01141
43.22475
42.84132
41.94390
41.28364
40.91097
40.36090
41.00952
41.90614
42.53881
41.87147
41.83790
42.28072
41.93464
40.78782
41.00816
42.43359
43.18678
44.27441
45.10833
46.57276
46.87490
45.56368
44.68638
43.40247
42.54488
41.05798
40.30475
39.77143
39.15424
38.01343
37.13996
36.38602
35.70534
35.20184
34.48277
33.63924
33.08307
32.32773
31.56536
30.46083
29.76055
28.71959
28.44143
29.15837
29.83251
30.92929
31.65101
32.21004
32.89362
33.42986
33.63234
33.44550
33.37366
33.46420
32.91373
32.25920
31.52793
30.04987
29.93241
31.32317
32.07636
32.75297
33.19325
33.85146
34.22014
34.52201
35.36436
36.12220
36.90509
36.73162
36.32212
35.10611
35.02656
36.19582
35.93680
34.52884
34.22878
34.78859
35.67863
35.74305
35.55573
34.79368
35.26353
36.75988
37.48579
37.95465
38.08486
37.58811
38.19422
39.36814
40.20301
41.66971
42.53786
43.94989
44.56380
44.19313
44.92661
45.94191
46.80846
48.29832
48.93950
49.02798
49.19274
49.71330
49.26147
48.54731
47.84744
46.58204
46.10499
46.26448
47.11043
48.01578
48.75131
48.55448
48.10723
47.92305
47.53100
46.61324
46.05056
45.21156
44.97124
45.27174
44.79843
44.56786
43.99331
44.18283
44.08080
43.91732
43.46773
42.19229
41.32685
39.85201
39.00597
37.71746
36.99713
35.73013
35.98939
37.42889
37.72616
36.59376
35.90239
35.03195
34.14666
33.29019
33.42960
34.51080
35.28825
36.15812
36.23056
36.04427
36.16065
36.61610
36.16719
34.86832
34.00287
32.65455
31.86070
30.75485
30.26967
30.18963
29.41139
28.06199
27.32657
26.38710
26.49580
27.71670
27.94110
27.32334
27.04996
26.71596
26.22770
25.49333
25.53250
26.42403
26.74300
26.98721
27.09156
27.03799
27.34771
27.95619
27.82921
26.64755
26.79961
28.13754
28.82234
28.74756
29.61796
30.13455
30.91550
32.31490
33.10808
34.47586
34.41495
32.98602
32.20226
30.77047
30.82275
32.29732
32.71814
32.07299
31.36933
29.86955
29.01766
27.84746
27.08272
26.52562
26.01327
25.49100
25.25137
25.30559
25.62669
26.50805
26.16744
24.71457
23.87628
22.40524
22.33351
23.79965
23.96015
22.76186
22.71622
23.71736
24.49148
25.79568
25.96608
24.71177
24.14276
23.68907
22.86809
22.11031
22.31209
23.57328
23.30727
21.88095
21.93078
23.35466
24.11616
25.15109
25.82349
25.50052
26.27341
26.87452
27.38019
28.21467
28.75500
29.71838
30.41490
31.82091
32.67827
34.15508
34.27207
32.83650
32.07185
30.85502
30.24988
29.06594
29.22701
30.65326
31.05094
31.13243
31.45153
31.79718
31.69073
30.75978
30.41344
30.68573
30.22606
29.52019
28.67170
29.02326
28.82136
28.15596
28.57565
29.97957
30.77512
32.15062
32.23487
31.27770
31.90123
33.22845
33.90600
34.90050
35.33339
35.26614
35.90851
37.37739
37.99792
38.18380
37.37544
36.55504
35.83686
35.05070
34.17735
33.25870
33.19303
34.28979
34.19098
32.93438
33.05236
34.31576
35.00575
35.61821
35.53514
34.69711
34.24922
33.73912
32.88593
31.76381
31.01390
30.77729
29.91415
29.07550
29.33513
30.52425
31.19815
31.60134
31.64885
31.58340
30.90140
30.26276
29.80320
29.20279
28.62675
27.38558
27.18907
27.92368
28.46581
29.57683
30.43287
31.90408
32.78738
34.07379
34.58473
33.50185
33.28006
33.79275
34.56898
35.68753
35.92173
35.27795
34.49112
33.85053
34.02278
35.24327
35.74822
35.79421
35.86713
35.92275
35.92692
36.20551
35.46014
34.23084
33.50115
32.59935
31.87024
30.48639
30.01096
30.36906
30.52083
30.60533
31.32830
32.24437
33.03510
34.41713
34.77239
34.04032
34.03398
34.30848
35.16708
36.18683
36.84983
37.05574
37.39442
38.28158
38.49059
37.72524
37.81309
38.37218
38.90818
39.82750
40.56084
40.51807
40.46051
40.16673
40.92353
42.00295
42.33118
41.23855
40.39662
40.73363
39.87337
38.69695
38.99027
40.33216
40.83717
41.10201
41.20813
41.40510
41.54340
41.82784
41.89883
41.59833
42.12085
43.14512
43.77328
44.87423
44.95420
43.98369
43.22341
41.97301
41.68846
41.42785
41.94472
42.59590
42.85938
42.77495
42.60083
42.11350
41.71549
40.97113
40.96056
41.54065
42.40847
43.64929
44.41092
45.52059
46.25258
47.39660
48.06122
49.13867
49.62404
49.93635
50.61080
51.94329
52.82418
53.73850
54.60771
55.78722
56.64980
58.10039
58.73040
58.94765
59.39894
60.49975
60.91762
61.04699
61.05226
62.03056
61.78683
60.55281
59.73949
58.55624
58.89683
60.32906
60.56458
59.48512
59.01270
58.48514
58.22466
58.42387
59.08170
60.05691
60.38578
60.19441
59.77668
59.18228
58.48272
57.85716
58.12010
59.33512
59.61071
59.27098
59.31813
59.60267
60.06045
60.22530
60.96707
61.89643
62.77652
63.38549
63.48569
63.47672
62.86157
61.72007
61.05032
60.16175
59.34733
57.92944
57.42432
58.03402
58.36664
59.11423
59.59676
59.55401
59.22111
57.97381
58.17065
59.53106
60.04323
59.36563
58.65764
57.16190
56.40978
55.98096
55.92409
56.51596
56.18633
54.86525
54.58798
55.18939
55.83366
57.27312
58.07260
59.21050
59.83968
60.09996
60.24108
60.15730
59.64097
58.67054
57.85976
57.14562
57.41248
58.55989
59.43114
60.72868
61.61296
63.08090
63.96628
65.44642
66.33877
67.77236
68.39895
67.91854
67.71131
67.37259
67.02205
67.02145
66.77756
66.11581
65.94184
66.41195
66.72471
67.42798
67.30258
66.55769
65.93250
66.43330
66.33807
65.88589
65.76462
66.08172
65.96439
65.46495
64.81401
63.66504
63.82832
64.88303
65.68270
65.50626
65.39722
64.93003
64.96028
64.97977
64.44967
63.02160
62.47495
63.23400
63.99398
65.45072
66.35052
67.67408
68.26661
67.37419
66.68491
65.34215
64.59410
65.56207
65.65755
65.32897
65.04314
64.33833
64.09996
64.02282
63.98254
64.07655
63.73318
62.79479
62.14392
60.97799
60.43617
60.27280
59.86108
59.66251
59.30843
58.48063
58.06683
57.56225
57.48717
57.97494
58.30491
58.70531
59.35353
58.85040
59.56200
60.81652
61.65684
62.55837
63.30842
64.48215
65.36881
66.50475
66.91675
66.80209
66.13014
64.70772
63.92971
63.02189
63.35571
64.77691
64.89815
63.65879
63.39108
64.12353
64.29666
64.31464
63.94081
63.62009
63.55949
63.41255
63.21919
62.67668
62.61363
63.02361
62.68211
61.45362
60.62154
59.22729
58.64222
57.74670
58.46864
59.60675
60.24619
60.90130
61.14000
61.16956
61.39633
62.24563
62.70904
62.77640
62.37921
61.15592
60.62039
60.81736
60.87168
60.73333
61.37567
62.51558
63.17396
64.39713
64.66614
65.43953
66.02459
66.52327
67.23053
68.69287
69.58553
70.90871
71.58240
72.08134
72.73386
72.83840
72.81252
72.23357
72.39169
73.27553
73.79039
73.91754
74.68207
76.13377
76.53681
75.61285
74.91023
73.95701
74.48391
75.80061
76.46775
76.21203
76.27514
76.79761
76.14538
75.09072
74.33255
72.96592
72.63710
73.09134
73.78820
74.78646
75.25302
75.59820
75.72701
75.57966
75.59365
75.74683
75.69105
75.22264
75.48955
76.48201
76.84635
76.67491
76.73590
76.84976
77.29169
78.23447
78.96888
78.83170
78.82592
78.61468
78.66243
79.30724
78.67035
77.68664
77.15837
76.57414
77.27848
78.48708
79.14042
79.41505
80.30479
80.26994
80.36079
80.41894
79.91210
78.47545
77.91593
77.90417
77.56046
76.63333
76.93197
77.85113
78.66979
79.79534
80.58364
80.86286
81.42851
82.46858
82.34656
81.25900
80.57505
81.09826
81.38303
81.83827
82.07475
81.87692
81.94854
82.21348
82.52983
82.57931
83.46008
83.91536
84.28428
84.49246
85.16377
85.69998
86.45168
87.50429
88.19958
89.26076
89.50189
88.53122
87.64742
87.28910
87.74964
87.60443
88.12623
88.78847
88.98578
88.30910
88.22645
87.32172
86.70131
86.10167
85.70674
85.06313
84.62261
83.60626
83.85323
85.25370
85.96906
86.37240
87.12505
88.60903
89.39816
90.34738
90.46869
89.50968
89.70335
90.50725
91.40511
92.18176
92.92669
94.37153
94.61045
93.41042
92.83614
91.86476
91.77574
92.63972
93.22774
94.53983
94.55025
93.23116
92.66302
91.92691
91.74063
91.81118
92.26320
93.31102
93.98529
94.38033
95.22434
96.58473
96.67908
95.38711
94.63986
93.18214
93.28122
94.76745
95.50808
96.30150
95.98035
94.83384
94.86490
96.03660
96.57944
96.46247
96.58226
96.75603
96.60207
95.70165
95.03086
95.23534
96.06729
96.58938
97.15117
97.61793
97.04710
96.32530
95.56564
94.87220
94.78981
95.33189
96.15099
97.34934
97.87238
97.14185
97.15791
97.87569
97.50012
96.03622
95.26510
94.14822
93.56604
92.69741
92.63826
93.36445
93.82193
94.75635
95.15284
95.33622
95.78989
96.92912
97.13658
96.35875
97.01741
98.20159
98.81518
99.49772
99.37241
98.59808
98.28131
97.94844
98.22374
99.35829
100.05312
101.30749
101.95214
102.64447
103.11015
103.72400
104.57463
105.93890
106.22827
105.13934
104.73025
104.71867
104.58292
104.45439
104.17400
103.67082
102.99476
103.04357
102.34848
100.98963
100.71104
101.91519
102.38161
101.65848
101.30804
101.36849
101.20522
100.79956
100.38291
99.75551
99.82427
100.56011
100.99811
101.63624
102.35322
103.50693
103.70721
102.75982
103.08036
104.46169
105.30886
106.53345
107.38602
108.57380
108.98371
109.18625
108.42488
107.27587
106.60795
105.80933
105.30624
104.48761
103.87963
102.78068
102.02623
101.37117
101.02520
100.77375
100.61802
100.76993
99.93390
99.06222
98.82319
99.63325
99.77123
99.53147
99.45731
99.55109
98.96393
97.60406
97.26469
96.98362
96.51464
96.23018
95.87706
96.15537
96.34204
96.70413
96.49289
95.66242
95.68937
96.66192
96.80831
96.47863
96.10706
95.52033
95.73511
96.85740
97.05869
96.20257
96.53385
97.92631
98.68960
100.02803
100.80528
102.02569
102.77737
104.13856
104.25845
103.27211
102.50568
103.02185
102.27245
101.49130
100.77967
99.32393
99.00986
100.34520
100.75014
100.67306
100.35953
99.33613
98.80815
97.89122
97.88605
98.65660
99.02617
99.09520
98.25116
97.64048
97.40253
97.24387
97.44141
98.04088
