 0.90000	 11.94014549	 75.84018707	 63.75082397	 12.41907692	 74.50635529	 63.25928879	           0	           2
 0.90000	 11.63725185	 74.23055267	 62.90909576	 10.96698475	 75.50434113	 63.33136368	          -1	           3
 0.90000	 10.15178013	 75.84318542	 63.15594482	  8.75938320	 76.07367706	 62.64787674	          -2	           4
 0.90000	  8.76577473	 75.37859344	 62.07605743	 10.19131279	 75.10411072	 62.45351410	          -3	           5
 0.90000	 10.65309525	 74.36215210	 62.66828918	 10.66951752	 73.10169220	 63.48117828	          -4	           6
 0.90000	 11.45179844	 72.66699219	 63.57621002	 12.67428017	 73.28956604	 62.96968842	          -5	           7
 0.90000	 13.52725315	 73.54423523	 62.83750916	 14.91131306	 74.12181091	 62.86324692	          -6	           8
 0.90000	 15.77468395	 73.94051361	 63.04085922	 16.67809105	 72.86170959	 63.56024170	          -7	           9
 0.90000	 17.42527580	 72.37537384	 63.68217468	 18.81506920	 71.81852722	 63.59221268	          -8	          10
 0.90000	 19.55755043	 71.31893158	 63.49846268	 20.58934593	 70.24512482	 63.31934357	          -9	          11
 0.90000	 21.22130203	 69.82974243	 62.83161163	 21.94456673	 69.61357117	 61.53544998	         -10	          12
 0.90000	 22.29302597	 70.43797302	 61.63338470	 21.48381424	 70.69755554	 62.86941910	         -11	          13
 0.90000	 22.22577667	 70.74046326	 63.37832642	 23.00300407	 70.25234985	 62.19182587	         -12	          14
 0.90000	 23.52891922	 70.08654022	 61.48044968	 25.01956177	 70.18399048	 61.34415817	         -13	          15
 0.90000	 25.89909744	 70.01839447	 61.24747849	 27.31938171	 69.55588531	 61.38563919	         -14	          16
 0.90000	 28.09990501	 69.14606476	 61.56872177	 28.51775551	 67.93284607	 62.34557724	         -15	          17
 0.90000	 27.65432358	 67.68395233	 62.41783142	 27.30950356	 68.65710449	 61.32965088	         -16	          18
 0.90000	 27.77387047	 69.14099121	 60.72898102	 28.57912636	 69.70343018	 59.59522247	         -17	          19
 0.90000	 29.41379929	 70.00759125	 59.44960403	 30.67633820	 70.16257477	 60.24466324	         -18	          20
 0.90000	 30.94927597	 70.89427185	 60.69260406	 30.10994530	 72.08507538	 61.04966354	         -19	          21
 0.90000	 30.32695198	 72.94538116	 60.89700699	 31.36541748	 73.74241638	 60.16455841	         -20	          22
 0.90000	 31.83828354	 74.41104889	 59.79055405	 33.05634689	 75.27531433	 59.93044281	         -21	          23
 0.90000	 33.39756393	 74.81212616	 60.62527466	 32.23381042	 73.88858795	 60.41882706	         -22	          24
 0.90000	 31.86662102	 73.72371674	 61.22392273	 32.38386917	 74.89115143	 62.01098633	         -23	          25
 0.90000	 33.17148209	 74.45155334	 61.95689774	 32.76527023	 73.38795471	 60.98018646	         -24	          26
 0.90000	 32.43531418	 73.02324677	 60.22635651	 32.92189407	 71.95954895	 59.28733444	         -25	          27
 0.90000	 33.80006409	 71.95098877	 59.48516083	 34.54088593	 72.92037964	 60.35796356	         -26	          28
 0.90000	 34.67166901	 73.74864197	 60.68644333	 34.45089340	 75.23018646	 60.76794052	         -27	          29
 0.90000	 33.90890121	 75.17447662	 61.48741150	 33.82761002	 73.71392059	 61.15597916	         -28	          30
 0.90000	 33.82840347	 72.83373260	 60.96862411	 33.78443909	 71.43009186	 60.44169998	         -29	          31
 0.90000	 33.24883652	 71.26023865	 61.14712906	 33.28567505	 72.66606140	 61.66916656	         -30	          32
 0.90000	 34.05326080	 73.11968994	 61.79303360	 35.51420212	 72.80099487	 61.67380524	         -31	          33
 0.90000	 36.29096222	 73.16726685	 61.40365982	 36.76148605	 74.31935883	 60.56604767	         -32	          34
 0.90000	 36.55302429	 74.92203522	 59.93081665	 35.28335190	 75.28475952	 59.21921539	         -33	          35
 0.90000	 35.62459564	 76.06883240	 58.93740463	 37.11153793	 76.20413971	 58.79280090	         -34	          36
 0.90000	 37.85795212	 76.09843445	 58.30066681	 39.31124496	 75.72665405	 58.29710388	         -35	          37
 0.90000	 39.27230835	 75.04408264	 58.88879395	 37.80466080	 75.09843445	 58.58447647	         -36	          38
 0.90000	 37.81918335	 75.79122162	 59.16522980	 39.31130600	 75.92717743	 59.23828506	         -37	          39
 0.90000	 40.10102081	 75.83693695	 58.81552887	 41.59391022	 75.76847839	 58.68553543	         -38	          40
 0.90000	 41.66870880	 74.86820221	 58.68265533	 40.17126465	 74.90454865	 58.76122665	         -39	          41
 0.90000	 39.59088135	 74.34047699	 58.36768723	 38.10101700	 74.16725159	 58.38556290	         -40	          42
 0.90000	 37.20547485	 74.24767303	 58.34498215	 36.74438477	 75.65256500	 58.09234619	         -41	          43
 0.90000	 35.85363007	 75.56336975	 58.18464279	 35.50692749	 74.23445129	 58.78757477	         -42	          44
 0.90000	 35.12327194	 73.43668365	 58.94913483	 34.57618713	 72.04351807	 58.85106277	         -43	          45
 0.90000	 34.99884796	 71.81840515	 59.61447144	 35.31594849	 73.26758575	 59.83693314	         -44	          46
 0.90000	 34.66510391	 73.88163757	 59.74033737	 33.39299393	 73.20941162	 60.16415024	         -45	          47
 0.90000	 33.44386673	 72.83797455	 59.34121704	 34.30492401	 72.96022034	 58.11913300	         -46	          48
 0.90000	 35.10218430	 72.55284119	 58.02773285	 36.07266235	 71.64028931	 58.71731186	         -47	          49
 0.90000	 36.67673111	 71.04032135	 59.01017380	 37.68697739	 69.99595642	 59.38317871	         -48	          50
 0.90000	 38.34443665	 69.42819977	 59.62134552	 39.53030396	 68.61457062	 60.04840469	         -49	          51
 0.90000	 40.23110199	 68.12458038	 60.33255005	 41.37239456	 67.30306244	 60.85529327	         -50	          52
 0.90000	 42.05947495	 66.81304932	 61.17016983	 43.24863434	 66.05618286	 61.68344116	         -51	          53
 0.90000	 43.70919037	 65.37666321	 62.05368805	 44.17213058	 64.06871033	 62.62397385	         -52	          54
 0.90000	 43.55264664	 63.51041031	 62.96254730	 42.22550201	 64.12530518	 62.62976837	         -53	          55
 0.90000	 41.36151505	 64.37669373	 62.66093826	 40.88357544	 65.78260040	 62.87309265	         -54	          56
 0.90000	 41.70536041	 66.04588318	 63.13668823	 42.01333237	 64.59603119	 63.36734772	         -55	          57
 0.90000	 41.68998718	 63.76301193	 63.25569916	 42.00450897	 62.32654953	 62.95930481	         -56	          58
 0.90000	 42.29111862	 61.94598007	 62.19546509	 43.18773651	 62.71432114	 61.27037048	         -57	          59
 0.90000	 42.70901489	 63.47507095	 61.32011414	 41.68514633	 62.72980499	 62.12406158	         -58	          60
 0.90000	 40.99577713	 62.86145020	 62.68790054	 40.32872772	 64.17200470	 62.98395920	         -59	          61
 0.90000	 39.48205948	 63.93411636	 63.17504501	 39.33664703	 62.44467163	 63.27667236	         -60	          62
 0.90000	 39.67671967	 61.78733826	 62.76467514	 40.68617249	 62.03488159	 61.68323135	         -61	          63
 0.90000	 41.46580887	 62.01560211	 61.23415375	 42.84689713	 62.12807846	 60.65977859	         -62	          64
 0.90000	 42.55575943	 62.56727219	 59.92877197	 41.20916367	 62.60717010	 60.58834839	         -63	          65
 0.90000	 40.49705887	 62.34255600	 60.10575104	 40.96339798	 61.91883087	 58.74446106	         -64	          66
 0.90000	 41.19908524	 61.98946762	 57.87860489	 42.24637604	 62.68845367	 57.06337738	         -65	          67
 0.90000	 42.32815170	 63.44851303	 56.58802032	 41.81483078	 64.63858795	 55.83283234	         -66	          68
 0.90000	 41.50053024	 65.21520996	 56.44821167	 41.14404678	 65.35797882	 57.89824677	         -67	          69
 0.90000	 41.42789459	 64.52111816	 58.06918716	 41.44631195	 63.60643005	 56.88057709	         -68	          70
 0.90000	 41.56336975	 62.85293961	 56.40288162	 42.84693146	 62.42491531	 55.75566101	         -69	          71
 0.90000	 42.28834534	 62.07505798	 55.13630295	 41.00599289	 62.39064407	 55.84789658	         -70	          72
 0.90000	 40.70440292	 62.71406555	 56.63244629	 40.95870590	 63.41072083	 57.93638611	         -71	          73
 0.90000	 40.67364120	 64.12714386	 58.40114212	 40.10315323	 65.44181824	 57.95818329	         -72	          74
 0.90000	 39.79398727	 66.19561005	 57.57490921	 39.49617767	 67.41415405	 56.75222778	         -73	          75
 0.90000	 39.08220291	 67.63577271	 55.98408508	 38.34161758	 66.97803497	 54.85747910	         -74	          76
 0.90000	 37.99754715	 66.39550781	 54.26354218	 37.66393661	 65.17333221	 53.46036911	         -75	          77
 0.90000	 37.11780167	 64.50110626	 53.70610428	 36.74304962	 63.98596573	 55.06420135	         -76	          78
 0.90000	 37.36183929	 63.65419769	 55.62898636	 38.57273865	 62.80194473	 55.87032700	         -77	          79
 0.90000	 39.18936157	 63.28394699	 55.40989304	 37.98110962	 64.14141846	 55.17739868	         -78	          80
 0.90000	 37.50352097	 63.50802994	 54.75089645	 38.58485794	 62.48767853	 54.94762421	         -79	          81
 0.90000	 39.02716446	 63.06745911	 54.40693665	 37.99420166	 64.14741516	 54.27472687	         -80	          82
 0.90000	 37.55737686	 64.80683136	 54.70602798	 38.14679337	 65.57148743	 55.85411072	         -81	          83
 0.90000	 38.14517593	 66.39015198	 56.22884750	 37.59593582	 67.70407104	 56.70003510	         -82	          84
 0.90000	 36.73304749	 67.95757294	 56.73249817	 35.49053192	 67.15084839	 56.49773788	         -83	          85
 0.90000	 34.93963242	 66.93966675	 55.81823730	 35.04201889	 66.93024445	 54.32182693	         -84	          86
 0.90000	 34.66992188	 67.18133545	 53.54195404	 33.76810837	 68.03302002	 52.69869614	         -85	          87
 0.90000	 32.93214798	 68.32279968	 52.53467941	 31.53596306	 68.51558685	 53.04788208	         -86	          88
 0.90000	 30.82707596	 67.96244812	 53.08565140	 30.93678474	 66.50639343	 52.74227905	         -87	          89
 0.90000	 30.05482292	 66.33692932	 52.80024338	 29.46145248	 67.68104553	 53.10258484	         -88	          90
 0.90000	 28.74213409	 67.25415039	 53.43585205	 29.35490608	 65.91044617	 53.17364120	         -89	          91
 0.90000	 29.67582893	 65.11312866	 53.44050980	 29.70429993	 64.07054138	 54.51855469	         -90	          92
 0.90000	 30.45809174	 63.94885254	 54.99515915	 31.64386559	 64.81000519	 54.67500687	         -91	          93
 0.90000	 32.25457382	 65.42117310	 54.92819977	 32.58491135	 66.61479187	 55.77464294	         -92	          94
 0.90000	 33.39447021	 66.73031616	 56.15114975	 34.62570190	 65.87334442	 56.15570450	         -93	          95
 0.90000	 35.14702988	 65.14268494	 56.22821045	 35.60710526	 63.72235870	 56.37431335	         -94	          96
 0.90000	 35.89457703	 62.88251877	 56.52454758	 36.90224075	 61.77595139	 56.62544632	         -95	          97
 0.90000	 37.44720840	 61.06261063	 56.55666351	 38.82450485	 60.57186127	 56.89163971	         -96	          98
 0.90000	 39.08953094	 61.42035294	 57.04603958	 37.64617538	 61.79242325	 57.21428680	         -97	          99
 0.90000	 36.97509384	 61.20042419	 57.31334305	 36.14233017	 60.03278732	 56.87370300	         -98	         100
 0.90000	 36.19732666	 60.13217163	 55.98094177	 37.01786423	 61.37803268	 55.82405472	         -99	         101
 0.90000	 37.52920532	 62.08129120	 56.05678940	 38.44649506	 62.86101913	 56.95158768	        -100	         102
 0.90000	 37.93781662	 63.60001373	 56.88002777	 36.60781097	 63.35809326	 56.22999954	        -101	         103
 0.90000	 36.16964340	 63.33450317	 55.44398880	 35.06788254	 63.24951935	 54.42951584	        -102	         104
 0.90000	 34.38179779	 63.01271439	 53.89646149	 33.37422180	 62.27100372	 53.06875992	        -103	         105
 0.90000	 32.93572235	 61.68674469	 52.54217529	 32.46136093	 60.57685471	 51.65146637	        -104	         106
 0.90000	 32.87877655	 59.88205338	 51.26004028	 34.33921432	 59.55853271	 51.37232208	        -105	         107
 0.90000	 35.19070053	 59.26590729	 51.37289047	 36.66629410	 58.99708939	 51.39648819	        -106	         108
 0.90000	 37.10147095	 58.20963287	 51.36584854	 36.74458313	 56.75905609	 51.50188446	        -107	         109
 0.90000	 36.12395477	 56.49274445	 50.90709305	 35.49317932	 57.72204971	 50.32328033	        -108	         110
 0.90000	 35.50328064	 57.54686737	 49.44064331	 36.30767822	 56.29220963	 49.27147675	        -109	         111
 0.90000	 36.77209854	 55.63064957	 48.87614059	 37.54410172	 54.62571716	 48.07385254	        -110	         112
 0.90000	 38.13343430	 54.19111252	 47.55104446	 39.16081619	 53.73736191	 46.55689240	        -111	         113
 0.90000	 40.03791046	 53.80191803	 46.36662292	 41.26342392	 54.56421280	 46.77506256	        -112	         114
 0.90000	 41.97887421	 54.54944611	 47.32062912	 42.42392731	 54.02337265	 48.65289307	        -113	         115
 0.90000	 43.19254303	 54.13367844	 49.10765457	 44.18066025	 54.24512863	 50.23061371	        -114	         116
 0.90000	 43.87923050	 53.45450592	 50.53811264	 42.92077637	 53.32334518	 49.39167404	        -115	         117
 0.90000	 43.04020691	 53.38519287	 48.50148010	 43.26932144	 53.65723801	 47.04421997	        -116	         118
 0.90000	 43.91838837	 53.03522110	 47.00083923	 43.89015961	 52.76717377	 48.47639465	        -117	         119
 0.90000	 44.33524323	 51.99807739	 48.33332443	 44.53101349	 52.01603699	 46.84622574	        -118	         120
 0.90000	 45.01129532	 51.44487381	 46.34264374	 45.94545364	 50.28617859	 46.52926636	        -119	         121
 0.90000	 45.47323227	 49.65219879	 46.09748459	 44.38800430	 50.67534637	 45.93825531	        -120	         122
 0.90000	 44.17268372	 50.98882294	 46.75394440	 45.34268188	 51.31655502	 47.63362885	        -121	         123
 0.90000	 45.80748367	 51.75599670	 48.26728821	 46.31538010	 52.27170944	 49.58122253	        -122	         124
 0.90000	 46.85656357	 52.87087631	 49.97964478	 47.09850311	 54.20497513	 50.62129593	        -123	         125
 0.90000	 46.42761993	 54.01635361	 51.19221497	 46.03495026	 52.80734634	 50.39585114	        -124	         126
 0.90000	 45.37853622	 53.24934387	 49.96570587	 45.66892624	 54.41171265	 50.86819077	        -125	         127
 0.90000	 46.32788467	 54.58552933	 50.27539825	 46.28820419	 53.33632278	 49.44588470	        -126	         128
 0.90000	 46.88526535	 52.76668549	 49.08630753	 47.32238770	 51.81058884	 48.01651001	        -127	         129
 0.90000	 46.62327576	 52.15997696	 47.56248093	 46.34183884	 53.27715302	 48.52318954	        -128	         130
 0.90000	 46.99824905	 53.66697311	 49.00015640	 48.22968292	 53.34739685	 49.79486084	        -129	         131
 0.90000	 48.54733658	 54.14759064	 50.05741501	 49.20002365	 55.38316345	 50.60277557	        -130	         132
 0.90000	 50.00539398	 54.98128510	 50.63098907	 49.33178329	 53.71746826	 50.18505859	        -131	         133
 0.90000	 49.10940170	 53.00888443	 49.67684555	 50.40710068	 52.38713837	 49.25337982	        -132	         134
 0.90000	 51.04112244	 51.76979828	 49.09012604	 52.24251938	 50.87752914	 49.19201279	        -133	         135
 0.90000	 51.97520447	 50.08344650	 48.86348724	 50.52072144	 50.30360031	 48.57034683	        -134	         136
 0.90000	 50.05477142	 49.73918533	 48.04668808	 50.52672195	 48.55632401	 47.25429153	        -135	         137
 0.90000	 50.68870926	 47.78157806	 46.82629395	 50.81224823	 46.47167587	 46.10606766	        -136	         138
 0.90000	 51.31079865	 45.75487900	 46.32423782	 52.27003860	 45.68627930	 47.47544479	        -137	         139
 0.90000	 52.48791122	 45.45930099	 48.31893158	 52.03775024	 45.01744080	 49.67993927	        -138	         140
 0.90000	 51.75996017	 44.19461441	 49.43067551	 52.26274109	 44.61175537	 48.08053970	        -139	         141
 0.90000	 52.10040283	 44.80028152	 47.21579361	 51.36227417	 44.14925385	 46.08393097	        -140	         142
 0.90000	 51.34421539	 43.56221008	 45.40225601	 50.69346237	 42.59917831	 44.45424652	        -141	         143
 0.90000	 50.39210510	 42.17053604	 43.72271347	 49.95851517	 42.04403305	 42.29236603	        -142	         144
 0.90000	 50.10274506	 41.18566895	 42.06321335	 50.68513870	 40.48449326	 43.25443649	        -143	         145
 0.90000	 51.11251450	 40.05784607	 43.92147827	 51.90886688	 39.64818954	 45.12472153	        -144	         146
 0.90000	 52.45090103	 39.45176697	 45.81575394	 53.50749207	 39.72600937	 46.84458160	        -145	         147
 0.90000	 53.77127075	 38.93586349	 47.18501282	 53.18519592	 37.67989731	 46.61167908	        -146	         148
 0.90000	 53.53982162	 37.31719971	 47.36157990	 53.64535522	 38.56725311	 48.18408585	        -147	         149
 0.90000	 53.77455521	 39.18164444	 48.82943726	 54.71624756	 40.13284302	 49.50664902	        -148	         150
 0.90000	 54.46345520	 40.94106293	 49.81142044	 53.10774231	 41.57199860	 49.69293213	        -149	         151
 0.90000	 52.40941620	 42.10740662	 49.88164520	 51.17004013	 42.85199738	 50.28102112	        -150	         152
 0.90000	 50.60995483	 42.31573486	 49.82025146	 51.85309219	 41.59788513	 49.38534546	        -151	         153
 0.90000	 52.42212677	 40.93447113	 49.17078781	 52.19449234	 39.47219467	 48.92580795	        -152	         154
 0.90000	 52.28373718	 38.68543625	 48.49734879	 53.17168427	 37.47855377	 48.42563248	        -153	         155
 0.90000	 52.74793625	 37.06787491	 47.74145889	 51.59634018	 37.01583481	 48.70111084	        -154	         156
 0.90000	 51.62714005	 36.12485123	 48.56092834	 52.76923752	 36.13163757	 47.58850479	        -155	         157
 0.90000	 53.61309433	 36.43081665	 47.49744415	 54.49628067	 35.25426102	 47.78953934	        -156	         158
 0.90000	 54.80963135	 34.41131973	 47.76230621	 55.38492584	 33.15390015	 47.18127823	        -157	         159
 0.90000	 55.17194748	 32.78820801	 47.97848511	 54.64827347	 33.78799438	 48.96657562	        -158	         160
 0.90000	 53.91566849	 33.96107101	 48.47251511	 54.46360016	 33.02707672	 47.43444443	        -159	         161
 0.90000	 54.26852798	 32.25916290	 47.86805344	 53.73798752	 33.17617416	 48.92988586	        -160	         162
 0.90000	 54.04686356	 33.62628555	 49.64535522	 55.34302521	 33.26250076	 50.30682373	        -161	         163
 0.90000	 55.82606506	 33.90509033	 50.71137238	 55.23329544	 35.27500153	 50.56321335	        -162	         164
 0.90000	 55.83642578	 35.94310760	 50.55823135	 57.21754837	 35.37384033	 50.42185974	        -163	         165
 0.90000	 58.05129242	 35.19035721	 50.70773315	 58.78199768	 35.51427460	 51.97711563	        -164	         166
 0.90000	 58.67621613	 35.15078735	 52.79409409	 57.22586060	 34.76893997	 52.77959442	        -165	         167
 0.90000	 57.45485306	 34.40533829	 51.98268509	 58.93642044	 34.62809753	 52.05901718	        -166	         168
 0.90000	 59.62725449	 35.15522003	 52.29569626	 59.14562988	 36.28960419	 53.15087891	        -167	         169
 0.90000	 59.85939789	 36.58636475	 53.61170197	 61.25759506	 36.32322311	 53.13656235	        -168	         170
 0.90000	 61.08795166	 36.56133270	 52.28504562	 59.67602158	 36.85684586	 52.69617844	        -169	         171
 0.90000	 59.89749146	 37.60179901	 53.15280151	 61.31187057	 37.30016327	 52.75462341	        -170	         172
 0.90000	 61.95284653	 36.79060745	 52.38083267	 63.08312607	 36.07153702	 51.70601273	        -171	         173
 0.90000	 63.81673431	 35.90020370	 52.19869232	 64.31883240	 36.50733948	 53.47518158	        -172	         174
 0.90000	 63.58215332	 36.70328140	 53.95417404	 62.76118469	 36.10915756	 52.84834671	        -173	         175
 0.90000	 62.41823959	 35.52331543	 52.25756073	 62.89884949	 34.10528183	 52.34694672	        -174	         176
 0.90000	 63.20154190	 33.25938416	 52.29752731	 63.87219238	 31.92487526	 52.15959167	        -175	         177
 0.90000	 64.36341858	 31.17446518	 52.08685303	 65.48716736	 30.18170547	 52.12423325	        -176	         178
 0.90000	 65.44657898	 29.38626289	 51.70530319	 64.35415649	 29.11102295	 50.71501160	        -177	         179
 0.90000	 63.90185165	 28.37226105	 50.95938873	 64.33834076	 27.81656265	 52.28248596	        -178	         180
 0.90000	 64.43672180	 27.70248413	 53.16977692	 64.50582123	 28.29769897	 54.54486084	        -179	         181
 0.90000	 64.41378784	 28.42550087	 55.43089676	 64.04035950	 27.60485268	 56.62965775	        -180	         182
 0.90000	 64.58771515	 27.89989471	 57.28026962	 65.63069153	 28.77147865	 56.64590454	        -181	         183
 0.90000	 65.55406189	 29.66781044	 56.62218857	 64.25199127	 30.34231567	 56.93744278	        -182	         184
 0.90000	 63.55192184	 30.90085030	 57.02462006	 62.41888809	 31.88364792	 57.03290176	        -183	         185
 0.90000	 61.62278366	 32.27934647	 57.17182159	 60.38893127	 32.72549438	 57.89872742	        -184	         186
 0.90000	 59.79637527	 32.47478867	 57.26946259	 60.78721619	 31.89640617	 56.30324173	        -185	         187
 0.90000	 61.22022247	 31.53470993	 55.60225296	 61.93379593	 31.05404472	 54.37361908	        -186	         188
 0.90000	 62.57568741	 30.52044868	 54.03747177	 63.24977493	 29.25203133	 54.46948242	        -187	         189
 0.90000	 63.89232254	 29.62240028	 54.97947311	 63.79794312	 31.11560059	 54.87215042	        -188	         190
 0.90000	 64.00491333	 31.95312119	 54.61563492	 64.40968323	 33.38196945	 54.82682037	        -189	         191
 0.90000	 63.56240463	 33.65275574	 54.69027328	 63.15758896	 32.22386551	 54.47929001	        -190	         192
 0.90000	 63.40476608	 31.47794151	 54.04013062	 64.70181274	 30.84281921	 53.63458633	        -191	         193
 0.90000	 65.08190918	 30.05471420	 53.42253113	 65.25421906	 28.57079506	 53.55863953	        -192	         194
 0.90000	 65.68494415	 27.79999924	 53.73445129	 64.92176819	 26.57643890	 53.32138824	        -193	         195
 0.90000	 64.08769989	 26.24587059	 53.39577484	 62.73438644	 26.84379578	 53.64272690	        -194	         196
 0.90000	 62.01300430	 26.78379822	 54.17737961	 61.26225281	 26.20578575	 55.34016418	        -195	         197
 0.90000	 61.01128006	 25.78280449	 56.09375381	 60.80416870	 25.31987381	 57.50539398	        -196	         198
 0.90000	 61.09421539	 24.49738121	 57.28298187	 61.39639282	 24.76423454	 55.83812714	        -197	         199
 0.90000	 61.90018845	 24.82671356	 55.09456635	 63.13704300	 25.20842743	 54.33646774	        -198	         200
 0.90000	 63.57682419	 25.05225563	 53.56637192	 64.32123566	 25.03091240	 52.26419449	        -199	         201
 0.90000	 64.52384186	 24.15288162	 52.18627548	 63.72766113	 24.04484749	 53.45282745	        -200	         202
 0.90000	 63.53160095	 23.31203461	 53.93695450	 64.38014221	 22.32218361	 54.67858887	        -201	         203
 0.90000	 64.37240601	 22.94334984	 55.33390808	 63.62651825	 23.99097633	 54.56169510	        -202	         204
 0.90000	 63.01345062	 24.25619316	 53.95793915	 62.32765579	 25.39320183	 53.26002121	        -203	         205
 0.90000	 62.05899811	 26.24634552	 53.15772247	 61.63777161	 27.65431786	 53.45825577	        -204	         206
 0.90000	 62.30580139	 28.19196701	 53.18450546	 63.22748184	 27.14412880	 52.63449478	        -205	         207
 0.90000	 64.00507355	 26.75557518	 52.40131378	 65.29951477	 26.03408241	 52.16940308	        -206	         208
 0.90000	 66.01354218	 26.50644875	 52.44776917	 65.79222870	 27.93518448	 52.84764099	        -207	         209
 0.90000	 66.19813538	 28.62911987	 53.25275040	 65.94129181	 29.87169075	 54.05281448	        -208	         210
 0.90000	 65.23831177	 29.66992378	 54.57772446	 64.11988068	 28.92056465	 53.91630173	        -209	         211
 0.90000	 63.70786667	 29.69883347	 53.72851944	 64.77157593	 30.43733215	 54.48568726	        -210	         212
 0.90000	 65.63985443	 30.67510986	 54.46481705	 67.08480072	 30.85651970	 54.10463333	        -211	         213
 0.90000	 67.94865417	 31.05586624	 53.94634628	 69.35115814	 31.58802414	 53.94542694	        -212	         214
 0.90000	 70.06898499	 31.10760117	 53.69268417	 69.99552155	 29.76460838	 54.35677338	        -213	         215
 0.90000	 69.23195648	 29.44780731	 54.00077057	 68.80864716	 30.67619324	 53.25115585	        -214	         216
 0.90000	 68.76651001	 31.53353310	 52.98017883	 69.91459656	 32.44705582	 53.29256821	        -215	         217
 0.90000	 70.18614197	 32.55579758	 54.14393234	 69.52508545	 31.51984406	 55.00407028	        -216	         218
 0.90000	 68.71802521	 31.89722252	 54.87617874	 69.38261414	 32.94662857	 54.03534698	        -217	         219
 0.90000	 69.68471527	 33.31733322	 53.27299118	 68.84648895	 33.11412430	 52.04581833	        -218	         220
 0.90000	 68.73439789	 33.68794632	 51.36172485	 69.50526428	 34.91650391	 50.97937775	        -219	         221
 0.90000	 69.18849182	 35.72486115	 50.74295807	 67.82363892	 36.34644699	 50.76526260	        -220	         222
 0.90000	 66.92935944	 36.38063812	 50.67236710	 65.62335205	 35.64622498	 50.60322571	        -221	         223
 0.90000	 64.94250488	 35.46842575	 50.04233551	 64.45295715	 35.61384964	 48.63203430	        -222	         224
 0.90000	 64.09988403	 35.62125015	 47.80448532	 63.53648376	 35.59242630	 46.41474915	        -223	         225
 0.90000	 63.17768478	 35.49364853	 45.59549332	 62.81095123	 34.95983887	 44.24256897	        -224	         226
 0.90000	 62.08790970	 35.44228745	 44.00946808	 61.89657593	 36.20450592	 45.28715515	        -225	         227
 0.90000	 61.53338623	 36.98236084	 45.01625061	 61.47878265	 37.12911606	 43.52439499	        -226	         228
 0.90000	 61.35321808	 37.65614319	 42.80536652	 61.14736938	 38.85943604	 41.93358231	        -227	         229
 0.90000	 61.27401352	 39.62467575	 41.47608948	 62.02198792	 40.77195358	 40.86411285	        -228	         230
 0.90000	 62.81101608	 41.14202118	 41.09005737	 64.16292572	 41.73077393	 40.81436157	        -229	         231
 0.90000	 64.96095276	 42.06391144	 40.56234741	 66.28894806	 42.60225677	 40.11806107	        -230	         232
 0.90000	 67.02684021	 43.05970001	 39.87792587	 68.38015747	 43.60668564	 39.53195190	        -231	         233
 0.90000	 68.84986115	 42.91078186	 39.86154175	 67.52414703	 42.39975357	 40.34242249	        -232	         234
 0.90000	 67.33293152	 42.30887604	 39.46517563	 68.61448669	 42.92251968	 38.98407364	        -233	         235
 0.90000	 69.21476746	 43.57855225	 39.12682724	 69.81207275	 44.95038986	 39.01864624	        -234	         236
 0.90000	 70.01208496	 45.82070541	 38.90300751	 70.59028625	 47.18952942	 39.10853958	        -235	         237
 0.90000	 70.09074402	 47.79850006	 38.67263031	 68.98307800	 47.03188705	 38.01280212	        -236	         238
 0.90000	 68.37350464	 46.37025070	 37.97862625	 68.06453705	 45.04194260	 38.60335541	        -237	         239
 0.90000	 68.91348267	 44.74374008	 38.54708481	 69.23781586	 46.10527420	 38.00788116	        -238	         240
 0.90000	 69.87870026	 46.69783783	 37.78916550	 71.16837311	 45.95287323	 37.96733093	        -239	         241
 0.90000	 71.94461060	 46.28049850	 38.28358841	 72.55189514	 47.36432648	 39.12405396	        -240	         242
 0.90000	 72.32463837	 48.22391129	 38.98517609	 71.19023132	 48.43954849	 38.02788162	        -241	         243
 0.90000	 70.89749146	 48.86883545	 37.29327011	 71.15119171	 49.58330154	 35.99913788	        -242	         244
 0.90000	 71.33461761	 50.13058090	 35.30886078	 72.04254150	 51.01210785	 34.32317352	        -243	         245
 0.90000	 71.88319397	 51.89731598	 34.29450989	 70.98126984	 52.52318954	 35.31659698	        -244	         246
 0.90000	 71.31891632	 52.30476379	 36.12170410	 72.41082764	 51.38887787	 35.65385437	        -245	         247
 0.90000	 72.31375122	 50.86083221	 36.37633133	 70.92452240	 51.19628906	 36.83204651	        -246	         248
 0.90000	 71.20336914	 51.96625519	 37.20690536	 72.57511139	 51.66944504	 36.67774582	        -247	         249
 0.90000	 73.10433197	 51.86332321	 35.97619629	 73.16931152	 53.22200012	 35.34402466	        -248	         250
 0.90000	 73.51679993	 53.40028000	 34.53322601	 74.25598907	 52.55883408	 33.53553391	        -249	         251
 0.90000	 73.92057800	 51.82355499	 33.13964462	 72.62629700	 51.19279861	 33.56007004	        -250	         252
 0.90000	 71.78763580	 50.87969208	 33.47021484	 70.30099487	 50.75648499	 33.62543488	        -251	         253
 0.90000	 69.41210938	 50.61882782	 33.64290619	 67.97267914	 50.21716690	 33.77098465	        -252	         254
 0.90000	 67.14951324	 50.55988312	 33.64916229	 66.74041748	 51.94404221	 33.24097061	        -253	         255
 0.90000	 65.85469818	 51.82612228	 33.13276672	 65.69151306	 50.34449387	 33.30022430	        -254	         256
 0.90000	 65.56800842	 49.75268555	 33.96678925	 65.72300720	 49.69989395	 35.45774841	        -255	         257
 0.90000	 66.10440063	 50.16256714	 36.12876129	 67.15889740	 51.22269821	 36.24666595	        -256	         258
 0.90000	 66.70331573	 51.98941040	 36.36705017	 65.29147339	 51.64717484	 35.99333572	        -257	         259
 0.90000	 64.65427399	 51.69855118	 36.62666702	 65.00853729	 51.81040573	 38.07984924	        -258	         260
 0.90000	 65.43782043	 51.92602921	 38.86220551	 66.52438354	 52.48031235	 39.73513794	        -259	         261
 0.90000	 67.10479736	 51.84970856	 40.00965118	 67.05278778	 50.51009369	 39.33694458	        -260	         262
 0.90000	 66.27300262	 50.06138611	 39.32043076	 65.06760406	 50.79142761	 39.83420563	        -261	         263
 0.90000	 64.25106812	 50.41402435	 39.79714203	 63.34238052	 49.26674652	 39.46821594	        -262	         264
 0.90000	 63.96202087	 48.81507492	 38.99699402	 64.94463348	 49.94521713	 38.91236877	        -263	         265
 0.90000	 65.48067474	 49.48943710	 39.47398376	 64.43734741	 48.46638489	 39.81262589	        -264	         266
 0.90000	 63.61098480	 48.30209351	 40.12918472	 62.37063217	 49.13364792	 40.27134705	        -265	         267
 0.90000	 61.49520111	 49.24049377	 40.45211411	 60.08840179	 48.71990967	 40.44001007	        -266	         268
 0.90000	 59.32737732	 48.27413940	 40.62033844	 57.92844772	 47.93299103	 41.04066849	        -267	         269
 0.90000	 57.15898132	 47.97248459	 40.57535553	 55.97323227	 47.05379486	 40.57921600	        -268	         270
 0.90000	 56.24863815	 46.50408173	 41.23656082	 57.49547958	 47.25966263	 41.58942413	        -269	         271
 0.90000	 58.21394348	 47.72127914	 41.87393951	 59.56322098	 48.25577164	 41.49485397	        -270	         272
 0.90000	 60.13232040	 48.93986130	 41.36014938	 61.16310883	 50.01976776	 41.21446228	        -271	         273
 0.90000	 60.49576569	 50.52750015	 40.88399124	 59.53450394	 49.37929153	 40.79650879	        -272	         274
 0.90000	 58.82393646	 49.93093872	 40.74264526	 59.74864197	 51.03936005	 41.15063095	        -273	         275
 0.90000	 59.71157837	 51.58501053	 40.43217468	 58.51054001	 50.76718903	 40.05988312	        -274	         276
 0.90000	 57.88513947	 50.24208450	 40.43823242	 57.89650726	 49.71883392	 41.84393311	        -275	         277
 0.90000	 58.44724655	 49.08464813	 41.51345062	 58.76016998	 48.98125839	 40.05007935	        -276	         278
 0.90000	 57.98952484	 48.53573608	 39.90822220	 57.48158264	 49.10182571	 41.20113754	        -277	         279
 0.90000	 56.87478256	 48.93881226	 41.84590912	 55.64774704	 48.08543777	 41.97404861	        -278	         280
 0.90000	 55.40913010	 48.01062012	 41.10438538	 56.72394180	 48.69756699	 40.88335419	        -279	         281
 0.90000	 57.08781433	 48.10990143	 41.46193695	 55.83852005	 47.27971268	 41.47266769	        -280	         282
 0.90000	 54.96167374	 47.09043884	 41.39683533	 54.66521454	 48.36991882	 42.12137222	        -281	         283
 0.90000	 54.09225082	 49.03290939	 41.91664124	 53.28565979	 49.38258743	 40.70132828	        -282	         284
 0.90000	 52.66270447	 48.75389481	 40.86498260	 53.35953140	 48.06464767	 42.00042725	        -283	         285
 0.90000	 53.42407990	 47.54648590	 42.73324585	 53.23010254	 46.81132889	 44.02614212	        -284	         286
 0.90000	 53.14652634	 46.25410461	 44.72774124	 53.00868607	 45.51166153	 46.02377319	        -285	         287
 0.90000	 53.23654938	 44.70629501	 45.69263077	 53.52634811	 44.98489761	 44.24755478	        -286	         288
 0.90000	 53.08718872	 44.28357315	 43.89375687	 52.12386703	 43.50679398	 44.74139786	        -287	         289
 0.90000	 52.20465851	 43.72288513	 45.61124039	 52.70228577	 44.81717300	 46.50836563	        -288	         290
 0.90000	 52.78796005	 44.19888687	 47.15916443	 51.84537125	 43.28169250	 46.43782043	        -289	         291
 0.90000	 52.15491486	 42.61172104	 45.92258453	 53.62943268	 42.40747452	 46.10696411	        -290	         292
 0.90000	 54.40883636	 41.98781586	 46.26879883	 55.32588196	 40.89258194	 46.72640228	        -291	         293
 0.90000	 56.17543793	 41.14173508	 46.88762665	 56.49515915	 42.59291458	 46.68342590	        -292	         294
 0.90000	 56.87534714	 43.40655518	 46.62733078	 57.47504807	 44.78024292	 46.57060242	        -293	         295
 0.90000	 58.18808746	 45.32504272	 46.50151825	 59.64790344	 45.64492798	 46.37222672	        -294	         296
 0.90000	 60.45757675	 45.62530136	 46.76543808	 61.87837601	 45.23917007	 47.05245972	        -295	         297
 0.90000	 62.08693695	 45.18140411	 46.17753220	 60.74477768	 45.79290771	 45.90423965	        -296	         298
 0.90000	 60.18440247	 45.08841324	 45.91054153	 60.38793945	 43.95092010	 46.86695099	        -297	         299
 0.90000	 60.70701599	 43.39965057	 46.23088074	 60.36060715	 44.34885025	 45.12232208	        -298	         300
 0.90000	 61.00254440	 44.86402893	 45.49474335	 61.27981949	 43.99239731	 46.68367386	        -299	         301
 0.90000	 61.24565887	 43.11824036	 46.89591217	 61.92383957	 41.78110123	 46.94276810	        -300	         302
 0.90000	 61.20636749	 41.50664520	 47.41471100	 60.48359680	 42.81676483	 47.30798340	        -301	         303
 0.90000	 59.89997864	 43.16372681	 46.71681976	 59.56568909	 44.09207535	 45.58699417	        -302	         304
 0.90000	 59.69282913	 43.86472321	 44.72531509	 60.84186554	 42.94680023	 44.42992783	        -303	         305
 0.90000	 61.25385666	 42.38000870	 43.86471939	 61.55194855	 41.58536911	 42.62790298	        -304	         306
 0.90000	 62.01565933	 41.14288330	 41.99588394	 62.74194336	 39.94070816	 41.46924591	        -305	         307
 0.90000	 63.18225098	 39.81632996	 42.24489212	 62.49304581	 41.04734421	 42.75442123	        -306	         308
 0.90000	 61.69990158	 40.63077164	 42.66654587	 62.32793427	 39.40632629	 42.06963348	        -307	         309
 0.90000	 62.81386185	 38.96783447	 41.45173645	 62.84168243	 37.55871964	 40.93814087	        -308	         310
 0.90000	 62.67814636	 36.74367905	 40.59238434	 62.40134430	 35.39767838	 39.99090195	        -309	         311
 0.90000	 61.52272415	 35.41914368	 39.79686356	 61.15893936	 36.80412292	 40.24338150	        -310	         312
 0.90000	 60.69991302	 37.49806595	 40.58618164	 59.66040802	 38.19801712	 41.41045380	        -311	         313
 0.90000	 60.01154709	 39.02565765	 41.45162582	 61.37457275	 38.85520554	 40.84894562	        -312	         314
 0.90000	 62.15077972	 39.02198792	 40.42433548	 63.40869141	 39.32812500	 39.66663361	        -313	         315
 0.90000	 63.19948578	 40.20114899	 39.59653091	 61.92860794	 39.88979721	 40.33002090	        -314	         316
 0.90000	 61.33342743	 39.27882385	 40.04213715	 61.47119141	 37.86228943	 39.56831741	        -315	           0
