0.00002629
0.00006216
0.00000000
0.00007002
0.00007002
0.00006075
0.00009771
0.00018048
0.00018711
0.00018711
0.00033387
0.00042887
0.00042887
0.00000000
0.00005717
0.00084868
0.00084868
0.00005717
0.00000000
0.00000000
0.00000000
0.00104973
0.00104973
0.00182385
0.00182385
0.00027935
0.00011703
0.00131720
0.00131720
0.00111423
0.00111423
0.00007406
0.00000000
0.00000000
0.00008916
0.00214996
0.00222310
0.00222310
0.00180124
0.00180124
0.00010712
0.00008916
0.00015199
0.00059739
0.00059739
0.00231000
0.00231000
0.00003571
0.00000000
0.00000000
0.00000000
0.00000000
0.00000000
0.00009896
0.00127162
0.00127162
0.00009896
0.00011861
0.00011861
0.00002680
0.00006794
0.00006929
0.00059869
0.00059869
0.00000000
0.00011335
0.00005735
0.00001695
0.00019817
0.00239403
0.00239403
0.00016759
0.00009608
0.00000000
0.00000000
0.00000000
0.00049701
0.00439725
0.00439725
0.00408186
0.00408186
0.00047549
0.00005926
0.00010613
0.00016413
0.00016473
0.00016473
0.00005006
0.00027477
0.00027477
0.00004137
0.00000000
0.00000000
0.00000000
0.00000000
0.00017354
0.00123299
0.00123299
0.00014388
0.00012188
0.00021723
0.00020856
0.00000000
0.00000000
0.00000000
0.00000000
0.00000000
0.00006763
0.00008945
0.00020079
0.00026539
0.00026539
0.00018650
0.00014999
0.00022768
0.00022768
0.00000008
0.00003258
0.00003258
0.00036800
0.00036800
0.00002196
0.00013444
0.00058878
0.00058878
0.00170680
0.00170680
0.00198779
0.00198779
0.00012812
0.00036994
0.00036994
0.00014214
0.00014214
0.00005990
0.00019274
0.00019274
0.00012456
0.00176799
0.00176799
0.00020710
0.00020710
0.00017168
0.00020967
0.00020967
0.00010938
0.00283978
0.00283978
0.00000000
0.00003682
0.00104883
0.00104883
0.00002585
0.00184593
0.00184593
0.00130203
0.00028876
0.00134329
0.00134329
0.00165926
0.00165926
0.00005496
0.00005086
0.00000000
0.00006375
0.00276653
0.00276653
0.00037077
0.00009021
0.00075499
0.00075499
0.00011934
0.00013073
0.00013073
0.00021789
0.00021789
0.00016147
0.00006739
0.00001223
0.00007605
0.00007605
0.00008599
0.00019001
0.00019001
0.00018984
0.00016453
0.00016453
0.00014200
0.00000000
0.00013906
0.00013906
0.00010004
0.00033594
0.00004354
0.00008588
0.00011234
0.00011234
0.00000000
0.00020667
0.00226042
0.00226042
0.00155709
0.00155709
0.00020667
0.00007295
0.00000213
0.00000213
0.00004354
0.00033594
0.00028640
0.00028640
0.00000000
0.00002193
0.00002193
0.00000000
0.00000000
0.00025725
0.00025725
0.00010000
0.00017753
0.00025871
0.00025871
0.00024853
0.00024853
0.00018120
0.00006572
0.00000000
0.00000000
0.00029432
0.00000000
0.00000000
0.00094842
0.00124104
0.00124104
0.00021266
0.00000000
0.00007405
0.00107421
0.00107421
0.00016612
0.00010070
0.00020114
0.00020114
0.00019878
0.00010741
0.00004865
0.00037885
0.00037885
0.00009172
0.00007542
0.00029879
0.00034887
0.00034887
0.00005712
0.00011150
0.00011906
0.00011906
0.00012715
0.00014771
0.00014771
0.00017997
0.00021893
0.00000000
0.00004769
0.00021893
0.00000000
0.00000000
0.00019463
0.00007458
0.00000000
0.00010231
0.00082443
0.00082443
0.00151433
0.00151433
0.00132537
0.00132537
0.00079392
0.00247065
0.00247065
0.00064117
0.00013407
0.00013407
0.00017711
0.00017711
0.00015268
0.00007780
0.00008407
0.00088744
0.00088744
0.00012558
0.00012558
0.00016635
0.00016635
0.00000000
0.00071010
0.00071010
0.00005414
0.00184202
0.00184202
0.00077836
0.00077836
0.00008198
0.00000000
0.00000000
0.00044717
0.00044717
0.00007655
0.00000000
0.00000000
0.00012554
0.00012554
0.00005917
0.00035176
0.00035176
0.00005917
