0.00001441
0.00001546
0.00004188
0.00006606
0.00006606
0.00005184
0.00006746
0.00009433
0.00009433
0.00007847
0.00007847
0.00018492
0.00018492
0.00003867
0.00005824
0.00009260
0.00009260
0.00007871
0.00007871
0.00007214
0.00012038
0.00018765
0.00018765
0.00010962
0.00010115
0.00010115
0.00013539
0.00016853
0.00016853
0.00011275
0.00011275
0.00008482
0.00008437
0.00022016
0.00022016
0.00014730
0.00014730
0.00010612
0.00009886
0.00023823
0.00023823
0.00018570
0.00013638
0.00012181
0.00012722
0.00020998
0.00020998
0.00013306
0.00013689
0.00027994
0.00027994
0.00019456
0.00020114
0.00020114
0.00019207
0.00017119
0.00028983
0.00028983
0.00029628
0.00029628
0.00025634
0.00025634
0.00013182
0.00020980
0.00020980
0.00027852
0.00027852
0.00021196
0.00022065
0.00028080
0.00028080
0.00015500
0.00014512
0.00014512
0.00008131
0.00013958
0.00022608
0.00022608
0.00013562
0.00022469
0.00022469
0.00021092
0.00018270
0.00018270
0.00016309
0.00022051
0.00022051
0.00022776
0.00022776
0.00015761
0.00024260
0.00024260
0.00012920
0.00023877
0.00023877
0.00025213
0.00025213
0.00007794
0.00009853
0.00009853
0.00020614
0.00031681
0.00031681
0.00015285
0.00013024
0.00020389
0.00029173
0.00029173
0.00024702
0.00024702
0.00011164
0.00014244
0.00018860
0.00018860
0.00017566
0.00017566
0.00007094
0.00011984
0.00026210
0.00026210
0.00016634
0.00008335
0.00015825
0.00020473
0.00020473
0.00015331
0.00009841
0.00021874
0.00021874
0.00019879
0.00011661
0.00011661
0.00020776
0.00031981
0.00031981
0.00020724
0.00008024
0.00010720
0.00012642
0.00020640
0.00031694
0.00035271
0.00035271
0.00034958
0.00022039
0.00011238
0.00011238
0.00010271
0.00010467
0.00019292
0.00019292
0.00036984
0.00036984
0.00032137
0.00019669
0.00008581
0.00007478
0.00007478
0.00011958
0.00014823
0.00020369
0.00020369
0.00018422
0.00010714
0.00010714
0.00003991
0.00018392
0.00018392
0.00036190
0.00270539
0.00099819
0.00000000
0.00000000
0.00000000
0.00000000
0.00012267
0.00012267
0.00016869
0.00018887
0.00018474
0.00013801
0.00004803
0.00018887
0.00013291
0.00013291
0.00019341
0.00019341
0.00018558
0.00018558
0.00008977
0.00020571
0.00022505
0.00022505
0.00014048
0.00010359
0.00012674
0.00022556
0.00022556
0.00018186
0.00024880
0.00024880
0.00017331
0.00017331
0.00017642
0.00018927
0.00019890
0.00019890
0.00012002
0.00017350
0.00019707
0.00019707
0.00015423
0.00018281
0.00018281
0.00010204
0.00013194
0.00013194
0.00004829
0.00004829
0.00011873
0.00011873
0.00019316
0.00021954
0.00021954
0.00010103
0.00010103
0.00017399
0.00025583
0.00025583
0.00014434
0.00010496
0.00010496
0.00009183
0.00002823
0.00017611
0.00017611
0.00010717
0.00016522
0.00016522
0.00009680
0.00009680
0.00012401
0.00026623
0.00035522
0.00035522
0.00021268
0.00016443
0.00003779
0.00000000
0.00000000
0.00145499
0.00111704
0.00219014
0.00000000
0.00000000
0.00000000
0.00013721
0.00024658
0.00024658
0.00014550
0.00019072
0.00019072
0.00021603
0.00021603
0.00023402
0.00023402
0.00017510
0.00011759
0.00011759
0.00012643
0.00012643
0.00012100
0.00008520
0.00016368
0.00016368
0.00011200
0.00011200
0.00007871
0.00000602
0.00000602
0.00000000
0.00000000
0.00015721
0.00270539
0.00000000
0.00000000
0.00000000
0.00002379
0.00018837
0.00018837
0.00018041
0.00013909
0.00016924
0.00016924
0.00012870
0.00017361
0.00017361
0.00015152
0.00008789
0.00005940
0.00014042
0.00014042
0.00008092
0.00017724
0.00017724
0.00016136
0.00017905
0.00017905
0.00017572
0.00011014
0.00011014
0.00011095
0.00019408
0.00019408
0.00016172
0.00004709
