1.49997
2.05249
1.99489
2.28833
2.59305
3.06251
3.44526
3.34338
4.65263
4.96683
5.59260
5.90501
5.54838
5.29905
3.99716
3.90846
4.85502
5.07122
4.44258
3.61294
3.40517
3.89052
3.99285
4.09349
4.96941
5.54763
5.10567
5.39411
6.57923
6.25466
4.76782
3.86809
2.55373
1.93111
3.05964
3.02329
2.40833
1.64495
0.90836
1.18777
2.63046
3.37795
4.80739
4.67862
3.25181
2.56560
2.67462
2.93317
2.82680
3.60481
5.02274
5.14190
3.71851
3.95125
5.44384
5.89805
6.81026
7.27403
6.36759
6.68721
7.32639
6.74728
5.34666
5.02690
4.58386
3.82849
2.62106
1.95784
2.03734
2.58316
2.91648
3.62492
4.57778
4.63196
4.65614
5.38715
5.35515
5.61791
7.08226
7.88926
9.19106
10.01422
10.96187
11.68501
10.83260
10.58081
10.41001
10.64879
11.99326
11.99508
10.58920
9.79848
9.08101
9.78419
11.06026
11.06726
11.82154
11.17857
10.63307
9.92308
9.68333
10.44029
11.85116
12.24018
12.26861
12.01947
11.63075
12.12012
12.27072
12.86258
13.10999
12.99485
13.22788
13.02489
12.91838
13.70761
13.89485
13.85288
12.98070
12.63702
12.19779
12.00190
11.97540
11.44632
10.48307
10.67321
11.69211
12.14730
11.75158
11.78797
11.83820
12.44617
12.74136
13.51831
14.81410
15.44815
15.95079
16.29964
16.95908
16.97127
16.34136
16.00191
15.53481
15.13102
14.97919
15.26622
15.19424
15.28042
15.67012
14.99152
13.88601
14.45458
15.54616
15.42105
14.17058
14.76500
15.97972
16.07003
14.72589
14.24761
15.17582
15.86768
16.79084
17.38104
17.67518
18.32204
19.68234
19.91098
18.58463
18.14113
18.05062
18.09596
18.29404
18.28313
18.01878
17.88897
17.76883
17.86227
17.32212
17.62529
18.52069
17.85719
16.91505
16.53338
17.08790
17.15000
15.86498
15.24512
14.82675
15.12278
15.09311
14.35526
14.22991
14.32691
14.20598
13.99209
13.51762
13.27310
13.74869
13.69007
13.04095
12.99853
12.75848
12.12129
12.27345
13.08450
13.22167
13.68154
13.95762
14.43726
15.28187
15.69230
15.11782
14.76063
14.84165
15.67529
15.66585
15.32406
14.28847
13.78669
12.99649
12.82237
12.72689
12.11225
12.20246
12.44464
12.90930
12.60102
11.89899
11.89525
12.62675
13.08401
13.31803
13.86074
15.02283
15.47013
15.12656
15.44760
16.49595
17.08404
17.98629
18.55979
19.46533
19.90486
19.56178
19.05910
17.67264
17.63886
18.92797
19.58011
20.21519
20.63910
21.59946
21.99369
21.92853
21.18311
19.74596
18.90502
17.53031
17.16099
18.57760
18.98659
18.69966
18.92805
20.17597
20.90413
20.32765
20.86749
21.22111
21.79762
23.18977
24.02046
25.33746
26.17730
27.54951
28.43327
29.40564
30.28580
30.96626
31.85723
33.06591
32.95464
31.64832
31.15908
32.13575
32.02712
31.11573
30.24186
29.45639
29.30733
30.09596
30.27949
30.20418
30.22917
30.21266
30.60237
31.44572
31.94698
32.81200
32.45197
31.59634
30.87965
29.56382
28.72374
28.36344
27.95916
27.33275
27.34215
27.65399
27.19236
25.75490
25.40135
26.71041
26.64970
26.18976
26.21514
26.85797
27.36676
28.18623
27.71127
26.53427
25.80477
24.78852
24.40444
23.85694
23.14241
22.86744
23.17183
24.43119
24.96372
23.94207
23.81120
24.95909
25.74450
26.49526
27.23619
28.37839
27.93557
26.81590
26.13026
25.27450
25.86151
27.17582
27.74885
27.29555
27.41221
27.54355
27.39336
28.16800
28.47110
28.98075
29.33882
28.91341
29.43638
30.56410
31.39967
32.25577
32.60182
32.70972
32.73936
32.56704
32.86914
33.65674
34.33444
34.09852
34.45009
34.65281
35.12873
36.19933
36.16414
35.19130
34.73066
35.20958
35.41970
36.46887
36.71032
35.71813
34.86792
33.84378
33.27285
33.14613
32.47655
31.09901
30.27749
29.78872
29.58112
29.66416
29.58326
29.31301
29.42159
30.13163
29.72858
28.49032
27.64612
26.23998
25.86513
26.72905
26.43717
25.45980
24.66856
23.25653
23.01927
23.18571
23.71969
24.97096
25.40399
24.18679
23.62177
22.66920
22.11030
21.55768
20.83309
20.17180
20.89638
22.15077
22.61487
23.09654
22.39414
22.05134
22.01817
22.19773
21.62060
21.36456
22.21400
22.56748
22.98653
22.25638
22.10933
22.43826
22.89091
22.26476
23.02386
23.79209
23.87996
22.71229
21.84650
20.92068
20.89128
21.81120
22.40479
21.68524
21.83231
21.57407
21.48590
20.92190
20.87756
21.18645
20.71170
20.51508
20.45562
20.86532
21.06521
21.62053
21.19557
19.78724
19.40419
20.08804
20.90772
22.22271
22.13878
20.79643
20.44581
21.33979
21.49096
22.04317
22.51118
22.98312
23.84319
24.35815
24.19179
23.59935
23.48579
24.15806
24.59709
25.37368
26.18317
27.60328
28.45896
29.79329
30.38621
31.08126
31.27183
30.72146
30.69326
31.11924
31.09241
30.59797
30.81304
31.97881
31.47556
30.30899
29.55497
29.50913
28.64425
27.92525
28.11206
29.36016
29.01454
27.64113
27.00468
26.20682
26.61637
27.35866
28.01277
27.33194
27.36774
26.35480
26.24139
26.58068
26.96082
27.00145
27.32968
27.63318
27.10326
25.83463
25.43530
25.45842
25.82962
25.25372
24.86424
25.23937
25.13052
24.72091
24.73651
24.94679
25.80700
26.36862
27.04831
27.64729
28.16009
27.94343
28.37236
28.61091
29.06906
29.99239
30.40902
29.51271
30.05136
30.88073
30.78084
30.14676
29.67041
28.85076
28.51111
28.90947
28.76072
28.05419
27.69518
27.86623
28.30972
29.31925
30.02278
29.37584
29.23000
29.29325
28.82350
27.49025
26.66482
25.26507
24.42876
23.45817
23.72652
24.58435
25.47465
25.76481
26.45271
27.75640
28.52446
29.86888
29.99725
28.74068
27.90544
27.89231
27.16620
26.04909
25.55851
24.63165
24.51856
25.62634
25.87923
24.45543
24.42654
25.47240
26.28957
27.73476
27.94369
26.58166
26.09792
25.48570
25.08620
25.20021
25.87656
27.36330
28.26249
29.74737
30.37409
30.06233
30.43430
31.55895
32.28884
33.58389
34.01097
33.70536
33.31593
33.16729
32.31768
31.28775
31.65671
32.51454
32.71254
31.85302
31.76121
32.29434
32.81712
33.92495
34.71140
36.06985
36.72929
36.62700
36.68323
36.61454
36.54038
36.36593
36.03542
35.32350
34.55009
34.13235
33.92559
34.32989
33.52639
32.68661
