 0.10000	 54.07485199	 45.12514877	 39.33779144	 54.50285339	 46.47589874	 39.83014679	           0	           2
 0.10000	 54.18238449	 47.02153778	 40.47043228	 53.05200195	 46.94319916	 41.45348740	          -1	           3
 0.10000	 52.39164734	 46.52424622	 41.90018082	 50.93552017	 46.32757950	 42.20273590	          -2	           4
 0.10000	 50.18238449	 46.80320740	 42.33649445	 49.20672607	 47.82838440	 42.83400726	          -3	           5
 0.10000	 49.20289993	 48.69794846	 43.06705475	 50.41660309	 49.52323532	 42.75727844	          -4	           6
 0.10000	 51.28562546	 49.29158020	 42.72005463	 51.82299805	 47.94327927	 43.09857941	          -5	           7
 0.10000	 51.94150162	 47.57978821	 42.28367233	 51.09526443	 46.94717407	 41.21888351	          -6	           8
 0.10000	 51.14432144	 46.10043716	 40.91731262	 52.24336624	 45.07997513	 40.88739395	          -7	           9
 0.10000	 52.47485352	 44.21097565	 40.85232925	 52.35048676	 42.71619034	 40.84732819	          -8	          10
 0.10000	 51.57584000	 42.26781082	 40.94084167	 50.18453598	 42.82116699	 41.02960587	          -9	          11
 0.10000	 49.35731888	 43.02015686	 41.32254410	 48.19677734	 43.37098312	 42.20566559	         -10	          12
 0.10000	 47.29795456	 43.36997223	 42.25150681	 45.87306595	 43.16999054	 41.82750702	         -11	          13
 0.10000	 45.34922791	 42.43778610	 41.83342743	 44.93892288	 41.33815002	 40.89932251	         -12	          14
 0.10000	 45.23556137	 40.50669861	 41.07520676	 46.38890076	 40.22365189	 41.99161148	         -13	          15
 0.10000	 47.04685593	 39.65910339	 42.23326874	 47.29037857	 38.76146698	 43.41017151	         -14	          16
 0.10000	 47.78296661	 38.13649750	 43.83231735	 47.27313614	 37.15579605	 42.81826782	         -15	          17
 0.10000	 46.71917725	 37.24304962	 42.11445618	 46.20726013	 38.56789017	 41.63206863	         -16	          18
 0.10000	 45.94155502	 39.27555466	 42.12034225	 45.99244690	 39.41271973	 43.61312485	         -17	          19
 0.10000	 46.21650314	 40.08726883	 44.16500473	 46.25693512	 41.29862213	 45.04858017	         -18	          20
 0.10000	 46.70683670	 41.73426819	 45.69472885	 47.83898163	 41.78045654	 46.67755890	         -19	          21
 0.10000	 47.86610794	 42.01976013	 47.54459381	 46.78956604	 42.49009323	 48.47716904	         -20	          22
 0.10000	 46.15467453	 42.61390305	 49.10265350	 45.04507828	 42.60401917	 50.11180878	         -21	          23
 0.10000	 44.23479462	 42.33723068	 50.39801788	 42.88161850	 41.71497726	 50.22043610	         -22	          24
 0.10000	 42.58432770	 40.86962509	 50.13821030	 43.41709137	 39.62233353	 50.11210632	         -23	          25
 0.10000	 43.06642914	 38.84392166	 49.82763290	 41.68143463	 38.62121582	 49.29658890	         -24	          26
 0.10000	 40.86892319	 38.43634415	 48.95706558	 39.49936295	 38.13661575	 48.42394638	         -25	          27
 0.10000	 38.78336334	 38.50358582	 48.02084732	 38.36820602	 39.87557602	 47.57913208	         -26	          28
 0.10000	 37.69031525	 40.09522247	 47.02962112	 36.72717667	 39.13274765	 46.40040588	         -27	          29
 0.10000	 36.21801758	 39.37803650	 45.70014572	 36.27108765	 40.69403458	 44.98241043	         -28	          30
 0.10000	 36.14440918	 41.49610138	 44.59466553	 35.67558289	 42.86301804	 44.19264221	         -29	          31
 0.10000	 36.02031708	 43.66422653	 43.97131348	 37.31868362	 44.39086914	 43.78151703	         -30	          32
 0.10000	 38.19058228	 44.57120514	 43.91159821	 39.52259827	 44.24824142	 44.52083588	         -31	          33
 0.10000	 40.37175751	 44.12228394	 44.79046631	 41.71086884	 43.75734711	 45.35914993	         -32	          34
 0.10000	 42.43481827	 44.10431290	 44.95244217	 42.19089890	 44.98960495	 43.76645279	         -33	          35
 0.10000	 42.23348236	 45.53348160	 43.05091858	 42.14340210	 46.50562286	 41.91223907	         -34	          36
 0.10000	 42.66936493	 46.71649170	 41.21317291	 44.04537582	 46.37412262	 40.72412872	         -35	          37
 0.10000	 44.74600983	 46.19398499	 40.18904114	 45.59293747	 45.45820618	 39.19347763	         -36	          38
 0.10000	 46.08937454	 45.94657135	 38.62337875	 45.94731140	 47.42707443	 38.81814575	         -37	          39
 0.10000	 46.22566223	 48.08792114	 38.27442551	 46.71457291	 48.07793427	 36.85643005	         -38	          40
 0.10000	 47.46817017	 48.44129562	 36.52488327	 48.71336746	 48.98846817	 37.15727234	         -39	          41
 0.10000	 49.02054214	 49.62124252	 37.71862411	 48.33282471	 50.59895325	 38.62475204	         -40	          42
 0.10000	 48.68983078	 51.14862823	 39.24131012	 50.07798767	 51.39141846	 39.75498962	         -41	          43
 0.10000	 50.84534073	 51.71851730	 40.09239578	 51.95507050	 52.56915665	 40.63529587	         -42	          44
 0.10000	 52.85072327	 52.51105499	 40.69971466	 53.96847534	 51.58079147	 40.33224106	         -43	          45
 0.10000	 54.35765076	 50.84332275	 39.99408722	 54.40985489	 49.59329605	 39.16672897	         -44	          46
 0.10000	 53.98304367	 48.80436325	 39.23989105	 52.92739868	 48.30614471	 40.18197250	         -45	          47
 0.10000	 52.22835159	 47.95780182	 40.62962723	 50.80452728	 47.81870651	 41.08082962	         -46	          48
 0.10000	 50.61758041	 47.54647064	 41.91837692	 51.30367279	 47.21573257	 43.21072006	         -47	          49
 0.10000	 51.69366837	 46.57525253	 43.70890045	 51.16465378	 45.17163086	 43.71546555	         -48	          50
 0.10000	 50.56225967	 44.51076889	 43.81750107	 49.17242432	 43.94857025	 43.77074432	         -49	          51
 0.10000	 48.43264008	 43.85887527	 44.27516174	 47.94362640	 44.29441071	 45.62458038	         -50	          52
 0.10000	 47.27137375	 44.40080261	 46.21317673	 45.86382675	 44.42839050	 46.73060226	         -51	          53
 0.10000	 45.01382065	 44.22584152	 46.94530487	 43.70903397	 43.51133347	 46.75345612	         -52	          54
 0.10000	 43.18844986	 43.32567596	 47.46366119	 43.37126923	 43.70500183	 48.90332031	         -53	          55
 0.10000	 44.16752243	 43.78683853	 49.31455994	 45.35394669	 43.46728516	 48.45418930	         -54	          56
 0.10000	 46.07250214	 43.98817825	 48.30536652	 46.53007126	 45.39286041	 48.56505203	         -55	          57
 0.10000	 46.06723022	 46.11822510	 48.82858658	 44.60644531	 46.15625000	 49.16693115	         -56	          58
 0.10000	 43.72421646	 46.25898743	 49.31104279	 42.24021912	 46.32913971	 49.10451126	         -57	          59
 0.10000	 41.71276855	 46.30699158	 49.83332825	 42.21383667	 46.00931931	 51.21545792	         -58	          60
 0.10000	 42.88602448	 46.45679855	 51.61279678	 43.51480484	 47.54602814	 50.79545212	         -59	          61
 0.10000	 44.38720703	 47.56850433	 50.57588577	 45.38069916	 46.45476151	 50.72558212	         -60	          62
 0.10000	 46.12486649	 45.95276642	 50.78816986	 47.47539520	 45.33396912	 50.99526215	         -61	          63
 0.10000	 48.05783844	 44.65791702	 50.87928391	 48.24349976	 43.31431961	 50.23892975	         -62	          64
 0.10000	 48.95635986	 42.77460861	 50.34068298	 50.23012161	 43.16530228	 51.02977753	         -63	          65
 0.10000	 50.54101562	 42.52940369	 51.58553314	 49.55194092	 41.41069412	 51.72748566	         -64	          66
 0.10000	 49.83780289	 40.68026733	 52.16859818	 51.23819733	 40.59968567	 52.69985580	         -65	          67
 0.10000	 51.89725113	 40.10565567	 53.06222916	 52.66354370	 38.84738159	 53.34391785	         -66	          68
 0.10000	 52.75413895	 38.43513489	 54.13872147	 52.09961319	 38.80161667	 55.43758774	         -67	          69
 0.10000	 51.80363464	 39.09907150	 56.23350906	 51.38726807	 39.90179825	 57.43010330	         -68	          70
 0.10000	 51.06378555	 40.34252930	 58.14476776	 50.27442932	 40.95814133	 59.26179886	         -69	          71
 0.10000	 50.36309814	 41.54267120	 59.94020844	 51.49691010	 42.26718903	 60.60306931	         -70	          72
 0.10000	 51.52974701	 43.13217163	 60.84902954	 50.69398117	 44.36596298	 60.67840958	         -71	          73
 0.10000	 49.85955048	 44.55142212	 60.39680481	 48.88513565	 43.57941437	 59.80055618	         -72	          74
 0.10000	 47.99977875	 43.41947937	 59.79251099	 46.66493988	 43.77281952	 60.37791824	         -73	          75
 0.10000	 45.86349106	 43.92635345	 60.75595093	 44.63386536	 44.25604630	 61.54847717	         -74	          76
 0.10000	 43.79158020	 44.16213989	 61.84849930	 42.42554092	 43.56810379	 62.01973724	         -75	          77
 0.10000	 41.63349533	 43.14559937	 62.06138611	 40.42893219	 42.25348282	 62.02881241	         -76	          78
 0.10000	 39.64682770	 41.87981415	 61.79199982	 38.38512039	 41.54520035	 61.05443954	         -77	          79
 0.10000	 37.59850311	 41.38941193	 60.64890289	 36.25716782	 41.25165176	 59.99316406	         -78	          80
 0.10000	 35.45458221	 41.14768219	 59.60163879	 34.10415649	 41.17739105	 58.95006180	         -79	          81
 0.10000	 33.55745697	 40.51391220	 58.68470383	 33.72856903	 39.02515793	 58.74860764	         -80	          82
 0.10000	 33.56596756	 38.14023590	 58.74226379	 33.05309296	 36.73086548	 58.75717163	         -81	          83
 0.10000	 32.80395889	 35.86671066	 58.72855377	 32.20047379	 34.49688721	 58.63259506	         -82	          84
 0.10000	 32.68358994	 33.74198151	 58.55117798	 34.16462326	 33.54402161	 58.68231964	         -83	          85
 0.10000	 34.75047302	 33.98098755	 58.15729904	 34.11122894	 34.98607635	 57.24562454	         -84	          86
 0.10000	 34.39406586	 35.74312973	 56.84976959	 35.37151718	 36.88045502	 56.81902695	         -85	          87
 0.10000	 36.26884460	 36.82655716	 56.77798080	 36.99855042	 35.51610565	 56.76756668	         -86	          88
 0.10000	 37.73386383	 35.05152512	 56.99825287	 39.08046341	 34.92019272	 57.64570999	         -87	          89
 0.10000	 39.54192734	 34.46450806	 58.26957321	 39.37131882	 33.36035919	 59.27032471	         -88	          90
 0.10000	 39.57948685	 33.08916473	 60.10270309	 40.18955612	 33.33418274	 61.45084763	         -89	          91
 0.10000	 40.55448914	 33.79555130	 62.13176346	 41.27157211	 34.84527969	 62.92781448	         -90	          92
 0.10000	 40.99935532	 35.70175552	 62.88073730	 39.84704590	 36.01425552	 61.97280502	         -91	          93
 0.10000	 39.34199524	 36.59253311	 61.50351334	 38.68919754	 37.76229095	 60.82867432	         -92	          94
 0.10000	 38.94688416	 38.57036591	 60.52809525	 40.27420425	 39.26894760	 60.53157425	         -93	          95
 0.10000	 40.79567719	 39.99038315	 60.40007782	 41.17392731	 41.40962982	 60.09620667	         -94	          96
 0.10000	 41.53387070	 42.19104767	 59.83306885	 42.34151077	 43.37564850	 59.39258194	         -95	          97
 0.10000	 42.50081253	 43.94681168	 58.71591568	 42.14774704	 44.29202271	 57.29976654	         -96	          98
 0.10000	 41.96694183	 44.56761932	 56.46289444	 41.67945099	 44.99551010	 55.05459213	         -97	          99
 0.10000	 41.26565933	 45.33858490	 54.33353806	 40.25337219	 46.01124191	 53.45491791	         -98	         100
 0.10000	 39.59833527	 46.34800339	 52.93849945	 38.48802185	 46.80411911	 52.03925705	         -99	         101
 0.10000	 37.61675644	 47.02354431	 51.99019623	 36.22323990	 47.25544357	 52.49433899	        -100	         102
 0.10000	 35.99906921	 47.08916473	 53.34984207	 36.94185638	 46.33747101	 54.24203110	        -101	         103
 0.10000	 37.49904633	 46.78623962	 54.78803253	 37.80337906	 48.24002075	 54.57875443	        -102	         104
 0.10000	 37.39150620	 49.03811264	 54.52246475	 35.98199081	 49.50784683	 54.31655884	        -103	         105
 0.10000	 35.09722900	 49.57058334	 54.46809769	 33.87880325	 49.28696060	 55.29564667	        -104	         106
 0.10000	 33.24457932	 48.70143509	 55.04104233	 33.45299911	 47.75581741	 53.89551544	        -105	         107
 0.10000	 33.05608368	 47.65599442	 53.09410095	 32.01738358	 48.44290924	 52.35134125	        -106	         108
 0.10000	 31.88058090	 48.86831284	 51.57022095	 32.58975220	 49.49184799	 50.40480042	        -107	         109
 0.10000	 32.71643829	 49.35695648	 49.52415085	 32.45661163	 48.34819794	 48.44494247	        -108	         110
 0.10000	 32.40079117	 47.81660461	 47.72113037	 32.61003113	 46.94403076	 46.51921463	        -109	         111
 0.10000	 32.01280212	 46.60086060	 45.94007111	 30.53439140	 46.82642365	 46.05577850	        -110	         112
 0.10000	 30.02359009	 46.49058914	 45.39525223	 30.59067917	 45.75049591	 44.22029495	        -111	         113
 0.10000	 30.98949051	 45.32475281	 43.53517532	 32.05298233	 44.86914062	 42.58060837	        -112	         114
 0.10000	 32.25691986	 44.12483215	 42.11776352	 31.67727661	 42.74860764	 41.97684097	        -113	         115
 0.10000	 31.66044998	 41.89356995	 41.69699860	 31.92904282	 40.58459854	 41.01568604	        -114	         116
 0.10000	 32.50504303	 39.91783524	 40.83277893	 33.88871002	 39.36509705	 41.00514603	        -115	         117
 0.10000	 34.73370361	 39.06177902	 40.94547272	 36.13929749	 38.67662048	 40.59110260	        -116	         118
 0.10000	 37.03503418	 38.64954376	 40.67232895	 38.34035492	 39.20483780	 41.15977859	        -117	         119
 0.10000	 38.98997498	 38.73726654	 41.57119751	 38.95001602	 37.32289505	 42.06898880	        -118	         120
 0.10000	 38.93378067	 36.43666458	 41.91402435	 38.75144577	 35.39857864	 40.84682846	        -119	         121
 0.10000	 38.45840836	 34.60296249	 40.54556274	 37.69556046	 33.31158829	 40.54607010	        -120	         122
 0.10000	 37.35918808	 32.48828506	 40.68266678	 36.84718323	 31.12511444	 41.04243469	        -121	         123
 0.10000	 37.05958939	 30.52744293	 41.68073654	 38.09673309	 30.53114128	 42.76423645	        -122	         124
 0.10000	 38.50576782	 30.42617035	 43.55860138	 38.90937424	 30.26184845	 44.99369049	        -123	         125
 0.10000	 39.04558182	 30.26336670	 45.88284302	 38.99893188	 30.46251488	 47.36862946	        -124	         126
 0.10000	 39.16330719	 30.45230293	 48.25309372	 39.71249771	 30.37868118	 49.64685440	        -125	         127
 0.10000	 39.99179077	 29.87141418	 50.33553696	 40.17414474	 28.44410133	 50.75894165	        -126	         128
 0.10000	 40.60767746	 27.97406197	 51.39201355	 41.50265503	 28.08275795	 52.59067917	        -127	         129
 0.10000	 42.21943283	 28.16132164	 53.12843704	 43.58679199	 28.46363449	 53.66512680	        -128	         130
 0.10000	 44.45212173	 28.60927773	 53.86218262	 45.94344330	 28.75792503	 53.91526031	        -129	         131
 0.10000	 46.78673935	 29.06550407	 53.97050858	 48.02668762	 29.90515137	 54.05231857	        -130	         132
 0.10000	 48.81451797	 30.33266640	 54.12834167	 50.01935577	 31.16744423	 54.44649887	        -131	         133
 0.10000	 50.82103729	 30.88040543	 54.15537643	 50.88279343	 29.59713173	 53.38124466	        -132	         134
 0.10000	 50.98821640	 28.81116295	 52.95587540	 51.23234940	 27.46992683	 52.33026886	        -133	         135
 0.10000	 50.59779358	 26.87261581	 52.10556793	 49.12400055	 27.07193947	 52.30065536	        -134	         136
 0.10000	 48.23310471	 27.00753593	 52.40950012	 46.76328278	 26.79555893	 52.62014389	        -135	         137
 0.10000	 45.95439148	 26.81255341	 53.01402283	 45.04514694	 27.25735283	 54.12094879	        -136	         138
 0.10000	 44.26856613	 26.81959915	 54.24447250	 44.07065964	 25.67189407	 53.29921341	        -137	         139
 0.10000	 43.26860428	 25.28367233	 53.42539215	 42.36842728	 25.84577751	 54.48540878	        -138	         140
 0.10000	 41.76622009	 26.16625214	 55.07221985	 41.07223892	 26.89396477	 56.18518448	        -139	         141
 0.10000	 40.19238663	 27.07864380	 56.14393997	 39.39657211	 26.51831055	 55.00259018	        -140	         142
 0.10000	 38.93427277	 26.90866280	 54.33648682	 38.90824509	 28.29679298	 53.76888657	        -141	         143
 0.10000	 38.54949570	 29.07356453	 53.49045944	 37.54763412	 30.17637634	 53.31834793	        -142	         144
 0.10000	 37.12911606	 30.95521164	 53.15236282	 36.71309662	 32.35311890	 52.80282211	        -143	         145
 0.10000	 36.45575333	 33.20827866	 52.69396973	 36.13747406	 34.67391968	 52.70824814	        -144	         146
 0.10000	 35.64311981	 35.41339493	 52.57262039	 34.33032990	 36.07250595	 52.26932907	        -145	         147
 0.10000	 34.17993927	 36.83303070	 51.81244659	 35.21029663	 37.60443878	 51.04226685	        -146	         148
 0.10000	 35.24617386	 38.49771118	 50.93940353	 34.42317200	 39.59655380	 51.54357529	        -147	         149
 0.10000	 34.07543945	 40.37437439	 51.83293915	 33.43001175	 41.67507172	 52.20903397	        -148	         150
 0.10000	 33.73324585	 42.39212036	 52.66040802	 35.10723495	 42.69111633	 53.18250656	        -149	         151
 0.10000	 35.63735962	 42.86759186	 53.88788605	 35.83941650	 43.00765991	 55.36750412	        -150	         152
 0.10000	 36.17504883	 42.65631104	 56.12489319	 36.68659592	 41.41616058	 56.79584503	        -151	         153
 0.10000	 37.43034744	 41.14931488	 57.22655487	 38.69485474	 41.83789825	 57.64707565	        -152	         154
 0.10000	 39.43544388	 41.33164215	 57.57566452	 39.29889297	 39.96255875	 56.97840881	        -153	         155
 0.10000	 39.37844467	 39.13616562	 56.63162613	 39.46065140	 37.75694275	 56.04814148	        -154	         156
 0.10000	 39.63618088	 36.99467087	 55.60390091	 40.04259109	 35.80670547	 54.78352356	        -155	         157
 0.10000	 40.57123184	 35.43731689	 54.15633011	 41.69033432	 35.61095047	 53.17310333	        -156	         158
 0.10000	 42.37447739	 35.59996414	 52.58933258	 43.49319839	 35.47574234	 51.59823990	        -157	         159
 0.10000	 44.32497406	 35.57957077	 51.27193069	 45.76958466	 35.98233795	 51.25715256	        -158	         160
 0.10000	 46.59857941	 36.33174515	 51.25725555	 47.88010406	 37.07254791	 51.49897003	        -159	         161
 0.10000	 48.52228546	 37.58910370	 51.13798904	 49.01433945	 38.30970383	 49.91803741	        -160	         162
 0.10000	 49.35498428	 38.76132202	 49.21831131	 50.10496521	 39.40488052	 48.08995819	        -161	         163
 0.10000	 49.77650070	 39.95547104	 47.45838547	 48.36780930	 40.44662094	 47.30274963	        -162	         164
 0.10000	 47.55981827	 40.74470520	 47.04203415	 46.14818192	 40.99030304	 46.59848785	        -163	         165
 0.10000	 45.68135834	 41.60181427	 46.13170242	 46.19625092	 42.80762863	 45.40309525	        -164	         166
 0.10000	 46.12231445	 43.39967728	 44.72944260	 45.60049057	 44.15626907	 43.54407120	        -165	         167
 0.10000	 44.95368576	 43.89503479	 42.97549820	 44.06228638	 42.69624710	 43.11034775	        -166	         168
 0.10000	 44.11924744	 41.79913330	 43.06930161	 45.20285034	 40.76204300	 43.06066132	        -167	         169
 0.10000	 46.01442337	 40.38438797	 42.96787643	 47.24218750	 39.77019882	 43.57221603	        -168	         170
 0.10000	 48.01583481	 39.35700226	 43.37053299	 48.81164551	 38.92178726	 44.56514740	        -169	         171
 0.10000	 49.42125702	 38.82332993	 45.21960449	 50.41104126	 38.69359589	 46.33900452	        -170	         172
 0.10000	 50.97904205	 38.30202103	 46.91644287	 51.82067490	 37.25918198	 47.58998871	        -171	         173
 0.10000	 51.97688293	 36.42234802	 47.88079453	 51.52956390	 35.00043869	 48.04614639	        -172	         174
 0.10000	 51.41038513	 34.11229324	 47.96994400	 51.37531281	 32.69222641	 47.48928452	        -173	         175
 0.10000	 51.29680252	 31.82336235	 47.27149963	 51.13552856	 30.34660721	 47.06636429	        -174	         176
 0.10000	 50.90672684	 29.59438324	 46.62972641	 50.34165955	 28.74478149	 45.53061295	        -175	         177
 0.10000	 50.06803131	 28.30867767	 44.79293823	 49.87432480	 27.73463249	 43.42089844	        -176	         178
 0.10000	 49.27164841	 27.66805458	 42.75604248	 47.93492126	 28.14910698	 42.27489090	        -177	         179
 0.10000	 47.03664398	 28.20046616	 42.28886032	 45.75420380	 27.83408928	 42.97514725	        -178	         180
 0.10000	 44.92394638	 28.13821220	 43.14274597	 43.95061111	 29.27378654	 43.02880478	        -179	         181
 0.10000	 43.41158295	 29.98027420	 42.88697815	 42.48300171	 31.07670784	 42.45637894	        -180	         182
 0.10000	 42.75197220	 31.92889214	 42.34978104	 44.18238068	 32.34761429	 42.51852798	        -181	         183
 0.10000	 44.89857864	 32.79684448	 42.82663727	 45.83721924	 33.36720276	 43.84814835	        -182	         184
 0.10000	 46.22665787	 34.17844009	 43.84819794	 46.06305695	 35.39973068	 42.99290466	        -183	         185
 0.10000	 45.93885803	 35.59328461	 42.12289810	 45.66856766	 34.67127228	 40.97106934	        -184	         186
 0.10000	 45.58272552	 34.54352188	 40.08446884	 45.79168320	 34.94609070	 38.65473557	        -185	         187
 0.10000	 45.22892761	 34.90687561	 37.95359802	 43.84458923	 34.32936096	 37.95133209	        -186	         188
 0.10000	 43.13524246	 34.65022659	 37.50004578	 42.94961548	 35.90353394	 36.69720840	        -187	         189
 0.10000	 42.94890594	 36.66785049	 36.22245026	 43.27544785	 37.95887375	 35.53241348	        -188	         190
 0.10000	 43.73865128	 38.62889099	 35.15053558	 44.94667816	 39.37612915	 34.66920090	        -189	         191
 0.10000	 45.45536423	 40.04898071	 34.35668182	 45.92744446	 41.38591766	 33.86777878	        -190	         192
 0.10000	 46.21540833	 42.18478012	 33.57083511	 46.76303864	 43.48541260	 33.06293106	        -191	         193
 0.10000	 46.63391495	 44.35050201	 32.85185623	 45.70014572	 45.49661636	 32.59842300	        -192	         194
 0.10000	 45.31712341	 46.19678497	 33.01421738	 44.95668411	 46.64545822	 34.39935303	        -193	         195
 0.10000	 45.35555267	 47.36660767	 34.76087952	 46.48969650	 48.06259537	 34.06865311	        -194	         196
 0.10000	 47.11447144	 48.68349838	 33.88473511	 48.03345871	 49.85663605	 33.71491241	        -195	         197
 0.10000	 48.57704926	 50.56848526	 33.80126953	 49.59826660	 51.61273193	 34.14262390	        -196	         198
 0.10000	 49.48037338	 52.34399414	 34.65370178	 48.23195648	 52.76091003	 35.37306595	        -197	         199
 0.10000	 47.42676163	 52.90361404	 35.74853516	 45.97431183	 52.92381287	 36.12237167	        -198	         200
 0.10000	 45.34454346	 52.32390213	 36.35323715	 45.16602325	 50.83783340	 36.25537109	        -199	         201
 0.10000	 45.32212448	 50.31345367	 36.96991348	 45.92168427	 50.86307907	 38.23017120	        -200	         202
 0.10000	 46.26426315	 51.06276321	 39.03789520	 46.66830826	 51.61833191	 40.37128067	        -201	         203
 0.10000	 47.30107880	 51.31833649	 40.93648911	 48.27075577	 50.20942688	 40.65383911	        -202	         204
 0.10000	 48.51939011	 49.40006638	 40.95857239	 48.23797226	 48.27071381	 41.90465546	        -203	         205
 0.10000	 47.64735031	 47.69975281	 42.27189255	 46.21470642	 47.30445099	 42.47444153	        -204	         206
 0.10000	 45.34895325	 47.17740250	 42.26489639	 44.15400314	 47.27762604	 41.36393738	        -205	         207
 0.10000	 43.42030334	 47.44517136	 40.87081909	 42.24697876	 47.79843903	 40.00578308	        -206	         208
 0.10000	 41.49080276	 47.33325958	 39.85857773	 40.92242813	 46.06507874	 40.42290497	        -207	         209
 0.10000	 41.32839584	 45.29673004	 40.65686035	 42.81486893	 45.09633636	 40.66660309	        -208	         210
 0.10000	 43.52374268	 44.55202866	 40.77158356	 44.25283051	 43.26873016	 41.03903580	        -209	         211
 0.10000	 45.06748962	 42.98302460	 40.78419495	 46.37122345	 42.43672180	 41.28596878	        -210	         212
 0.10000	 47.21173859	 42.66984940	 41.06443787	 46.95139694	 43.26602554	 39.71290207	        -211	         213
 0.10000	 47.01282883	 43.65942764	 38.90597534	 46.99368286	 44.25556946	 37.52975082	        -212	         214
 0.10000	 47.20511246	 44.96344376	 37.01597977	 47.53151321	 46.42614365	 36.95415878	        -213	         215
 0.10000	 48.39829636	 46.66638947	 36.92608261	 49.45235443	 45.60583115	 37.04473114	        -214	         216
 0.10000	 50.16485214	 45.06753922	 37.15568161	 51.16685867	 43.96121979	 37.30365372	        -215	         217
 0.10000	 51.94784164	 43.99917984	 37.74911499	 52.30231857	 45.16353607	 38.62573624	        -216	         218
 0.10000	 53.12042236	 45.52790833	 38.53775406	 54.01870728	 45.36104584	 37.34817886	        -217	         219
 0.10000	 54.49115753	 44.60585022	 37.22018051	 54.22414017	 43.42740631	 38.10888672	        -218	         220
 0.10000	 53.94299698	 42.74696350	 38.62614822	 53.14248657	 41.88085556	 39.55278015	        -219	         221
 0.10000	 52.48005676	 41.53778839	 40.05589676	 51.22038269	 41.37454224	 40.85358429	        -220	         222
 0.10000	 50.32070923	 41.36112595	 40.85475922	 49.02459335	 41.52565384	 40.11811447	        -221	         223
 0.10000	 48.61279678	 41.20305252	 39.38620758	 48.93428802	 40.28002548	 38.24882889	        -222	         224
 0.10000	 49.15075684	 39.84329987	 37.49348068	 49.74539566	 39.31027222	 36.22448349	        -223	         225
 0.10000	 49.97776031	 38.88507843	 35.46791077	 50.21063614	 38.03668976	 34.25405884	        -224	         226
 0.10000	 50.22471619	 37.59016037	 33.47484589	 50.03453445	 36.94705200	 32.13405228	        -225	         227
 0.10000	 49.85520554	 36.58143997	 31.33322906	 49.41885757	 36.03654099	 30.00630188	        -226	         228
 0.10000	 49.19235611	 35.63573074	 29.23406410	 48.60258102	 35.01662064	 28.00193214	        -227	         229
 0.10000	 49.07451248	 34.38872910	 27.56290627	 50.35071945	 33.83745575	 28.12615776	        -228	         230
 0.10000	 51.13866425	 34.20873260	 28.35241890	 51.36670685	 35.69087219	 28.31877327	        -229	         231
 0.10000	 51.89793777	 36.17472839	 28.86059380	 52.67890549	 35.85312271	 30.10016060	        -230	         232
 0.10000	 53.22199631	 35.65774155	 30.79053497	 54.14592361	 35.20917511	 31.88365173	        -231	         233
 0.10000	 54.76738358	 34.67415619	 32.25403976	 55.54092026	 33.40211487	 32.43671036	        -232	         234
 0.10000	 56.30520630	 33.20485687	 32.00458908	 57.05179977	 34.16339874	 31.12499619	        -233	         235
 0.10000	 57.00909424	 34.11587143	 30.22734833	 56.02400589	 33.23684692	 29.51549339	        -234	         236
 0.10000	 55.51839828	 32.77734375	 28.92981148	 54.70560074	 31.88641930	 28.03788567	        -235	         237
 0.10000	 54.33520889	 31.94293594	 27.21965408	 54.46282196	 32.97154236	 26.13538361	        -236	         238
 0.10000	 53.79266357	 33.33364105	 25.65613174	 52.31851578	 33.09849167	 25.80263329	        -237	         239
 0.10000	 51.48236847	 33.43080139	 25.81379890	 50.44945526	 34.51741409	 25.85937119	        -238	         240
 0.10000	 49.85786819	 35.18962097	 25.94686508	 49.03395081	 36.42650223	 26.14930916	        -239	         241
 0.10000	 48.40831375	 37.00478745	 26.43898582	 47.28263855	 37.46007538	 27.31960869	        -240	         242
 0.10000	 46.70318222	 38.14479828	 27.24769592	 46.56379700	 39.30751801	 26.31039047	        -241	         243
 0.10000	 46.24999237	 39.57519531	 25.51057434	 45.68464279	 39.12625885	 24.19580078	        -242	         244
 0.10000	 45.47935867	 38.63536072	 23.47013664	 45.41102982	 37.34013748	 22.71684456	        -243	         245
 0.10000	 45.37224960	 37.02821350	 21.87377548	 45.39594650	 37.43726730	 20.43100929	        -244	         246
 0.10000	 45.31263733	 37.57575989	 19.54619217	 45.01878738	 37.75183105	 18.08613586	        -245	         247
 0.10000	 44.89549255	 37.99961090	 17.23042297	 44.77324295	 38.62460327	 15.87265778	        -246	         248
 0.10000	 44.64712524	 39.01654816	 15.07292557	 44.49610901	 39.85703278	 13.83992100	        -247	         249
 0.10000	 43.99269867	 39.83514404	 13.09443283	 43.05116653	 38.85075378	 12.46649456	        -248	         250
 0.10000	 42.15637207	 38.79766083	 12.38686371	 41.07727051	 39.72500229	 12.86174583	        -249	         251
 0.10000	 40.34780502	 39.37573242	 13.25650501	 40.38415527	 37.89737701	 13.50754833	        -250	         252
 0.10000	 39.74325562	 37.38787842	 13.88113213	 38.39035034	 37.93829346	 14.22251511	        -251	         253
 0.10000	 37.49411392	 37.86174774	 14.24871445	 36.47792053	 36.98620224	 13.57744503	        -252	         254
 0.10000	 35.76591492	 36.74427795	 13.08312130	 34.65177155	 36.52669907	 12.10267735	        -253	         255
 0.10000	 33.76189804	 36.51023483	 11.96965313	 32.40238571	 36.82330704	 12.52073193	        -254	         256
 0.10000	 31.65983200	 36.55133057	 12.95032406	 31.00326729	 35.65866089	 13.96127701	        -255	         257
 0.10000	 30.53607750	 34.92630386	 13.72595787	 30.38478851	 34.60896301	 12.26774502	        -256	         258
 0.10000	 30.41944313	 33.78766251	 11.90127659	 30.83711243	 32.45570374	 12.45022488	        -257	         259
 0.10000	 30.91222000	 31.74663353	 12.99927425	 30.64139557	 30.95227432	 14.24247169	        -258	         260
 0.10000	 30.92033768	 30.78702354	 15.08196640	 31.75203896	 31.28080750	 16.22841644	        -259	         261
 0.10000	 32.60210800	 31.25003433	 16.52228165	 33.91784286	 30.69389343	 16.06459618	        -260	         262
 0.10000	 34.76594543	 30.83527946	 15.79906559	 35.86633301	 31.73651123	 15.32284641	        -261	         263
 0.10000	 36.57951736	 32.19824219	 15.02636147	 37.88958740	 32.72048569	 14.51565456	        -262	         264
 0.10000	 38.13623810	 33.56277847	 14.31672955	 37.29238510	 34.80000305	 14.40111732	        -263	         265
 0.10000	 37.25517654	 35.69912338	 14.40064526	 37.95963287	 37.01157761	 14.22418880	        -264	         266
 0.10000	 37.99092102	 37.56110001	 14.93623924	 37.86507797	 38.49997330	 16.09922409	        -265	         267
 0.10000	 38.00854111	 38.78581238	 16.94035339	 38.67417908	 39.37829971	 18.14687157	        -266	         268
 0.10000	 38.47411728	 39.26599884	 19.01706123	 37.60081482	 38.33684158	 19.80689621	        -267	         269
 0.10000	 36.81547546	 38.35356903	 20.24593735	 35.59026337	 39.19630051	 20.44202805	        -268	         270
 0.10000	 34.87555695	 39.74308395	 20.44660187	 33.92345047	 40.81049728	 19.99483871	        -269	         271
 0.10000	 33.21846771	 41.24753571	 20.34391022	 32.44937515	 41.31363297	 21.62999344	        -270	         272
 0.10000	 31.86165428	 41.29505157	 22.31116104	 30.82989311	 40.97584152	 23.35201645	        -271	         273
 0.10000	 30.14688110	 41.11642456	 23.92085838	 28.91238213	 41.83114243	 24.38466835	        -272	         274
 0.10000	 28.88055611	 42.06542969	 25.25300026	 30.01016808	 41.56409073	 26.10303879	        -273	         275
 0.10000	 30.51179123	 42.17884445	 26.52770042	 30.26914978	 43.61921310	 26.18638039	        -274	         276
 0.10000	 30.82860947	 44.20309448	 26.58132935	 32.19887924	 44.75671387	 26.32490540	        -275	         277
 0.10000	 32.77992249	 45.43399811	 26.44093895	 32.78012466	 46.64896393	 27.32055473	        -276	         278
 0.10000	 33.32493591	 47.34394836	 27.49361992	 34.75494003	 47.74852753	 27.29049110	        -277	         279
 0.10000	 34.89746475	 48.51979065	 26.84929466	 33.75610733	 49.32186890	 26.29805946	        -278	         280
 0.10000	 32.91267776	 49.31525040	 25.98440933	 31.64649963	 48.51318359	 25.92602348	        -279	         281
 0.10000	 31.59843254	 47.63763809	 25.72368431	 32.89462662	 46.92082214	 25.48703575	        -280	         282
 0.10000	 33.04471970	 46.03497696	 25.43618011	 32.40355682	 44.67906952	 25.45195389	        -281	         283
 0.10000	 31.55273056	 44.38975143	 25.49876785	 30.10160637	 44.51646423	 25.85664940	        -282	         284
 0.10000	 29.76906586	 45.23101807	 26.29103088	 30.69337463	 46.40159988	 26.13166618	        -283	         285
 0.10000	 30.31270409	 47.19461823	 26.32158279	 28.88039017	 47.16519547	 26.76599121	        -284	         286
 0.10000	 28.18817520	 47.74022293	 26.77442932	 27.50467873	 49.04266739	 26.48042679	        -285	         287
 0.10000	 27.85724068	 49.66992188	 25.93994141	 29.22066307	 49.52978516	 25.33057022	        -286	         288
 0.10000	 29.85628510	 49.01058960	 24.96139336	 30.28840828	 47.57984161	 24.83426476	        -287	         289
 0.10000	 30.08127022	 46.76564789	 24.51179314	 29.03623772	 45.96095657	 23.79747772	        -288	         290
 0.10000	 28.22638512	 45.58221054	 23.69503975	 26.75138283	 45.42852402	 23.92003632	        -289	         291
 0.10000	 26.14636803	 45.25653076	 24.56366158	 26.01241302	 45.05785751	 26.04435539	        -290	         292
 0.10000	 26.06231689	 44.87392426	 26.92384338	 26.67507744	 44.70830917	 28.28288651	        -291	         293
 0.10000	 26.43932533	 44.05828857	 28.85892105	 25.40669441	 43.00006104	 28.60634232	        -292	         294
 0.10000	 24.95230675	 42.22970963	 28.50680733	 24.70828819	 40.77055359	 28.25946617	        -293	         295
 0.10000	 23.88443375	 40.48845291	 28.03235245	 22.78030014	 41.46349716	 27.74933624	        -294	         296
 0.10000	 22.17545509	 41.98351669	 28.16603661	 22.15104485	 42.62828445	 29.52013969	        -295	         297
 0.10000	 21.38812256	 42.57847977	 29.99492645	 20.24250031	 41.73394775	 29.52142906	        -296	         298
 0.10000	 19.53412056	 41.40511703	 29.07437706	 18.55377197	 41.02507782	 28.00462914	        -297	         299
 0.10000	 18.29330635	 41.22256851	 27.16615295	 18.63763428	 42.00938797	 25.93641853	        -298	         300
 0.10000	 18.84039879	 42.83500290	 25.64124107	 19.14603615	 44.24183273	 26.06219864	        -299	         301
 0.10000	 19.29080772	 44.83025742	 26.72743225	 19.43879318	 44.97739792	 28.21274376	        -300	         302
 0.10000	 19.20134735	 45.00360489	 29.08020782	 18.32249069	 44.77349472	 30.27358437	        -301	         303
 0.10000	 17.81806183	 44.65258789	 31.00856590	 16.93752861	 44.43772888	 32.20352936	        -302	         304
 0.10000	 16.43218803	 44.29428101	 32.93395615	 15.80697632	 44.04406738	 34.27419281	        -303	         305
 0.10000	 14.95521355	 43.90159988	 34.52721786	 13.73831463	 43.57954025	 33.71154404	        -304	         306
 0.10000	 13.07610416	 44.18786240	 33.74823761	 13.34554577	 45.48862076	 34.44496918	        -305	         307
 0.10000	 13.31239986	 46.24303055	 34.93447113	 13.33036804	 47.19652176	 36.09222794	        -306	         308
 0.10000	 12.97307587	 48.02029419	 36.03173065	 12.43201351	 48.48419189	 34.71191406	        -307	         309
 0.10000	 11.67697811	 48.80495834	 34.34188461	 10.24184895	 49.18369293	 34.55842590	        -308	         310
 0.10000	  9.47885704	 48.70859909	 34.60387421	  9.29409504	 47.22242737	 34.52010727	        -309	         311
 0.10000	  8.76752853	 46.56726837	 34.84166718	  7.73842764	 46.29481888	 35.89837646	        -310	         312
 0.10000	  7.04597950	 45.74543762	 36.06755829	  6.16745186	 44.58307648	 35.71111679	        -311	         313
 0.10000	  5.85635853	 44.27102661	 34.92639923	  6.13916540	 44.81715012	 33.55828476	        -312	         314
 0.10000	  6.12366438	 44.64065552	 32.67598724	  6.09043121	 43.66300583	 31.53888702	        -313	         315
 0.10000	  5.50689411	 43.55770111	 30.86186028	  4.20132065	 44.17833710	 30.46153831	        -314	         316
 0.10000	  3.46142316	 44.37707138	 29.98927116	  2.33109760	 44.54175949	 29.01704025	        -315	           0
