0.00033188
0.00044944
0.00044944
0.00058794
0.00079974
0.00079974
0.00049275
0.00043850
0.00043239
0.00046603
0.00054372
0.00054372
0.00036793
0.00061499
0.00071857
0.00071857
0.00040600
0.00042571
0.00042571
0.00036676
0.00058436
0.00140124
0.00200916
0.00206630
0.00219208
0.00219208
0.00159923
0.00115001
0.00082871
0.00052195
0.00063501
0.00063501
0.00075092
0.00095856
0.00095856
0.00089277
0.00053588
0.00052634
0.00051805
0.00048704
0.00048704
0.00075993
0.00141867
0.00172185
0.00172185
0.00155593
0.00141755
0.00103008
0.00054929
0.00049186
0.00042300
0.00056341
0.00086040
0.00121811
0.00127801
0.00127801
0.00073527
0.00073527
0.00100818
0.00104584
0.00104584
0.00128450
0.00224477
0.00285886
0.00290262
0.00290262
0.00236844
0.00137483
0.00063750
0.00035247
0.00035247
0.00033884
0.00042544
0.00042544
0.00079353
0.00111351
0.00111351
0.00110590
0.00069929
0.00061712
0.00112116
0.00112116
0.00113116
0.00113116
0.00129431
0.00150616
0.00186344
0.00186344
0.00171985
0.00152970
0.00091279
0.00105754
0.00110329
0.00110329
0.00142519
0.00195313
0.00288421
0.00342312
0.00342312
0.00316779
0.00234065
0.00129626
0.00089182
0.00056105
0.00029317
0.00026524
0.00037407
0.00042097
0.00042097
0.00047496
0.00057852
0.00057852
0.00039480
0.00039480
0.00030889
0.00045237
0.00073727
0.00100530
0.00100530
0.00071619
0.00047502
0.00047502
0.00040792
0.00101981
0.00149577
0.00149686
0.00149686
0.00116931
0.00058310
0.00055622
0.00052296
0.00035749
0.00035749
0.00029928
0.00041335
0.00044520
0.00044520
0.00055706
0.00104604
0.00189038
0.00245632
0.00245632
0.00234836
0.00206498
0.00136137
0.00062564
0.00054056
0.00081117
0.00130851
0.00157047
0.00157047
0.00127782
0.00076626
0.00039028
0.00037831
0.00047793
0.00066169
0.00066169
0.00064929
0.00048662
0.00041504
0.00036606
0.00056661
0.00069378
0.00069378
0.00063919
0.00083619
0.00111162
0.00111162
0.00069644
0.00032300
0.00046301
0.00046301
0.00069902
0.00069902
0.00051770
0.00063275
0.00071368
0.00107425
0.00107425
0.00100952
0.00074262
0.00074262
0.00071726
0.00059030
0.00059030
0.00043121
0.00044241
0.00044241
0.00026396
0.00020565
0.00024814
0.00047227
0.00083115
0.00118048
0.00118048
0.00108065
0.00086138
0.00059083
0.00048262
0.00066716
0.00066716
0.00036991
0.00036903
0.00048513
0.00048513
0.00037314
0.00035876
0.00040421
0.00040421
0.00041809
0.00044310
0.00054356
0.00070921
0.00070921
0.00064008
0.00053167
0.00037598
0.00087495
0.00142137
0.00187901
0.00231161
0.00231170
0.00231336
0.00231336
0.00180166
0.00110787
0.00061606
0.00081146
0.00096600
0.00096600
0.00125572
0.00147030
0.00158676
0.00158676
0.00136209
0.00136209
0.00111748
0.00092390
0.00092390
0.00089707
0.00055529
0.00047704
0.00035731
0.00084686
0.00155995
0.00194260
0.00194532
0.00194532
0.00162669
0.00109644
0.00048544
0.00062706
0.00062706
0.00059293
0.00050657
0.00030840
0.00018219
0.00025807
0.00025807
0.00022370
0.00020358
0.00023072
0.00023222
0.00056075
0.00084677
0.00129113
0.00156341
0.00169199
0.00169199
0.00166958
0.00120526
0.00069402
0.00037132
0.00045833
0.00119512
0.00183183
0.00231509
0.00264003
0.00267301
0.00267301
0.00215894
0.00191252
0.00227402
0.00281669
0.00281669
0.00277996
0.00220356
0.00124751
0.00056086
0.00038596
0.00019050
0.00018664
0.00029483
0.00029483
0.00026703
0.00033632
0.00037641
0.00044260
0.00052864
0.00052864
0.00043261
0.00031587
0.00042844
0.00053659
0.00053659
0.00048074
0.00037098
0.00037115
0.00037115
0.00021924
0.00035438
0.00047742
0.00053053
0.00053053
0.00035140
