 0.10000	 19.78372765	 39.05499649	 77.17903137	 19.39623260	 40.34895325	 77.83095551	           0	           2
 0.10000	 19.08203888	 41.13008881	 78.14700317	 18.43396378	 42.42750931	 78.52816010	          -1	           3
 0.10000	 17.89398766	 43.11032104	 78.75184631	 16.74741364	 44.01275635	 79.09647369	          -2	           4
 0.10000	 16.19395447	 44.69183731	 79.29486084	 15.52882767	 45.99909973	 79.60410309	          -3	           5
 0.10000	 15.10608959	 46.77766800	 79.74901581	 14.35929775	 48.06630325	 79.91666412	          -4	           6
 0.10000	 14.06239223	 48.90985870	 79.99292755	 13.84645176	 50.39171982	 80.05280304	          -5	           7
 0.10000	 13.66912079	 51.26900101	 80.11891937	 13.34748363	 52.71971893	 80.31463623	          -6	           8
 0.10000	 13.01718712	 53.54862976	 80.21636200	 12.24250126	 54.72466660	 79.70308685	          -7	           9
 0.10000	 11.94479179	 55.52043533	 79.41310883	 11.67927170	 56.92179871	 78.95226288	          -8	          10
 0.10000	 11.74192810	 57.73572540	 78.57855988	 12.26888371	 58.94535828	 77.86740875	          -9	          11
 0.10000	 12.41623878	 59.64982605	 77.33103943	 12.38692570	 60.71804810	 76.28021240	         -10	          12
 0.10000	 12.55350018	 61.35752869	 75.67311859	 13.06729317	 62.40513611	 74.73258209	         -11	          13
 0.10000	 13.50305939	 62.87440491	 74.10387421	 14.40937710	 63.33301544	 73.00193024	         -12	          14
 0.10000	 15.03023529	 63.64833450	 72.43623352	 16.20421791	 64.16557312	 71.66154480	         -13	          15
 0.10000	 16.85671425	 64.59854889	 71.22319031	 17.88452148	 65.51097870	 70.62521362	         -14	          16
 0.10000	 18.30294800	 66.03642273	 70.02947235	 18.56542587	 66.76775360	 68.74774170	         -15	          17
 0.10000	 18.80732918	 67.35670471	 68.11528015	 19.26130486	 68.51766205	 67.28344727	         -16	          18
 0.10000	 19.59124756	 69.24705505	 66.87883759	 20.24132919	 70.52080536	 66.43121338	         -17	          19
 0.10000	 20.54905128	 71.25083160	 66.01077271	 20.92800331	 72.39903259	 65.12570190	         -18	          20
 0.10000	 21.12973022	 72.98893738	 64.48105621	 21.38276291	 73.76670074	 63.22555161	         -19	          21
 0.10000	 21.62286568	 74.23381042	 62.49862289	 22.17650032	 74.95474243	 61.30737686	         -20	          22
 0.10000	 22.41875458	 75.51598358	 60.65090561	 22.61799812	 76.62625885	 59.66424561	         -21	          23
 0.10000	 22.98590088	 77.31997681	 59.22987366	 23.92073441	 78.43262482	 58.86344147	         -22	          24
 0.10000	 24.52720070	 79.04975891	 58.62530899	 25.64096069	 79.98763275	 58.27026749	         -23	          25
 0.10000	 26.33953667	 80.46153259	 57.96537399	 27.54355431	 81.03131104	 57.27812195	         -24	          26
 0.10000	 28.24608421	 81.54720306	 57.06256104	 29.25778580	 82.65327454	 57.05308533	         -25	          27
 0.10000	 30.03230286	 83.10517120	 57.00520325	 31.46944237	 83.52217102	 56.91724777	         -26	          28
 0.10000	 32.36258698	 83.53951263	 56.82682037	 33.78713989	 83.10567474	 56.65649033	         -27	          29
 0.10000	 34.64765930	 83.01233673	 56.41918182	 36.01190567	 83.10957336	 55.80650711	         -28	          30
 0.10000	 36.84863663	 82.99800110	 55.50269699	 38.22193909	 82.56007385	 55.09308243	         -29	          31
 0.10000	 39.04729843	 82.33173370	 54.82633591	 40.43389130	 81.97885132	 54.38067245	         -30	          32
 0.10000	 41.21649170	 81.77416992	 53.99200058	 42.42036438	 81.52372742	 53.13488770	         -31	          33
 0.10000	 43.07943344	 81.09372711	 52.70210266	 43.93073273	 79.95036316	 52.23807526	         -32	          34
 0.10000	 44.45468521	 79.46322632	 51.69485474	 45.20352554	 79.05212402	 50.46292496	         -33	          35
 0.10000	 45.70685959	 78.67269897	 49.82315826	 46.60001373	 77.94306946	 48.86552429	         -34	          36
 0.10000	 47.10095978	 77.30018616	 48.48832703	 47.79590988	 75.98791504	 48.28370667	         -35	          37
 0.10000	 48.21554184	 75.21183777	 48.11753845	 48.82496262	 73.87605286	 47.81546402	         -36	          38
 0.10000	 49.43468857	 73.22468567	 47.71248627	 50.72819138	 72.47173309	 47.62735748	         -37	          39
 0.10000	 51.54690552	 72.15387726	 47.81557465	 52.84871674	 71.90190887	 48.51491547	         -38	          40
 0.10000	 53.66405869	 71.99562836	 48.87953186	 54.94267273	 72.58401489	 49.39523315	         -39	          41
 0.10000	 55.71004105	 72.92654419	 49.71157837	 56.99991608	 73.48545074	 50.23213577	         -40	          42
 0.10000	 57.61178207	 74.07372284	 50.52597809	 58.20023346	 75.38953400	 50.93791199	         -41	          43
 0.10000	 58.76686096	 76.05500793	 51.14447784	 59.92689133	 76.97296143	 51.38723373	         -42	          44
 0.10000	 60.71592331	 77.37616730	 51.53476334	 62.16738129	 77.66635895	 51.77271652	         -43	          45
 0.10000	 62.92834854	 78.13851929	 51.84449005	 63.85986710	 79.31285858	 51.81629562	         -44	          46
 0.10000	 64.55981445	 79.87333679	 51.86896133	 65.87235260	 80.55889130	 52.10269928	         -45	          47
 0.10000	 66.60778046	 81.06533813	 52.00451660	 67.64436340	 82.01296234	 51.48022461	         -46	          48
 0.10000	 68.38783264	 82.39273834	 51.14858246	 69.71627045	 82.64073181	 50.49963379	         -47	          49
 0.10000	 70.54315186	 82.96316528	 50.36185455	 71.82450104	 83.71633911	 50.55705643	         -48	          50
 0.10000	 72.66761017	 83.99753571	 50.68437958	 74.13230133	 84.14968872	 50.96400452	         -49	          51
 0.10000	 74.96445465	 84.44194794	 51.13151550	 76.23368073	 85.20339966	 51.36776733	         -50	          52
 0.10000	 76.93372345	 85.65711975	 51.69935226	 77.89904022	 86.44825745	 52.52931595	         -51	          53
 0.10000	 78.58425140	 86.72599030	 53.03832626	 79.77839661	 86.85599518	 53.93466568	         -52	          54
 0.10000	 80.60783386	 86.83830261	 54.27677917	 82.08127594	 86.64103699	 54.46689987	         -53	          55
 0.10000	 82.91345978	 86.37487030	 54.67031479	 84.17696381	 85.69579315	 55.10374451	         -54	          56
 0.10000	 84.91761780	 85.23324585	 55.30773544	 86.11895752	 84.37398529	 55.56009674	         -55	          57
 0.10000	 86.70130920	 83.71195221	 55.72397614	 87.38330078	 82.40782928	 56.00562286	         -56	          58
 0.10000	 87.83168030	 81.64234161	 56.13716888	 88.65476990	 80.39715576	 56.26926804	         -57	          59
 0.10000	 88.94907379	 79.57927704	 56.49097443	 89.07039642	 78.20114899	 57.06693268	         -58	          60
 0.10000	 89.18560028	 77.37602997	 57.39945221	 89.34431458	 75.99614716	 57.96208191	         -59	          61
 0.10000	 89.69625854	 75.23113251	 58.27223969	 90.63195801	 74.14627838	 58.71258545	         -60	          62
 0.10000	 91.33460999	 73.61767578	 58.89272308	 92.72207642	 73.06586456	 59.02155304	         -61	          63
 0.10000	 93.46342468	 72.56748199	 59.10632324	 94.52637482	 71.52497864	 59.27702713	         -62	          64
 0.10000	 95.19842529	 70.93675995	 59.19095230	 96.29035950	 70.02162170	 58.72601700	         -63	          65
 0.10000	 97.04357147	 69.58035278	 58.51768494	 98.40756989	 69.03531647	 58.21984863	         -64	          66
 0.10000	 99.27971649	 68.82268524	 58.21056366	100.75402832	 68.67598724	 58.43811417	         -65	          67
 0.10000	101.57909393	 68.73250580	 58.78862762	102.67313385	 69.14237213	 59.72811127	         -66	          68
 0.10000	103.46973419	 69.13244629	 60.14312363	104.86032867	 68.74282074	 60.54527664	         -67	          69
 0.10000	105.65112305	 68.46928406	 60.87111664	106.91902161	 67.94590759	 61.47575378	         -68	          70
 0.10000	107.51119995	 67.45825958	 61.94295883	108.07886505	 66.38385773	 62.82082748	         -69	          71
 0.10000	108.60413361	 65.92892456	 63.38969421	109.69861603	 65.49047089	 64.31546021	         -70	          72
 0.10000	110.19813538	 65.29772186	 65.03636169	110.68938446	 65.14798737	 66.44454956	         -71	          73
 0.10000	111.20884705	 65.09862518	 67.17499542	112.36431885	 65.12371063	 68.12918854	         -72	          74
 0.10000	112.95465851	 65.08975220	 68.80406189	113.78886414	 64.96315002	 70.04247284	         -73	          75
 0.10000	114.27554321	 64.89219666	 70.79280090	115.07913971	 64.81291962	 72.05532837	         -74	          76
 0.10000	115.37867737	 64.54058075	 72.85652161	115.52893066	 63.72639465	 74.10594940	         -75	          77
 0.10000	115.55963898	 63.39810181	 74.94093323	115.41999817	 63.06988144	 76.39671326	         -76	          78
 0.10000	115.53433228	 62.99134827	 77.28363037	116.04081726	 63.08658600	 78.69111633	         -77	          79
 0.10000	116.25268555	 63.19221115	 79.55715942	116.48823547	 63.40790558	 81.02173615	         -78	          80
 0.10000	116.59651947	 63.81194687	 81.81668854	116.64533997	 64.93290710	 82.81100464	         -79	          81
 0.10000	116.83024597	 65.34803009	 83.58594513	117.31044769	 65.61801910	 84.98021698	         -80	          82
 0.10000	117.73637390	 65.61885834	 85.77083588	118.64311218	 65.28473663	 86.91674042	         -81	          83
 0.10000	119.17337799	 65.10359955	 87.61820221	120.12486267	 64.79669952	 88.73503876	         -82	          84
 0.10000	120.41788483	 64.57393646	 89.55400085	120.42049408	 64.13006592	 90.98567200	         -83	          85
 0.10000	120.28435516	 64.05529785	 91.86985779	119.77454376	 64.25406647	 93.26527405	         -84	          86
 0.10000	119.49893188	 64.32986450	 94.11616516	119.10305786	 64.40130615	 95.56008148	         -85	          87
 0.10000	118.71805573	 64.57086945	 96.35356140	117.81636810	 65.03910828	 97.45594025	         -86	          88
 0.10000	117.50221252	 65.33473969	 98.24405670	117.44666290	 65.83409119	 99.65672302	         -87	          89
 0.10000	117.09180450	 66.17516327	100.40869904	116.04943085	 66.76293182	101.31199646	         -88	          90
 0.10000	115.63130188	 67.04048157	102.05738068	115.22941589	 67.34907532	103.46846008	         -89	          91
 0.10000	115.20995331	 67.47158813	104.35837555	115.57324219	 67.47792816	105.81300354	         -90	          92
 0.10000	115.86769104	 67.69039917	106.63510895	116.49857330	 68.41304779	107.78740692	         -91	          93
 0.10000	116.90686035	 68.52983093	108.57942200	117.61682892	 68.24382019	109.86856079	         -92	          94
 0.10000	117.88184357	 67.98741913	110.68780518	118.05869293	 67.33117676	112.02417755	         -93	          95
 0.10000	118.05149841	 67.11090088	112.89522552	117.81974030	 66.96009827	114.36885071	         -94	          96
 0.10000	117.64850616	 67.13777924	115.23310852	117.23747253	 67.86069489	116.48081207	         -95	          97
 0.10000	117.30664825	 68.33465576	117.24166870	117.95107269	 69.15725708	118.31718445	         -96	          98
 0.10000	118.05485535	 69.62541199	119.07771301	117.85084534	 70.29788971	120.40248108	         -97	          99
 0.10000	117.60761261	 70.70595551	121.16610718	117.00313568	 71.36654663	122.36920929	         -98	         100
 0.10000	116.45835876	 71.68820190	123.00880432	115.30976868	 72.08276367	123.88901520	         -99	           0
