0.00011257
0.00011257
0.00009259
0.00007859
0.00007965
0.00008771
0.00010668
0.00011880
0.00011880
0.00014182
0.00011104
0.00011104
0.00009616
0.00011314
0.00018332
0.00018332
0.00015520
0.00008407
0.00008407
0.00007203
0.00008455
0.00011158
0.00011158
0.00013035
0.00013035
0.00016984
0.00020027
0.00025065
0.00025065
0.00010971
0.00013239
0.00013239
0.00012453
0.00020014
0.00020116
0.00020116
0.00011757
0.00009523
0.00011531
0.00011531
0.00002126
0.00014308
0.00016954
0.00017454
0.00017454
0.00014081
0.00003630
0.00000000
0.00008139
0.00013260
0.00006463
0.00013260
0.00000000
0.00000000
0.00009737
0.00022632
0.00023305
0.00023305
0.00014703
0.00014703
0.00002398
0.00011597
0.00017397
0.00017397
0.00007695
0.00016821
0.00018641
0.00018641
0.00008769
0.00020228
0.00020397
0.00020397
0.00016629
0.00014319
0.00014319
0.00008572
0.00017294
0.00020561
0.00020561
0.00009018
0.00020760
0.00020760
0.00015138
0.00015138
0.00014485
0.00024985
0.00027798
0.00027798
0.00013400
0.00013400
0.00013200
0.00011537
0.00011537
0.00010239
0.00018686
0.00020199
0.00024097
0.00025268
0.00025268
0.00016795
0.00009869
0.00017959
0.00029340
0.00029340
0.00017692
0.00006274
0.00006069
0.00014536
0.00008958
0.00008958
0.00027760
0.00027760
0.00026274
0.00011587
0.00010420
0.00013817
0.00013817
0.00011284
0.00018479
0.00018479
0.00021832
0.00021832
0.00014087
0.00003680
0.00006264
0.00006344
0.00013067
0.00013067
0.00018784
0.00018784
0.00013840
0.00013840
0.00006956
0.00014117
0.00019595
0.00019595
0.00018418
0.00010081
0.00015176
0.00015176
0.00015040
0.00015040
0.00004608
0.00021411
0.00021411
0.00018038
0.00012525
0.00010561
0.00010488
0.00000000
0.00000000
0.00000000
0.00007014
0.00056233
0.00442254
0.00442254
0.00025241
0.00017822
0.00000000
0.00000000
0.00010594
0.00056233
0.00027357
0.00007981
0.00017822
0.00000000
0.00000000
0.00000000
0.00013087
0.00220442
0.00220442
0.00020407
0.00016787
0.00009223
0.00005424
0.00005424
0.00009223
0.00000000
0.00011199
0.00016787
0.00008537
0.00008537
0.00000000
0.00000000
0.00001211
0.00017943
0.00021575
0.00021575
0.00012867
0.00013756
0.00013756
0.00017359
0.00017359
0.00011584
0.00019145
0.00019145
0.00014313
0.00014313
0.00008320
0.00013955
0.00013955
0.00010189
0.00010189
0.00002350
0.00000000
0.00001528
0.00002350
0.00000000
0.00012791
0.00017724
0.00000000
0.00017724
0.00009906
0.00006449
0.00006449
0.00000000
0.00003744
0.00014726
0.00014726
0.00016181
0.00016181
0.00006836
0.00006836
0.00007884
0.00010422
0.00010422
0.00005240
0.00010984
0.00010984
0.00010425
0.00000887
0.00007191
0.00013778
0.00013778
0.00011466
0.00011466
0.00009137
0.00013097
0.00013097
0.00009632
0.00009632
0.00003369
0.00007748
0.00011667
0.00011667
0.00006496
0.00011514
0.00011514
0.00012288
0.00012288
0.00007197
0.00016617
0.00016617
0.00006335
0.00010759
0.00010759
0.00019096
0.00026008
0.00026008
0.00014484
0.00007628
0.00007500
0.00007500
0.00008745
0.00008745
0.00010316
0.00013372
0.00013372
0.00011927
0.00011927
0.00008412
0.00010786
0.00022281
0.00033104
0.00033104
0.00020816
0.00006527
0.00006393
0.00007945
0.00007945
0.00005160
0.00010570
0.00025048
0.00025048
0.00014112
0.00008994
0.00013091
0.00013091
0.00001494
0.00014724
0.00014724
0.00013204
0.00012139
0.00010844
0.00010844
0.00012860
0.00012860
0.00010903
0.00014934
0.00014934
0.00011868
0.00017579
0.00017641
0.00017641
0.00011870
0.00014223
0.00014223
0.00010267
0.00000000
0.00011198
0.00011198
0.00001286
0.00000000
0.00000000
0.00006378
0.00006378
