1.49996
2.26989
3.27926
3.25075
2.02471
2.48950
3.69074
4.40378
5.23375
6.10897
7.43116
8.27084
8.85894
9.75090
10.24422
10.94969
12.20092
13.03085
13.65438
13.95490
13.72962
13.60881
13.23228
13.30742
14.05549
13.68126
12.45193
12.16310
12.76972
12.93487
12.94417
13.32280
14.44760
14.67766
13.99150
13.69667
13.50879
12.75349
11.93985
12.12386
13.45560
13.20503
11.74231
11.02925
11.10569
10.52379
10.00820
9.53898
8.52438
8.86646
10.34588
11.11441
12.11167
12.58629
12.90588
13.30835
14.09590
14.79250
15.44705
16.06335
16.86390
17.29612
17.63566
18.40942
19.23332
19.82596
20.65342
20.97440
21.16648
21.29796
21.48190
21.67427
21.94191
22.51097
23.05196
23.62594
24.86919
25.17073
24.64655
24.51681
24.94917
24.18037
23.43166
22.65858
21.32444
20.63348
21.16523
21.25191
21.43906
21.08906
19.92126
19.38562
18.76214
18.43126
18.07012
17.64895
16.82066
16.40454
15.21365
15.48890
16.89487
16.75628
15.44881
15.07004
14.26010
13.93270
14.26838
14.53546
15.09146
14.90638
13.87888
13.38376
12.71638
12.28647
11.63077
11.03737
10.21015
9.64598
8.85052
8.44048
8.85544
9.29869
9.47290
9.92664
10.97480
11.56489
12.43658
12.85731
12.40758
12.93099
13.68572
14.40511
15.71505
16.60297
18.04158
18.61584
18.01676
18.51422
19.10746
19.36699
19.31184
19.68822
20.80701
21.50035
22.39911
23.16412
23.36149
23.69028
23.94186
24.84012
25.23432
25.84500
26.63795
26.67655
25.92636
25.51322
24.94778
24.53546
24.38133
24.95537
26.19184
26.96567
28.34022
28.70619
28.22606
27.90623
27.22397
26.70674
26.15812
25.81010
25.34929
25.43816
26.18368
26.61526
27.38072
27.80139
28.08278
28.68339
29.52242
29.53522
28.76931
28.17429
27.72720
27.91599
28.97708
28.96350
27.82349
27.95493
29.19582
29.96336
31.30535
32.11999
33.08632
33.83851
35.18740
35.92617
37.00094
37.85843
38.76598
39.05652
38.23162
37.42098
37.21165
37.13083
36.37431
35.89658
35.04362
34.53589
33.80250
33.41946
33.44604
33.52752
33.64545
34.46067
35.69027
35.61197
34.31800
33.52275
33.78180
33.79825
33.20839
32.77228
31.96224
31.51615
30.78611
30.64598
31.01882
31.01770
30.42273
31.11741
32.38709
32.91525
32.86829
33.21736
33.90577
34.56196
34.53903
34.76128
35.13007
35.80007
37.23498
38.10183
39.54622
40.22812
40.43640
40.79616
40.99590
40.40846
39.95047
39.66299
39.76410
40.28278
40.84198
41.54078
42.98401
43.50638
43.13554
43.04814
42.63352
43.17752
44.57410
45.39997
46.05741
46.78273
47.95708
47.96376
46.79769
46.12001
44.88120
44.35897
44.00866
43.84720
43.91200
43.44823
42.75804
42.26403
41.55713
41.19641
40.82031
40.51591
40.55707
40.74378
41.31485
41.54576
41.04438
41.44952
42.49951
43.17277
44.12241
44.86084
46.32077
46.69616
45.94110
45.97279
46.57032
47.06251
48.06917
48.13004
47.23759
46.57985
45.25405
44.47396
43.54918
42.81387
41.96890
41.40737
40.60467
40.63342
41.39142
41.18808
40.32541
39.52038
38.35479
38.47417
38.98875
39.10151
39.86357
40.75961
41.57581
41.38726
40.99581
41.49486
41.39943
40.58495
39.40172
39.21568
37.93763
37.53071
38.18627
38.71319
37.58845
36.77261
35.87429
35.59630
36.04167
36.57486
37.49787
37.89221
38.73719
39.02179
38.38101
37.70248
36.85994
36.39995
35.95317
36.05793
36.43334
35.86129
34.57278
34.62157
36.03262
36.85505
37.34202
37.16092
36.58141
36.20376
35.35857
35.22973
36.07037
36.96994
38.35554
38.43315
37.18232
36.47903
35.93600
35.47390
34.54375
33.94648
34.43436
33.86468
32.71905
32.35744
32.64877
32.70716
32.71536
32.75878
33.03293
32.54701
31.09651
30.30034
29.14134
28.81031
29.48518
29.61978
29.57942
29.55861
29.74059
29.17270
28.10664
27.41576
26.21249
25.82231
26.05000
26.47427
27.26551
28.11487
28.03148
28.56700
29.25527
29.87802
30.65054
31.28431
32.09035
31.62027
30.17785
30.20064
31.53198
32.04067
31.88997
31.18227
30.79912
30.37894
30.79862
31.31034
32.56053
33.23612
33.24180
33.59452
34.47297
34.16425
33.24907
33.25025
34.05926
34.05428
32.91084
32.85044
33.87796
34.64758
35.78221
35.88654
35.00788
34.44926
34.90747
34.47584
34.34557
34.12969
33.29137
33.15812
33.63488
33.92655
34.39780
35.02474
35.95457
36.47733
35.98111
36.44862
37.06863
37.43539
37.63150
37.44148
36.54825
36.87702
38.34262
38.82006
38.32017
38.53866
39.48591
39.59005
38.79648
39.34383
40.21888
40.98516
40.44226
40.39208
40.46282
40.66201
41.46779
41.19281
39.84601
39.01787
37.60680
36.90213
36.84864
37.06609
37.73059
38.10996
38.35417
39.24133
39.88316
40.63912
41.22507
40.73811
39.27231
39.12165
40.47214
41.35702
42.55190
43.39643
44.80469
45.42045
44.82668
45.03101
45.95717
46.48339
47.43236
47.76619
47.92009
47.81842
47.45914
46.77106
45.28408
44.67243
44.79440
44.90978
45.60843
45.22095
43.80213
43.04389
42.92770
43.02943
43.72995
43.82444
43.27413
43.16868
43.28819
43.30236
43.24808
43.29874
43.63152
43.33546
42.60648
41.99246
42.36621
42.93824
44.21287
44.98189
45.29810
45.28125
44.73235
44.27942
43.33475
43.45531
44.64432
45.28289
46.49225
46.58059
45.59890
45.13912
44.70247
43.93369
43.61643
43.66746
44.59129
44.47770
43.37531
42.71963
41.53572
40.78672
39.50703
38.71877
37.63509
36.73654
35.52048
35.77451
37.18933
37.76921
37.11823
37.38107
38.60815
38.75982
37.75526
38.33024
39.68044
40.20464
40.35322
40.41100
40.31202
40.54527
41.47184
41.44980
40.57741
40.42430
41.13327
41.32831
41.63210
40.94887
39.87538
39.25118
39.87599
40.13282
40.67306
40.61486
40.10415
39.62368
38.48312
38.34971
39.23115
39.71240
40.47937
41.21757
42.40771
42.86416
43.06930
43.00936
42.42145
42.58012
43.42708
43.76251
44.10071
44.17953
44.05837
44.08705
44.22434
44.28157
44.29415
44.55282
45.37672
45.69185
45.97248
45.88722
45.36172
44.97871
44.24394
43.91274
42.72316
42.51580
43.57431
43.50847
42.41011
42.07759
41.96351
42.83757
43.78600
44.36614
45.14373
45.54920
45.85097
46.70102
47.60401
47.76043
47.11563
