1.49999
2.17621
2.91800
3.57962
4.38180
5.21536
6.68347
7.23162
6.82961
6.23546
4.95431
4.27020
3.99545
3.97726
3.91774
4.04283
3.80528
4.40700
4.71661
5.54676
6.48402
6.29753
4.92822
4.04303
3.07709
2.45088
2.80311
3.13811
3.86438
4.29270
5.10110
5.18141
4.54947
4.20094
4.51959
3.96046
2.48506
2.25497
3.46497
4.30943
5.55853
5.97945
5.00933
4.66998
4.31972
4.32035
4.65744
5.09274
6.08066
6.73439
7.75458
8.52807
9.12567
9.77193
11.03031
11.82710
13.18107
13.93223
14.51472
14.94010
15.51100
15.95349
16.80360
