1.50005
2.28819
3.29724
4.01539
5.42352
6.07649
6.50621
6.31687
5.35826
4.46653
4.01498
4.05185
4.33589
4.97059
5.91458
6.56197
7.62163
8.27377
9.20085
9.99614
10.35483
11.15494
12.63861
13.31049
13.85705
13.48821
12.12059
11.24854
10.33565
9.63450
8.53487
7.90942
7.28486
6.44202
4.97320
4.35776
3.74077
3.75580
4.42152
4.71016
4.72760
4.94813
5.43410
5.96753
7.07184
7.89959
9.39870
9.99816
9.94689
10.14673
10.68121
10.81597
10.62933
10.80736
11.45854
11.91468
12.71931
13.44902
14.63328
15.52251
16.72819
17.42738
17.64183
17.92155
18.42920
18.67472
18.97480
19.22651
19.84093
19.81587
19.13084
18.81833
18.35223
18.19160
18.12255
18.17709
18.18112
18.94138
20.30236
21.17511
22.61182
23.39468
24.42483
24.60046
23.79258
24.27813
25.73855
26.37569
26.05855
26.27510
26.67290
27.36191
28.58373
29.32005
30.28698
31.12487
31.95456
32.71796
34.16270
34.73166
34.83138
35.08267
35.47543
35.53128
35.22472
35.32772
35.87047
36.33204
37.39991
37.52463
37.03160
36.19712
34.96917
34.19165
33.19325
32.36201
30.94561
30.40408
30.90078
30.78936
30.15863
30.03381
30.18068
30.38944
30.87536
31.42511
32.73562
33.19713
33.33267
33.06043
32.09117
31.46020
30.96278
30.14591
29.08319
28.44143
27.74829
27.64040
28.21717
28.19693
27.61547
27.56174
27.84016
28.11386
28.43806
29.00918
29.21131
29.29094
29.59957
29.97586
30.88825
31.33160
31.90343
32.08945
32.08407
31.89898
31.61197
31.01003
29.55287
28.87992
28.43857
27.72447
26.26503
25.60484
25.59082
25.69204
26.05988
26.78818
28.02310
28.77410
29.96833
30.64311
31.38049
32.01799
33.06980
33.63102
34.36801
35.03853
36.29472
37.08507
38.35706
39.17551
39.43587
40.29349
41.53796
41.98229
41.60546
42.26874
43.62798
43.86163
42.91667
42.11667
40.71150
39.84549
38.44923
37.60629
36.82943
36.45595
35.92652
36.39069
37.86209
38.72611
39.87652
40.71327
42.04844
42.86118
43.38751
43.62709
43.69311
43.73564
43.74767
43.84334
44.26871
44.06886
43.27631
42.71699
41.76857
40.87451
39.84591
38.97162
37.85497
36.97890
35.62375
34.79710
33.42280
32.68552
31.70410
31.00374
29.91481
29.03560
27.77036
27.50219
28.22215
28.08738
28.50139
28.97906
29.56369
29.94663
30.68944
30.83059
30.36192
30.20450
30.32187
29.61198
28.34331
27.50883
26.14137
25.42846
25.04380
24.81023
24.69525
24.24134
23.06811
22.35103
21.77977
21.31583
20.70860
20.04740
18.63732
17.81556
16.51966
15.93171
15.75524
15.57260
15.41973
15.68126
16.27110
16.86197
18.15256
18.68318
19.10269
19.32834
19.58276
19.72957
19.98269
19.98626
19.76959
19.51507
19.13859
18.55416
17.78802
17.32880
17.15194
16.50838
15.27672
14.69191
14.65956
15.07952
16.41043
16.73404
15.95186
16.35236
17.77563
18.44771
18.35238
18.90141
20.24653
20.95097
21.90981
22.61007
23.76822
24.48494
25.65181
26.42908
27.62830
28.40023
29.71669
30.19683
29.73980
29.60723
29.36763
29.36750
29.58905
29.80504
30.34302
30.56492
30.77526
30.86119
30.93487
30.89000
30.65440
30.63549
31.00062
30.50381
29.18121
28.43608
28.53457
28.56649
28.67843
29.12847
30.25572
30.76601
31.14204
31.94924
33.34375
34.23033
35.67788
36.36011
36.16441
36.46743
37.23236
37.58833
37.67318
37.86744
38.46671
38.27065
37.14460
36.80102
36.75964
36.74002
36.98642
36.53136
35.54398
34.80291
33.46719
32.76796
31.83337
31.32122
30.71374
30.25018
30.17024
30.04396
29.96726
29.52246
28.16393
27.94428
28.80557
29.14978
29.38532
30.13001
31.62103
32.18115
31.85037
31.30174
30.05851
29.61455
29.66371
29.93023
30.74833
30.89755
30.33824
30.16166
30.02194
29.99223
30.06767
30.06012
29.85993
30.13716
30.91133
31.68735
32.47876
32.87146
33.22271
33.26039
32.98213
32.70739
32.02676
31.70284
31.49494
30.83046
29.78144
29.28563
29.17237
29.80437
31.08935
31.63348
32.11986
31.65993
30.17368
29.29477
28.01076
27.50256
27.48347
27.42064
27.57109
27.10720
26.18269
25.72776
25.78200
25.99588
26.91343
26.92914
25.83038
25.70418
26.31188
26.84024
27.72233
28.08033
28.25137
28.39328
28.68771
28.59846
28.30480
27.63011
26.26531
25.44807
24.37688
23.95423
23.91067
23.61819
23.00260
22.33407
21.29915
20.65607
19.73102
19.11241
18.87420
18.75242
18.76035
18.87886
19.22933
19.61229
20.60586
20.81043
20.43027
20.43273
20.79130
20.71553
20.25044
19.84593
19.09283
18.68692
18.24604
17.63023
16.86116
16.08157
14.89127
14.63505
15.27322
15.54059
15.89990
16.17708
16.66484
16.99628
17.49413
17.29535
16.19921
15.79563
15.98246
16.03146
16.30490
16.04055
15.10659
15.18541
16.37050
16.60092
16.19779
16.03960
15.68691
15.87883
16.64595
17.10396
17.89496
18.19809
17.75775
18.22751
19.31925
20.21329
21.13996
21.89164
23.13574
23.99458
24.63651
25.33899
26.70630
27.57006
29.05384
29.57040
28.97843
28.56178
27.78216
27.09921
26.24459
26.14582
26.84915
27.14395
27.54424
27.82216
28.07846
28.83844
30.19795
30.97648
31.34473
31.70494
32.38468
32.25283
31.21524
30.64157
29.85624
29.02593
28.37448
27.90309
27.65079
26.94002
26.06028
25.28454
24.46980
24.01291
23.47662
23.16325
22.46385
22.88377
24.18449
24.71374
24.47083
24.82286
25.82512
26.65721
28.05393
28.93820
30.20875
30.98263
31.51609
31.30121
30.06679
29.40930
28.54503
27.64566
26.98192
26.21178
24.93436
24.52467
25.13867
25.64403
26.80158
27.28127
27.16914
26.90227
26.22814
25.55548
24.18877
23.43091
23.16967
22.82685
22.04503
22.22245
23.37333
24.03390
24.56146
24.82405
24.93198
25.33643
26.32886
27.02635
27.77892
27.45197
25.96688
25.45709
25.60734
25.99697
26.98618
27.65708
28.13993
27.95836
26.84663
26.42334
26.72357
26.48222
25.74716
25.39074
24.83764
24.89139
25.62828
25.89451
26.11239
26.32757
26.76303
27.08478
27.54271
27.94865
28.80407
28.59679
27.29080
26.47687
25.17672
24.33252
23.85578
23.71725
24.05470
24.27055
24.59573
25.18216
26.40757
26.68554
26.30559
25.69421
24.26383
23.44732
22.18772
21.35352
20.11350
