0.00009237
0.00013368
0.00013368
0.00008659
0.00008659
0.00007004
0.00012951
0.00012951
0.00006935
0.00013169
0.00015767
0.00025009
0.00031453
0.00031453
0.00016249
0.00009001
0.00015997
0.00016760
0.00016760
0.00007546
0.00007546
0.00014723
0.00014921
0.00014921
0.00010125
0.00010125
0.00007845
0.00012354
0.00012354
0.00017015
0.00017015
0.00003289
0.00013614
0.00013614
0.00007184
0.00003029
0.00017553
0.00019120
0.00019120
0.00005201
0.00008268
0.00009776
0.00009776
0.00018444
0.00018444
0.00012108
0.00009781
0.00009781
0.00007882
0.00007882
0.00011759
0.00017905
0.00017905
0.00010451
0.00017513
0.00031206
0.00031206
0.00019098
0.00007954
0.00008378
0.00014403
0.00014403
0.00006176
0.00014072
0.00014072
0.00016109
0.00021055
0.00023165
0.00023165
0.00021183
0.00021183
0.00010887
0.00000000
0.00000000
0.00000000
0.00218033
0.00218033
0.00014036
0.00012274
0.00012274
0.00120301
0.00120301
0.00010696
0.00014814
0.00014814
0.00022033
0.00022033
0.00021130
0.00025873
0.00025873
0.00019993
0.00015968
0.00014849
0.00016471
0.00016471
0.00013884
0.00013884
0.00011368
0.00008117
0.00053265
0.00053265
0.00030919
0.00013331
0.00013331
0.00006642
0.00017477
0.00017477
0.00008094
0.00003212
0.00003212
0.00017664
0.00013818
0.00223378
0.00223378
0.00005553
0.00022069
0.00000767
0.00000767
0.00022069
0.00000000
0.00013823
0.00013823
0.00003984
0.00018831
0.00005967
0.00009732
0.00008120
0.00012281
0.00012281
0.00011872
0.00016097
0.00016097
0.00012249
0.00012249
0.00020442
0.00020442
0.00010909
0.00012092
0.00012092
0.00007255
0.00016940
0.00021059
0.00021059
0.00011704
0.00011704
0.00010248
0.00019651
0.00019651
0.00018714
0.00012165
0.00012165
0.00017516
0.00017516
0.00015023
0.00017186
0.00017186
0.00011889
0.00005866
0.00009746
0.00009746
0.00001070
0.00007631
0.00007631
0.00006930
0.00006930
0.00006606
0.00008913
0.00014160
0.00014160
0.00009420
0.00005914
0.00011723
0.00011723
0.00006364
0.00008335
0.00014398
0.00014398
0.00014565
0.00017330
0.00017330
0.00008142
0.00012531
0.00012531
0.00011962
0.00009263
0.00009569
0.00009569
0.00019712
0.00019712
0.00005879
0.00005879
0.00005021
0.00017257
0.00030585
0.00036103
0.00036103
0.00024720
0.00018667
0.00010816
0.00009023
0.00009023
0.00005315
0.00012443
0.00012443
0.00009305
0.00011995
0.00011995
0.00010431
0.00010431
0.00007405
0.00011971
0.00013689
0.00013689
0.00010464
0.00026376
0.00026376
0.00016195
0.00014206
0.00014206
0.00007600
0.00011331
0.00011331
0.00002991
0.00004265
0.00018639
0.00030190
0.00030190
0.00025834
0.00014261
0.00011370
0.00012986
0.00012986
0.00006076
0.00007568
0.00009303
0.00009303
0.00011913
0.00015245
0.00015245
0.00013349
0.00015639
0.00015639
0.00016658
0.00016658
0.00000000
0.00030912
0.00030912
0.00013167
0.00008544
0.00015953
0.00015953
0.00019085
0.00019193
0.00019193
0.00013304
0.00021694
0.00021694
0.00015996
0.00012140
0.00020780
0.00020780
0.00005027
0.00014330
0.00014330
0.00009879
0.00009879
0.00007293
0.00007293
0.00000210
0.00000000
0.00000000
0.00004226
0.00010981
0.00020569
0.00020569
0.00015098
0.00022306
0.00028601
0.00028601
0.00018290
0.00011596
0.00004137
0.00017552
0.00018197
0.00018197
0.00012500
0.00012500
0.00010588
0.00014294
0.00025031
0.00037720
0.00037720
0.00014887
0.00017833
0.00017833
0.00016025
0.00015150
0.00023079
0.00023079
0.00022467
0.00015120
0.00022538
0.00022538
0.00017832
0.00034336
0.00034336
0.00186868
0.00186868
0.00076063
0.00051056
0.00396316
0.00396316
0.00000000
0.00000000
0.00000000
0.00000000
