1.49996
2.39079
3.84091
4.71973
6.06578
6.94321
8.01499
8.74532
9.94971
10.70813
11.82060
12.51567
13.67234
14.40496
15.65156
16.49214
17.95609
18.83099
20.00733
20.77924
22.03913
22.92687
24.19362
24.84426
25.25934
25.57271
25.95298
26.49144
27.65129
28.05631
28.13856
28.07936
27.74174
27.40337
26.65194
26.05209
24.78968
24.24709
23.90646
23.51034
22.67589
22.70593
23.62709
24.01791
24.44949
24.78380
25.36642
25.41255
24.95652
24.77192
24.51622
24.44388
24.48867
24.42185
24.13083
24.18634
24.58279
25.00146
26.01739
26.42062
26.69317
26.95774
27.40833
27.98794
29.18388
30.08173
31.19077
31.92214
33.09424
33.91466
35.38233
36.26984
37.73165
38.61734
40.09853
40.85040
41.39953
41.74551
42.09153
42.64708
43.89199
44.68293
46.08605
46.64423
46.70268
46.62482
46.18960
45.81542
45.07163
44.55663
43.99900
43.42839
42.27762
41.60521
40.59260
39.77479
38.42910
37.57418
36.11503
35.26971
33.93009
33.17779
32.07688
31.39061
30.23571
29.49913
28.34039
27.45588
26.17576
25.34116
23.95520
23.16158
21.95469
21.19863
19.95119
19.17369
18.42548
17.97219
17.24229
17.27616
18.14436
18.45673
18.71528
18.92093
19.18991
19.75141
21.10206
21.90968
23.25379
24.05708
25.33849
26.14368
27.34973
28.10983
29.40410
30.18391
31.51300
32.20885
33.09344
33.71618
34.38824
34.96016
36.00416
36.84704
38.27332
39.12694
40.08573
40.67773
41.58190
42.14213
43.06897
43.68740
44.80204
45.25132
45.42995
46.03827
47.50416
48.09286
48.20235
48.56376
49.28323
49.87568
51.03871
51.65160
52.52513
53.04967
53.84784
54.35689
54.85336
55.23957
55.93056
56.32012
56.68537
57.06067
57.82352
58.45034
59.68600
60.36204
61.35367
62.05483
63.28903
64.03309
65.27266
66.01945
67.06718
67.73053
68.59761
68.70350
68.11612
67.58377
66.62782
66.14309
65.54660
65.07114
64.13339
63.55539
62.57587
61.90426
60.77933
60.12414
59.26989
58.48843
57.00084
56.20955
55.34583
54.96720
54.79197
54.73836
54.82859
54.80972
54.71665
54.52097
53.90427
53.79837
54.03757
54.24512
54.62135
55.00780
55.93209
56.27183
56.44144
56.66759
57.18943
57.46470
57.68951
58.14772
59.37922
59.77038
59.75734
59.77843
59.76700
59.67434
59.36463
59.25997
59.16671
59.22535
59.51599
59.52283
59.32906
59.02044
58.16613
57.72660
57.10889
56.64362
55.78269
55.65319
56.15052
56.37619
56.77745
56.67686
56.01084
55.44097
54.21948
53.48087
52.29771
51.53413
50.19778
49.36685
47.94924
47.05566
45.60413
44.81734
43.77989
43.12900
42.09676
41.40397
40.62871
40.13745
39.43020
38.80821
37.60993
36.81168
35.61527
34.89558
33.73855
33.03902
31.87462
31.29316
30.53282
30.31225
30.69161
30.45705
29.57388
29.01743
28.25470
28.27945
29.15712
29.54569
30.06449
30.41548
31.17887
31.11320
30.18567
29.71292
28.95288
28.49676
27.80031
27.53677
27.65413
27.27214
26.08280
25.42696
24.34750
23.75562
22.94618
22.30712
21.05445
20.34743
19.25850
18.71597
18.16129
17.54263
16.36788
15.47603
14.09035
13.63773
13.97387
14.22708
14.93081
15.16477
15.20280
15.21598
15.12864
15.23202
15.63280
15.89259
16.38237
16.60564
16.93498
16.85210
16.24373
16.05636
16.09219
16.30315
16.98774
17.42891
18.22198
18.82036
20.02568
20.58539
21.25059
21.50161
21.56161
21.64245
21.65929
22.13777
23.47965
24.13392
25.07085
25.32807
25.10684
25.23370
25.72135
26.04466
26.64660
26.98695
27.47787
27.87048
28.35611
29.04989
30.49555
31.22577
32.15704
32.30153
31.76411
31.35065
30.42431
30.29789
30.91385
31.11699
31.30301
31.44258
31.64376
31.99331
32.81599
33.51570
34.91673
35.69864
36.87446
37.71570
39.17923
40.05639
41.53907
42.20093
42.47281
42.67537
42.87373
43.14187
43.70489
44.33294
45.64647
46.49091
47.41824
48.19535
49.50373
50.31840
51.01336
51.77860
53.21442
54.02695
54.88671
54.99160
54.30810
53.89785
53.07086
52.61814
51.98059
51.39712
50.17269
49.55460
49.09513
48.62377
47.65228
47.23552
46.93536
46.88840
46.97432
47.46309
48.76313
49.38122
50.15251
50.59745
51.37312
51.38729
50.66757
50.18520
49.09259
49.02555
49.92183
50.45362
51.31235
52.11574
53.61256
54.46835
55.67570
56.44322
57.72449
58.55129
59.86636
60.71546
62.04975
62.93685
63.68302
64.50583
65.88126
66.75816
68.25731
68.99825
69.50445
70.14682
71.50579
72.31112
73.73635
74.21250
74.05742
73.76211
72.95164
72.49595
71.94396
71.70849
71.56938
71.48479
71.46390
71.17528
70.32865
69.84556
69.40994
69.14533
68.85729
68.48950
67.66013
67.02021
65.88005
65.03419
63.54817
62.77258
62.17218
61.58765
60.32532
60.03240
60.54341
60.74840
60.97942
61.43669
62.47627
62.95030
63.51112
63.61103
63.36923
63.03980
62.16837
61.48071
60.29023
59.57643
58.48011
57.68415
56.23416
55.36247
53.90667
53.21080
52.58307
52.38572
52.73333
52.44761
51.45464
50.88741
49.85016
49.55508
49.57315
49.98901
51.19500
51.72491
52.38162
52.44549
51.93392
51.71517
51.47918
51.05142
49.98597
49.38442
48.36801
47.90300
47.42565
47.23557
47.00559
47.33446
48.51477
49.11368
50.01878
50.43028
50.73886
51.27387
52.29863
52.84115
53.42823
54.05512
55.30548
56.02359
56.97519
57.71103
59.10041
59.89560
61.16865
61.91643
63.07918
63.75726
64.72739
65.45789
66.70808
67.38772
68.39594
68.83276
68.92325
69.32531
70.26222
70.93740
72.20848
72.96578
74.26793
74.88554
75.58584
75.84509
75.70134
76.06283
77.16838
77.58324
77.58746
77.75610
78.17498
78.44502
78.92431
79.26669
79.89287
80.40451
81.52721
81.89039
81.79245
81.53654
80.84397
80.55741
80.32575
80.09319
79.67029
79.17433
78.05490
77.34657
76.42340
75.77976
74.74133
73.90475
72.82155
72.24281
71.53821
71.20701
71.09976
70.62324
69.34524
68.78837
68.38923
68.08541
67.62017
67.12582
65.98215
65.44739
64.90382
64.34286
63.22829
62.39399
61.11361
60.36561
59.41696
58.59023
57.09456
56.21674
54.84290
54.26541
53.96931
53.77218
53.62284
53.25581
52.33860
51.59839
50.38744
49.53274
48.19027
47.55819
46.99942
46.65972
46.22455
46.01027
45.81581
