1.49986
2.39825
3.89441
4.79089
6.28713
7.17598
8.64502
9.52663
11.00153
11.85590
13.20218
14.07226
15.45726
16.27697
17.62648
18.38671
19.51298
20.27647
21.61854
22.36248
23.50786
24.10934
24.90332
25.36051
26.03915
26.26520
26.26051
26.44735
26.96929
27.31740
27.93834
28.40998
29.33645
29.94369
31.05899
31.56561
32.11928
32.34417
32.48600
32.59262
32.79869
32.94199
33.18057
33.39462
33.82191
33.96386
33.88902
34.14665
34.95679
35.48328
36.41224
36.95519
37.80057
38.43884
39.68428
40.34980
41.32307
41.88645
42.75155
43.30666
44.29658
44.75353
45.19697
45.51057
46.04141
46.46741
47.31648
47.83387
48.70470
49.18040
49.80779
50.33516
51.36707
51.96001
52.91611
53.50340
54.50880
55.20930
56.42537
57.16887
58.40407
59.19997
60.59623
61.44838
62.76815
63.62908
65.09756
65.97420
67.41826
68.28348
69.72970
70.60239
72.07227
72.90344
74.12824
74.88847
76.20045
76.86016
77.70994
78.12023
78.56353
78.84706
79.22696
79.69773
80.80167
81.50866
82.75488
83.58672
85.04917
85.93401
87.36512
88.22386
89.64462
90.49517
91.87856
92.64406
93.70217
94.44801
95.77795
96.57444
97.91628
98.65251
99.60868
100.33988
101.67243
102.43695
103.67116
104.24692
104.85998
105.25278
105.84217
106.16599
106.67406
106.74405
106.45726
106.35736
106.21633
106.38075
107.04315
107.46056
108.27113
108.69596
109.22381
109.60451
110.23439
110.81560
112.07505
112.84468
114.15944
114.91834
116.14934
116.86250
117.94813
118.64483
119.85738
120.56272
121.62395
122.29700
123.41897
124.23663
125.68034
126.52671
127.90943
128.70540
129.92621
130.70931
132.01973
132.87404
134.30786
135.16540
136.48179
137.28273
138.61899
139.44893
140.70337
141.49184
142.81861
143.64893
145.08611
145.90215
147.14199
147.86304
149.02634
149.63458
150.36201
150.97961
152.15624
153.00298
154.50149
155.39920
156.89761
157.76248
159.01179
159.78357
161.09475
161.79287
162.68096
163.29121
164.37610
165.01865
166.04884
166.80643
168.18924
169.04103
170.33726
171.18115
172.52947
173.34640
174.70352
175.51944
176.82691
177.68263
179.12012
179.96242
181.30683
182.11284
183.44534
184.19712
185.29556
185.99114
187.13796
187.85126
189.04431
189.90506
191.40169
192.27920
193.60388
194.42109
195.81152
196.54757
197.48624
198.08118
199.07290
199.73222
200.95894
201.67514
202.84051
203.54063
204.67739
205.47970
206.91741
207.80217
209.29976
210.17413
211.50874
212.28578
213.48875
214.22839
215.46610
216.27544
217.60203
218.39608
219.68248
220.52652
221.95231
222.71210
223.71157
224.34904
225.41281
226.20708
227.67243
228.50089
229.79216
230.56645
231.85372
232.51128
233.30525
233.88664
234.93961
235.46916
236.22201
236.68929
237.48677
237.96553
238.75148
239.33186
240.44833
241.16644
242.43156
243.23115
244.61646
245.41562
246.65949
247.49284
248.90828
249.75621
251.16971
252.01005
253.40379
254.23390
255.59360
256.46133
257.86137
258.70177
260.10382
260.87669
262.01013
262.65562
263.65856
264.17901
264.92166
265.17505
265.17094
265.40273
266.12656
266.40323
266.64223
266.68635
266.52713
266.64511
267.13653
267.48079
268.15250
268.63584
269.61799
270.12278
270.81920
271.09747
271.29784
271.41467
271.50013
271.85946
272.92401
273.31326
273.58030
273.57499
273.24501
273.00795
272.45175
272.16909
271.74832
271.49886
271.08082
270.79076
270.31570
269.90982
269.12024
268.56495
267.52675
266.98791
266.22264
265.77952
265.06969
264.72525
264.33783
264.12927
263.95203
263.64947
262.89350
262.42248
261.59617
261.13272
260.44390
259.91705
258.89242
258.43356
257.96721
257.65282
257.19027
256.85313
256.22941
255.86213
255.18524
254.97763
255.04020
254.83881
254.17278
253.80661
253.24470
252.81794
251.95416
251.47760
250.72237
250.30494
249.67084
249.38530
249.05901
248.96226
248.96571
248.88193
248.59092
248.57865
248.78077
248.94789
249.29798
249.60937
250.28676
250.68687
251.39300
251.68523
251.96301
252.05173
252.00542
252.02680
252.06118
252.37144
253.31387
253.87056
254.84862
255.41668
256.28347
256.85449
257.88944
258.38536
258.94906
259.21813
259.52197
259.66374
259.81070
260.04453
260.63265
261.08792
261.98570
262.65420
263.91863
264.68205
265.99722
266.66362
267.49865
268.01272
268.84056
269.47130
270.69043
271.45805
272.77662
273.50310
274.60299
275.27587
276.38183
277.18251
278.62305
279.45638
280.77289
281.58853
282.97990
283.75004
284.89757
285.58878
286.73726
287.42750
288.55339
289.36382
290.83856
291.70745
293.08849
293.84617
294.85609
295.58327
296.90628
297.72722
299.13644
299.99394
301.44077
302.31730
303.79220
304.68820
306.17008
307.05208
308.43198
309.15760
310.08366
310.63479
311.49942
312.08898
313.13549
313.85485
315.16705
316.00307
317.42370
318.26720
319.63487
320.44087
321.75475
322.54058
323.85863
324.57218
325.52326
326.26084
327.64481
328.47388
329.84958
330.71824
332.20711
333.10090
334.59312
335.48763
336.94515
337.84301
339.32598
340.18897
341.53099
342.39977
343.86057
344.71007
346.05050
346.85118
348.16984
348.96298
350.28396
351.11156
352.51321
353.33490
354.66459
355.41769
356.59342
357.12754
357.57328
358.00852
358.90697
359.44204
360.26644
360.98760
362.41756
363.20476
364.30956
365.02944
366.14461
366.95759
368.43524
369.27538
370.52247
371.24603
372.39560
373.05302
374.09554
374.73914
375.84069
376.50078
377.60535
378.26393
379.33902
380.09673
381.50572
382.27585
383.44285
383.96527
384.41373
384.77061
385.43793
385.84291
386.48162
387.04189
388.19428
388.92265
390.09863
390.89752
392.29074
393.08453
394.24942
394.93673
395.92204
396.59072
397.78272
398.49441
399.66908
400.43238
401.79274
402.53507
403.60506
404.24406
405.20142
405.76739
406.65867
407.20776
408.12859
408.61080
409.29303
409.56861
409.74070
409.86991
410.10027
410.23510
410.46704
410.57970
410.76206
410.78549
410.63738
410.79720
411.45016
411.96422
413.02182
413.66004
414.75923
415.26368
415.73496
416.22738
417.29758
417.96602
419.15076
419.75877
420.50016
420.99745
421.89494
422.35350
422.83504
423.39193
424.61292
425.35260
426.49938
427.24645
428.50855
429.17727
430.09871
430.69619
431.70921
432.38876
433.61034
434.33857
435.57572
436.12380
436.59654
437.01055
437.83497
438.33561
439.18191
439.60018
440.10482
440.44146
441.02735
441.30200
441.62744
441.73744
441.79602
441.56655
440.74627
440.35470
439.82681
439.45517
438.74099
438.56851
438.65590
