1.49992
2.36637
3.68408
4.50771
5.65855
6.55798
7.83458
8.70649
9.97874
10.66848
11.67106
12.01679
11.82586
12.31988
13.72560
14.34176
14.82639
15.36074
16.32041
16.48595
16.00003
15.71847
15.23976
14.72738
13.64827
13.17553
12.61093
12.72150
13.60528
14.07178
14.63245
14.74838
14.56774
14.21422
13.29302
12.79868
12.08726
11.63409
11.06325
11.34365
12.57110
13.41362
14.83604
15.48129
15.79666
16.56965
18.05355
18.94587
20.38251
21.20939
22.16634
22.62143
22.84388
22.79896
22.42355
21.90738
20.56562
20.18849
20.48074
20.60098
20.84322
21.07564
21.55483
21.83241
22.14230
22.74477
24.02030
24.62866
25.23461
25.38501
25.14328
25.08901
25.09870
24.97952
24.61216
24.44585
24.23831
24.17702
24.19432
24.21409
24.38935
24.11260
23.13112
22.61754
21.81092
21.35336
20.63093
20.32754
20.14141
19.99055
19.65164
19.83754
20.73596
21.21535
21.95815
22.45876
23.27006
23.53319
23.42161
23.83590
24.99016
25.75729
26.92890
27.73503
29.15734
29.91871
30.78184
31.61163
32.93373
33.62500
34.45597
35.04358
36.09324
36.73599
37.82467
38.49749
39.68509
40.14580
40.28054
40.53707
41.12944
41.49284
42.11020
42.33661
42.41606
42.65541
43.26492
43.78952
44.93138
45.37080
45.55888
45.85824
46.60585
46.80946
46.58966
46.98827
48.27437
48.58275
48.21804
47.79723
46.95869
46.33813
45.56470
45.03383
44.07478
43.75431
43.69032
44.09347
45.36583
46.09533
47.26312
48.04556
49.04554
49.32248
49.11544
48.62203
47.25767
46.68754
46.32700
45.98450
45.31587
45.26937
45.89429
45.90983
45.42791
45.19429
44.96002
44.67073
44.16955
43.42420
41.97982
41.12633
39.74016
39.01938
38.15399
37.68646
37.24568
37.17777
37.58479
37.40271
36.49410
36.03083
35.37576
35.28533
35.80195
35.66344
34.90540
34.23864
32.88050
32.08224
30.85058
29.95932
29.02287
28.18280
26.73259
25.92013
24.76505
24.04570
22.87908
22.12108
20.90230
20.52006
20.88012
20.90221
20.80223
20.73216
20.58182
20.47061
20.37156
19.96222
18.70629
18.46630
19.15553
19.14424
18.57053
18.29262
17.87683
17.63773
17.07428
17.40070
18.70023
19.53340
20.92579
21.74509
23.05281
23.86885
25.18279
25.80575
26.36178
26.59681
26.77433
26.70433
26.31116
25.95196
25.15880
24.55756
23.38957
22.69430
21.73065
21.41743
21.51982
21.64546
22.13576
22.10119
21.51952
21.27718
20.97388
20.77740
20.43829
20.35004
20.27945
20.63260
21.56500
22.40866
23.88522
24.77358
26.18370
27.02114
27.74257
28.41928
29.75243
30.42846
31.24850
32.01539
33.49557
34.37445
35.83394
36.72959
38.22888
38.92961
39.18974
39.63418
40.53202
40.87146
40.91601
41.47663
42.92274
43.62242
44.44871
44.91348
45.49447
46.10380
47.36865
48.13491
49.41332
50.04456
50.62681
51.17679
52.36991
52.71127
52.39533
52.52515
53.07941
53.45134
54.14731
54.92361
56.24018
57.06249
58.31646
59.06251
60.27065
60.95127
61.82934
62.36123
63.12244
63.68595
64.78582
65.39959
66.27854
66.81130
67.68825
68.22137
69.04650
69.77964
71.24183
71.90610
72.12525
72.41351
72.84571
73.30717
74.43315
74.72867
74.47921
74.47944
74.75832
74.41377
73.26675
72.38237
71.06607
70.28303
69.12754
68.31314
67.11391
66.38632
65.28129
64.44332
63.09322
62.31579
61.48721
60.92659
60.23612
59.76225
58.93218
58.40608
57.47536
56.92569
56.03761
55.41349
54.13379
53.85476
54.48623
54.52392
54.12668
54.05211
54.06236
54.54862
55.83046
56.67169
57.65725
58.31869
59.42336
60.04954
60.96444
61.40063
62.00988
61.92504
61.01202
60.84601
61.23763
61.09566
60.20498
60.29785
61.46408
61.68209
61.18354
60.92696
60.38831
59.78068
58.35346
57.53285
56.20616
55.44020
54.25111
54.01926
53.85382
53.58903
52.86015
52.45604
52.00144
51.85448
51.88071
51.81881
51.62276
51.48885
51.22287
51.08535
50.81000
51.02038
51.93494
52.48926
53.49565
54.05495
54.95810
55.35170
55.53124
56.19587
57.66806
58.46852
59.31964
59.97058
61.32436
61.91331
62.91401
63.47886
64.30433
64.91500
66.01411
66.74307
67.99191
68.70177
69.88199
70.27233
70.38333
69.99819
68.75939
67.94965
66.50284
65.66663
64.74419
63.86274
62.52614
61.70511
60.42784
59.70390
58.59198
58.01642
57.36995
57.06635
56.73473
56.60786
56.20791
56.31192
57.27715
57.37946
56.67798
56.46658
56.46654
56.10483
55.23484
54.57989
53.42067
52.78931
51.86684
51.83242
52.61574
53.34132
54.81698
55.70389
57.19169
58.07626
59.43183
60.31236
61.24462
62.13518
63.34432
64.13846
65.41897
66.25238
67.68211
68.23192
68.18396
68.43697
69.16553
69.23763
68.77298
68.52855
68.16991
67.65730
66.50417
65.66624
64.17013
63.38282
62.40134
61.89020
60.72647
59.88021
58.39623
57.49829
56.00324
55.52718
55.01566
54.73938
54.25812
54.36489
55.30182
55.64556
55.77561
56.18790
57.30269
57.95351
59.03714
59.78378
61.19713
61.79866
62.19615
62.39528
62.68371
62.38012
61.24705
60.57915
59.42987
58.64893
57.30627
56.41065
55.18571
54.44785
53.32333
52.67019
51.68732
50.95345
49.59435
48.85739
48.05264
47.55101
46.77216
46.31960
45.64186
45.29889
44.96230
44.72508
44.31768
44.07896
43.64212
43.58846
43.86022
44.10883
44.62148
45.22173
46.53127
47.37107
48.44499
49.28041
50.23076
50.95755
52.22389
52.98571
53.97096
54.27498
54.09200
54.06878
54.13153
53.86061
52.96141
52.42864
51.63870
51.25822
50.90198
50.67912
50.45066
50.23779
49.71467
49.83050
50.58649
51.18912
52.46559
53.12150
54.02471
54.63536
55.79587
56.19287
56.07647
56.50600
57.81866
58.29877
58.63132
58.40453
57.40293
56.76400
55.68397
54.81606
53.40753
52.64180
51.62682
51.25612
51.32772
51.45580
51.85089
52.33265
53.29745
54.05023
55.50529
56.25768
57.21150
57.84317
58.79286
59.44468
60.48056
61.01228
61.30834
62.05296
63.54288
64.42726
65.80121
66.69935
68.05874
68.76957
69.63595
70.18573
71.03598
71.66283
72.70339
73.04360
72.97432
73.05854
73.38256
73.30528
72.84874
72.35195
71.08597
70.83833
71.45820
71.64491
71.80366
71.89056
71.92773
72.20426
73.11166
73.18028
72.38407
72.48140
73.41353
74.00774
74.69371
75.46421
76.84079
77.30839
77.13542
76.99275
76.41233
76.49222
77.35996
77.48334
77.20315
76.65230
75.38808
74.58522
73.60660
72.96426
71.96928
71.53939
71.41121
70.79456
69.32903
68.70710
68.52382
67.98828
66.70194
66.20376
65.91195
65.83576
66.01455
65.93151
65.56823
65.22206
64.50857
64.45573
65.12657
65.00373
64.07665
63.56852
62.71647
62.19552
61.38210
60.86918
59.87194
59.71525
60.32675
60.53255
60.83261
60.51994
59.31049
59.00567
59.21815
59.50017
60.30102
60.73614
61.34266
61.96765
63.29347
64.05529
65.34713
65.90596
66.42345
66.29252
65.31949
64.84823
64.12356
63.93809
64.17558
64.01120
63.43013
62.90950
61.73097
61.24734
60.79923
60.73800
61.05470
61.23642
61.58744
61.77200
61.90864
62.44201
63.81381
64.61590
65.96381
66.79827
68.22076
68.80551
68.97593
69.40290
70.40845
71.15453
72.53698
73.42326
74.91765
75.57787
75.87868
75.70203
74.72114
74.36923
74.01185
74.14945
74.96497
75.38786
76.11026
76.33713
76.26838
76.33144
76.70443
76.34312
75.01957
74.51909
74.40593
73.78073
72.29664
71.43345
70.04578
69.25279
68.58079
68.35313
68.46370
68.83345
70.02738
70.25441
69.70851
69.43579
68.78721
68.91635
69.85253
70.47610
71.53223
71.97055
72.31091
72.58733
73.06050
73.36902
73.90647
74.21628
74.73698
74.90801
74.94537
74.99133
75.14636
74.91554
73.94651
73.76586
74.11769
74.39963
75.02503
75.59186
76.83391
77.24385
77.12082
77.40462
78.16483
78.80731
80.07710
80.93143
82.34839
83.23592
84.70160
85.57572
87.01545
87.69841
87.92008
88.41187
89.54164
89.78503
89.37258
89.09500
88.47966
88.11211
87.47901
87.09622
86.46621
86.07586
85.45520
84.90695
83.82668
83.13682
81.90901
81.20310
80.03949
79.46559
78.73803
78.66983
79.30573
79.43550
79.10785
79.54211
80.92539
81.66053
82.61222
83.10699
83.39878
83.80873
84.72436
85.34030
86.44645
87.15300
88.25878
88.63377
88.67906
88.59956
88.26913
87.83371
86.75709
86.06912
84.88242
84.07714
82.91509
82.23989
81.26064
80.56573
79.36969
78.48023
77.34411
76.64256
75.72978
75.07109
73.90758
73.19749
72.02260
71.33781
70.16947
69.78693
69.65904
70.11478
71.49911
72.10650
72.63963
73.06295
73.74507
74.37721
75.61675
76.32704
77.10200
77.79537
79.17681
79.79540
80.11081
80.15267
79.86117
79.53472
78.95084
78.55404
77.71087
77.68225
78.32016
79.01231
80.36869
81.16128
82.41680
83.13897
83.89253
84.48181
85.53642
86.29989
87.57020
88.46707
89.81347
90.51993
90.87985
91.46487
92.76837
93.53335
94.81388
95.31768
95.65176
95.50288
94.53362
94.44529
95.01983
95.51791
96.71889
97.07600
96.96587
96.92410
96.85917
96.54108
95.51309
95.25521
95.39728
95.68416
96.56899
96.98892
97.55191
97.91692
98.41370
99.07710
100.53642
101.31547
102.40878
102.99802
103.41677
103.69897
104.04820
104.40705
105.04564
105.51194
106.30174
107.10353
108.58818
109.29291
109.72072
109.78646
109.47450
109.06535
108.06143
107.57375
107.05740
106.35487
104.87218
104.00026
102.55165
101.68214
100.22492
99.46691
98.65658
98.36306
98.32879
98.39006
98.58754
99.10284
100.43648
101.16325
102.34985
102.76530
102.67570
102.42910
101.58809
101.14012
100.46236
100.01721
99.52193
99.12833
98.69464
98.29353
97.39730
97.31622
97.97023
98.23840
98.58173
98.44833
97.54165
97.61422
98.73144
98.84641
98.13250
97.79341
97.17044
97.05024
97.33852
97.42796
97.54873
97.21305
96.05731
95.53831
94.88637
94.68403
94.95513
94.69906
93.77125
93.22559
92.62907
92.47238
92.69118
92.76636
92.75258
93.03752
94.05100
94.09961
93.17075
93.15574
94.01194
94.10549
93.65375
93.27617
92.46998
91.76274
90.42569
89.53772
88.51702
87.83860
86.77125
86.09669
85.23471
84.59809
83.46544
82.97019
82.55548
82.34019
82.13972
82.00364
81.69109
81.83983
82.52345
83.15291
84.33634
84.83984
85.21384
85.58562
86.32288
86.83848
87.72207
88.54867
90.03245
90.89298
92.16445
92.96072
94.27124
94.81036
94.98694
95.42719
96.25061
96.83468
97.99190
98.39948
98.45867
98.78556
99.61426
100.14059
101.06822
101.74580
103.01755
103.76467
105.03883
105.60812
106.04534
106.55743
107.66207
108.26767
109.11814
109.84585
111.27250
111.77325
111.62551
111.65761
111.71776
111.83168
112.20678
111.96162
110.97218
110.26204
109.29481
108.67000
107.60999
107.10833
106.46408
106.55063
107.43595
107.97889
108.87922
109.46069
110.24355
110.59677
110.66035
111.15897
112.46972
113.17969
113.96338
114.63076
115.91034
116.66870
117.64983
118.32587
119.50657
120.26635
121.66552
122.18171
122.21156
122.40009
122.85342
123.09456
123.52925
123.50315
122.95575
122.83816
122.82830
123.20647
124.35307
124.99430
126.04650
126.61050
127.07006
127.53922
128.48820
128.89564
129.26775
129.60441
130.19823
130.88129
132.33365
133.07772
134.05212
134.56071
135.27041
135.42984
135.27892
134.68060
133.22313
132.48646
131.85768
131.70647
132.05008
132.09612
132.02248
131.91487
131.67701
131.38575
130.60685
130.42122
130.65786
130.53252
130.08907
129.58126
128.50093
128.28110
128.75935
128.97373
129.38367
129.45755
129.28267
129.21193
129.10817
129.23656
129.72482
129.98065
130.22626
130.56376
131.30902
131.98310
133.27154
134.05074
135.39501
136.05865
136.84670
137.32430
138.02957
138.51231
139.27340
139.42809
139.09539
138.99605
138.89731
138.89000
138.96918
139.05694
139.26101
139.39995
139.64726
139.79691
139.97123
140.17468
140.70246
140.78550
140.52965
140.38445
140.03604
140.07315
140.60529
140.60772
140.11466
139.96024
139.89206
139.74300
139.44730
138.85637
137.42845
136.83110
136.44623
136.57096
137.42320
137.90495
138.78766
139.14967
139.27223
139.80769
141.09394
141.94284
143.40316
144.22878
145.37361
146.27283
147.43694
148.25632
149.44006
149.70395
149.15534
148.90724
148.49286
148.08562
147.22513
146.54963
145.33037
144.66633
143.69305
143.14658
142.43313
141.94243
140.98333
140.91489
141.72944
142.00338
142.16233
142.43835
143.03175
143.37988
143.88407
144.43044
145.65312
146.01864
145.82851
145.96810
146.43258
146.84065
147.78063
148.18270
148.44326
148.89660
149.87886
150.68822
152.16026
152.93701
153.82645
154.40345
155.24864
156.01591
157.23302
157.92555
158.98751
159.21873
158.79596
158.45072
157.61349
157.15393
156.39987
155.96815
155.27988
154.85215
154.09187
153.70357
153.15340
153.33944
154.41031
154.95027
155.64709
156.24390
157.40018
158.05071
159.11337
159.47081
159.60645
159.23901
158.04513
157.42707
156.98927
156.44356
155.51961
155.22974
155.15550
155.54387
156.81253
157.36203
157.87629
158.33321
159.14521
159.93287
161.26259
162.10124
163.54980
164.20744
164.53590
165.04430
166.12072
166.75664
167.82688
168.45830
169.51584
170.00472
170.30062
170.42986
170.39076
170.66178
171.52666
172.03400
172.82742
173.53212
174.70962
175.15265
175.03365
175.35098
176.31670
176.78911
177.38183
177.60665
177.70120
177.82377
178.14255
178.13646
177.84947
177.53477
176.67516
176.48360
176.80328
176.83079
176.61174
176.72986
177.20977
177.70199
178.58019
179.38706
180.85556
181.71722
183.00786
183.83530
185.19321
185.98355
187.09143
187.79169
188.96873
189.73372
191.09557
191.90148
193.26815
193.86659
194.29189
194.65859
195.31976
195.72572
196.28093
196.95389
198.30921
199.16653
200.64853
201.37545
201.83273
202.60295
204.07817
204.97206
206.46514
207.35501
208.83100
209.70606
211.14725
211.98175
213.20132
214.06155
215.54987
216.38441
217.52964
218.18471
219.14753
219.71897
220.42653
220.75645
221.10453
221.23081
221.25093
221.21751
221.00286
221.08191
221.65774
221.52053
220.52202
220.41980
221.14779
221.16582
220.57218
220.34027
220.05384
220.29466
221.21904
221.72963
222.57228
223.11321
224.11293
224.49104
224.66562
224.92168
225.39937
225.92143
226.96992
227.70388
228.96228
229.82356
230.88125
231.67022
233.13091
233.71220
233.67612
234.13220
235.42878
235.80488
235.56139
235.69824
236.26195
236.44267
236.38632
236.67626
237.71104
237.81141
237.06258
236.76990
236.58619
236.46441
236.44080
235.99041
234.95414
234.11891
232.70420
231.84838
230.79268
229.92887
228.47222
227.72956
227.22973
227.08073
227.33480
227.20917
226.59717
226.39481
226.47093
226.35972
226.05032
225.72453
224.81000
224.80341
225.67265
226.10829
226.66518
227.44225
228.93022
229.75299
230.78273
231.32915
232.01783
232.29958
232.44018
232.58015
232.80180
233.06160
233.47662
234.06237
235.40402
236.09929
236.93588
237.75651
239.20453
240.05277
241.33347
242.22416
243.62055
244.47612
245.87998
246.76358
248.24579
249.03806
249.78559
250.31826
251.25036
251.33911
250.53361
250.56765
251.41937
251.64624
251.74082
251.29491
249.95164
249.22870
248.14628
247.43263
246.39427
245.95717
245.63370
245.49676
245.60735
245.32960
244.36427
244.06028
244.22279
244.05983
243.48769
243.17412
242.76787
242.14634
240.75327
240.08418
239.80421
239.42870
238.82206
238.07220
236.60781
235.79001
234.62477
233.84237
232.47886
231.60434
230.11295
229.22802
227.93519
227.13209
226.26042
225.58414
224.43183
223.54393
222.24951
221.74875
221.76690
221.52954
220.90138
220.57189
219.98699
219.96270
220.48610
220.72153
220.93849
221.44003
222.56564
223.25305
224.47714
225.02536
225.66816
225.62737
224.83826
224.34665
223.41123
223.00942
222.88544
222.50447
221.63700
220.87133
219.77950
219.14044
218.17449
217.75276
217.72522
217.34383
216.30034
215.68062
214.62204
213.96294
212.77233
212.37670
212.44379
212.31052
211.92953
211.68872
211.23845
210.97559
210.49622
210.43059
210.80713
210.70743
210.15574
209.61696
208.59825
208.09189
207.33053
207.36785
208.22544
208.79728
209.85166
210.47559
211.40404
212.24528
213.71996
214.46840
215.05083
215.69643
217.00532
217.77601
218.79179
219.44496
220.54271
221.19398
222.18316
223.01490
224.46103
225.33685
226.78934
227.68271
229.12299
230.00818
231.45453
232.29150
233.24795
233.78049
234.39561
234.77192
235.24661
235.85210
237.22866
237.85953
238.33410
238.67265
239.17582
239.61929
240.22886
241.01636
242.41406
243.14292
243.99097
244.54028
245.38486
246.12819
247.41411
248.18577
249.42577
250.18432
251.15554
251.95751
253.20382
253.95834
254.59483
255.14204
256.18099
256.72838
257.38679
257.28327
256.27359
255.81047
255.31930
254.60521
253.10974
252.33787
251.62437
251.15904
250.66592
250.34168
249.84543
249.62725
249.44961
249.17092
248.47137
248.08893
247.48466
247.09580
246.40037
246.02709
245.41618
245.32882
245.68859
246.04117
246.94946
247.26804
247.53392
247.25339
246.23162
245.67124
245.04376
244.96110
245.41507
245.70150
246.29575
246.58862
246.93079
246.89859
246.45073
246.09401
245.30055
244.96226
244.69236
244.27916
243.20094
243.00708
243.50355
243.72553
243.91109
244.05346
244.34163
244.33056
244.00195
243.84471
243.59301
243.51982
243.52378
243.68514
244.16030
244.44020
244.89099
245.23157
245.91430
246.30407
246.92601
247.24320
247.50814
248.14786
249.55298
250.41065
251.58651
252.35742
253.65725
254.52843
256.02726
256.89982
258.16955
259.02248
260.39430
261.28275
262.60999
263.02488
262.71472
262.64710
262.54733
262.50486
262.46794
262.40123
262.27295
262.03641
261.32487
261.18891
261.36518
261.96615
263.40308
264.27613
265.36752
265.79351
265.78445
266.31644
267.61777
268.17896
268.64579
268.78966
268.71691
268.77781
269.01425
269.18614
269.65898
269.49451
268.59948
267.98819
266.77247
266.15314
265.38268
264.65246
263.21368
262.35894
261.20382
260.39979
259.02752
258.13694
257.02133
256.23392
254.99216
254.37939
254.06388
253.55136
252.40627
251.65764
250.29296
249.63358
249.11266
248.36317
246.88739
246.01568
244.76937
243.90175
242.58278
241.96103
241.26066
241.32615
242.35232
242.41360
241.63387
241.33720
241.00025
241.05788
241.56390
242.02937
242.88459
243.68702
245.05007
245.56975
245.62407
245.58367
245.19558
245.18340
245.42609
245.79566
246.75638
247.09034
247.13946
246.89143
245.97127
245.48012
244.80072
244.04435
242.55284
241.67716
240.39583
239.53924
238.06015
237.20166
236.14124
235.35916
234.29730
233.46362
232.00387
231.11957
229.93335
229.17379
228.35953
228.21365
228.66704
229.13086
230.21213
231.00331
232.40442
233.10044
233.79770
234.04626
234.09658
233.92327
233.17529
233.26488
234.18015
234.73015
235.48232
235.86319
236.28719
236.54782
236.98047
237.07589
236.99818
236.72298
236.01290
235.35597
234.04133
233.38384
232.67066
232.21168
231.58463
230.81299
229.34665
228.48427
227.11181
226.30475
225.17087
224.43427
223.19191
222.44139
221.25994
220.51644
219.36424
218.59280
217.34850
216.45949
215.01033
214.42406
214.38271
214.35370
214.43724
214.63732
215.11136
215.46215
216.04771
216.68156
217.83866
218.37624
218.69999
218.98005
219.53619
219.63908
219.33594
219.41728
219.88454
220.19288
220.74785
221.07735
221.50013
222.06317
223.36522
224.12932
225.44903
226.01069
226.32047
226.55883
226.96409
227.02769
226.72314
226.90827
227.59412
228.26625
229.59903
230.34413
230.84336
231.50396
232.45370
233.33395
234.61712
235.08416
235.04573
234.82159
233.98083
233.70733
233.72406
233.29320
232.13291
231.54733
230.74384
230.27804
229.57698
229.13230
228.39342
228.27240
228.54804
229.03147
230.16399
230.82885
231.96990
232.50495
232.97761
233.36334
234.04992
234.50466
235.35294
235.75907
236.20544
236.59059
237.40343
237.86364
238.54132
239.15668
240.37504
241.24610
242.69326
243.52500
244.42910
244.78263
244.91077
244.92537
244.67175
244.91038
245.95678
246.08695
245.50390
245.07830
244.13962
243.68726
243.15518
242.68704
241.80532
241.22128
240.11359
239.71907
239.77061
239.90462
240.45117
240.53849
240.20935
240.38668
241.28778
241.41863
240.91015
240.81076
240.78946
241.08267
242.05533
242.53554
243.11261
243.51700
244.10506
244.71646
246.02606
246.65762
247.08555
247.24909
247.29083
