1.49986
2.39032
3.85037
4.67985
5.95047
6.76141
8.14957
9.00234
10.43918
11.33261
12.76787
13.60857
14.96087
15.77759
17.12924
17.97379
19.42648
20.25910
21.54862
22.40737
23.84154
24.72321
26.18185
26.99759
28.18162
28.95996
30.28322
31.08928
32.46430
33.20453
34.23789
34.93740
36.17557
36.91801
38.16558
38.91402
40.16499
40.89334
41.98784
42.65987
43.81152
44.39272
45.16837
45.52789
45.92129
46.15522
46.51805
46.68892
46.88575
46.99971
47.19025
47.19692
47.03956
46.86988
46.43377
46.28086
46.22083
46.03855
45.51393
45.28744
45.04731
44.99016
45.03970
