1.49999
2.31332
3.34859
4.18623
5.66890
6.41782
7.13338
7.74487
8.88437
9.50831
10.22683
10.51396
10.56011
10.44969
10.01969
9.59115
8.75911
8.10556
6.97167
6.52092
6.36957
6.28377
6.18362
6.47108
7.38116
7.95785
8.89265
9.60261
10.90889
11.74515
13.14654
13.94811
14.91463
15.31478
15.45219
15.92663
17.04727
17.86217
18.76682
19.65455
21.00054
21.84444
23.26846
23.99081
24.83240
25.49231
26.71367
27.41397
28.43207
29.17060
30.37875
31.25441
32.25414
33.05878
34.25908
34.99164
36.20879
36.82542
37.57820
38.23264
39.43347
40.11787
41.00516
