1.49992
2.38677
3.82855
4.65876
5.94972
6.78319
8.22743
9.04006
10.28089
11.06478
12.38716
13.14998
14.34296
15.14466
16.56948
17.41325
18.79005
19.62444
21.01586
21.88583
23.29444
24.15570
25.60965
26.46605
27.86089
28.70352
30.12042
30.94781
32.24663
33.06442
34.48335
35.29239
36.56789
37.23844
38.14841
38.70353
39.60478
40.23112
41.41441
41.97742
42.63912
42.88050
42.94880
43.06358
43.29901
43.49589
43.91336
44.18291
44.67224
44.99548
45.57676
45.99007
46.80152
47.12325
47.31336
47.57619
48.18114
48.50516
48.95848
49.41108
50.35881
51.07495
52.41583
53.22171
54.58029
55.33330
56.40867
57.08455
58.14072
58.76834
59.79618
60.38674
61.24287
61.91013
63.18658
63.93686
65.08864
65.71369
66.58890
67.15282
68.13466
68.74288
69.78380
70.47365
71.63788
72.44060
73.82249
74.66046
76.05095
76.93459
78.32818
79.13598
80.39490
81.19453
82.55554
83.38246
84.71330
85.37358
86.10685
86.71548
87.89909
88.47669
89.19911
89.66952
90.41171
91.09778
92.49750
93.30361
94.57144
95.34134
96.63514
97.36943
98.51726
99.21578
100.37017
101.08385
102.28409
103.11708
104.59675
105.46288
106.84501
107.65130
108.83504
109.45060
110.19391
110.67018
111.47412
111.77834
111.94977
112.09270
112.36554
112.39714
112.22922
112.18748
112.17955
112.27367
112.56595
112.83789
113.44790
113.80961
114.44619
114.71623
114.89881
115.24199
116.12604
116.69240
117.69987
118.43541
119.80917
120.59463
121.74578
122.55340
124.00250
124.89546
126.38257
127.27396
128.72032
129.59447
131.00909
131.87486
133.29917
134.13811
135.49173
136.29725
137.63282
138.43754
139.77488
140.65694
142.13583
143.01718
144.39997
145.19968
146.43679
147.23023
148.49547
149.35498
150.84977
151.72657
153.10893
153.94032
155.20163
155.96383
157.21686
157.95927
159.19329
159.79361
160.40904
161.02366
162.30849
163.01828
164.11623
164.79691
165.95577
166.65565
167.82394
168.50965
169.59871
170.31165
171.50695
172.27737
173.61028
174.42289
175.72345
176.41255
177.27756
177.78038
178.56496
179.06328
179.92630
180.54430
181.71157
182.41219
183.58743
184.30521
185.52853
186.29160
187.57431
188.41213
189.82996
190.62013
191.73891
192.53747
193.96791
194.72382
195.76478
196.19098
196.50840
196.55007
196.32589
196.18773
195.92942
195.78370
195.55305
195.42023
195.19320
195.17590
195.33778
195.46190
195.71372
195.93696
196.42804
196.62951
196.76128
197.04490
197.77128
198.19466
198.90098
199.30499
199.96839
200.20604
200.28563
200.40397
200.65659
200.91264
201.50465
201.86835
202.52769
202.99668
203.90111
204.48546
205.54023
206.11114
206.93048
207.46276
208.37911
208.70148
208.83058
208.75477
208.32970
208.12520
207.78617
207.72102
207.85901
207.93600
208.07206
208.16587
208.30864
208.51416
209.02420
209.41598
210.19861
210.69185
211.53311
212.06930
212.94175
213.49186
214.43083
215.01957
216.07640
216.55407
217.04074
217.35099
217.79818
218.24193
219.17413
219.74775
220.73341
221.36986
222.49485
223.18290
224.36761
224.91128
225.38605
225.91092
227.07278
227.68006
228.59648
229.01925
229.48309
229.72648
230.00593
230.37192
231.33124
231.62324
231.61601
231.65983
231.71742
231.91592
232.53279
232.75613
232.89865
233.09303
233.54448
233.84495
234.39122
234.75077
235.41660
235.63242
235.64523
235.77954
236.15581
236.41335
236.90100
237.16144
237.50359
237.68543
237.89784
238.15643
238.75420
239.30323
240.49250
241.09049
241.88628
242.38703
243.17352
243.64896
244.43037
244.95152
245.83292
246.38072
247.38000
247.73677
247.93042
247.79242
247.13275
246.64062
245.62848
245.04063
244.07071
243.41470
242.21635
241.55151
240.60856
240.03571
239.08357
238.52713
237.62580
237.01774
235.90414
235.18700
233.89848
233.23502
232.36149
231.84957
231.04423
230.42529
229.20015
228.46867
227.22240
226.58713
225.81085
225.32905
224.55294
224.03702
223.13834
222.52385
221.38182
220.71929
219.59711
219.12820
218.77908
218.56431
218.29819
217.89852
216.90748
216.27401
215.14707
214.47794
213.36766
212.64484
211.35702
210.56537
209.22576
208.43803
207.13878
206.44086
205.43918
204.83587
203.83317
203.24364
202.28897
201.72072
200.87017
200.40660
199.76181
199.38317
198.87054
198.48065
197.73217
197.30545
196.61888
196.47271
196.72079
196.75140
196.68148
196.64021
196.56107
196.53375
196.52557
196.47940
196.30484
196.32586
196.49409
196.76431
197.46237
197.90045
198.68552
199.12139
199.81751
200.16964
200.64029
200.85407
201.04452
201.19141
201.53065
201.56055
201.35795
201.05266
200.27585
199.71170
198.64984
198.08735
197.26719
196.77638
195.96610
195.45567
194.53512
194.18078
193.98160
193.77267
193.30690
193.04876
192.62686
192.38600
192.00468
191.80197
191.50821
191.34760
191.11045
190.98184
190.83870
190.50214
189.55797
189.06656
188.31437
187.89207
187.23495
186.88290
186.40235
185.98218
185.11554
184.64667
184.00196
183.55907
182.74452
182.29964
181.61942
181.30089
180.96977
180.76797
180.43667
180.24832
179.94672
179.77338
179.48996
179.32960
179.05374
179.00646
179.15449
179.01217
178.38730
178.23140
178.30607
178.37626
178.53296
178.79601
179.49333
179.97685
180.87169
181.40595
182.29716
182.79735
183.57163
184.04378
184.85721
185.23041
185.66578
185.95015
186.43773
186.84121
187.71038
188.22895
189.08731
189.68894
190.80799
191.42475
192.34730
192.91150
193.83996
194.56172
195.93919
196.74935
198.08395
198.89522
200.26491
201.12383
202.59317
203.43190
204.72557
205.53681
206.93379
207.71120
208.89455
209.48854
210.22830
210.58169
210.97340
211.18229
211.46104
211.61942
211.87279
211.92076
211.82283
211.81871
211.88322
211.91120
211.95318
212.01631
212.19965
212.32483
212.61929
212.56305
212.05615
211.91568
211.96561
211.81620
211.31801
211.04703
210.61543
210.21086
209.33688
208.81578
207.95020
207.51868
206.91581
206.71693
206.65544
206.78873
207.30990
207.62270
208.14777
208.53677
209.29145
209.59634
209.86303
210.02914
210.28254
210.56293
211.23189
211.63855
212.34643
212.73461
213.32310
213.66311
214.19778
214.37691
214.43802
214.36975
214.05962
213.86963
213.54111
213.31088
212.88742
212.43197
211.38418
210.67972
209.43122
208.65734
207.33391
206.54177
205.22059
204.39751
203.11671
202.35906
201.15902
200.32472
198.86771
198.02570
196.68480
195.92502
194.74037
194.00736
192.75114
192.01220
190.81663
190.11092
188.96447
188.24920
187.01259
186.30110
185.16928
