0.00004296
0.00004296
0.00002574
0.00004515
0.00004921
0.00004921
0.00009241
0.00009241
0.00005522
0.00005522
0.00002472
0.00000000
0.00054002
0.00077048
0.00000000
0.00002662
0.00004993
0.00004993
0.00003174
0.00003345
0.00003345
0.00001353
0.00000000
0.00000000
0.00005451
0.00010100
0.00000000
0.00018106
0.00077048
0.00005451
0.00010100
0.00018106
0.00000000
0.00002379
0.00008253
0.00008253
0.00002229
0.00004926
0.00006878
0.00006878
0.00009622
0.00009622
0.00005068
0.00005068
0.00006320
0.00006606
0.00007761
0.00007761
0.00008587
0.00008587
0.00005698
0.00004305
0.00004305
0.00000805
0.00006606
0.00005721
0.00004086
0.00004086
0.00004820
0.00004820
0.00004332
0.00004332
0.00005012
0.00005012
0.00004893
0.00006331
0.00006331
0.00004220
0.00005652
0.00006991
0.00008412
0.00008412
0.00003401
0.00005538
0.00005538
0.00004292
0.00000000
0.00004309
0.00003638
0.00000000
0.00005676
0.00005676
0.00006279
0.00008600
0.00008600
0.00006535
0.00008431
0.00008431
0.00008720
0.00008720
0.00006329
0.00006701
0.00000000
0.00006701
0.00009534
0.00023722
0.00032103
0.00032103
0.00022991
0.00010232
