1.49999
2.36568
3.66365
4.51646
5.77998
6.58113
7.90176
8.67249
9.47196
10.26039
11.63592
12.47509
13.87135
14.64201
15.63765
16.37161
17.36017
18.16868
19.64116
20.53323
21.87108
22.76827
24.18125
25.05555
26.53084
27.39815
28.74263
29.63483
30.80451
31.64594
33.08905
33.66699
33.80854
33.91310
33.87778
34.04389
34.48906
34.78426
35.29843
35.54155
35.88401
35.77478
35.05828
34.75719
34.40534
34.16378
33.55983
33.82034
35.10981
35.48601
35.41398
35.29199
34.86488
34.81450
35.09472
35.06935
34.76293
34.58140
34.33229
33.86966
32.87656
32.28533
31.35384
