1.49979
2.37764
3.77314
4.63268
6.06291
6.89482
8.15340
8.86153
9.93525
10.61511
11.76711
12.55867
13.98552
14.80724
16.11437
16.89183
18.11724
18.87721
20.14849
20.98871
22.44222
23.31239
24.76506
25.65635
27.14509
28.03691
29.52744
30.41014
31.85962
32.73178
34.19115
35.04898
36.41111
37.19142
38.36626
39.18570
40.56707
41.41943
42.86415
43.71202
45.06332
45.89123
47.28516
48.16734
49.64510
50.53339
52.01924
52.88066
54.22758
54.98098
56.11441
56.67079
57.28559
57.70103
58.37841
58.95588
60.15529
60.87225
62.06750
62.85456
64.16452
64.93938
66.19545
66.99175
68.36330
69.23231
70.71972
71.61802
73.08348
73.95977
75.25017
76.02740
77.26967
78.13137
79.62975
80.52049
81.97421
82.85303
84.33376
85.15115
86.30128
87.02377
88.23929
88.93686
90.03561
90.73095
91.91704
92.55001
93.48700
93.93877
94.45250
94.77715
95.31204
95.65496
96.20478
96.64589
97.59553
97.95999
98.16188
98.36377
98.75936
98.92949
99.05654
99.26315
99.76604
100.09759
100.72091
100.88790
100.83632
100.59674
99.86960
99.37405
98.45217
97.89178
96.95465
96.37382
95.36668
94.83615
94.03762
93.78906
93.79053
93.81922
93.96907
94.01929
94.11986
94.01462
93.62164
93.40495
93.05715
93.00167
93.17079
93.46950
94.32062
94.80483
95.56859
96.17523
97.36558
98.04292
99.08831
99.78831
101.05509
101.73672
102.70857
103.19454
103.82021
103.98768
103.89495
104.05481
104.60834
104.98548
105.73977
106.25685
107.25459
107.78307
108.56740
109.01798
109.77492
110.01600
110.06967
110.08058
109.99114
110.08290
110.45164
110.74928
111.38517
111.81592
112.55320
113.06957
114.11256
114.60909
115.20868
115.74351
116.91437
117.52071
118.42046
118.76487
119.01345
119.10582
119.14538
119.18389
119.30124
119.21253
118.80098
118.46229
117.71953
117.30278
116.64555
116.21315
115.39651
115.11331
115.07306
114.89702
114.34803
114.31697
114.79250
115.03814
115.53966
115.57883
115.24039
115.03595
114.70020
114.29764
113.34053
112.89778
112.41541
111.94088
110.93180
110.24223
109.04626
108.30889
107.04853
106.28713
104.99994
104.28187
103.20212
102.44546
101.06002
100.28090
99.07370
98.36227
97.19738
96.51707
95.39940
94.85199
94.19234
93.94235
93.83804
93.75050
93.55350
93.64674
94.17398
94.37324
94.57151
94.49863
94.04595
93.75059
93.15127
92.76672
92.03779
91.77930
91.63718
91.76417
92.32628
92.78331
93.76822
94.27411
94.97880
95.43220
96.23444
96.62621
97.13433
97.40905
97.81742
98.06688
98.48910
98.73439
99.07703
99.24603
99.46953
99.55770
99.54900
99.86766
100.80913
101.51189
102.86868
103.58704
104.58207
105.18668
106.15984
106.91380
108.30152
109.09676
110.22765
110.96522
112.20888
112.94402
114.14833
114.90893
116.20757
116.98866
118.26480
119.02814
120.29287
121.09049
122.36495
123.04850
123.98863
124.46492
125.00459
125.23881
125.42353
125.37468
125.02065
124.77897
124.30488
124.15884
124.07735
124.30923
125.18107
125.49782
125.69571
126.00478
126.76111
127.28814
128.26301
128.72939
129.30476
129.66127
130.26328
130.66616
131.44371
131.70065
131.73155
131.89505
132.36980
132.59016
132.84710
132.99639
133.25032
133.18685
132.71899
132.46239
132.03636
131.79532
131.41729
131.07920
130.36824
129.91636
129.13149
128.63257
127.75475
127.28516
126.60255
126.33810
126.14807
126.15933
126.38998
126.49571
126.62677
126.69545
126.82779
126.68310
126.02621
125.70212
125.22461
125.00310
124.81335
124.49486
123.67992
123.08554
121.89113
121.23258
120.22797
119.63211
118.56449
118.10175
117.61899
117.51864
117.68739
117.88331
118.46258
118.55578
118.33391
118.07641
117.39987
116.97427
116.09957
115.85593
115.91339
115.78355
115.34326
115.02465
114.33098
113.99607
113.55877
113.15736
112.28258
111.77020
110.88580
110.49941
110.13549
109.72997
108.81035
108.17587
106.98325
106.30190
105.22719
104.59563
103.64442
102.94138
101.70109
100.96445
99.75354
99.05817
97.95485
97.51772
97.30014
97.07316
96.61493
96.39319
96.10860
95.92972
95.66295
95.34059
94.53098
94.24557
94.15425
93.98927
93.58468
93.40643
93.19163
93.29553
93.81904
94.23917
95.08692
95.54728
96.27137
96.63758
97.12768
97.47712
98.11953
98.57578
99.44822
99.93951
100.70747
101.11256
101.70331
101.92770
102.12960
102.26254
102.49109
102.78933
103.58011
104.04963
104.82903
105.38077
106.41645
107.18941
108.63881
109.49921
110.89876
111.79287
113.25073
114.14635
115.55059
116.39796
117.72968
118.60453
120.04437
120.89798
122.27372
123.15789
124.62286
125.49998
126.99885
127.82875
129.02996
129.79783
131.10776
131.98839
133.47847
134.33679
135.59890
136.36292
137.61178
138.32192
139.37696
140.16010
141.59519
142.35670
143.35931
144.08649
145.34574
146.07481
147.19264
147.88627
149.07671
149.75694
150.90095
151.46950
152.20225
152.58356
153.07018
153.47288
154.31925
154.73950
155.29111
155.56926
155.93557
156.22757
156.77245
157.05157
157.47146
157.74788
158.21999
158.43941
158.74511
158.67432
158.08959
158.02081
158.34355
158.43763
158.48736
158.55272
158.75407
158.66152
158.19494
158.04634
157.99977
158.01684
158.13330
158.21085
158.34986
158.47456
158.75023
158.87192
159.00083
159.11641
159.37540
159.56860
159.96360
160.09665
160.08290
160.31374
160.97123
161.51120
162.65295
163.20265
163.85708
164.41441
165.54186
166.25781
167.52700
168.24706
169.37655
170.14950
171.54510
172.35596
173.68762
174.41392
175.51480
176.18908
177.33911
177.99008
179.01166
179.62613
180.68556
181.21915
181.88737
182.24034
182.69094
182.97200
183.39214
183.58098
183.79767
183.88527
183.93783
184.10387
184.64656
184.81012
184.88290
184.87479
184.79113
184.64517
184.18774
184.19770
184.72011
184.86583
184.83835
185.06006
185.78214
186.24104
187.09053
187.60647
188.46257
188.98082
189.75578
190.40316
191.69428
192.51638
193.93561
194.82632
196.30457
197.19985
198.69767
199.57534
200.94341
201.75452
202.99107
203.81931
205.27602
206.04411
206.97867
207.69554
208.98758
209.64553
210.50885
210.95491
211.57938
211.75449
211.72964
211.51212
210.80044
210.45099
209.95167
209.64176
209.07486
208.98654
209.27934
209.48001
209.89949
210.21225
210.83273
211.18554
211.66558
212.04345
212.79062
213.22370
213.93233
214.42347
215.32693
215.99516
217.27264
217.99763
219.17133
219.74674
220.44550
220.79941
221.25030
221.36525
221.21757
221.33806
221.82162
222.17788
222.89252
223.42523
224.42575
225.02088
225.90366
226.50556
227.54491
228.16696
229.18025
229.77974
230.71596
231.42792
232.73315
233.47745
234.65636
235.35216
236.47553
237.29623
238.76397
239.63504
241.02976
241.83661
243.03947
243.62420
244.32672
244.75435
245.45411
245.96490
246.95767
247.60888
248.68379
249.37001
250.59178
251.18991
251.99028
252.44612
253.15934
253.64272
254.53878
255.05217
255.86376
256.36276
257.19766
257.82188
259.04824
259.77286
260.98190
261.64890
262.59459
263.13073
263.89959
264.40654
265.22269
265.87547
267.16107
267.93392
269.23103
270.07531
271.50493
272.39450
273.86014
274.75333
276.17433
277.05101
278.53200
279.42917
280.91615
281.79831
283.15159
284.03853
285.45270
286.31510
287.76084
288.63024
290.08640
290.94962
292.36540
293.22775
294.68360
295.55673
297.01044
297.88018
299.33397
300.15596
301.41485
302.11789
303.13624
303.93221
305.41374
306.29839
307.77473
308.64573
309.98055
310.82875
312.28610
313.15910
314.62026
315.48535
316.89974
317.78576
319.28410
320.18229
321.68123
322.53960
323.76013
324.48905
325.54686
326.31596
327.72541
328.59489
330.06755
330.95307
332.41884
333.30830
334.67560
335.53100
336.93245
337.81897
339.30242
340.19743
341.64193
342.47893
343.81073
344.53448
345.54257
346.23358
347.51861
348.12472
348.79306
349.08834
349.33594
349.46279
349.54016
349.76544
350.40269
350.63973
350.85333
350.78128
350.33870
350.02133
349.38470
349.02184
348.45260
348.25359
348.10758
348.28666
349.04802
349.39733
349.83729
349.97390
349.97503
349.90255
349.65035
349.47061
349.09231
348.79005
348.23641
347.75073
346.74508
345.98157
344.53587
343.70997
342.45803
341.75865
340.66902
340.15176
339.61614
339.14069
338.20818
337.62000
336.57433
336.04299
335.34460
334.88135
334.04303
333.58869
332.92159
332.65657
332.49596
332.39674
332.25334
332.18370
332.13459
332.10416
332.05855
332.10456
332.34567
332.28047
331.83517
331.63664
331.37949
331.28764
331.25898
331.26719
331.34131
331.29872
331.04781
330.98013
331.02617
330.85947
330.31819
329.89628
329.04123
328.64545
328.19158
327.92074
327.46360
327.31493
327.25521
327.32052
327.62938
327.72908
327.74104
327.77110
327.84234
327.89818
328.04876
327.99161
327.70601
327.40339
326.68624
326.27694
325.59586
325.19213
324.56560
324.17918
323.55286
323.19679
322.61834
322.45824
322.54403
322.49796
322.26645
322.25447
322.46078
322.33240
321.74906
321.39359
320.78642
320.25570
319.19685
318.55559
317.45811
316.80693
315.80049
315.11015
313.85896
313.13202
311.94685
311.24812
310.10353
309.52782
308.77957
308.28038
307.37143
306.88456
306.12674
305.94786
306.17181
306.19206
306.06285
306.00205
305.91574
305.92441
306.02935
306.15035
306.49842
306.75862
307.30265
307.54628
307.79942
307.80269
307.48382
307.54936
308.03065
308.31299
308.84337
308.99140
308.93113
308.87859
308.66564
308.80546
309.47826
309.71626
309.84767
310.02228
310.46563
310.44918
309.99917
309.72391
309.26773
308.85310
307.91923
307.35158
306.33690
305.91614
305.53717
305.43552
305.61977
305.46330
304.86936
304.49379
303.85715
303.38681
302.48861
301.91927
300.90213
300.33732
299.52565
299.04129
298.27397
297.75987
296.86884
296.37952
295.68188
295.23197
294.44819
293.87051
292.71147
292.23430
291.84520
291.46350
290.59552
290.21626
289.73857
289.48290
289.13978
288.86773
288.26118
287.89341
287.27388
286.81360
285.97133
285.39531
284.36814
283.80893
282.95415
282.58115
282.20981
281.95735
281.48936
281.36079
281.34088
281.48637
282.01731
282.36920
283.05552
283.33941
283.58331
283.68344
283.72714
283.88548
284.30844
284.60007
285.14281
285.44682
285.89482
286.20284
286.88360
287.05928
286.98314
286.74867
285.98048
285.75360
285.70089
285.69549
285.72341
285.91755
286.56936
286.78309
286.80876
286.94043
287.23009
287.53511
288.29352
288.46045
288.24868
288.13041
287.87698
287.75545
287.58779
287.48049
287.35468
287.01899
286.07196
285.51488
284.54222
284.05684
283.51267
283.00090
281.86637
281.36798
280.81952
280.72601
281.03734
281.23380
281.66505
281.75616
281.65710
281.69104
281.85024
281.93024
282.06461
281.93082
281.36358
281.13972
280.98204
280.66308
279.84479
279.22108
277.94226
277.33277
276.64171
276.21823
275.52713
275.28012
275.20905
275.07689
274.84381
274.51237
273.62631
273.37451
273.41067
273.36875
273.25776
273.27073
273.40705
273.41263
273.20222
273.07992
272.84914
272.68209
272.33682
272.27302
272.36251
272.58147
273.23670
273.52523
273.82237
274.09317
274.66707
274.87172
274.97912
275.21458
275.86112
276.15596
276.46620
276.69051
277.13093
277.23972
277.06805
276.99395
276.88597
276.80830
276.67395
276.57624
276.44371
276.24778
275.73527
275.34811
274.53031
274.23199
274.12528
273.84952
273.10115
272.73014
272.20598
271.96359
271.65547
271.61238
271.85691
271.69862
270.95575
270.77730
270.92465
270.86548
270.58397
270.33917
269.81110
269.38092
268.52925
268.10438
267.60979
267.25295
266.55574
266.36672
266.54111
266.36922
265.76450
265.22476
264.04784
263.39254
262.34903
261.87715
261.43233
261.27167
261.23307
261.12511
260.83126
260.69115
260.49934
260.44812
260.48306
260.41784
260.20848
260.07213
259.79169
259.69925
259.68686
259.71135
259.83439
259.77600
259.45834
259.27665
259.03571
258.93876
258.85670
258.73061
258.38294
258.19400
257.93203
257.63311
256.95569
256.41201
255.23439
254.64594
253.85427
253.42970
252.94632
252.57232
251.90112
251.51085
250.88340
250.54491
250.08647
249.64801
248.69228
248.09966
247.17062
246.60289
245.67448
244.99192
243.71425
242.88942
241.47671
240.61241
239.14938
238.27164
236.83174
235.93821
234.45174
233.55834
232.13066
231.28109
229.86129
229.14480
228.27579
227.92903
227.75058
227.58882
227.28671
227.21274
227.29767
227.37120
227.56718
227.67751
227.87191
227.98663
228.19265
228.29006
228.43514
228.48443
228.50444
228.42909
228.15253
228.03371
227.90857
227.85076
227.90578
227.66778
226.88913
226.36548
225.34056
224.81022
224.13579
223.78047
223.28977
223.17674
223.35504
223.32752
223.09359
223.05035
223.07652
223.17123
223.39531
223.78346
224.85457
225.23917
225.48024
225.47069
225.12196
224.93383
224.63414
224.44732
224.15086
224.00453
223.82818
223.59823
222.98969
222.54900
221.67269
221.13404
220.23508
219.57534
218.39118
217.61770
216.24318
215.39235
213.93680
213.06896
211.63219
210.78655
209.59203
208.78954
207.44892
206.59670
205.25845
204.43924
203.04804
202.30713
201.33831
200.73508
199.71977
199.14072
198.24246
197.71433
196.86974
196.28611
195.23362
194.61839
193.61668
193.05133
192.21865
191.75396
191.08840
190.58893
189.60057
189.08687
188.35972
187.92779
187.20598
186.88343
186.60008
186.23126
185.37502
184.85859
184.00344
183.35405
182.08194
181.28736
179.90975
179.15187
178.06738
177.42821
176.48610
175.95892
175.19144
174.93840
174.89476
174.84710
174.79114
174.75033
174.71974
174.56200
174.11094
173.73074
172.89938
172.55684
172.25031
172.10498
171.94529
171.98559
172.30504
172.40350
172.44837
172.49383
172.58948
172.69088
172.92466
173.02734
173.13853
173.20021
173.29606
173.34485
173.41511
173.50092
173.74319
173.84218
173.86518
174.14393
174.99528
175.46850
176.18272
176.70907
177.62655
178.23705
179.35469
179.93842
180.77081
181.27522
182.11777
182.64319
183.54099
184.03455
184.68296
185.04992
185.55054
185.96949
186.78741
187.23477
187.90693
188.41434
189.41188
189.98119
190.90811
191.44793
192.30018
192.85604
193.83107
194.16767
194.21839
194.35194
194.60431
194.92923
195.71530
196.15306
196.85949
197.34865
198.26484
198.87703
199.99063
200.52243
201.05902
201.49917
202.27534
202.77527
203.61411
204.05827
204.65563
205.02074
205.60956
205.89979
206.24530
206.53140
207.15811
207.30177
207.10657
207.27564
208.00509
208.31560
208.66772
208.94190
209.47809
209.79374
210.32109
210.64502
211.25210
211.43217
211.44023
211.57275
211.91347
212.29717
213.23613
213.77759
214.70337
215.19517
215.86839
216.11918
216.21229
216.28363
216.40870
216.37755
216.14841
216.05206
215.88111
216.00657
216.53463
217.04322
218.17471
218.81165
219.83554
220.51344
221.73715
222.42044
223.42628
223.90638
224.42030
224.87035
225.76122
226.18171
226.72332
226.90708
226.89907
227.00094
227.31187
227.37310
227.33690
227.31590
227.29495
227.18104
226.82983
226.58645
226.09190
225.93633
225.93628
226.03483
226.32980
226.75038
227.81657
228.40782
229.31141
229.93646
231.06694
231.64282
232.43946
232.78048
233.03967
233.20861
233.41640
233.69136
234.41035
234.58686
234.43911
234.55991
235.00773
235.25966
235.69727
236.01393
236.58508
236.99000
237.74295
238.16404
238.78386
239.21010
239.90115
240.36489
241.13882
241.68813
242.72774
243.36118
244.45796
245.06975
245.86302
246.54603
247.87754
248.50600
249.21149
249.63983
250.32340
250.79090
251.61283
252.22688
253.45371
254.00778
254.59557
255.05896
255.91472
256.43246
257.31372
257.89412
258.88684
259.47316
260.40169
261.04574
262.21084
262.98569
264.35441
265.15395
266.45897
267.21871
268.40341
269.06644
270.08545
270.62601
271.40845
271.66382
271.69756
271.65323
271.45646
271.34104
271.17820
270.98055
270.48018
270.18619
269.72293
269.50310
269.28815
268.94660
268.05336
267.74243
267.55871
267.53041
267.60602
267.73180
268.05734
268.40831
269.23263
269.69230
270.45596
270.73169
270.88373
270.84404
270.49542
270.44261
270.56765
270.78207
271.40933
271.60478
271.62860
271.66892
271.73926
271.85346
272.13222
272.40649
273.00730
273.38696
273.94917
274.49517
275.69448
276.29439
277.12813
277.52614
277.98753
278.21264
278.45308
278.43525
278.08621
277.91059
277.65893
277.53526
277.38270
277.39326
277.52938
277.59621
277.69605
277.68443
277.56031
277.52249
277.51997
277.50439
277.46859
277.40791
277.27134
277.05094
276.41341
276.29131
276.54988
276.49124
276.05820
275.99919
276.15825
276.44261
277.20743
277.64909
278.38354
278.89870
279.86083
280.48427
281.60220
282.36327
283.69810
284.54101
285.96062
286.85509
288.28993
289.17708
290.64623
291.53936
292.96470
293.82544
295.26261
296.12666
297.57739
298.42628
299.79603
300.58244
301.81775
302.57626
303.87288
304.58509
305.61037
306.25096
307.26192
307.88325
308.91729
309.60890
310.84080
311.54044
312.65360
313.33923
314.53026
315.11836
315.87149
316.28656
316.92555
317.15612
317.26679
317.40711
317.73853
317.91565
318.18811
318.34034
318.57053
318.75947
319.13628
319.37897
319.79746
319.90265
319.78998
319.97892
320.64795
321.14323
322.07164
322.77718
324.13703
324.97067
326.40269
327.29694
328.75815
329.63935
331.10920
331.91868
333.07457
333.74676
334.74579
335.37821
336.48893
337.11501
338.09406
338.74215
339.91867
340.60458
341.72471
342.33674
343.23426
343.93161
345.32540
346.13689
347.48381
348.24570
349.46757
350.06983
350.75895
351.06633
351.32244
351.56169
352.04157
352.24497
352.43597
352.56559
352.79479
352.84023
352.76074
352.64912
352.35778
352.19952
351.96402
351.84928
351.70327
351.69734
351.82437
351.91097
352.07725
352.08582
351.94737
351.73921
351.17471
350.91864
350.63324
350.44884
350.12509
349.95546
349.73770
349.38930
348.49657
347.87658
346.79350
346.16461
345.14148
344.58156
343.71210
343.36798
343.20166
342.93972
342.23437
342.09669
342.29326
342.50795
343.01541
343.56387
344.77102
345.59891
347.06136
347.85578
348.96058
349.41393
349.74379
349.71648
349.25146
348.94502
348.36238
347.79514
346.58168
345.78125
344.35457
343.48758
342.02417
341.21161
340.03219
339.32474
338.15106
337.46243
336.32151
335.73322
334.92982
334.43900
333.63961
333.14718
332.40583
331.77187
330.50295
329.68345
328.23582
327.35552
325.97306
325.14117
323.75231
322.88980
321.41105
320.54985
319.22154
318.39700
316.99426
316.23929
315.23381
314.50595
313.18469
312.33291
310.86333
310.02065
308.79823
308.25967
307.88464
307.39256
306.26929
305.62658
304.56641
303.89960
302.78765
302.14910
301.15487
300.45329
299.15459
298.42126
297.25158
296.64144
295.82541
295.30056
294.43647
293.83043
292.72742
292.02072
290.90447
290.14318
288.77727
287.96537
286.60887
285.78572
284.39171
283.55564
282.13619
281.36875
280.31302
279.68336
278.76043
278.27075
277.66453
277.26107
276.55059
276.09571
275.28143
274.87471
274.39062
274.05165
273.46383
272.92785
271.78364
271.03674
269.75672
268.90129
267.47282
266.57940
265.20316
264.35333
262.92821
262.05009
260.56467
259.68037
258.24889
257.37052
255.91412
255.03617
253.58688
252.79518
251.68130
251.08943
250.25794
249.78228
248.99948
248.69064
248.47613
248.31542
248.02841
247.76320
247.13080
246.95765
246.96237
247.18610
247.98053
248.22898
248.27857
248.35476
248.50970
248.60951
248.75997
248.85527
249.01622
249.11653
249.29265
249.48075
249.92998
250.14495
250.38676
250.64676
251.23451
251.76567
252.91760
253.54975
254.47271
255.00049
255.84850
256.26725
256.80530
257.07489
257.39478
257.48062
257.44329
257.52866
257.83372
258.04055
258.43176
258.66277
259.00736
259.38554
260.24263
260.80093
261.80736
262.51353
263.76799
264.61760
266.09203
266.93791
268.16215
268.90545
270.13083
270.93323
272.34792
273.19421
274.60960
275.46386
276.91248
277.71631
278.90795
279.44100
279.91220
280.12282
280.32560
280.25662
279.84136
279.48053
278.58847
278.33149
278.38068
278.15063
277.33439
277.14928
277.33417
277.25291
276.83890
276.62670
276.28142
276.09702
275.81185
275.58368
275.10848
274.81429
274.29469
273.98934
273.51418
273.03305
271.85015
271.35540
270.86031
270.68643
270.61777
270.73913
271.24447
271.41487
271.48628
271.55703
271.66431
271.89133
272.55589
272.80775
272.94047
273.21901
273.95858
274.39321
275.11125
275.63221
276.58289
277.30042
278.62759
279.35967
280.38559
280.93533
281.73121
281.98394
281.96857
282.02381
282.12568
282.40683
283.15270
283.75603
284.97388
285.69557
286.90133
287.60985
288.76187
289.39996
290.31352
290.92426
291.94548
292.47145
293.18072
293.60542
294.29442
294.70920
295.39533
295.80582
296.49358
296.97482
297.83442
298.15450
298.35760
