1.49999
2.39627
3.87934
4.64753
5.43694
6.08990
7.29285
7.81275
8.01585
8.26325
8.70540
9.05975
9.72437
10.18735
10.89820
11.49413
12.62607
13.24292
13.60168
14.01292
15.21515
15.90689
17.04513
17.26370
16.61448
16.75683
17.80134
17.76931
16.71906
16.19745
15.55395
14.74401
13.54494
12.69103
11.85542
11.15744
9.88380
8.99844
7.61616
7.39827
8.45030
8.91783
9.59166
10.24627
11.56511
12.28195
13.23676
13.85981
14.55325
14.98883
15.73786
16.05798
16.27669
16.56591
17.30270
17.45411
17.14575
17.12959
17.28198
17.42793
17.75387
18.14598
19.03314
