0.00004805
0.00004805
0.00005889
0.00005889
0.00003269
0.00000000
0.00000000
0.00000000
0.00000000
0.00011446
0.00010744
0.00012994
0.00000000
0.00000000
0.00001125
0.00004428
0.00005834
0.00011031
0.00011031
0.00005826
0.00003694
0.00005826
0.00011197
0.00011197
0.00004939
0.00005685
0.00008087
0.00008087
0.00005520
0.00008640
0.00008640
0.00006724
0.00007465
0.00007465
0.00004529
0.00008108
0.00009060
0.00009060
0.00009528
0.00010247
0.00010247
0.00011290
0.00011290
0.00004731
0.00007841
0.00016676
0.00016676
0.00005737
0.00005720
0.00000619
0.00000712
0.00005720
0.00028630
0.00019866
0.00005672
0.00158823
0.00158823
0.00222227
0.00222227
0.00180932
0.00000000
0.00000000
0.00000000
0.00004342
0.00012332
0.00012332
0.00011179
0.00011179
0.00008939
0.00014091
0.00014091
0.00009999
0.00010099
0.00010099
0.00010558
0.00010558
0.00007142
0.00006719
0.00003945
0.00007603
0.00007603
0.00003717
0.00003717
0.00000000
0.00007532
0.00000000
0.00001757
0.00004481
0.00129345
0.00129345
0.00008223
0.00000000
0.00001476
0.00001476
0.00004663
0.00005712
0.00010111
0.00010111
0.00002797
0.00004488
0.00004964
0.00006948
0.00006948
0.00003663
0.00007037
0.00007037
0.00004689
0.00009198
0.00012935
0.00012935
0.00009944
0.00008022
0.00000000
0.00000000
0.00010894
0.00067731
0.00052462
0.00000000
0.00001349
0.00030449
0.00000000
0.00000000
0.00000000
0.00000000
0.00025915
0.00436737
0.00436737
0.00041232
0.00000000
0.00000000
0.00000573
0.00004326
0.00007098
0.00007098
0.00006032
0.00004062
0.00002871
0.00002264
0.00004592
0.00005702
0.00007373
0.00009482
0.00009482
0.00007825
0.00003016
0.00003016
0.00006107
0.00006107
0.00004430
0.00007323
0.00007323
0.00006606
0.00006606
0.00006658
0.00006658
0.00003349
0.00009363
0.00009363
0.00007014
0.00007556
0.00013453
0.00013453
0.00008760
0.00000000
0.00004670
0.00004277
0.00000000
0.00004492
0.00000000
0.00000000
0.00000000
0.00002887
0.00007886
0.00000581
0.00007886
0.00000000
0.00000283
0.00000283
0.00005186
0.00096946
0.00096946
0.00009452
0.00002858
0.00000000
0.00009452
0.00004370
0.00000000
0.00003468
0.00003468
0.00002842
0.00000000
0.00003419
0.00004847
0.00004847
0.00004191
0.00002161
0.00004463
0.00005487
0.00010508
0.00010508
0.00009729
0.00004903
0.00001192
0.00001760
0.00007418
0.00007418
0.00007283
0.00000406
0.00006455
0.00006455
0.00008709
0.00008709
0.00006346
0.00005307
0.00004110
0.00004110
0.00000341
0.00005816
0.00005816
0.00005881
0.00005881
0.00005254
0.00004222
0.00004222
0.00001978
0.00002099
0.00002099
0.00004638
0.00004638
0.00000000
0.00005307
0.00005138
0.00005138
0.00004549
0.00006477
0.00011281
0.00013740
0.00013740
0.00011258
0.00005071
0.00020772
0.00020772
0.00005390
0.00143855
0.00143855
0.00000451
0.00003003
0.00003051
0.00012749
0.00012749
0.00000000
0.00000000
0.00001257
0.00004535
0.00008074
0.00008074
0.00002897
0.00001887
0.00010237
0.00004380
0.00013680
0.00008842
0.00005028
0.00013680
0.00008347
0.00008431
0.00008431
0.00000000
0.00008237
0.00008237
0.00004446
0.00004092
0.00003043
0.00005310
0.00005310
0.00000000
0.00000000
0.00000000
0.00000000
0.00013639
0.00006494
0.00020431
0.00093028
0.00093028
0.00018555
0.00004277
0.00004670
0.00000000
0.00007266
0.00001008
0.00001008
0.00020431
0.00004989
0.00003306
0.00005712
0.00000000
0.00007266
0.00000000
0.00000000
0.00001314
0.00006885
0.00006885
0.00004776
0.00010546
0.00010546
0.00011049
0.00011049
0.00002654
0.00006296
0.00006296
0.00004559
0.00006520
0.00006520
0.00004321
0.00007603
0.00007603
