-1
-1
22
1
69
1
93
-1
1
-1
1
1
1
182
1
-1
1
-1
64
-1
-1
-1
1
14
1
22
-1
1
-1
2
-1
-1
1
44
1
1
2
2
2
1
1
-1
1
33
279
306
1
-1
129
1
3
2
1
1
1
1
11
1
3
5
-1
-1
7
1
2
1
-1
5
-1
1
-1
-1
69
-1
30
40
1
-1
5
23
-1
2
102
1
-1
49
3
2
52
74
1
1
-1
-1
73
-1
-1
1
1
-1
1
1
5
-1
-1
1
1
-1
9
1
4
-1
-1
44
1
-1
-1
1
-1
-1
1
3
1
1
-1
-1
76
1
5
-1
-1
-1
-1
282
1
-1
-1
-1
1
1
-1
-1
2
1
-1
-1
2
-1
1
-1
1
-1
2
29
4
-1
1
-1
69
1
68
1
-1
1
22
3
-1
-1
-1
30
1
11
33
-1
67
233
21
300
1
-1
-1
1
82
1
2
13
7
32
-1
1
1
315
1
14
2
1
1
-1
-1
1
-1
-1
-1
1
1
-1
57
53
2
1
1
-1
1
-1
288
-1
1
-1
262
1
23
-1
1
1
1
1
1
1
2
-1
66
-1
2
-1
4
1
14
11
1
-1
3
-1
-1
1
-1
-1
3
275
41
1
2
2
1
1
276
-1
36
1
-1
227
1
-1
-1
2
-1
1
-1
176
1
-1
-1
1
-1
4
10
6
1
34
-1
1
-1
4
1
1
299
-1
2
-1
20
-1
118
62
1
305
1
1
3
53
1
17
-1
10
-1
26
-1
7
43
-1
6
-1
-1
6
-1
4
40
-1
1
1
35
23
-1
9
-1
1
-1
-1
1
2
1
1
-1
90
56
-1
41
-1
10
-1
39
15
1
12
1
-1
1
296
1
-1
-1
-1
1
1
41
33
-1
4
88
283
1
-1
1
2
-1
2
-1
27
-1
-1
3
4
-1
1
1
-1
-1
38
-1
1
-1
124
-1
1
1
6
12
-1
98
1
-1
2
-1
-1
162
-1
23
1
1
39
-1
-1
24
-1
1
-1
-1
-1
1
-1
80
3
3
14
1
1
-1
1
1
1
5
2
1
-1
2
1
63
1
12
-1
-1
88
313
-1
2
1
-1
1
1
13
1
4
-1
-1
1
-1
1
2
13
-1
1
1
36
-1
1
-1
20
1
1
3
1
60
1
1
1
54
-1
-1
7
1
2
-1
2
-1
16
2
3
300
310
4
257
-1
-1
-1
2
1
313
-1
-1
1
2
2
-1
1
68
26
-1
1
-1
297
-1
1
-1
-1
1
2
-1
2
1
1
1
1
-1
1
3
4
1
27
-1
1
275
52
2
1
3
-1
-1
1
1
-1
1
3
-1
2
1
53
-1
2
37
1
-1
1
297
5
-1
1
-1
-1
1
2
-1
5
-1
-1
1
2
1
-1
1
-1
4
1
1
115
-1
72
1
6
1
271
3
-1
1
2
40
1
-1
-1
1
-1
-1
50
2
1
276
-1
4
26
-1
-1
92
6
1
1
-1
27
29
1
1
39
-1
-1
-1
17
12
289
1
1
55
17
1
-1
-1
29
1
1
-1
1
1
64
-1
-1
1
2
-1
1
2
1
1
1
1
-1
1
36
18
1
1
-1
-1
49
-1
1
197
50
-1
-1
221
8
-1
-1
3
1
-1
1
1
-1
17
-1
-1
-1
-1
7
1
3
1
2
4
-1
1
-1
1
1
1
1
1
1
1
1
17
4
5
1
-1
1
6
-1
-1
1
-1
10
1
-1
-1
1
-1
-1
-1
1
-1
1
1
-1
-1
-1
2
246
64
-1
-1
1
19
25
-1
-1
-1
1
107
-1
-1
1
1
-1
1
1
1
4
1
49
-1
-1
31
1
-1
1
1
-1
1
1
-1
2
-1
6
1
23
86
1
79
1
1
1
2
-1
4
1
-1
-1
6
-1
5
1
-1
-1
-1
1
32
41
35
262
263
8
-1
-1
1
45
-1
2
1
-1
-1
13
-1
1
-1
57
-1
4
1
1
1
127
-1
1
8
69
-1
-1
2
1
15
-1
-1
55
-1
-1
47
-1
-1
-1
-1
1
-1
40
1
1
1
1
3
-1
3
-1
3
2
278
1
2
1
4
56
-1
-1
295
29
-1
295
-1
-1
1
2
-1
18
9
8
14
1
-1
-1
-1
-1
1
1
1
2
1
1
4
1
-1
-1
2
293
-1
-1
1
1
2
4
-1
1
1
-1
11
-1
1
31
-1
8
1
1
-1
1
-1
16
34
-1
4
-1
-1
-1
1
-1
1
-1
-1
1
1
-1
-1
1
-1
1
1
1
1
2
-1
22
-1
-1
1
1
-1
4
1
-1
283
-1
1
1
1
1
1
34
3
1
1
3
-1
210
64
1
-1
1
1
2
-1
221
-1
295
6
117
18
-1
48
3
1
-1
-1
1
-1
284
-1
1
8
2
1
1
-1
91
-1
1
1
5
16
20
2
1
218
-1
1
39
77
-1
-1
-1
2
-1
-1
1
13
69
2
-1
109
1
25
-1
6
3
-1
1
24
237
1
1
1
-1
-1
314
-1
-1
77
-1
69
5
-1
-1
2
68
1
1
-1
7
1
1
11
1
1
-1
40
1
-1
-1
-1
1
1
304
-1
4
250
-1
2
-1
1
2
-1
-1
71
-1
-1
-1
1
-1
-1
-1
3
70
-1
-1
1
-1
2
2
-1
1
-1
1
2
1
59
7
-1
-1
-1
1
-1
1
1
-1
1
1
1
-1
-1
1
1
4
1
61
1
-1
28
-1
32
-1
-1
-1
24
-1
-1
1
1
1
1
-1
-1
4
42
2
5
-1
-1
1
-1
-1
-1
3
1
280
-1
-1
-1
-1
238
1
13
17
-1
1
1
-1
-1
-1
-1
1
-1
8
-1
-1
275
299
-1
5
1
-1
1
1
-1
3
9
2
2
-1
-1
1
9
265
-1
1
-1
-1
3
1
-1
-1
1
-1
13
3
1
-1
310
-1
104
1
-1
1
-1
1
5
1
1
2
-1
18
-1
-1
1
1
15
-1
-1
2
-1
-1
1
-1
3
5
1
-1
9
-1
46
1
16
1
-1
6
20
37
9
-1
-1
40
1
-1
1
1
3
283
1
2
1
1
-1
22
41
29
1
1
-1
1
-1
-1
1
-1
-1
-1
7
107
2
37
-1
-1
1
1
1
2
1
281
36
1
7
2
44
2
-1
1
282
-1
37
1
-1
-1
-1
1
1
279
-1
-1
-1
-1
6
2
1
1
-1
-1
1
1
115
2
-1
-1
3
-1
12
2
-1
1
-1
289
1
19
-1
11
42
4
7
1
1
-1
7
-1
3
1
1
31
-1
-1
276
1
-1
-1
-1
-1
1
6
-1
1
-1
-1
4
272
1
-1
5
306
6
1
67
6
2
-1
1
-1
1
1
262
3
259
166
107
-1
4
1
46
1
-1
124
11
24
-1
-1
8
3
3
1
-1
269
-1
16
1
1
250
-1
96
-1
1
-1
-1
1
1
-1
44
1
-1
3
-1
-1
1
-1
305
262
49
1
-1
1
250
1
-1
5
-1
1
88
1
1
1
-1
1
1
-1
29
-1
1
-1
185
2
3
1
1
1
-1
276
1
1
-1
59
1
-1
-1
-1
1
1
-1
1
1
1
76
1
-1
2
1
-1
1
1
-1
3
120
45
1
-1
-1
-1
1
43
-1
307
1
18
-1
19
-1
-1
2
-1
1
-1
-1
-1
1
-1
21
1
17
-1
1
1
68
17
13
1
265
3
1
-1
2
-1
210
18
113
-1
-1
1
73
1
-1
-1
1
1
2
1
-1
3
1
-1
-1
1
1
1
-1
-1
-1
1
1
-1
-1
16
40
34
1
1
-1
-1
1
2
-1
9
1
80
45
-1
23
51
1
54
7
311
1
-1
67
1
1
1
-1
109
-1
1
-1
2
1
-1
1
1
56
1
1
38
1
-1
1
9
7
-1
1
2
1
1
1
-1
19
-1
-1
35
-1
-1
-1
1
1
2
299
-1
-1
-1
1
1
1
1
274
1
-1
-1
-1
-1
-1
1
48
1
-1
-1
276
-1
1
1
5
1
281
1
1
1
-1
-1
1
3
1
1
38
-1
2
-1
-1
305
1
12
283
1
1
-1
1
-1
-1
1
3
278
28
33
1
1
5
1
-1
-1
-1
1
7
-1
1
1
1
-1
2
-1
-1
1
1
82
59
-1
2
-1
1
1
-1
-1
-1
2
-1
1
-1
-1
4
1
2
-1
-1
71
1
1
-1
1
1
83
-1
-1
1
26
1
1
-1
18
18
1
65
1
283
1
-1
4
-1
2
-1
4
68
-1
-1
1
-1
-1
1
-1
1
-1
1
62
48
2
1
1
4
26
-1
19
-1
-1
-1
1
-1
1
32
-1
315
310
-1
28
1
29
-1
14
1
2
1
8
1
-1
1
-1
2
1
-1
1
1
1
29
-1
-1
2
1
-1
-1
1
1
1
1
-1
30
15
1
25
16
3
5
-1
34
-1
-1
-1
-1
1
67
-1
-1
2
2
11
-1
1
2
1
1
1
-1
10
6
1
33
1
-1
-1
2
-1
1
-1
-1
-1
1
-1
-1
-1
2
13
2
-1
1
1
1
-1
53
6
1
1
1
-1
-1
-1
49
111
-1
2
19
-1
-1
1
50
-1
9
3
-1
285
1
71
11
144
64
114
-1
39
-1
1
-1
2
45
-1
3
7
39
2
1
-1
16
20
-1
1
1
-1
1
1
303
-1
-1
-1
36
1
1
9
-1
-1
-1
-1
-1
-1
2
-1
-1
1
1
-1
255
-1
-1
1
1
1
-1
28
275
46
1
1
16
-1
1
18
32
266
2
311
-1
-1
1
36
1
55
-1
44
1
1
1
-1
1
1
8
1
93
-1
1
43
1
1
-1
63
-1
-1
-1
1
-1
299
-1
1
1
66
1
1
1
-1
2
1
1
288
-1
1
-1
-1
4
-1
-1
1
5
1
1
-1
1
-1
1
-1
-1
-1
-1
1
-1
1
-1
1
8
1
-1
14
1
1
1
1
1
1
1
1
1
8
1
2
-1
-1
19
1
1
11
1
-1
-1
6
7
41
32
-1
1
-1
1
1
-1
1
1
-1
1
1
1
2
-1
-1
21
1
1
1
3
-1
1
149
-1
12
-1
3
11
311
7
63
1
-1
-1
-1
1
3
-1
63
-1
-1
45
1
-1
5
-1
-1
2
21
-1
1
1
-1
1
-1
1
205
311
1
1
69
7
-1
2
1
1
1
3
4
1
-1
-1
1
-1
-1
-1
1
1
2
-1
68
-1
1
1
1
1
1
-1
-1
1
31
-1
2
253
1
1
-1
1
-1
-1
1
-1
1
2
-1
-1
1
-1
1
-1
1
1
-1
1
1
1
-1
1
36
-1
1
41
1
3
-1
44
1
-1
1
1
-1
1
1
1
-1
1
5
1
1
1
2
50
-1
-1
10
1
-1
-1
25
1
1
-1
1
-1
2
6
8
1
5
52
1
3
-1
-1
-1
-1
-1
29
-1
2
-1
1
1
10
-1
1
13
1
2
88
2
-1
-1
7
1
-1
5
1
-1
1
1
30
1
293
-1
4
-1
1
1
-1
37
1
1
2
-1
-1
-1
3
21
1
-1
1
-1
1
-1
1
15
-1
1
1
2
92
4
1
1
-1
-1
-1
-1
1
-1
-1
2
-1
68
8
255
1
6
-1
270
31
-1
-1
-1
40
14
301
19
1
-1
27
3
1
1
112
1
1
-1
-1
7
1
1
1
-1
-1
6
-1
28
2
1
-1
1
-1
13
35
34
2
-1
1
-1
1
1
1
79
4
-1
1
-1
-1
-1
56
-1
1
1
1
1
1
-1
1
-1
10
-1
1
2
6
1
1
1
1
7
292
5
1
5
175
-1
1
-1
-1
46
313
-1
21
-1
3
1
4
70
-1
2
68
59
6
4
1
-1
1
-1
1
-1
11
1
-1
-1
4
7
-1
22
-1
-1
5
294
1
-1
14
213
1
1
-1
-1
1
10
-1
36
-1
4
1
2
-1
2
2
1
1
-1
1
-1
1
-1
-1
43
282
1
4
1
1
42
72
-1
-1
-1
168
-1
1
-1
14
48
3
8
-1
1
-1
1
3
42
1
1
60
1
1
2
33
1
-1
1
1
-1
69
-1
5
-1
1
50
1
310
1
6
3
2
1
2
1
-1
-1
4
1
69
1
-1
-1
76
-1
1
74
-1
-1
1
-1
-1
1
-1
1
1
5
1
-1
2
1
1
-1
1
293
1
-1
1
278
-1
2
1
1
3
132
-1
1
-1
7
1
1
-1
77
-1
-1
-1
-1
1
1
4
4
1
1
1
1
21
9
-1
1
-1
1
16
-1
48
1
1
1
-1
1
2
26
258
1
284
1
-1
-1
61
-1
32
1
-1
3
31
2
8
-1
-1
-1
1
1
21
304
235
1
-1
278
84
1
179
1
-1
1
9
-1
-1
-1
-1
11
1
-1
-1
-1
1
-1
47
1
1
190
-1
1
1
1
2
3
26
-1
-1
-1
281
1
34
-1
3
-1
2
9
-1
-1
48
-1
-1
-1
1
4
5
1
4
-1
1
206
-1
1
-1
-1
1
1
1
1
-1
1
2
1
1
-1
3
166
9
-1
1
1
1
-1
1
-1
1
3
1
-1
-1
1
-1
-1
-1
-1
-1
1
1
1
1
7
1
2
1
-1
-1
-1
-1
1
44
-1
1
4
-1
-1
-1
287
1
5
-1
1
4
7
1
1
-1
4
-1
1
-1
2
288
-1
1
1
3
15
-1
-1
1
7
-1
275
65
69
-1
2
3
16
1
-1
-1
312
69
1
-1
-1
1
100
-1
1
1
-1
2
1
1
1
1
-1
-1
3
-1
1
-1
42
-1
-1
7
1
4
58
-1
2
1
-1
2
-1
-1
5
-1
1
1
84
1
38
1
-1
1
1
-1
16
1
11
-1
1
1
1
1
-1
1
-1
-1
3
-1
-1
-1
1
1
2
-1
1
-1
2
1
2
-1
-1
1
4
-1
215
-1
-1
-1
-1
55
1
1
-1
1
1
1
1
-1
1
-1
-1
1
-1
263
15
-1
1
-1
-1
-1
2
278
-1
1
-1
-1
28
-1
-1
1
-1
1
-1
91
1
-1
-1
-1
-1
-1
-1
1
1
-1
1
-1
7
44
-1
54
-1
3
3
-1
289
72
7
-1
1
-1
1
-1
1
-1
-1
1
191
-1
297
1
1
-1
30
-1
2
130
1
13
58
74
2
-1
-1
-1
1
2
1
72
-1
1
1
11
21
2
11
-1
3
140
1
1
-1
1
269
-1
1
1
-1
-1
-1
1
1
1
14
9
1
-1
-1
-1
-1
60
1
1
-1
1
1
6
33
-1
-1
1
298
2
5
2
-1
249
-1
1
4
1
175
2
1
1
2
1
8
1
305
-1
233
5
1
-1
-1
5
52
21
6
-1
-1
-1
2
-1
-1
-1
1
1
1
-1
1
54
5
-1
60
24
296
1
1
1
1
-1
1
4
15
-1
-1
1
-1
1
4
-1
1
-1
1
-1
4
-1
1
2
-1
1
1
-1
-1
306
33
-1
-1
73
-1
1
289
1
1
171
-1
-1
1
1
-1
-1
-1
-1
14
-1
1
2
-1
-1
1
302
1
-1
24
66
-1
-1
-1
1
1
1
2
-1
1
4
1
1
-1
1
2
-1
-1
-1
2
7
1
9
-1
-1
1
-1
11
2
1
26
-1
66
-1
1
34
-1
1
-1
4
1
-1
2
1
1
234
1
1
-1
6
62
1
1
2
1
-1
1
-1
24
-1
-1
308
87
-1
65
-1
1
13
1
1
1
3
51
1
-1
-1
1
1
-1
1
-1
1
-1
-1
-1
1
-1
1
-1
1
1
3
-1
1
1
-1
-1
1
1
-1
1
312
302
6
37
-1
-1
279
3
2
1
1
-1
1
-1
7
-1
8
-1
296
282
4
8
2
5
16
285
11
-1
1
-1
1
16
1
4
1
1
1
1
1
-1
1
22
-1
286
-1
56
1
1
-1
-1
-1
1
-1
-1
1
1
1
20
1
-1
2
1
-1
1
1
1
4
1
205
2
-1
67
1
-1
299
-1
-1
7
-1
5
3
-1
1
4
-1
20
-1
48
1
1
1
4
1
-1
7
1
-1
-1
1
1
1
178
2
1
1
-1
2
-1
-1
311
1
-1
13
-1
12
283
-1
-1
1
26
-1
-1
275
1
-1
1
1
2
1
-1
-1
300
-1
1
-1
1
-1
1
-1
1
-1
2
-1
7
20
1
-1
-1
5
1
6
-1
16
54
1
1
-1
1
-1
1
7
-1
4
1
1
1
-1
1
3
1
-1
1
-1
24
4
-1
-1
1
1
-1
-1
1
-1
-1
6
1
1
1
1
11
2
2
-1
34
312
44
-1
1
2
-1
-1
-1
-1
4
1
-1
3
-1
1
-1
29
-1
1
-1
49
-1
-1
-1
-1
34
1
-1
27
1
-1
1
-1
-1
-1
1
34
-1
-1
5
1
-1
1
-1
2
6
1
1
-1
4
1
2
1
-1
79
30
1
1
-1
-1
27
-1
1
1
-1
1
1
-1
1
1
1
1
92
4
1
1
-1
-1
9
1
-1
-1
3
-1
-1
-1
-1
33
2
24
1
-1
1
-1
2
1
-1
40
1
2
-1
1
1
292
1
1
1
-1
1
-1
8
4
1
-1
14
-1
-1
-1
1
1
-1
1
1
10
1
-1
4
1
1
3
1
3
5
1
1
1
295
-1
1
1
1
1
-1
2
308
-1
2
-1
-1
2
4
14
1
-1
-1
12
-1
1
1
-1
-1
-1
-1
3
1
1
97
1
197
-1
1
1
1
1
-1
307
5
1
39
-1
65
1
35
19
-1
-1
11
1
-1
6
1
-1
1
63
-1
-1
4
1
-1
1
1
97
1
-1
34
-1
-1
1
309
15
1
4
-1
1
-1
1
73
13
23
23
-1
-1
-1
63
-1
-1
48
83
1
-1
6
1
4
1
1
1
-1
1
22
-1
45
-1
9
-1
1
314
-1
41
1
1
-1
1
35
1
-1
1
1
2
26
1
-1
1
1
36
-1
-1
-1
-1
1
1
1
-1
1
-1
-1
-1
258
-1
1
299
-1
-1
9
2
127
-1
1
-1
1
59
-1
-1
1
2
1
-1
1
-1
2
2
35
-1
-1
27
66
9
-1
1
-1
304
8
-1
1
-1
2
1
1
4
1
1
1
1
1
-1
1
-1
21
5
7
1
-1
1
-1
35
4
-1
-1
6
12
6
1
-1
1
1
-1
1
1
2
2
1
1
-1
1
1
-1
1
-1
16
27
-1
1
1
88
186
81
20
89
-1
-1
1
-1
-1
1
-1
1
1
19
30
-1
1
2
-1
-1
1
2
-1
1
12
-1
1
-1
-1
1
-1
1
9
-1
1
1
-1
-1
1
-1
-1
5
-1
1
-1
2
306
1
1
5
-1
2
37
1
1
31
13
1
1
58
1
-1
287
9
41
1
-1
1
1
2
1
2
-1
-1
1
-1
-1
-1
1
-1
-1
1
1
1
4
1
1
3
1
1
1
-1
-1
2
-1
112
6
-1
72
-1
-1
-1
49
-1
1
-1
1
32
1
-1
25
1
-1
24
-1
-1
1
22
-1
-1
71
36
1
1
2
29
5
23
1
1
-1
16
-1
33
39
275
-1
3
1
2
1
-1
30
-1
2
-1
-1
1
50
-1
1
1
39
-1
-1
2
-1
1
-1
-1
8
-1
8
4
1
-1
-1
-1
-1
-1
-1
283
-1
-1
1
-1
1
60
-1
24
4
-1
-1
-1
1
1
290
1
-1
2
35
1
298
1
282
282
-1
-1
22
1
-1
8
-1
-1
6
1
-1
-1
43
2
-1
1
2
-1
-1
-1
-1
1
1
37
1
1
12
1
1
14
-1
-1
-1
1
2
-1
1
-1
-1
44
-1
28
163
1
2
3
-1
-1
66
-1
2
1
-1
16
1
-1
1
2
70
315
1
1
123
1
270
-1
-1
-1
1
-1
-1
1
1
34
1
-1
8
1
1
-1
20
1
1
240
-1
2
-1
-1
1
1
-1
-1
6
291
12
3
-1
1
-1
-1
-1
77
1
8
28
1
1
1
1
-1
-1
-1
-1
-1
300
51
1
3
-1
1
35
1
1
-1
2
87
1
1
-1
1
-1
-1
1
47
29
1
1
-1
21
-1
-1
-1
-1
1
1
5
-1
-1
-1
1
2
-1
-1
111
-1
1
-1
1
2
36
28
1
72
19
1
1
1
-1
1
1
-1
1
-1
1
1
5
1
1
305
-1
-1
1
1
14
-1
-1
-1
-1
281
-1
2
1
13
-1
-1
-1
120
1
23
1
-1
49
29
-1
1
19
10
5
-1
1
6
18
39
5
5
1
1
76
7
-1
1
-1
2
1
1
276
1
2
-1
1
4
11
3
-1
75
-1
66
9
1
-1
1
-1
-1
1
-1
1
1
-1
-1
-1
43
268
3
30
-1
-1
-1
68
64
-1
1
2
1
-1
-1
1
-1
4
28
-1
5
1
-1
188
73
-1
1
94
-1
-1
66
-1
1
1
1
-1
1
1
1
-1
1
-1
-1
-1
3
1
61
1
-1
-1
1
2
1
-1
1
27
2
1
22
1
16
27
-1
25
-1
-1
1
1
59
1
1
1
3
-1
1
35
49
-1
-1
-1
-1
-1
-1
-1
2
1
1
-1
-1
282
1
-1
1
-1
-1
4
1
-1
-1
-1
5
1
7
-1
24
-1
-1
2
-1
-1
2
9
1
3
-1
-1
-1
271
1
272
-1
1
-1
1
2
-1
-1
1
1
1
1
29
1
4
3
-1
-1
7
-1
69
-1
1
1
3
1
2
1
-1
2
-1
1
-1
1
11
5
1
1
-1
1
4
-1
1
1
1
2
5
-1
1
1
3
-1
1
-1
79
129
-1
1
-1
-1
-1
-1
-1
-1
-1
-1
1
-1
1
2
1
-1
3
-1
-1
1
1
1
-1
-1
1
201
5
-1
67
28
1
-1
1
-1
1
-1
-1
1
-1
1
-1
-1
9
1
-1
1
2
2
-1
36
3
53
6
4
-1
-1
1
-1
-1
-1
13
-1
-1
5
3
3
78
-1
1
1
-1
-1
1
1
282
2
-1
5
18
2
1
1
1
-1
-1
68
-1
6
-1
1
4
1
1
1
1
1
62
4
1
268
76
1
-1
1
1
1
-1
3
-1
133
1
1
1
1
1
4
-1
1
-1
-1
4
-1
-1
-1
3
21
1
1
4
-1
-1
54
-1
1
-1
11
14
1
-1
267
54
60
-1
232
1
-1
2
301
8
1
-1
66
4
-1
1
-1
-1
-1
-1
1
-1
-1
228
-1
1
1
1
1
1
3
3
-1
80
6
-1
1
1
-1
-1
1
1
1
2
270
4
27
1
1
-1
15
1
1
-1
-1
7
117
17
-1
2
1
-1
1
-1
-1
24
55
2
25
-1
-1
4
-1
1
-1
1
-1
-1
1
1
1
64
-1
60
-1
12
6
1
42
-1
75
-1
1
1
27
1
284
6
283
1
297
1
71
1
-1
11
1
-1
2
-1
3
1
40
-1
2
8
-1
-1
291
13
1
-1
-1
40
17
1
3
-1
-1
-1
15
175
1
26
-1
1
2
-1
263
2
-1
1
-1
1
282
1
6
-1
6
276
3
1
1
-1
-1
1
1
88
1
35
1
1
1
2
-1
1
-1
294
-1
1
1
1
15
4
1
32
-1
1
1
1
-1
-1
17
8
1
-1
8
43
12
4
-1
1
-1
-1
28
-1
-1
1
305
1
1
-1
1
1
42
-1
302
-1
66
46
-1
1
1
-1
114
1
1
1
55
-1
96
-1
4
-1
48
1
-1
-1
-1
24
-1
1
7
13
-1
2
-1
3
1
1
-1
10
-1
2
2
23
9
1
-1
270
-1
-1
1
-1
-1
-1
-1
1
-1
-1
26
1
-1
9
1
79
1
315
174
1
44
44
-1
288
-1
1
1
-1
84
1
-1
2
1
2
49
43
2
-1
1
1
74
84
1
-1
1
264
1
-1
-1
1
-1
-1
6
-1
1
-1
3
106
-1
-1
5
301
1
1
7
313
1
-1
1
-1
-1
9
-1
54
1
-1
1
1
-1
-1
1
1
-1
-1
1
-1
-1
2
-1
41
23
1
282
2
-1
-1
6
1
1
4
-1
-1
59
-1
41
-1
2
1
12
1
-1
5
1
71
1
-1
46
35
1
1
1
-1
2
-1
-1
-1
2
107
-1
3
1
1
8
14
1
-1
8
1
1
1
-1
5
-1
1
59
3
-1
2
1
62
1
5
1
17
1
34
1
19
1
1
1
-1
-1
269
54
1
1
1
1
-1
35
1
1
1
44
1
4
2
1
-1
1
1
1
1
-1
1
1
1
1
1
46
1
-1
1
311
1
-1
31
1
-1
33
1
130
1
-1
-1
51
-1
42
-1
19
3
-1
1
1
1
1
-1
-1
2
-1
1
1
-1
17
38
1
4
149
1
58
2
273
-1
-1
32
-1
1
1
1
91
2
1
1
56
-1
1
-1
1
1
-1
-1
-1
-1
5
1
-1
226
-1
1
-1
2
1
2
-1
1
2
2
-1
1
14
3
52
1
48
9
-1
-1
-1
18
-1
-1
-1
26
1
-1
9
281
-1
1
34
1
-1
28
-1
302
-1
1
-1
1
-1
2
1
86
-1
13
2
-1
1
1
3
-1
3
-1
1
-1
-1
2
-1
1
1
-1
1
1
-1
-1
1
2
-1
79
26
-1
1
1
1
311
1
1
6
286
1
1
1
1
-1
1
2
1
3
45
1
-1
1
61
74
-1
58
4
2
1
-1
1
1
-1
30
1
-1
4
-1
1
-1
16
-1
-1
-1
-1
-1
-1
305
-1
3
-1
-1
1
-1
3
-1
1
42
-1
1
-1
36
-1
1
-1
297
41
8
-1
2
1
-1
3
-1
1
-1
1
1
1
1
-1
27
231
2
36
5
2
-1
-1
28
-1
4
1
1
1
-1
-1
9
1
1
307
-1
4
277
-1
314
-1
-1
-1
1
1
300
1
1
1
1
-1
-1
1
2
5
-1
1
1
-1
6
1
1
5
67
2
297
1
1
-1
-1
-1
2
1
-1
1
-1
1
-1
-1
-1
1
1
1
-1
-1
-1
-1
-1
2
16
2
-1
1
1
17
1
-1
3
1
1
1
1
-1
-1
-1
-1
3
9
5
-1
47
1
1
1
-1
1
1
1
62
6
-1
1
-1
-1
33
1
1
1
1
277
5
3
-1
-1
-1
51
6
1
1
1
36
1
12
-1
1
2
-1
-1
-1
-1
14
1
-1
1
1
1
-1
-1
31
-1
-1
2
-1
-1
49
-1
-1
1
1
-1
1
3
34
-1
5
25
1
1
-1
1
1
302
4
47
1
-1
1
-1
-1
-1
31
1
-1
1
4
1
26
1
1
2
1
-1
36
287
4
1
2
-1
1
1
1
1
-1
-1
1
-1
-1
1
-1
1
3
1
1
1
-1
1
2
-1
-1
3
-1
2
-1
60
1
1
1
-1
1
1
288
1
255
21
1
1
1
1
1
1
5
1
-1
282
2
-1
-1
3
1
-1
-1
-1
-1
1
305
1
1
-1
1
25
-1
1
-1
54
-1
2
-1
4
199
1
-1
1
1
-1
2
1
1
-1
-1
28
2
1
10
302
1
-1
1
-1
-1
231
-1
1
-1
-1
1
-1
20
47
292
-1
-1
22
-1
6
57
1
-1
77
-1
2
-1
19
1
1
1
-1
1
9
-1
1
-1
4
-1
1
-1
-1
-1
1
-1
1
315
304
1
1
-1
1
3
-1
1
-1
1
2
-1
1
3
-1
-1
-1
7
-1
-1
185
1
1
1
3
7
2
-1
1
12
1
1
1
1
1
30
-1
-1
-1
25
-1
1
5
7
89
-1
3
1
2
-1
1
-1
1
13
1
-1
1
2
3
-1
1
1
-1
1
1
1
2
-1
1
-1
2
1
44
-1
-1
-1
1
1
1
-1
-1
1
2
-1
3
1
1
1
-1
277
-1
-1
2
299
-1
3
1
-1
-1
1
-1
1
-1
1
1
-1
-1
205
-1
-1
1
303
166
57
54
60
-1
1
1
1
-1
1
34
-1
1
273
1
1
8
1
295
16
1
-1
1
1
1
-1
2
-1
-1
2
-1
1
1
-1
5
107
1
1
-1
-1
1
45
-1
8
1
-1
67
1
-1
-1
1
1
-1
-1
-1
-1
-1
1
5
-1
-1
1
4
1
-1
-1
-1
-1
1
1
-1
20
1
-1
-1
3
1
47
26
-1
67
-1
-1
-1
5
1
1
1
1
-1
22
1
-1
25
-1
68
1
1
1
-1
-1
-1
3
-1
1
1
1
1
33
1
5
1
1
1
-1
217
1
1
-1
20
1
269
-1
74
2
1
1
48
-1
13
102
1
1
272
1
1
300
-1
1
1
-1
-1
2
6
-1
-1
1
1
-1
312
1
1
1
1
3
1
-1
3
9
-1
-1
14
6
1
58
1
1
1
35
-1
19
1
55
1
-1
1
1
45
1
1
-1
1
-1
1
-1
1
1
4
-1
-1
1
-1
-1
-1
306
-1
-1
-1
1
3
-1
73
-1
28
58
1
75
315
1
1
-1
61
-1
-1
-1
1
1
273
40
1
1
-1
1
2
1
-1
306
2
-1
2
-1
-1
1
-1
1
14
-1
-1
1
1
-1
-1
-1
1
3
1
3
-1
33
306
10
1
-1
-1
-1
34
1
-1
-1
-1
41
-1
-1
3
1
218
1
-1
7
31
3
10
1
1
5
1
-1
32
60
2
1
2
-1
-1
7
1
-1
1
1
1
1
1
3
-1
2
1
28
1
1
-1
1
9
4
-1
-1
1
-1
-1
-1
-1
77
5
-1
1
265
31
45
1
-1
1
286
60
6
34
-1
6
2
-1
4
2
1
50
-1
1
3
1
1
1
2
254
1
1
1
1
3
-1
1
-1
1
-1
1
-1
-1
1
47
-1
1
1
10
-1
1
2
-1
1
-1
1
1
1
1
1
-1
314
-1
1
-1
5
1
-1
1
-1
1
21
1
42
6
1
1
-1
-1
-1
-1
-1
5
2
73
-1
-1
1
1
-1
-1
3
-1
-1
1
-1
-1
240
3
97
269
47
3
4
1
1
58
1
36
-1
1
1
-1
1
39
1
1
1
-1
36
1
42
1
-1
2
1
35
1
1
1
1
-1
1
-1
-1
67
-1
1
-1
-1
-1
-1
2
54
3
283
36
1
-1
-1
36
1
-1
63
1
1
-1
-1
-1
1
2
2
1
211
-1
41
2
-1
-1
-1
-1
1
1
28
-1
2
-1
1
14
-1
260
-1
1
1
1
5
-1
14
-1
-1
-1
-1
-1
168
1
1
-1
9
-1
-1
-1
-1
299
1
-1
-1
1
8
8
1
1
1
5
5
1
-1
12
2
1
-1
3
-1
1
3
239
1
-1
-1
1
8
1
1
-1
-1
269
1
1
2
4
1
-1
51
1
1
-1
4
9
1
-1
-1
-1
-1
-1
33
1
1
1
-1
274
1
-1
3
1
1
35
4
2
-1
-1
-1
1
-1
-1
-1
1
2
-1
-1
4
1
-1
4
1
-1
4
1
-1
-1
43
-1
37
1
9
-1
1
1
50
2
-1
2
1
21
304
52
-1
-1
-1
-1
1
1
8
15
-1
107
7
-1
2
1
-1
54
309
-1
-1
1
-1
185
7
-1
1
20
18
-1
1
1
-1
-1
-1
1
1
1
-1
-1
2
-1
-1
1
1
1
3
60
1
187
2
75
1
2
1
1
1
207
-1
-1
3
-1
-1
-1
1
1
18
3
4
4
3
-1
36
1
1
-1
-1
1
-1
1
1
-1
-1
1
-1
20
8
33
-1
-1
-1
-1
5
1
-1
1
-1
-1
-1
1
2
-1
1
2
1
1
1
1
-1
1
-1
2
1
1
-1
81
-1
-1
-1
7
1
-1
-1
6
4
3
1
1
-1
6
-1
1
1
-1
1
7
2
1
32
47
-1
-1
1
1
-1
13
2
4
264
1
-1
-1
1
-1
1
1
1
1
1
3
1
10
4
1
315
-1
2
1
59
1
1
-1
-1
3
53
-1
1
4
-1
-1
86
1
-1
4
-1
1
-1
73
1
2
1
1
32
81
11
1
12
3
1
1
2
1
1
62
-1
1
-1
-1
1
-1
-1
1
42
1
1
1
2
1
1
-1
14
-1
1
-1
1
-1
1
2
29
2
-1
7
1
16
6
1
7
8
1
-1
1
1
-1
1
32
1
69
-1
-1
-1
1
1
1
1
1
1
1
1
291
1
27
-1
-1
2
-1
-1
2
1
-1
2
1
10
8
2
1
1
-1
7
1
-1
1
-1
1
1
-1
3
1
1
2
1
1
1
1
1
-1
13
1
1
-1
5
-1
2
-1
-1
-1
-1
-1
13
1
-1
1
-1
11
1
5
-1
26
42
43
2
-1
302
1
-1
1
1
33
4
3
4
23
-1
1
1
1
1
6
4
-1
5
4
1
-1
-1
1
-1
-1
-1
-1
-1
-1
5
-1
1
2
1
89
1
-1
-1
-1
1
-1
1
-1
1
1
45
-1
284
14
1
-1
1
278
-1
1
10
48
1
1
-1
-1
-1
-1
62
26
-1
1
-1
-1
1
1
1
1
1
34
-1
1
17
1
-1
-1
1
1
1
-1
1
2
1
1
-1
1
3
-1
4
10
1
-1
7
7
-1
-1
1
-1
-1
-1
1
35
9
-1
266
-1
1
-1
-1
1
1
1
1
-1
46
-1
2
-1
1
1
-1
-1
-1
23
315
-1
1
-1
1
42
-1
-1
1
39
1
77
-1
1
1
30
24
-1
-1
6
-1
269
-1
5
-1
-1
-1
-1
99
1
1
23
1
-1
1
4
1
-1
9
49
3
1
-1
302
9
-1
277
70
2
-1
1
2
1
1
293
-1
7
-1
1
3
2
1
2
14
1
63
1
19
1
2
25
1
4
1
78
25
1
-1
-1
43
-1
-1
-1
-1
2
1
2
-1
6
5
-1
71
-1
1
90
4
-1
1
1
3
1
1
1
1
3
-1
1
1
3
-1
1
1
1
-1
1
5
-1
-1
1
-1
310
1
-1
1
1
89
1
1
-1
-1
119
1
30
-1
-1
261
-1
1
1
-1
1
277
1
1
1
1
3
1
-1
-1
1
6
1
1
265
1
1
-1
3
-1
1
1
-1
1
2
13
-1
269
-1
1
-1
83
-1
8
-1
-1
13
-1
-1
-1
6
105
2
1
1
275
46
2
3
-1
1
1
1
-1
-1
2
69
1
308
87
-1
2
1
-1
1
1
1
1
1
16
-1
-1
-1
-1
1
1
3
7
39
-1
-1
1
-1
-1
66
1
6
-1
1
1
1
2
1
62
1
-1
1
1
38
-1
50
1
298
1
-1
2
1
2
2
35
29
-1
1
1
309
-1
-1
9
2
3
1
48
1
-1
-1
-1
-1
-1
28
-1
-1
12
1
3
54
-1
306
295
56
41
1
-1
2
1
1
1
-1
278
2
1
1
1
1
1
1
1
3
-1
-1
2
298
-1
2
1
4
-1
-1
-1
1
2
58
1
1
-1
1
1
-1
1
-1
-1
1
1
311
1
-1
67
1
-1
1
1
-1
38
23
1
1
-1
-1
1
2
297
-1
1
47
294
4
1
-1
1
23
-1
-1
1
102
1
-1
1
-1
1
-1
-1
-1
-1
1
-1
1
-1
-1
3
-1
-1
-1
-1
1
1
-1
1
27
26
1
1
241
1
-1
31
177
295
1
19
1
5
4
17
1
-1
-1
1
1
261
3
5
1
1
1
1
48
60
106
1
18
-1
284
1
1
-1
1
1
1
11
-1
257
-1
1
1
235
66
10
-1
44
6
1
272
35
-1
1
-1
-1
28
1
-1
-1
2
-1
1
27
1
-1
281
62
1
309
1
1
249
3
-1
-1
290
47
1
-1
3
-1
-1
-1
1
-1
-1
294
22
-1
1
2
-1
-1
3
-1
-1
294
307
-1
-1
302
-1
31
27
6
3
-1
-1
1
-1
-1
-1
-1
1
1
1
-1
-1
-1
-1
3
-1
-1
1
1
-1
1
-1
234
18
1
1
1
1
9
3
1
9
1
1
1
1
26
1
1
-1
-1
-1
2
1
1
1
2
48
1
-1
9
-1
4
-1
3
2
1
1
1
-1
-1
-1
3
1
2
1
1
1
-1
-1
-1
-1
4
1
-1
-1
-1
1
-1
1
-1
1
1
2
46
-1
1
-1
2
1
-1
1
1
1
47
34
-1
308
1
-1
-1
1
-1
39
18
-1
-1
38
-1
34
-1
-1
-1
-1
-1
1
-1
1
21
94
1
1
80
-1
10
-1
1
295
1
1
109
1
1
1
1
38
1
1
265
-1
-1
-1
41
62
2
-1
40
1
1
1
-1
1
1
-1
306
22
39
1
-1
3
3
5
-1
16
1
4
-1
-1
8
-1
-1
-1
1
115
2
54
6
96
49
1
1
1
-1
1
-1
1
1
34
-1
-1
1
5
2
3
-1
-1
42
-1
13
1
1
96
2
-1
-1
-1
-1
1
1
1
218
22
1
58
1
24
2
1
1
5
1
1
1
1
1
2
-1
1
27
1
-1
2
-1
1
8
-1
208
1
-1
1
1
1
1
-1
26
276
273
1
1
1
-1
-1
51
-1
26
1
1
1
-1
1
1
2
-1
1
49
-1
-1
1
1
42
39
1
25
3
-1
1
1
1
2
-1
1
-1
2
1
-1
114
1
1
-1
2
2
-1
3
1
18
1
1
6
-1
-1
1
-1
1
30
1
-1
1
1
1
-1
1
22
1
8
-1
-1
1
-1
1
7
1
1
1
-1
1
271
6
1
-1
2
34
7
1
1
1
2
7
-1
-1
1
1
-1
4
-1
7
243
1
1
-1
-1
-1
2
1
7
1
3
2
1
1
1
-1
1
1
1
7
69
2
-1
55
6
-1
9
-1
1
1
19
57
-1
-1
26
-1
1
-1
2
2
303
-1
-1
1
-1
1
1
-1
210
1
1
3
49
1
-1
1
269
1
1
1
1
1
-1
41
1
1
-1
1
1
1
-1
1
1
278
1
1
2
-1
1
-1
-1
-1
8
1
1
-1
-1
-1
-1
1
-1
2
2
-1
22
1
267
1
48
-1
1
8
-1
-1
1
1
-1
3
-1
1
-1
1
1
-1
1
1
112
75
-1
1
-1
-1
-1
1
-1
1
-1
32
3
2
-1
1
7
15
4
-1
61
2
1
-1
-1
34
67
2
-1
7
-1
40
1
-1
-1
-1
-1
1
1
1
2
1
26
-1
284
1
39
3
-1
-1
-1
1
30
-1
1
1
-1
-1
-1
1
67
275
7
23
4
-1
309
-1
7
41
6
1
-1
-1
1
-1
-1
1
1
1
-1
1
1
10
3
-1
1
60
-1
1
-1
305
2
-1
-1
12
66
114
6
1
-1
4
-1
1
45
1
-1
-1
-1
-1
-1
1
-1
-1
1
8
-1
3
41
7
-1
3
1
-1
2
1
1
-1
-1
-1
-1
65
-1
65
1
-1
-1
1
1
-1
9
1
-1
1
5
1
91
4
1
-1
2
49
-1
1
-1
6
1
6
1
1
-1
1
1
-1
1
7
-1
1
125
2
1
-1
-1
1
-1
315
1
253
1
1
-1
-1
-1
1
-1
-1
7
-1
1
1
-1
-1
-1
-1
1
-1
1
1
1
26
110
1
1
1
229
-1
-1
61
-1
-1
2
8
295
-1
-1
1
-1
1
2
75
1
1
-1
1
-1
19
1
1
-1
-1
-1
1
3
-1
48
-1
1
-1
-1
5
-1
50
-1
1
-1
-1
7
1
-1
-1
-1
2
6
1
-1
1
8
12
-1
2
-1
1
3
54
-1
-1
1
1
236
-1
1
3
2
2
93
1
12
-1
-1
-1
1
1
247
1
2
1
1
-1
1
-1
67
-1
1
-1
6
1
1
-1
1
1
4
-1
1
-1
3
1
40
-1
-1
7
-1
1
-1
3
1
9
1
21
-1
-1
-1
2
-1
-1
1
283
-1
23
-1
-1
93
-1
1
1
44
12
-1
1
-1
-1
21
2
5
1
-1
1
39
12
296
1
1
23
19
1
4
-1
-1
1
-1
19
-1
1
5
3
4
2
1
195
1
-1
303
1
-1
-1
1
-1
-1
1
-1
2
36
-1
-1
1
1
-1
-1
47
1
1
42
4
2
-1
1
2
-1
-1
-1
1
5
-1
215
-1
-1
-1
87
1
-1
-1
1
-1
1
-1
48
-1
-1
1
1
1
4
1
-1
-1
1
1
1
-1
-1
1
50
1
1
-1
-1
1
1
-1
-1
1
-1
1
1
-1
-1
3
-1
-1
1
-1
1
-1
11
-1
-1
1
41
-1
19
1
-1
41
1
-1
-1
-1
1
1
-1
-1
2
1
1
65
33
4
16
280
-1
7
1
-1
33
1
305
3
-1
3
-1
1
1
1
-1
1
44
-1
-1
28
-1
9
1
1
5
-1
13
-1
78
-1
-1
3
67
38
2
-1
1
67
1
1
1
-1
1
4
-1
-1
1
1
1
1
-1
-1
6
-1
-1
-1
34
2
2
2
-1
1
-1
-1
-1
62
1
1
11
218
1
1
-1
2
13
1
1
1
1
-1
4
7
1
1
1
46
9
3
-1
1
-1
4
1
-1
-1
1
1
-1
1
-1
-1
197
2
1
1
222
3
1
-1
4
2
-1
228
1
1
-1
1
-1
1
1
-1
2
-1
-1
1
-1
4
1
1
-1
-1
1
23
1
4
1
-1
1
1
69
1
145
-1
1
18
31
282
2
308
1
1
-1
1
59
1
4
-1
-1
108
10
-1
4
1
1
-1
8
-1
1
1
-1
1
-1
8
1
37
297
12
-1
-1
1
1
1
1
-1
-1
1
-1
1
3
1
1
1
-1
-1
312
7
3
1
-1
11
1
1
-1
13
121
-1
-1
-1
-1
-1
2
1
3
1
1
277
-1
1
65
1
1
26
-1
1
1
-1
59
2
1
-1
19
5
66
-1
2
2
1
8
1
2
1
1
-1
2
-1
1
1
-1
1
3
25
-1
-1
-1
1
63
1
1
4
8
1
1
22
1
16
280
245
-1
2
3
-1
11
1
3
1
6
-1
1
1
6
-1
1
1
1
2
305
-1
-1
1
2
8
235
-1
3
-1
-1
5
-1
-1
-1
-1
1
1
1
1
-1
1
117
-1
1
1
-1
6
3
303
-1
-1
4
3
1
-1
1
43
5
308
-1
37
1
-1
2
-1
67
1
97
2
-1
-1
1
-1
1
-1
68
1
-1
-1
1
-1
1
-1
20
9
-1
20
1
1
-1
1
-1
72
-1
1
63
-1
3
-1
-1
1
1
18
175
1
18
26
10
-1
1
-1
-1
1
290
-1
-1
1
2
-1
3
1
1
45
1
1
5
1
-1
40
278
3
2
1
1
9
1
-1
286
-1
1
-1
2
280
79
1
1
1
-1
1
-1
1
1
-1
16
32
-1
-1
4
1
1
-1
1
-1
2
-1
4
-1
23
62
1
1
1
-1
-1
1
45
1
2
-1
-1
-1
3
4
23
-1
1
3
-1
294
1
-1
1
1
-1
-1
1
1
-1
1
1
1
5
5
1
1
-1
43
6
-1
-1
-1
-1
4
2
-1
-1
1
58
-1
1
1
-1
1
38
1
36
1
1
2
4
1
-1
1
14
-1
-1
-1
-1
290
-1
-1
-1
-1
1
-1
7
3
58
3
1
1
1
1
12
1
41
-1
68
-1
307
2
3
-1
1
3
-1
51
6
10
1
65
-1
-1
-1
2
1
-1
-1
1
4
1
9
1
1
1
1
1
-1
13
3
1
1
1
1
-1
1
-1
1
1
34
1
-1
34
-1
1
36
1
1
1
31
1
5
1
1
13
3
1
1
-1
-1
77
2
48
-1
299
7
-1
-1
-1
7
-1
1
-1
1
58
1
-1
-1
11
1
-1
35
300
6
1
50
8
2
275
1
1
21
1
2
1
-1
309
-1
73
-1
32
-1
-1
-1
1
-1
1
-1
4
4
-1
1
-1
1
-1
289
48
274
1
1
1
-1
165
1
48
-1
1
-1
-1
1
1
-1
-1
5
2
-1
1
-1
1
1
1
1
1
-1
-1
1
1
1
-1
294
1
1
3
1
1
7
-1
1
-1
1
-1
-1
-1
-1
129
1
-1
-1
-1
-1
-1
1
50
1
155
-1
-1
1
3
-1
7
-1
-1
-1
1
-1
16
-1
1
1
-1
268
-1
-1
-1
1
3
-1
1
1
-1
76
1
61
1
-1
-1
1
2
-1
-1
6
-1
-1
-1
1
1
-1
-1
28
4
4
1
50
65
-1
1
71
1
1
-1
1
1
2
1
3
4
1
40
5
1
1
1
-1
-1
1
-1
-1
1
1
-1
5
-1
1
31
1
1
-1
304
-1
-1
-1
13
8
1
124
18
-1
11
1
1
1
-1
1
1
1
-1
1
127
1
1
11
1
269
4
1
1
-1
1
-1
2
5
-1
-1
-1
-1
1
-1
62
1
3
1
-1
42
276
1
-1
-1
-1
5
-1
-1
-1
1
-1
1
64
1
1
1
-1
-1
1
2
38
2
1
-1
-1
4
199
-1
74
-1
1
1
1
1
96
-1
1
-1
4
1
-1
1
-1
1
-1
-1
-1
75
-1
21
62
1
1
3
16
1
1
-1
202
1
1
-1
4
-1
112
-1
-1
1
-1
1
1
-1
36
3
309
84
1
3
219
-1
1
-1
29
315
23
50
-1
-1
53
10
-1
294
-1
-1
1
9
1
1
32
-1
1
1
1
1
50
-1
2
-1
-1
-1
1
1
1
2
-1
6
-1
1
-1
-1
-1
-1
1
-1
-1
1
24
2
-1
-1
1
-1
1
5
-1
1
-1
1
33
1
-1
-1
1
-1
35
1
2
50
1
3
-1
-1
1
1
2
-1
1
1
1
1
2
-1
292
-1
1
-1
30
-1
1
1
1
-1
-1
13
1
4
3
1
-1
-1
16
-1
279
23
303
1
3
2
7
2
5
-1
-1
16
1
1
1
-1
1
-1
1
-1
1
1
1
-1
23
-1
1
1
-1
-1
-1
-1
-1
-1
300
1
28
1
1
42
1
-1
-1
-1
1
1
-1
-1
180
-1
-1
34
1
1
1
2
3
1
-1
12
-1
1
-1
1
46
-1
206
1
1
-1
-1
1
3
83
-1
1
35
-1
1
1
93
1
2
-1
-1
311
-1
1
-1
1
-1
2
11
1
124
-1
-1
-1
89
36
121
1
-1
1
1
-1
-1
1
-1
-1
6
-1
1
-1
1
1
-1
-1
-1
9
2
-1
1
27
4
1
-1
29
-1
312
294
-1
1
1
1
-1
-1
-1
1
-1
1
6
15
1
1
1
1
1
4
-1
1
2
2
56
1
-1
-1
68
1
1
-1
-1
2
40
-1
1
1
1
1
2
-1
3
1
-1
1
5
54
1
-1
-1
34
1
2
1
2
31
-1
-1
43
1
39
1
-1
1
172
1
1
-1
5
1
-1
1
3
-1
279
-1
-1
-1
-1
1
4
-1
53
1
5
1
-1
-1
3
60
-1
-1
1
-1
-1
-1
1
1
-1
21
1
1
7
-1
-1
-1
2
263
3
1
-1
23
1
315
2
1
1
1
1
1
1
-1
55
1
-1
37
-1
-1
8
56
3
1
-1
5
-1
1
1
4
-1
-1
5
1
1
1
37
-1
-1
1
-1
1
17
4
13
-1
-1
1
3
-1
23
2
-1
-1
1
-1
-1
-1
-1
-1
-1
1
2
1
1
300
1
-1
-1
1
1
1
6
1
80
62
1
21
35
-1
-1
-1
-1
-1
-1
1
-1
33
-1
-1
-1
1
1
4
1
1
1
3
2
-1
5
1
-1
1
310
2
51
1
2
1
303
-1
-1
6
299
26
-1
-1
1
1
2
1
-1
-1
1
1
1
1
1
-1
-1
-1
-1
-1
-1
1
18
1
1
298
1
-1
31
-1
-1
1
1
1
-1
36
1
1
1
1
1
1
286
-1
3
2
9
1
191
291
1
57
-1
1
-1
298
-1
291
-1
-1
-1
1
117
1
-1
79
1
2
29
1
3
1
-1
-1
1
-1
-1
1
-1
-1
1
1
-1
1
-1
-1
1
1
2
17
13
1
1
1
2
1
1
1
6
1
1
-1
8
1
1
-1
2
121
1
-1
-1
28
1
3
273
-1
-1
-1
40
7
30
1
1
6
1
-1
1
54
128
1
8
25
25
1
-1
-1
19
1
1
3
1
2
-1
5
-1
-1
1
-1
279
1
1
-1
1
-1
33
-1
-1
2
183
1
1
1
1
2
-1
1
2
1
-1
-1
2
183
1
-1
1
1
-1
1
2
-1
-1
-1
1
277
47
2
124
268
-1
-1
2
18
-1
-1
-1
287
63
-1
1
-1
3
1
1
-1
2
33
69
19
-1
-1
1
4
5
-1
15
1
64
104
-1
-1
1
3
1
1
3
-1
-1
1
4
-1
1
2
-1
1
-1
2
217
1
-1
-1
-1
25
-1
1
1
-1
-1
1
30
1
-1
-1
14
-1
5
-1
-1
14
1
-1
1
-1
-1
63
-1
-1
-1
58
68
1
-1
135
1
14
3
54
2
-1
-1
1
1
1
2
1
-1
27
1
257
28
1
1
3
1
6
1
-1
2
1
1
1
-1
1
5
42
1
291
1
-1
31
1
1
4
304
1
2
58
40
-1
1
10
1
1
-1
1
-1
268
1
-1
19
-1
1
8
-1
-1
1
-1
3
1
-1
1
1
1
-1
-1
-1
37
-1
1
2
-1
1
-1
-1
-1
-1
-1
-1
4
1
274
1
2
34
-1
2
-1
1
-1
1
3
313
1
-1
29
1
-1
-1
1
2
1
-1
1
1
284
25
1
-1
43
-1
1
5
-1
1
-1
261
2
18
11
19
-1
1
-1
1
268
-1
3
-1
1
35
-1
-1
2
1
35
12
-1
1
54
1
-1
1
312
10
2
-1
-1
5
-1
-1
1
1
-1
-1
1
6
-1
9
1
-1
1
9
65
1
3
3
9
1
-1
-1
4
297
-1
-1
1
2
-1
-1
5
16
-1
34
19
1
3
69
32
4
-1
69
1
-1
-1
-1
290
1
-1
1
2
18
1
314
1
221
-1
1
1
-1
30
-1
1
-1
1
1
-1
1
1
88
1
1
-1
83
49
1
-1
4
2
1
1
-1
1
-1
-1
1
-1
-1
-1
51
1
1
-1
3
49
1
-1
-1
-1
1
1
66
43
52
-1
36
-1
30
1
55
2
1
1
12
1
82
-1
1
-1
1
-1
279
8
1
-1
279
-1
1
6
1
-1
1
-1
67
1
-1
2
-1
19
1
-1
-1
205
1
-1
-1
-1
1
2
-1
-1
-1
1
1
305
-1
29
-1
-1
1
1
308
1
43
-1
-1
6
1
-1
-1
-1
1
1
-1
-1
5
-1
76
1
1
1
2
1
1
2
-1
1
1
1
1
4
3
-1
-1
-1
1
1
141
-1
1
-1
-1
1
1
-1
289
1
1
4
-1
-1
6
-1
2
1
1
1
1
7
4
17
-1
1
2
1
