0.00055500
0.00065407
0.00065407
0.00035666
0.00052491
0.00101312
0.00101312
0.00078963
0.00052892
0.00080032
0.00091607
0.00091607
0.00077194
0.00077194
0.00059386
0.00117245
0.00117245
0.00101947
0.00056245
0.00034581
0.00031436
0.00046837
0.00073042
0.00115909
0.00146241
0.00151495
0.00151495
0.00117474
0.00035308
0.00033328
0.00050907
0.00050907
0.00017344
0.00017344
0.00027346
0.00027346
0.00024592
0.00050640
0.00050640
0.00028321
0.00018427
0.00026822
0.00026822
0.00016703
0.00059613
0.00059613
0.00045878
0.00059333
0.00059333
0.00040716
0.00034971
0.00034971
0.00017478
0.00034811
0.00034811
0.00032503
0.00018841
0.00028644
0.00055092
0.00055092
0.00035112
0.00020375
0.00025878
0.00055678
0.00055678
0.00027165
0.00027165
0.00023348
0.00019973
0.00025624
0.00025624
0.00023334
0.00036877
0.00036877
0.00028190
0.00028190
0.00036158
0.00036158
0.00019753
0.00042283
0.00042283
0.00029182
0.00004431
0.00030785
0.00030785
0.00029817
0.00029817
0.00023444
0.00023444
0.00024145
0.00024145
0.00007452
0.00021366
0.00036603
0.00036603
0.00028820
0.00017814
0.00031905
0.00031905
0.00022073
0.00022073
0.00021509
0.00018963
0.00036759
0.00036759
0.00024127
0.00024127
0.00015657
0.00017256
0.00029727
0.00029727
0.00017973
0.00029570
0.00029570
0.00028629
0.00020498
0.00027374
0.00036938
0.00061478
0.00061478
0.00047660
0.00024975
0.00017807
0.00018703
0.00024136
0.00054439
0.00067156
0.00067156
0.00049615
0.00026146
0.00033337
0.00033337
0.00032686
0.00021366
0.00032139
0.00039724
0.00039724
0.00037059
0.00037059
0.00031244
0.00032263
0.00032263
0.00031529
0.00031529
0.00035447
0.00035447
0.00023899
0.00033329
0.00033329
0.00032577
0.00032577
0.00025008
0.00024063
0.00037285
0.00040609
0.00044147
0.00044147
0.00042061
0.00037805
0.00058646
0.00058646
0.00035013
0.00035568
0.00035568
0.00031130
0.00031130
0.00030836
0.00024036
0.00027524
0.00041128
0.00041128
0.00045909
0.00045909
0.00042376
0.00052152
0.00052152
0.00060399
0.00077157
0.00077157
0.00064626
0.00042039
0.00024867
0.00032187
0.00032187
0.00028381
0.00052711
0.00052711
0.00038523
0.00034734
0.00034734
0.00023266
0.00034194
0.00057109
0.00059867
0.00059867
0.00032229
0.00020676
0.00018381
0.00018584
0.00018584
0.00043068
0.00043068
0.00022204
0.00019004
0.00044000
0.00058588
0.00058588
0.00050850
0.00022670
0.00016127
0.00014551
0.00017716
0.00026155
0.00043534
0.00043534
0.00021243
0.00030267
0.00046101
0.00046201
0.00046201
0.00019469
0.00042523
0.00046585
0.00046585
0.00032647
0.00019738
0.00012722
0.00022383
0.00023270
0.00023270
0.00019609
0.00029670
0.00029670
0.00016583
0.00027935
0.00027935
0.00024272
0.00024272
0.00018153
0.00018153
0.00016001
0.00032553
0.00032553
0.00025532
0.00035530
0.00035530
0.00024326
0.00025434
0.00034988
0.00034988
0.00040604
0.00040604
0.00037934
0.00028117
0.00028117
0.00023982
0.00016445
0.00016445
0.00020324
0.00020324
0.00009546
0.00016880
0.00024252
0.00041576
0.00044424
0.00044424
0.00024809
0.00014094
0.00015375
0.00015375
0.00014987
0.00023582
0.00029770
0.00029770
0.00017851
0.00017851
0.00031472
0.00031472
0.00021512
0.00021738
0.00021738
0.00026824
0.00026824
0.00026428
0.00026428
0.00021855
0.00018363
0.00018363
0.00014845
0.00015856
0.00015856
0.00022656
0.00022656
0.00015478
0.00030790
0.00030790
0.00022920
0.00022920
0.00012007
0.00012259
0.00014182
0.00030288
0.00030288
0.00041810
0.00041810
0.00034578
0.00034578
0.00009278
0.00026249
0.00041843
0.00111407
0.00166314
0.00166314
0.00156815
0.00105716
0.00085450
0.00046164
0.00023936
0.00030979
0.00030979
0.00014410
0.00021344
0.00021344
0.00024852
0.00053491
0.00053491
0.00044985
0.00028571
0.00028571
0.00046301
0.00064700
0.00067088
0.00067088
0.00058631
0.00053598
0.00041033
0.00030338
0.00030338
0.00038447
0.00038447
0.00034470
0.00034470
0.00030350
0.00034189
0.00034189
0.00029879
0.00029879
0.00038445
0.00038445
0.00024413
0.00034327
0.00048264
0.00048264
0.00031442
0.00031442
0.00025121
0.00026963
0.00031820
0.00031820
0.00026230
0.00026230
0.00031798
0.00031798
0.00025156
0.00025565
0.00031609
0.00031609
0.00043063
0.00043063
0.00035661
0.00034952
0.00027995
0.00027995
0.00047998
0.00063496
0.00063496
0.00045287
0.00027986
0.00027986
0.00036762
0.00037296
0.00037296
0.00027364
0.00027364
0.00032107
0.00032107
0.00040467
0.00040467
0.00037437
0.00044038
0.00044038
0.00037194
0.00045444
0.00045444
0.00054577
0.00054577
0.00030778
0.00030778
0.00045445
0.00052047
0.00052047
0.00033138
0.00024350
0.00032335
0.00032335
0.00036816
0.00036816
0.00048383
0.00048383
0.00044586
0.00044586
0.00029866
0.00044316
0.00044316
0.00025954
0.00027421
0.00027421
0.00023662
0.00034721
0.00034721
0.00022524
0.00034785
0.00034785
0.00035253
0.00049351
0.00049351
0.00039283
0.00037568
0.00038222
0.00038222
0.00021576
0.00040295
0.00040295
0.00023046
0.00019856
0.00019856
0.00012553
0.00019437
0.00019437
0.00018866
0.00018866
0.00019819
0.00023564
0.00049344
0.00049344
0.00020566
0.00022269
0.00035129
0.00035129
0.00022965
0.00025951
0.00026055
0.00054648
0.00054648
0.00026556
0.00018853
0.00021858
0.00037544
0.00037544
0.00026870
0.00042771
0.00055800
0.00055800
0.00044489
0.00026299
0.00033629
0.00033629
0.00030862
0.00025880
0.00020309
0.00018510
0.00014549
0.00014863
0.00014863
0.00018226
0.00105004
0.00183702
0.00231515
0.00231515
0.00214100
0.00152615
0.00074191
0.00050226
0.00017130
0.00027366
0.00034668
0.00044438
0.00044438
0.00020125
0.00011001
0.00022921
0.00022921
0.00016608
0.00024614
0.00024614
0.00022883
0.00023786
0.00023786
0.00050488
0.00058406
0.00058406
0.00042079
0.00024701
0.00019787
0.00024252
0.00035215
0.00035215
0.00029140
0.00033483
0.00033483
0.00021114
0.00024401
0.00024401
0.00018324
0.00009831
0.00009831
0.00006848
0.00012096
0.00016339
0.00026529
0.00043733
0.00043733
0.00024672
0.00019509
0.00019509
0.00035537
0.00035537
0.00033932
0.00021368
0.00023435
0.00023435
0.00026779
0.00026779
0.00022196
0.00030306
0.00030306
0.00027241
0.00027241
0.00020448
0.00019574
0.00025096
0.00027797
0.00027797
0.00025454
0.00025454
0.00018776
0.00021892
0.00021892
0.00044798
0.00044798
0.00034293
0.00012539
0.00039410
0.00039410
0.00033367
0.00027505
0.00027505
0.00027289
0.00048155
0.00048155
0.00029406
0.00029856
0.00036987
0.00036987
0.00031990
0.00031990
0.00026930
0.00029250
0.00033016
0.00044463
0.00044463
0.00034841
0.00040553
0.00061119
0.00061119
0.00046134
0.00046134
0.00031353
0.00045369
0.00077159
0.00077159
0.00068668
0.00057811
0.00066390
0.00066390
0.00064900
0.00064900
0.00040923
0.00039246
0.00039246
0.00033333
0.00025442
0.00038319
0.00040983
0.00040983
0.00008430
0.00038644
0.00038644
0.00035984
0.00036264
0.00036264
0.00019182
0.00014799
0.00014799
0.00018177
0.00018177
0.00035489
0.00040122
0.00040122
0.00057751
0.00057751
0.00041386
0.00029318
0.00044336
0.00044336
0.00040354
0.00035705
0.00051336
0.00051336
0.00038986
0.00038986
0.00036454
0.00040281
0.00040281
0.00038922
0.00038922
0.00035007
0.00040471
0.00051259
0.00051259
0.00021879
0.00021422
0.00017678
0.00027726
0.00027726
0.00031507
0.00031507
0.00014942
0.00036928
0.00049576
0.00064759
0.00072180
0.00072180
0.00071100
0.00057779
0.00045585
0.00045585
0.00039160
0.00027467
0.00029076
0.00029076
0.00038278
0.00052792
0.00052792
0.00031524
0.00017779
0.00032319
0.00032319
0.00022240
0.00010626
0.00041287
0.00045855
0.00045855
0.00050428
0.00050428
0.00065329
0.00086226
0.00086226
0.00080431
0.00050513
0.00013810
0.00027171
0.00027171
0.00022275
0.00019951
0.00033211
0.00033211
0.00028210
0.00030281
0.00030281
0.00023490
0.00066125
0.00066125
0.00063007
0.00036032
0.00034066
0.00034066
0.00021691
0.00033821
0.00033821
0.00029681
0.00043679
0.00043679
0.00035680
0.00050599
0.00080097
0.00080097
0.00045243
0.00035362
0.00052633
0.00052633
0.00041916
0.00015704
0.00027454
0.00027454
0.00030139
0.00048585
0.00055430
0.00055430
0.00034963
0.00034963
0.00065599
0.00115325
0.00147340
0.00179520
0.00179520
0.00173415
0.00109072
0.00033540
0.00033540
0.00039216
0.00039216
0.00031568
0.00031568
0.00030358
0.00058515
0.00058515
0.00058708
0.00065988
0.00101765
0.00101765
0.00087678
0.00050561
0.00299566
0.00299566
0.00014217
0.00000000
0.00032655
0.00061621
0.00000000
0.00007501
0.00007501
0.00036343
0.00036343
0.00051407
0.00079146
0.00079146
0.00054553
0.00033710
0.00051874
0.00051874
0.00027248
0.00029781
0.00056512
0.00056512
0.00034607
0.00035370
0.00035370
0.00041722
0.00071741
0.00071741
0.00048949
0.00046861
0.00046861
0.00043708
0.00057807
0.00057807
0.00050221
0.00038005
0.00045694
0.00056519
0.00056519
0.00037064
0.00058026
0.00058026
0.00030718
0.00028657
0.00044186
0.00050380
0.00103399
0.00128960
0.00128960
0.00071386
0.00037884
0.00037884
0.00044624
0.00044624
0.00037172
0.00031897
0.00010550
0.00039739
0.00039739
0.00038880
0.00067480
0.00082313
0.00082313
0.00067291
0.00042136
0.00038236
0.00033577
0.00032444
0.00033418
0.00033418
0.00024246
0.00034649
0.00075732
0.00134207
0.00134207
0.00108731
0.00078351
0.00056295
0.00037444
0.00029165
0.00031332
0.00047114
0.00047114
0.00068176
0.00068176
0.00065966
0.00036970
0.00037418
0.00037418
0.00018101
0.00017113
0.00039259
0.00039259
0.00026674
0.00049566
0.00049566
0.00030021
0.00046979
0.00046979
0.00033267
0.00036954
0.00036954
0.00035997
0.00035997
0.00031540
0.00050978
0.00050978
0.00046396
0.00039407
0.00050487
0.00080105
0.00083313
0.00083313
0.00047773
0.00016695
0.00072094
0.00072094
0.00017780
0.00075331
0.00075331
0.00061789
0.00029488
0.00018205
0.00024665
0.00120563
0.00181083
0.00191171
0.00191171
0.00178631
0.00149867
0.00149867
0.00132084
0.00103975
0.00101058
0.00066687
0.00048630
0.00048630
0.00031321
0.00025517
0.00044102
0.00044102
0.00040418
0.00019996
0.00043258
0.00050671
0.00050671
0.00046835
0.00029299
0.00026996
0.00030859
0.00030859
0.00036562
0.00036562
0.00034669
0.00034669
0.00034111
0.00040019
0.00049340
0.00078064
0.00105761
0.00120226
0.00120226
0.00083076
0.00035072
0.00035072
0.00030724
0.00043703
0.00043703
0.00043103
0.00043103
0.00020269
0.00024210
0.00025824
0.00032083
0.00032083
0.00038252
0.00044556
0.00044556
0.00052938
0.00052938
0.00055032
0.00055032
0.00037242
0.00037242
0.00035189
0.00040199
0.00040199
0.00037218
0.00029971
0.00052791
0.00052791
0.00033210
0.00040789
0.00067023
0.00067023
0.00039673
0.00047207
0.00047207
0.00029092
0.00046262
0.00046262
0.00050299
0.00050299
0.00037286
0.00032375
0.00042196
0.00042196
0.00026043
0.00038079
0.00044232
0.00044232
0.00036410
0.00020300
0.00026246
0.00026246
0.00053714
0.00068242
0.00071336
0.00071336
0.00052461
0.00052461
0.00049074
0.00049074
0.00030422
0.00041433
0.00049577
0.00049577
0.00034856
0.00026143
0.00026143
0.00040498
0.00071253
0.00071253
0.00045676
0.00063455
0.00066775
0.00066775
0.00014565
0.00056904
0.00056904
0.00045999
0.00045106
0.00055682
0.00055682
0.00045439
0.00037186
0.00037186
0.00032283
0.00039820
0.00039820
0.00035035
0.00035035
0.00026356
0.00023097
0.00048759
0.00048759
0.00029655
0.00039256
0.00045163
0.00045163
0.00032052
0.00032052
0.00042138
0.00061416
0.00061416
0.00036172
0.00017614
