0.00088489
0.00103545
0.00119740
0.00119740
0.00120309
0.00147308
0.00188059
0.00232401
0.00242456
0.00242456
0.00233169
0.00263177
0.00297673
0.00297673
0.00281915
0.00251471
0.00179471
0.00255167
0.00255167
0.00289853
0.00289853
0.00279637
0.00276773
0.00304427
0.00348273
0.00348509
0.00348509
0.00300605
0.00263946
0.00277527
0.00277527
0.00293211
0.00301991
0.00326058
0.00326058
0.00322587
0.00275455
0.00275455
0.00284918
0.00324091
0.00324091
0.00310529
0.00287344
0.00331327
0.00379858
0.00379858
0.00311914
0.00243292
0.00210655
0.00279823
0.00322046
0.00322046
0.00304619
0.00290479
0.00333132
0.00333132
0.00296995
0.00318458
0.00331724
0.00331724
0.00303504
0.00276929
0.00255903
0.00229704
0.00204360
0.00254061
0.00319676
0.00378356
0.00378356
0.00351199
0.00285699
0.00247228
0.00235923
0.00264927
0.00323658
0.00361338
0.00361338
0.00312166
0.00252494
0.00268651
0.00268651
0.00296728
0.00309070
0.00309070
0.00299632
0.00317652
0.00340756
0.00365078
0.00365078
0.00339178
0.00303176
0.00258717
0.00258717
0.00275996
0.00289402
0.00289402
0.00324837
0.00324837
0.00308089
0.00290550
0.00266267
0.00259068
0.00311865
0.00311865
0.00329601
0.00330568
0.00330568
0.00306276
0.00267452
0.00312788
0.00337873
0.00387192
0.00387192
0.00374719
0.00312676
0.00251240
0.00184428
0.00175045
0.00214321
0.00250034
0.00250034
0.00270903
0.00316540
0.00316540
0.00332726
0.00332726
0.00331008
0.00253492
0.00266518
0.00268276
0.00319937
0.00319937
0.00304916
0.00292046
0.00345052
0.00373950
0.00373950
0.00333095
0.00303405
0.00298705
0.00293219
0.00328542
0.00344021
0.00344021
0.00319247
0.00252621
0.00250510
0.00270452
0.00270452
0.00275601
0.00333143
0.00339443
0.00339443
0.00309981
0.00263752
0.00253246
0.00225742
0.00264766
0.00344107
0.00344107
0.00370375
0.00370375
0.00337121
0.00275937
0.00249629
0.00243367
0.00229480
0.00202664
0.00257194
0.00311287
0.00311287
0.00285602
0.00256317
0.00267856
0.00267856
0.00308602
0.00369983
0.00387602
0.00387602
0.00336982
0.00283101
0.00219781
0.00218306
0.00288772
0.00304708
0.00358852
0.00407641
0.00407641
0.00341619
0.00303716
0.00297684
0.00309682
0.00309682
0.00257778
0.00249260
0.00303043
0.00313610
0.00340752
0.00340752
0.00307853
0.00290464
0.00290464
0.00272366
0.00263686
0.00225190
0.00226319
0.00226319
0.00224584
0.00208493
0.00209072
0.00265270
0.00306254
0.00353795
0.00353795
0.00341854
0.00315895
0.00285598
0.00285598
0.00272155
0.00273387
0.00304067
0.00304067
0.00309234
0.00320826
0.00320826
0.00351483
0.00351483
0.00319539
0.00307289
0.00307289
0.00324725
0.00359157
0.00359157
0.00342360
0.00330087
0.00304489
0.00308521
0.00308521
0.00303547
0.00266882
0.00261216
0.00252265
0.00268454
0.00290269
0.00339123
0.00345357
0.00345357
0.00309477
0.00286207
0.00235683
0.00205313
0.00245042
0.00285021
0.00323392
0.00323392
0.00298184
0.00264524
0.00308016
0.00313043
0.00331599
0.00331599
0.00308973
0.00274852
0.00237663
0.00270219
0.00299221
0.00299221
0.00338365
0.00340598
0.00340598
0.00310277
0.00267743
0.00239320
0.00225026
0.00233776
0.00272769
0.00280550
0.00321577
0.00332248
0.00332248
0.00335905
0.00357096
0.00357096
0.00351772
0.00327747
0.00270684
0.00245405
0.00199324
0.00186256
0.00189508
0.00225731
0.00225731
0.00221754
0.00220249
0.00260116
0.00271438
0.00292014
0.00292014
0.00320927
0.00371022
0.00371022
0.00361087
0.00321215
0.00298039
0.00220628
0.00170257
0.00139331
0.00148888
0.00190641
0.00206605
0.00241251
0.00241251
0.00227266
0.00178518
0.00121421
0.00073858
