 0.40000	 17.51573563	 19.42952538	 21.21096992	 16.42333603	 18.43332481	 21.46436691	           0	           2
 0.40000	 16.68226242	 18.01796532	 22.21958351	 17.97316742	 18.78185463	 22.22335815	          -1	           3
 0.40000	 18.21877861	 18.89917374	 23.08117676	 17.06888199	 18.40725708	 23.90926743	          -2	           4
 0.40000	 17.50259972	 18.60839653	 24.67176437	 18.75509262	 19.11645317	 24.02133369	          -3	           5
 0.40000	 19.48611450	 19.63920021	 23.97467804	 20.43299675	 20.77592278	 24.22203255	          -4	           6
 0.40000	 21.04324341	 21.36214066	 23.91576576	 21.84001923	 21.97937393	 22.80489159	          -5	           7
 0.40000	 22.39697456	 22.20549202	 22.13518143	 23.61175919	 22.42636108	 21.28345490	          -6	           8
 0.40000	 23.25946808	 22.16081238	 20.49897385	 21.93891907	 21.76218987	 21.08821487	          -7	           9
 0.40000	 21.06296539	 21.77195358	 20.88206673	 20.00723267	 22.47292328	 20.07957077	          -8	          10
 0.40000	 19.40001869	 22.31186295	 19.43521500	 18.82686424	 21.22494507	 18.57498169	          -9	          11
 0.40000	 18.99172783	 20.76597595	 17.81863976	 20.00855827	 20.88081551	 16.72192001	         -10	          12
 0.40000	 20.13294792	 19.99481964	 16.62434578	 19.24850655	 19.47723389	 17.71969795	         -11	          13
 0.40000	 18.76196480	 18.99831963	 18.30599022	 18.07261658	 18.38412094	 19.48814964	         -12	          14
 0.40000	 17.38067436	 17.83204269	 19.32580948	 16.97684669	 17.63859940	 17.89422417	         -13	          15
 0.40000	 17.16201019	 17.59171867	 17.01480865	 18.18305397	 18.12820435	 16.05587578	         -14	          16
 0.40000	 18.60091209	 17.44974518	 15.63747787	 18.57521248	 16.03491783	 16.13504219	         -15	          17
 0.40000	 17.69035339	 15.87156868	 16.15478516	 17.13136673	 17.23018456	 15.85202503	         -16	          18
 0.40000	 16.73938751	 18.02300072	 15.68512249	 16.29722214	 19.42687035	 15.39578056	         -17	          19
 0.40000	 16.51952744	 20.29403496	 15.30127430	 16.47349930	 21.76607132	 15.01649189	         -18	          20
 0.40000	 16.84871292	 22.56031036	 15.21299458	 17.52033234	 23.80291176	 14.70812035	         -19	          21
 0.40000	 17.86074448	 24.42696953	 14.15615845	 18.25735283	 25.09784508	 12.87452316	         -20	          22
 0.40000	 18.42635536	 25.53163338	 12.10434055	 18.65150642	 26.22273636	 10.79224968	         -21	          23
 0.40000	 18.41175652	 26.76986313	 10.11914062	 17.48247910	 27.51925659	  9.21095562	         -22	          24
 0.40000	 17.08231163	 28.27485085	  9.49198055	 17.23293495	 28.75827980	 10.90392399	         -23	          25
 0.40000	 17.61060905	 28.94444847	 11.69930649	 18.86288643	 28.73521233	 12.49802685	         -24	          26
 0.40000	 18.88692474	 28.84803009	 13.39056587	 17.73128319	 29.31072426	 14.22742653	         -25	          27
 0.40000	 17.11335182	 29.13909149	 14.85876369	 16.29094505	 28.19924736	 15.68955898	         -26	          28
 0.40000	 15.78619385	 27.66454315	 16.20832825	 14.98399353	 26.70771599	 17.03947258	         -27	          29
 0.40000	 14.44530964	 26.33066940	 17.65390778	 13.46217346	 26.38771439	 18.78533936	         -28	          30
 0.40000	 13.36225414	 25.54355812	 19.08088303	 14.31891441	 24.74918365	 18.24199104	         -29	          31
 0.40000	 14.39248657	 23.90289116	 17.94483185	 13.63641453	 22.62087250	 17.75845337	         -30	          32
 0.40000	 13.56861973	 21.72386360	 17.78420067	 13.72924042	 20.26921463	 18.11303139	         -31	          33
 0.40000	 14.55670738	 19.92295265	 18.18629074	 15.70335388	 20.88719940	 18.11309242	         -32	          34
 0.40000	 16.39051247	 21.19170952	 17.61816216	 17.41138840	 21.49173355	 16.56102371	         -33	          35
 0.40000	 16.77753258	 21.16344833	 16.00621414	 15.36706257	 20.87815094	 16.42966843	         -34	          36
 0.40000	 15.04748726	 20.37860298	 15.75259972	 15.94971561	 20.13226891	 14.57984543	         -35	          37
 0.40000	 16.74200058	 20.12814522	 14.15267086	 17.76735115	 20.38454247	 13.08825397	         -36	          38
 0.40000	 17.89381409	 20.41735840	 12.19776154	 17.06135368	 20.45995903	 10.95069122	         -37	          39
 0.40000	 16.88689995	 19.78540993	 10.38103771	 17.29570389	 18.34512711	 10.47257996	         -38	          40
 0.40000	 17.28907013	 17.49348831	 10.76334095	 16.78021049	 16.49864388	 11.76396751	         -39	          41
 0.40000	 16.76594162	 15.78946114	 12.31779289	 16.48736954	 14.70460320	 13.31548882	         -40	          42
 0.40000	 17.05921936	 14.03191376	 13.48987579	 18.15819931	 13.38850307	 14.28246212	         -41	          43
 0.40000	 18.19287872	 12.51617527	 14.50102043	 17.00740433	 11.59954262	 14.56713200	         -42	          44
 0.40000	 16.55136108	 10.96393204	 14.12220383	 16.27668953	 10.36874199	 12.77303886	         -43	          45
 0.40000	 16.39159393	  9.70613861	 12.17498112	 17.36502838	  8.64015198	 11.76750278	         -44	          46
 0.40000	 16.72078323	  8.08819294	 11.46706963	 15.62109470	  9.08117867	 11.70090389	         -45	          47
 0.40000	 14.99180317	  8.93286133	 12.32697392	 15.42785358	  7.98429728	 13.40404129	         -46	          48
 0.40000	 14.60118675	  7.69589615	 13.61242104	 13.87189102	  8.58248234	 12.64697742	         -47	          49
 0.40000	 13.19651127	  8.14871693	 12.23994923	 13.35308361	  6.66458941	 12.39112282	         -48	          50
 0.40000	 12.49895763	  6.38262510	 12.42248249	 11.61969376	  7.59789133	 12.42613888	         -49	          51
 0.40000	 10.97511196	  8.22598839	 12.43154335	  9.84439087	  9.21163750	 12.42943954	         -50	          52
 0.40000	  9.81542206	 10.11082745	 12.45679092	 10.65650940	 11.30533504	 12.79711723	         -51	          53
 0.40000	 11.08726883	 11.94303799	 12.32989407	 11.63788509	 13.24423313	 11.82608700	         -52	          54
 0.40000	 11.78386784	 13.41980171	 10.95546532	 11.36170864	 12.39847374	  9.94121742	         -53	          55
 0.40000	 11.80498791	 11.64229584	  9.73685265	 13.05849838	 11.16357994	 10.40735531	         -54	          56
 0.40000	 13.01162815	 10.80100918	 11.22982502	 11.83184147	 10.29905987	 12.00840855	         -55	          57
 0.40000	 11.45100880	 10.42710495	 12.81393814	 11.61106586	 11.85345078	 13.24979305	         -56	          58
 0.40000	 11.69864845	 12.74668789	 13.18161583	 11.74432564	 14.18097496	 13.61840820	         -57	          59
 0.40000	 11.12169552	 14.71987343	 13.98174477	  9.63395023	 14.72293186	 14.17314625	         -58	          60
 0.40000	  9.55163097	 13.90846729	 14.54723930	 10.98140717	 13.46599579	 14.44731617	         -59	          61
 0.40000	 11.78728867	 13.06680870	 14.48369884	 13.21696377	 12.67016792	 14.70443058	         -60	          62
 0.40000	 13.45238018	 11.98841000	 14.16601658	 12.56226921	 11.38144016	 13.12227058	         -61	          63
 0.40000	 12.26432037	 11.30934620	 12.27576256	 10.84205627	 11.01187515	 11.90295887	         -62	          64
 0.40000	 10.50040150	 11.49238586	 11.21377754	 11.95124722	 11.55303669	 10.83859062	         -63	          65
 0.40000	 12.73986816	 11.98601913	 10.82954025	 14.14925194	 12.47692299	 10.68008327	         -64	          66
 0.40000	 14.84932137	 13.00971985	 10.86919785	 15.82592583	 14.02041054	 11.39321804	         -65	          67
 0.40000	 16.34674072	 14.27610111	 12.08114815	 17.63774681	 14.94970036	 12.44101048	         -66	          68
 0.40000	 17.61038399	 15.75132561	 12.84923363	 16.61482239	 16.59866714	 13.58463955	         -67	          69
 0.40000	 15.74098682	 16.56474876	 13.37190151	 15.58644009	 15.73025227	 12.13509274	         -68	          70
 0.40000	 15.89574432	 15.25752258	 11.43451977	 16.88416672	 14.17980671	 11.10057735	         -69	          71
 0.40000	 17.71521568	 14.42003918	 11.34881973	 17.41656876	 15.87732983	 11.54138470	         -70	          72
 0.40000	 17.65065575	 16.57098961	 12.06480789	 18.75090218	 17.02103806	 12.97960472	         -71	          73
 0.40000	 18.58858109	 16.73943329	 13.81883430	 17.39713860	 15.84816933	 14.00870419	         -72	          74
 0.40000	 16.75916481	 15.21379662	 14.03027153	 16.94404411	 13.82374573	 14.56274986	         -73	          75
 0.40000	 16.49492455	 13.07092571	 14.35896206	 15.02722931	 13.14341354	 14.65990162	         -74	          76
 0.40000	 14.39354801	 12.52722836	 14.82936764	 14.42734241	 11.03481007	 14.97597218	         -75	          77
 0.40000	 13.76123238	 10.44075203	 15.09150982	 12.26760292	 10.54856586	 15.00547504	         -76	          78
 0.40000	 11.66077423	 10.40715981	 15.65487576	 11.82428837	  9.85714340	 17.04077530	         -77	          79
 0.40000	 11.76645279	 10.52503586	 17.64123154	 11.58445644	 11.84291172	 16.94837952	         -78	          80
 0.40000	 12.05679131	 12.54993439	 16.65348244	 13.30644512	 13.09160233	 16.02505875	         -79	          81
 0.40000	 14.00234890	 12.83603287	 16.53533936	 13.52166843	 11.96734810	 17.65974045	         -80	          82
 0.40000	 13.44446278	 11.38718128	 18.34336472	 13.69158268	 10.25296116	 19.29333305	         -81	          83
 0.40000	 12.90706444	 10.29388142	 19.73246765	 12.32847309	 11.44385815	 18.96256638	         -82	          84
 0.40000	 11.89445114	 12.12467098	 18.56503868	 11.55672073	 13.23084259	 17.60991669	         -83	          85
 0.40000	 10.83466148	 13.74109364	 17.77793884	 10.11156464	 13.49696827	 19.06925011	         -84	          86
 0.40000	  9.43586922	 13.02530766	 19.43104362	  8.36663914	 12.07113934	 18.98800659	         -85	          87
 0.40000	  8.59254265	 11.35912991	 19.48998833	  9.85034084	 11.80393791	 20.17559052	         -86	          88
 0.40000	 10.60225964	 11.87789631	 20.66452980	 11.77636719	 12.31308937	 21.49038315	         -87	          89
 0.40000	 12.31744003	 11.60899544	 21.63692665	 11.71530437	 10.41232586	 20.96211815	         -88	          90
 0.40000	 11.37749672	  9.68723202	 20.54976082	 10.48368645	  8.62572765	 19.98031425	         -89	          91
 0.40000	 10.52563000	  8.41726875	 19.10583305	 11.45849133	  9.29683876	 18.32729721	         -90	          92
 0.40000	 11.76346016	  8.99438381	 17.53644562	 11.50143623	  7.62559080	 16.98174095	         -91	          93
 0.40000	 11.26353264	  6.86749506	 16.55907822	 10.42712402	  5.73819685	 16.03459930	         -92	          94
 0.40000	 10.65915489	  5.09383249	 15.45071411	 11.96571827	  4.86099768	 14.75168610	         -93	          95
 0.40000	 12.70496464	  4.70896053	 14.26147461	 13.95401478	  4.62566757	 13.43514061	         -94	          96
 0.40000	 14.69759464	  4.53443384	 12.93654919	 15.93356895	  4.33848906	 12.10959339	         -95	          97
 0.40000	 16.63994789	  4.20587397	 11.56798744	 17.66221809	  3.78994393	 10.55214787	         -96	          98
 0.40000	 18.42472839	  4.15433979	 10.24261570	 18.99264908	  5.53678513	 10.37028694	         -97	          99
 0.40000	 19.80315018	  5.52484560	 10.76129341	 20.31017876	  4.22312784	 11.30758667	         -98	         100
 0.40000	 20.55147743	  3.38449264	 11.52770519	 20.64550972	  1.89238429	 11.64922523	         -99	           0
