1.49980
2.39902
3.89843
4.79694
6.29597
7.18770
8.65607
9.46439
10.61202
11.34641
12.61239
13.38587
14.68915
15.47455
16.74047
17.60661
19.10480
20.00259
21.49876
22.37203
23.69671
24.47900
25.60432
26.38443
27.74896
28.56433
29.89019
30.68305
31.98849
32.80421
34.17130
34.94702
36.13886
36.79694
37.75699
38.38165
39.43111
40.18798
41.53839
42.35492
43.71599
44.52500
45.79125
46.53045
47.66747
48.37352
49.58945
50.24167
51.17187
51.69745
52.47369
52.91249
53.51809
53.90882
54.60034
54.85182
55.00196
54.88258
54.31628
53.85884
52.86529
52.32932
51.58120
51.10716
50.33931
49.81282
48.80952
48.39588
48.00518
47.96794
48.24225
48.58861
49.45715
50.02438
50.96211
51.50379
52.33945
52.93047
54.06919
54.61132
55.12071
55.74628
57.10047
57.83794
58.96087
59.64269
60.75027
61.50813
62.80302
63.54529
64.71241
65.42578
66.62746
67.32598
68.44347
68.99468
69.61324
69.87249
70.07999
70.19354
70.30350
70.37226
70.55801
70.51299
70.23150
70.16644
70.19788
70.25869
70.44848
70.51578
70.48893
70.56041
70.76974
70.98245
71.48242
71.71981
72.01076
72.23503
72.68183
72.99585
73.59462
74.01207
74.81011
75.30492
76.15625
76.67225
77.51969
78.11178
79.21769
79.86379
80.80767
81.43116
82.49088
83.21254
84.52532
85.34464
86.69266
87.55913
89.05451
89.91215
91.19393
91.84275
92.47550
93.14450
94.49297
95.33971
96.80151
97.67232
99.11926
99.96894
101.34641
102.15998
103.37391
104.16895
105.55527
106.39361
107.78648
108.67454
110.08494
110.96036
112.44491
113.30432
114.63911
115.31936
116.12789
116.65843
117.55919
118.13150
119.13527
119.74232
120.78012
121.25437
121.68652
122.15128
123.15714
123.74825
124.71629
125.35032
126.52639
127.15492
128.09438
128.62215
129.37256
130.00458
131.25565
131.94517
133.02764
133.58195
134.30888
134.75702
135.38089
135.97126
137.17938
137.83394
138.77929
139.46694
140.74464
141.39703
142.16589
142.66105
143.45528
143.99057
144.84817
145.56063
146.95289
147.76923
149.08271
149.96308
151.43849
152.32486
153.68279
154.56284
156.04456
156.89285
158.08145
158.80749
159.96576
160.74713
162.08065
162.88233
164.21803
165.01908
166.35201
167.19893
168.61953
169.45954
170.84232
171.66904
173.04674
173.86212
175.20661
175.99402
177.27792
178.02657
179.24000
179.95639
181.13239
181.82832
182.93123
183.67081
184.87878
185.73588
187.20963
188.09142
189.56214
190.41395
191.77737
192.61795
194.03376
194.81880
195.99565
196.66687
197.66881
198.22322
199.06531
199.58255
200.46607
201.00121
201.90551
202.45030
203.35147
203.98832
205.19451
205.89363
207.01601
207.65619
208.64057
209.25271
210.24763
210.77199
211.48603
211.81638
212.12271
212.31016
212.54474
212.76612
213.24294
213.51318
213.94962
214.14551
214.36740
214.40151
214.30927
214.11605
213.53706
213.37959
213.45648
213.28965
212.72216
212.35201
211.68609
211.27305
210.56535
210.04197
209.06378
208.54882
207.80089
207.37672
206.72761
206.37991
205.91433
205.57944
204.96398
204.71104
204.45969
204.41602
204.58165
204.69125
204.94304
205.00272
205.04609
204.75413
203.84520
203.26136
202.20677
201.58799
200.58183
200.00968
199.14995
198.65104
197.86568
197.32200
196.36447
195.69761
194.55369
193.78808
192.44755
191.64699
190.31817
189.48831
188.09355
187.26712
185.90640
185.09232
183.73601
182.95248
181.68882
181.10523
180.49511
180.34345
180.51390
180.59766
180.75944
180.89507
181.10817
181.45822
182.35916
182.71901
183.04026
183.26512
183.64804
183.90050
184.35681
184.58718
184.91198
185.07890
185.28217
185.43830
185.73911
185.92803
186.26012
186.47054
186.87587
186.97322
186.83144
186.70008
186.33221
186.20771
186.20794
186.23098
186.34627
186.36883
186.30611
186.25920
186.20650
185.96966
185.29323
184.90307
184.29644
183.89150
183.22777
182.87248
182.39682
182.09165
181.59485
181.29300
180.77056
180.51541
180.19514
180.01318
179.73577
179.55775
179.28377
178.95121
178.19382
177.76571
177.05590
176.77354
176.66099
176.35795
175.61316
175.04241
173.90503
173.18871
172.03420
171.28667
170.02246
169.28354
168.09631
167.34567
166.00177
165.33255
164.50421
164.07219
163.53369
163.20025
162.59801
162.44913
162.60059
162.76535
163.18003
163.31567
163.28985
163.30158
163.32717
163.32467
163.35829
163.11008
162.27164
161.89928
161.48135
161.16694
160.59245
160.40300
160.31429
160.46290
161.07450
161.40181
161.87966
162.23236
162.82395
163.36602
164.46563
165.21634
166.59721
167.42966
168.82910
169.61207
170.74778
171.53524
172.86392
173.66617
175.00723
175.81815
177.18597
177.95652
179.09001
179.76680
180.85641
181.51664
182.62666
183.13304
183.53653
184.06803
185.22218
185.97089
187.25079
188.02112
189.29035
190.06657
191.23402
192.04303
193.48538
194.36627
195.83564
196.72997
198.16973
199.02927
200.32954
201.17279
202.55519
203.43040
204.91073
205.80451
207.27548
208.16137
209.64849
210.47480
211.66768
212.23127
212.76360
213.13276
213.66253
214.23594
215.45335
216.19345
217.46763
218.27766
219.67399
220.52362
221.79875
222.61361
224.01609
224.85662
226.26349
227.09198
228.40140
229.17638
230.29235
230.92691
231.86300
232.35378
233.03806
233.43242
234.04790
234.33876
234.68922
234.76832
234.64614
234.60533
234.58079
234.34459
233.65520
233.23238
232.49900
232.04969
231.28918
230.83356
230.07208
229.60233
228.78563
228.31073
227.53361
227.23848
227.10979
226.97551
226.66349
226.67381
227.00662
227.13579
227.20342
227.37985
227.86585
228.09989
228.35503
228.67222
229.37857
229.86439
230.76917
231.31660
232.16081
232.76432
233.88045
234.56632
235.71067
236.37950
237.46360
238.09464
239.10776
239.70883
240.71572
241.22135
241.92065
242.04616
241.80113
241.41660
240.38289
239.80432
238.89009
238.26804
237.21094
236.57933
235.52142
235.01799
234.42977
234.10566
233.64210
233.35281
232.85992
232.55411
232.01198
231.69257
231.19164
230.88334
230.39073
230.09317
229.63169
229.23013
228.41529
227.81834
226.65248
225.97878
224.88334
224.17909
222.97365
222.20986
220.92532
220.16216
218.94300
218.18953
216.90330
216.12523
214.81387
214.09414
212.96675
212.52888
212.31756
212.05873
211.50033
211.21095
210.76413
210.69124
210.90870
210.95004
210.90345
210.91051
210.97095
210.84239
210.33546
210.18108
210.13267
210.25025
210.69281
210.93285
211.28022
211.49163
211.85266
211.99918
212.11374
212.24612
212.52795
212.66498
212.84728
212.82050
212.47655
212.45703
212.66597
212.80455
213.07450
213.22752
213.46576
213.65070
214.02123
214.31670
214.89047
215.24884
215.87308
216.23973
216.84218
217.26496
218.06893
218.54541
219.33030
219.83430
220.70900
221.29552
222.36178
223.00485
224.09646
224.67992
225.43987
225.92250
226.72909
227.27316
228.23151
228.90682
230.09340
230.61630
231.03377
231.45943
232.33120
232.88272
233.85207
234.43532
235.43538
235.91065
236.41918
236.80635
237.50125
237.92832
238.66345
239.10653
239.84725
240.26892
240.86095
241.37336
242.42101
242.88955
243.37002
243.70043
244.21582
244.74949
245.96245
246.49622
247.06581
247.25458
247.23607
247.27055
247.37843
247.46153
247.59550
247.86288
248.59729
249.01292
249.71074
250.06660
250.57119
250.86977
251.43199
251.49485
251.16836
250.95654
250.58581
250.14108
249.05763
248.45387
247.47154
246.81723
245.63973
244.82921
243.35753
242.56903
241.52581
240.92127
240.00988
239.40775
238.32186
237.67502
236.63469
235.86259
234.42088
233.57587
232.20091
231.39362
230.13864
229.40238
228.36618
227.56682
226.10398
225.22054
223.74369
222.85925
221.50645
220.76331
219.79448
219.16329
218.10858
217.46452
216.47410
216.01397
215.56783
215.18274
214.39678
213.98884
213.44475
212.94540
211.85100
211.28551
210.50029
209.88338
208.64793
207.96671
206.88254
206.39276
205.91412
205.65814
205.34020
205.21558
205.12176
205.27029
205.80431
206.33811
207.53438
208.24365
209.48590
210.07757
210.67910
211.27987
212.53008
213.35512
214.80568
215.69319
217.19182
218.08778
219.57515
220.43496
221.66145
222.53882
224.02133
224.86213
226.04944
226.63425
227.21152
227.71684
228.76539
229.22014
229.64286
229.89984
230.22238
230.54443
231.24281
231.75703
232.74711
233.42150
234.59537
235.26919
236.30023
237.04796
238.44564
239.23954
240.48433
241.22195
242.43036
243.18015
244.45795
245.28517
246.72931
247.57418
248.93466
249.79443
251.26271
252.14910
253.47070
254.19269
255.13013
255.61547
256.26607
256.49748
256.63034
256.50224
255.92276
255.60602
255.10715
254.78862
254.29886
253.82073
252.81031
252.10978
250.89456
250.23554
249.23408
248.80262
248.39865
248.27364
248.28947
248.40273
248.72780
249.13537
250.11948
250.69122
251.64770
252.09728
252.55307
252.98491
253.81608
254.49922
255.86698
256.68557
258.03580
258.87456
260.16957
260.98303
262.36237
263.18550
264.53518
265.35782
266.69955
267.51877
268.86711
269.68121
271.04988
271.88220
273.29234
274.13473
275.51936
276.41355
277.87984
278.73313
280.05417
280.78123
281.78764
282.54828
283.96539
284.81394
286.24049
287.09623
288.45029
289.29331
290.64691
291.43525
292.70802
293.44289
294.58113
295.35719
296.74494
297.56631
298.81429
299.42217
300.05795
300.47041
301.18353
301.51262
301.86345
302.10559
302.58867
302.65250
302.38530
302.19928
301.79156
301.60752
301.40782
301.30698
301.13467
301.22554
301.74014
301.87256
301.86386
301.76935
301.38938
301.33963
301.50411
301.67575
302.10680
302.36293
302.76093
303.08721
303.72974
304.14509
304.91710
305.47192
306.57843
306.98835
307.18551
307.39846
307.83722
308.10554
308.56160
308.78961
309.11346
309.10619
308.69315
308.71279
309.15096
309.31188
309.48808
309.52464
309.45740
309.41751
309.34145
309.24961
308.99280
308.83352
308.52977
308.49537
308.72030
308.74629
308.68101
308.41646
307.59458
307.19374
306.66608
306.16795
305.10801
304.49430
303.49232
302.82358
301.60328
300.95465
300.03877
299.48478
298.65873
298.19924
297.56814
297.16447
296.47832
296.30719
296.43019
296.50928
296.70035
296.75007
296.69389
296.86673
297.46417
297.85942
298.66585
298.98080
299.27415
299.24737
298.85430
298.59494
298.11428
297.85200
297.44989
297.13600
296.45033
296.17073
295.94906
295.75754
295.38561
295.13403
294.68701
294.52231
294.42515
294.36014
294.25269
294.14204
293.91094
293.76827
293.50698
293.50332
293.75787
293.82031
293.78703
293.75531
293.66055
293.76983
294.19988
294.54649
295.26423
295.75880
296.71236
297.31013
298.36116
298.98615
300.02259
300.64732
301.69723
302.35615
303.50452
304.12310
304.96862
305.41411
305.99224
306.48522
307.51370
308.13458
309.17508
309.88958
311.20672
311.99391
313.32314
314.08399
315.25320
316.08373
317.54289
318.41592
319.87227
320.70473
321.95499
322.75127
324.12519
324.93430
326.20786
327.08308
328.56942
329.46025
330.92450
331.80655
333.24485
334.02603
335.09904
335.72542
336.75012
337.16081
337.39757
337.75996
338.53749
339.20655
340.56933
341.30519
342.39952
343.02675
344.04579
344.43830
344.66522
344.82483
345.04614
345.11871
345.19502
345.08303
344.59716
344.44408
344.34313
344.48705
345.10671
345.35618
345.61099
345.79025
346.16558
346.28838
346.28320
346.46918
347.08542
347.23364
347.15974
347.02962
346.60974
346.53999
346.71425
346.70590
346.54812
346.49647
346.47069
346.40291
346.21045
346.07064
345.78827
345.64195
345.43426
345.38300
345.42166
345.50910
345.74305
346.03168
346.75641
347.16307
347.85182
348.05427
347.95504
348.15833
348.84374
349.23946
349.91884
350.31922
350.94008
351.41013
352.38285
352.70143
352.75459
352.80148
352.83512
352.85354
352.91428
352.78044
352.23055
352.09550
352.17022
352.28293
352.57285
352.96133
353.90354
354.56750
355.79382
356.50901
357.71001
358.29214
358.96476
359.41551
360.14365
360.55624
361.21303
361.52752
361.87193
362.21877
362.97328
363.48159
364.43498
364.98323
365.78818
366.34320
367.33001
367.94105
369.01369
369.54261
370.17546
370.75165
371.94376
372.62748
373.72129
374.41601
375.62278
376.22292
376.94642
377.45532
378.38673
378.85853
379.53446
379.81062
379.98521
380.20057
380.72039
380.99431
381.46972
381.59144
381.55383
381.50402
381.35650
381.24958
381.02256
380.92387
380.87355
380.65114
380.02696
379.48252
378.31495
377.59601
376.42295
375.73723
374.66016
373.95838
372.76861
371.96104
370.53462
369.71944
368.56703
367.83641
366.59822
365.78790
364.40000
363.52896
362.18749
361.30464
359.80741
358.91589
357.44899
356.57612
355.12770
354.30185
353.03290
352.26799
350.99781
350.19993
348.82789
348.05056
346.95823
346.26451
345.08057
344.47140
343.67034
343.19788
342.47651
341.89382
340.71768
340.13717
339.42914
339.01257
338.37068
337.97754
337.30809
336.96905
336.58238
336.33901
335.94215
335.70817
335.36886
334.94570
333.89212
333.37710
332.68589
332.34775
331.96733
331.75870
331.44069
331.46369
331.81872
332.22307
333.21600
333.70173
334.31041
334.54208
334.72378
334.59148
333.91006
333.69645
333.61386
333.49750
333.17588
333.23455
333.76530
334.02541
334.39150
334.66762
335.21835
335.50167
335.92288
336.01648
335.88257
335.65921
334.95505
334.80808
334.95093
335.23555
336.06091
336.59017
337.53639
338.17628
339.34570
339.89557
340.51376
341.00879
341.99835
342.57464
343.53909
344.03988
344.72600
345.14132
345.78976
346.32419
347.42908
348.00341
348.81779
349.40444
350.60189
351.08324
351.49193
351.56929
351.37746
351.21366
350.78375
350.68766
350.82455
350.73689
350.31688
350.21887
350.33688
350.17227
349.56164
349.18135
348.49688
348.20269
347.90662
347.80544
347.80678
347.93600
348.41814
348.53098
348.41640
348.44515
348.61464
348.69807
348.84571
348.89760
348.91513
348.94057
349.03189
349.00411
348.85290
348.75744
348.59499
348.54165
348.56170
348.60276
348.71400
348.75240
348.79504
348.72290
348.43226
348.30252
348.22627
347.94525
347.14215
346.65945
345.83749
345.33965
344.49978
344.00259
343.22111
342.62097
341.44909
340.80206
339.77984
339.31906
338.88121
338.58157
338.07028
337.72127
337.10959
336.79053
336.38400
336.14627
335.81709
335.46688
334.67465
334.19335
333.36362
332.83723
331.86273
331.45497
331.07770
330.98725
331.11459
331.16971
331.17329
331.41072
332.14024
332.60876
333.45785
333.74385
333.81906
333.83735
333.66477
333.88988
334.75370
335.11124
335.49247
335.81919
336.46642
336.92035
337.85533
338.23245
338.49287
338.86680
339.78225
340.20523
340.71129
341.04996
341.67358
342.04248
342.61124
343.14766
344.32609
344.97722
346.01901
346.64130
347.68806
348.21610
348.91378
349.31905
349.92686
350.38391
351.26738
351.74460
352.44532
352.91560
353.74545
354.27127
355.15716
355.83750
357.14220
357.84282
358.89055
359.48256
360.36767
360.99540
362.13074
362.80716
363.81612
364.35529
365.02978
365.64490
366.91481
367.64392
368.74525
369.46095
370.76764
371.34861
371.91651
372.27605
372.91147
373.13570
373.20761
373.34036
373.67400
373.81643
373.97120
373.97295
373.82682
373.72349
373.53323
373.40543
373.17162
373.03479
372.81213
372.73450
372.69843
372.75995
373.00246
373.15636
373.42805
373.51532
373.51404
373.67701
374.17510
374.47227
374.96953
375.33010
376.02058
376.45678
377.17190
377.59213
378.27916
378.69806
379.37605
379.76447
380.31325
380.64253
381.15918
381.66574
382.79103
383.38764
384.28197
384.79094
385.59434
386.02095
386.66738
386.78230
386.45946
386.37130
386.40824
386.27276
385.85342
385.61473
385.19347
385.06300
385.10333
385.09199
385.03581
385.08673
385.30495
385.45962
385.74206
385.99027
386.47413
386.87513
387.64233
388.17452
389.17296
389.77584
390.79255
391.39056
392.35804
392.98166
393.97380
394.68169
395.98954
396.73872
397.94778
398.61778
399.59044
400.21849
401.24753
401.86280
402.82250
403.43781
404.46217
405.20954
406.59990
407.42650
408.82648
409.59752
410.63106
411.38968
412.76869
413.60438
415.00653
415.90097
417.35617
418.18905
419.43032
420.21322
421.53801
422.31767
423.57670
424.42627
425.92228
426.79899
428.23092
429.09534
430.50317
431.38255
432.83051
433.69427
435.09353
435.96566
437.44353
438.33274
439.66829
440.47921
441.82140
442.61245
443.92623
444.53480
445.14940
445.60448
446.38679
446.81757
447.47358
447.92859
448.81259
449.17152
449.44339
449.73380
450.34291
450.61627
450.93264
451.03937
451.10975
450.96644
450.44382
450.14700
449.65866
449.32461
448.70355
448.49514
448.43845
448.43324
448.52684
448.58215
448.68395
448.74501
448.81714
449.06438
449.77500
450.19999
450.92713
451.34726
452.07267
452.35592
452.48231
452.86514
453.90111
454.47545
455.40684
455.84942
456.36710
456.67184
457.14873
457.40509
457.78189
458.00068
458.35212
458.54225
458.82740
459.01509
459.34887
459.50599
459.69920
459.78509
459.87875
459.91648
459.94932
459.91169
459.75313
459.56288
459.02069
458.81688
458.71366
458.59034
458.26140
458.33651
458.88083
459.18668
459.69414
460.13846
461.04086
461.55248
462.38421
462.87586
463.65245
464.20370
465.20013
465.85724
467.08486
467.77099
468.78023
469.20858
469.53429
469.62018
469.45330
469.46407
469.57959
469.71346
470.13660
470.06590
469.46574
469.11841
468.58949
468.05021
466.88020
466.14802
464.94347
464.18443
462.99756
462.27266
461.06724
460.35454
459.17911
458.51233
457.47411
456.88074
455.95402
455.35129
454.35403
453.79011
452.91054
452.37083
451.45909
450.90593
449.99114
449.55353
449.03859
448.87233
448.93239
448.80098
448.41020
447.94384
446.85212
446.22870
445.24370
444.64576
443.64396
443.03495
442.01926
441.47606
440.69259
440.36873
440.11804
439.99250
439.88591
439.60812
438.81362
438.40859
437.80495
437.48208
437.01505
436.73713
436.25917
436.12373
436.16617
436.16146
436.12850
436.15009
436.25482
436.34601
436.54677
436.67550
436.90706
437.01627
437.12943
437.29231
437.69722
437.85252
437.98969
437.93941
437.67157
437.51640
437.25371
437.12155
436.94599
436.84266
436.67581
436.60923
436.52812
436.63765
437.07923
437.35185
437.78719
438.13043
438.81926
439.22808
439.91011
440.29934
440.95478
441.07009
440.76103
440.72798
440.87339
440.88878
440.79755
440.76127
440.67183
440.85969
441.51675
442.05196
443.14170
443.78118
444.84502
445.56973
446.87406
447.64085
448.88162
449.65723
450.98347
451.79502
453.08925
453.89249
455.24204
456.04029
457.32831
458.18035
459.59259
460.42106
461.74903
462.48840
463.53760
464.22179
465.42386
466.07951
467.06848
467.50391
467.81537
468.28618
469.40424
470.06344
471.09172
471.84209
473.24178
474.06321
475.32254
476.06697
477.19652
477.83897
478.83269
479.45727
480.54628
481.22030
482.38315
483.08332
484.22233
484.84904
485.79214
486.35536
487.30871
487.75403
488.22350
488.50313
488.94062
489.25101
489.86002
490.30701
491.18316
491.64479
492.23379
492.65568
493.38766
493.80293
494.45184
494.95998
495.90561
496.46224
497.40479
497.85948
498.35128
498.66797
499.18078
499.65094
500.68886
501.19326
501.77189
502.33438
503.50788
504.20874
505.35248
505.97623
506.94009
507.28691
507.44391
507.56063
507.75914
507.82723
507.83732
507.74218
507.43026
507.14156
506.47933
506.13670
505.61745
505.52213
505.73883
505.77916
505.69494
505.81924
506.34802
506.66289
507.22346
507.56051
508.10759
508.53447
509.38904
509.93145
510.89810
511.26037
511.43689
511.48950
511.44136
511.38892
511.23883
511.22935
511.36484
511.54510
512.07010
512.10053
511.68876
511.49452
511.23310
511.11894
511.07869
510.82700
510.09849
509.60195
508.66460
508.21093
507.60694
507.50433
507.84231
507.91652
507.90846
507.90851
507.89491
507.93312
508.11079
507.98285
507.44551
507.06993
506.36569
505.90406
505.05523
504.53700
503.74182
503.36725
502.93220
502.73670
502.52008
502.39427
502.20776
502.12518
501.99199
502.13935
502.67418
503.20137
504.38608
505.07350
506.20578
506.93041
508.18555
508.84802
509.77585
510.14187
510.35385
510.50096
510.76157
510.63936
509.97056
509.70136
509.45831
509.30756
509.09336
508.87043
508.38368
508.07173
507.47799
507.22435
506.99695
506.79936
506.39236
506.19784
505.90892
505.66400
505.15605
504.73168
503.85712
503.37506
502.64817
502.00841
500.70905
499.94680
498.68202
497.93574
496.69941
496.04934
495.18090
494.64951
493.82271
493.36353
492.64322
492.21272
491.49531
491.06637
490.36173
489.89665
489.03631
488.64025
488.13791
487.87540
487.47155
487.49959
488.03985
488.15721
488.02504
487.97626
487.91913
487.76544
487.36818
487.07603
486.47250
486.18145
485.81492
485.51340
484.90404
484.45041
483.58077
483.10776
482.39362
481.87135
480.88899
480.28388
479.22726
478.67228
477.90563
