1.49993
2.31015
3.37932
3.91291
4.45854
4.90082
5.56426
6.31319
7.77720
8.57384
9.75865
10.39475
11.24575
11.72388
12.07909
12.38915
12.90287
13.40033
14.39735
15.18574
16.49584
17.36586
18.85852
19.70081
20.93318
21.51436
21.99053
22.39837
23.11545
23.60479
24.08619
24.74038
26.09907
26.95122
28.31156
29.05166
30.17561
30.50794
30.34842
30.29866
30.17573
30.19213
30.34585
30.50291
30.80416
31.25607
32.10359
32.93072
34.20392
34.71213
34.89469
35.10971
35.52688
35.76853
36.17942
36.44035
36.87604
37.15699
37.79337
37.64428
36.60214
35.95250
34.70713
34.09206
33.32395
32.97444
32.71658
32.81888
33.46674
33.66372
33.64558
33.62917
33.53696
33.47613
33.37693
33.30193
33.15362
33.08214
32.98740
33.01535
33.12817
33.41261
34.08860
34.56049
35.42230
35.89594
36.44675
36.66019
36.65082
36.79003
37.22881
37.34292
37.26500
37.37613
37.71919
38.06070
38.62334
39.34124
40.81728
41.67920
43.04141
43.91739
45.10483
45.65389
45.91840
46.17126
46.64677
46.87870
47.16923
47.37618
47.73012
47.93047
48.25765
48.45024
48.69366
49.09371
50.17409
50.57549
50.62308
51.15849
52.39658
53.11792
54.18786
54.98825
55.94153
56.62096
57.83598
58.44407
59.13377
59.66722
60.43751
60.95972
61.88823
62.43513
63.07466
63.89860
65.32874
65.95412
66.19269
66.45355
66.73848
67.29418
68.43846
69.03160
69.76089
70.21125
70.95819
71.33536
71.70904
72.18928
73.06526
73.61709
74.44271
75.18751
76.50630
77.32218
78.63453
79.46760
80.33249
80.83671
81.49874
81.84417
82.20240
82.58070
83.39260
83.87691
84.66505
85.17082
85.86907
86.03449
85.77292
85.85400
86.34163
86.45542
86.30629
86.33943
86.55530
86.64693
86.65764
87.00447
87.94277
88.22241
88.08577
88.15790
88.41593
88.63520
89.10689
89.47084
90.20068
90.57593
91.17256
91.24395
90.78215
90.74050
91.10949
90.88107
89.93376
89.56545
89.51042
89.36906
89.08746
88.83705
88.25160
88.13402
88.39068
88.39574
88.23203
88.13558
87.91319
88.00180
88.52036
88.74324
88.98484
89.13930
89.35781
89.64396
90.41389
90.63158
90.56675
90.37941
89.73331
89.55527
89.62681
89.68243
89.91619
89.72340
88.85337
88.60118
88.66876
88.68373
88.79977
88.68118
88.03654
88.21999
89.31641
89.97329
91.13887
91.73586
92.27550
92.51432
92.63752
92.81159
93.27139
93.17144
92.46396
92.10355
91.55199
91.10421
90.12531
89.76233
89.36575
89.29487
89.60155
90.09309
91.32768
92.11726
93.37596
93.87036
94.08400
94.33746
94.37907
94.95465
96.34719
97.09720
98.18865
98.86882
100.05630
100.56553
100.99535
101.15141
101.15456
101.18102
101.24698
101.17693
100.88315
100.73310
100.58883
100.41680
100.07270
99.61273
98.46669
97.85369
97.05947
96.22408
94.86758
94.11692
93.46617
92.84626
92.02986
91.23820
89.89204
89.09495
87.85441
87.04898
85.94332
85.25929
84.12909
83.47497
82.43925
81.94830
81.63652
81.53399
81.60875
81.67297
81.86311
81.84498
81.52387
81.61525
82.12629
82.60856
83.51494
84.07301
85.02427
85.51784
86.09324
86.31565
86.30871
86.69120
87.74836
88.40938
89.56403
90.34964
91.55138
92.43861
93.66756
94.52553
96.01640
96.86509
97.93218
98.60534
99.68626
100.45342
101.88085
102.66688
103.82349
104.38769
104.73938
104.99805
105.39471
105.66626
106.15761
106.22114
105.91013
105.75967
105.47846
105.41787
105.43163
105.83006
106.88295
107.50344
108.51260
109.29554
110.77653
111.49652
112.07439
112.58949
113.59499
114.13427
114.83364
115.15493
115.50575
115.47212
115.09818
114.54727
113.24604
112.82982
112.92812
112.94959
112.95594
113.29358
114.35489
114.58664
114.34416
113.91678
112.75130
112.14755
111.38758
110.84334
109.96694
109.11210
107.77358
106.93713
105.73430
104.92238
104.16228
103.43473
102.45867
101.67403
100.27509
99.50300
98.36620
97.76001
97.14149
96.73234
96.13456
95.55101
94.55964
93.79851
92.61704
92.18495
92.09544
92.17286
92.64052
92.75795
92.65869
92.79786
93.28055
93.48631
94.07198
94.06477
93.06355
92.68804
92.45562
91.98476
90.86568
90.56146
90.74854
90.83273
90.89138
91.39049
92.59850
93.33501
94.50440
95.22445
96.38993
97.08541
98.21325
98.61224
98.57607
98.23708
97.19035
96.49477
95.24753
94.37059
93.00245
92.30000
91.46126
90.99375
90.33135
89.88201
88.97440
88.76695
88.93128
89.38830
90.62759
91.28231
92.36113
92.57970
92.01224
92.05726
92.59395
93.04677
93.99031
94.64529
95.56531
96.35856
97.83343
98.51969
99.05996
99.24731
99.19508
99.24132
99.36646
99.55238
100.06900
100.21956
100.17345
100.29727
100.69577
100.96137
101.42949
101.75528
102.41913
102.57356
102.47914
101.96186
100.61805
99.79104
98.37241
97.50060
96.04814
95.19098
94.03939
93.16597
91.76768
91.11629
90.89804
90.70850
90.46679
90.34455
90.10457
90.31099
91.16979
91.62118
92.26543
92.77627
93.60393
94.22832
95.39544
96.04470
97.12392
97.43240
97.31433
97.06016
96.48204
95.73271
94.24867
93.37954
92.03874
91.39002
90.80040
90.43418
89.90552
89.77461
89.95084
89.89171
89.72021
89.18426
87.83685
87.19437
86.70639
86.26258
85.47741
84.82563
83.51382
82.79871
81.82956
81.05509
79.60674
78.86015
78.38082
77.59967
76.15640
75.36974
74.89486
74.47710
73.72240
73.44282
73.20147
73.37133
74.16492
74.64467
75.51512
76.07202
76.98976
77.70625
78.76225
79.03177
78.79013
78.58807
78.70286
79.23957
79.69991
80.07667
80.70636
81.37234
82.59621
83.27035
84.11239
84.60530
85.16457
85.76731
86.71032
87.50093
88.90885
89.67002
90.61851
91.17182
91.83509
92.16164
92.53292
92.71459
93.00049
92.89931
92.26643
92.05480
92.11552
91.66457
90.51234
89.67047
88.64545
87.84396
86.44882
85.55788
84.18705
83.32036
82.25480
81.71288
81.19806
80.93843
80.67821
80.46041
80.10814
79.86063
79.40683
79.39187
79.60619
79.19857
79.06741
78.85762
78.13531
77.61767
76.60758
76.04436
75.34247
75.00213
74.78078
74.75973
74.96789
75.08886
75.24711
75.54255
76.15409
76.51462
77.09693
77.45946
78.11629
78.36873
78.51136
78.52078
78.51330
78.02967
76.68368
76.16261
75.97381
75.77210
75.30325
75.42476
76.23220
76.74905
77.62034
78.31440
79.22347
79.70791
80.45810
80.35347
79.30382
78.84659
78.31158
77.81297
76.79650
76.12114
74.87996
74.29050
73.51111
73.46766
74.27079
74.30135
73.81254
73.19329
71.79395
71.00464
69.84199
69.27821
68.56746
68.58258
69.36405
69.76852
70.38004
70.95276
71.87151
72.68473
73.76722
74.62495
76.12032
76.99971
78.37761
79.12898
80.05341
80.49705
80.89191
81.39158
82.53960
83.21569
84.27488
85.13371
86.60253
87.49745
88.96426
89.76417
90.80943
91.48474
92.61971
93.28499
94.29541
95.10588
96.57428
97.40678
98.63310
99.30978
100.13686
100.99911
102.39159
103.26679
104.74239
105.59914
106.97886
107.74329
108.86867
109.49197
110.38286
110.69087
110.85716
110.52919
109.36650
108.89434
108.72123
108.41025
107.57237
107.51696
108.15543
108.54360
109.29704
109.62497
109.83826
110.15804
110.89525
111.26636
111.66721
112.25291
113.38595
114.03957
114.97185
115.81923
117.27244
118.15584
119.59580
120.47267
121.60641
122.29101
123.12368
123.97487
125.35451
125.97664
126.21100
126.52250
127.13274
127.54297
128.04926
128.04798
127.48215
127.17023
126.72301
126.07394
124.62503
123.77898
122.31910
121.77575
121.81932
121.96364
122.43091
123.03890
124.46230
125.03906
125.31406
125.71515
126.57173
127.16930
128.32655
128.92151
129.80342
130.08273
129.96887
129.95708
129.99867
129.79544
129.09819
128.82372
128.60635
128.53249
128.64804
128.39899
127.59276
126.91117
125.63882
124.85566
123.59514
122.69799
121.50744
120.93503
120.64814
120.55962
120.79658
120.53661
119.56659
119.51205
120.33442
120.57770
120.69667
120.73181
120.73377
120.55969
119.88661
119.86929
120.46753
120.73335
121.27569
120.99448
119.71699
119.00681
117.80053
117.16438
116.36651
116.11972
116.31275
116.31804
116.07003
116.51519
117.89312
118.63596
119.26273
120.09173
121.50897
122.26473
122.68627
123.17298
123.93832
124.46063
125.25519
126.03312
127.19380
127.83704
128.69236
129.07682
129.21819
129.14011
128.68201
128.39747
127.83182
127.64007
127.66629
127.66099
127.69269
127.63796
127.37781
127.42927
127.80651
128.01615
128.45135
128.41979
127.89157
127.64067
127.19463
127.25986
127.89180
128.24082
128.77784
129.35950
130.61055
131.31704
132.46267
133.09188
134.01805
134.51866
135.22919
135.67837
136.44694
136.85677
137.34662
137.65930
138.25150
138.30004
137.86469
137.59445
137.07858
136.76009
136.47138
136.25939
135.89188
135.71382
135.44768
135.49894
136.02196
135.99055
135.40996
135.20917
135.07482
134.87340
134.37534
134.06393
133.52198
133.11768
132.38728
131.69521
130.27380
129.43477
128.15588
127.32430
126.00300
125.22455
123.97435
123.35154
122.59403
122.13026
121.43603
120.82539
119.55065
118.88969
118.19986
117.78408
117.44381
117.19176
116.74755
116.60618
116.58139
116.56793
116.49749
116.70505
117.33817
117.73630
118.35741
118.79024
119.39838
119.85587
120.72904
121.18048
121.82890
122.04997
122.24333
121.87633
120.65915
119.92398
118.67443
117.83832
116.55244
115.94146
115.75040
115.51418
115.03022
115.12895
115.85884
116.44691
117.64929
118.30440
119.25909
119.90497
121.12612
121.75633
122.62616
123.00687
123.22223
123.74044
124.96922
125.37417
125.37014
125.18649
124.57171
124.24051
123.70200
123.42367
123.03884
122.86078
122.54122
122.81489
123.86015
124.58941
125.78796
126.47644
127.49605
128.24679
129.64986
130.47044
131.68643
132.50928
133.56704
134.26249
135.43664
136.11488
137.25985
137.55839
137.24900
137.14928
136.87195
137.12283
138.15686
138.52972
138.54446
138.88941
139.77994
140.46668
141.49399
142.32382
143.74572
144.61861
145.71511
146.50980
147.86194
148.52784
149.29888
149.73965
150.33581
150.88368
152.06457
152.65386
153.44549
153.87653
154.47344
154.91076
155.76528
156.24976
157.07062
157.32920
157.06775
157.51922
158.89391
159.68771
160.98438
161.85588
163.29601
164.14799
165.57225
166.14813
166.12616
166.75186
168.22813
169.08856
170.03673
170.77983
172.08461
172.86139
173.91768
174.54452
175.38602
175.85140
176.51689
176.61385
176.15064
175.99031
175.86489
175.62021
174.97344
174.66429
174.29246
174.12504
173.95943
174.12770
174.92976
174.68197
174.75438
174.52155
173.65511
173.29205
172.94302
172.69920
172.23421
172.15721
172.29458
172.60044
173.30498
173.68383
174.19981
174.40023
174.43229
174.70419
175.48824
175.85722
176.32073
176.63005
177.34259
177.18436
176.14654
175.28935
173.85283
173.04942
172.06421
171.42284
170.59080
169.90191
168.70624
168.37828
168.65334
168.98490
169.88510
170.45421
171.50353
172.05211
172.73409
173.38301
174.70137
175.34030
175.65451
175.94422
176.35799
176.83352
177.70788
178.27721
179.33908
179.68643
179.65908
179.51051
178.84065
178.85968
179.64047
179.68985
179.22739
178.66773
177.39425
176.82241
176.51737
176.12261
175.20582
174.92380
175.01936
175.36741
176.44090
177.01966
177.98961
178.23953
177.93567
177.92739
178.05129
178.26218
178.81204
179.29437
180.30125
180.91375
181.61712
182.08659
182.87769
183.30659
183.90682
184.26492
184.88686
185.03917
184.86433
184.79422
184.83185
184.33208
182.97100
182.08572
180.63392
179.74823
178.57269
177.68122
176.66194
175.93233
174.70791
173.97899
172.72578
172.26265
172.24956
172.24540
172.29227
172.70482
173.80444
174.37960
175.26418
175.61989
175.10011
174.88299
174.62213
174.46875
174.22748
173.99382
173.43867
173.12023
172.56169
172.43130
172.68000
172.70147
172.58221
172.53996
172.49545
172.47643
172.53519
172.33170
171.72817
171.40290
170.89271
170.60475
170.34295
169.76184
168.33923
167.61885
166.69126
166.16348
165.36980
165.02771
164.81513
165.08188
166.16265
166.47584
166.47826
166.37242
165.81103
165.92649
166.77318
167.21098
167.63103
168.00278
168.73353
169.19075
170.03622
170.51596
171.08231
171.17617
170.81253
170.69622
170.56461
170.56332
170.74839
170.69806
170.29439
170.45305
171.34846
171.60423
171.61460
171.58280
171.35075
171.51317
172.15892
172.77133
173.87691
174.74218
176.00848
176.76043
177.92848
178.55378
179.32098
180.08419
181.39433
182.12528
183.21388
183.78663
184.56426
185.00410
185.74551
185.76873
185.09694
184.70656
184.22110
183.54654
182.08381
181.31120
180.26894
179.83818
179.53507
179.76656
180.78256
181.39214
182.09581
182.82741
184.07119
184.93706
186.43324
187.16883
187.74974
188.09104
188.42498
188.55182
188.55944
188.54734
188.49221
188.37816
188.10803
187.88757
187.50207
187.27120
187.04943
186.52983
185.17546
184.66313
184.43406
184.25298
184.03871
183.71168
182.89387
182.39180
181.41199
181.28843
181.91730
182.24644
182.82728
183.09230
183.26532
183.61090
184.24846
184.77168
185.70629
186.32987
187.13029
187.48600
187.63757
187.97445
188.78827
189.15035
189.53413
189.81124
190.33972
190.55617
190.73207
190.93280
191.39456
191.67325
192.07092
192.61305
193.97114
194.33732
193.91930
193.85866
193.92790
193.87266
193.62714
193.56909
193.63302
193.53709
193.16482
192.98725
192.79988
192.64582
192.31074
192.22210
192.29990
192.33311
192.26052
192.65733
193.79008
194.42187
195.48743
195.77741
195.36454
195.58537
196.52958
196.84048
196.94065
197.02961
197.22475
197.03246
196.10705
196.07804
196.73967
197.50910
198.99098
199.83458
200.96203
201.51406
202.10489
202.46164
202.80169
203.21712
203.96548
204.46151
204.96295
205.53964
206.78120
207.38499
208.01451
208.31091
208.58272
208.64954
208.48125
208.65898
209.28471
209.55893
209.90573
209.67273
208.76365
208.02517
206.69510
205.93101
204.73943
204.06755
203.27439
202.92688
202.64775
202.51295
202.38226
202.33709
202.30065
202.40655
202.75180
202.99108
203.45329
203.74582
204.27323
204.58119
205.12502
205.25060
205.10898
205.04019
204.92636
204.78573
204.31827
204.46423
205.33326
205.66234
205.76435
205.73553
205.50019
205.23869
204.59862
204.22981
203.63039
203.26748
202.57358
202.51173
203.12993
203.06665
202.32300
202.04742
201.92081
201.47885
200.37140
199.51314
198.06715
197.33070
196.63934
195.91486
194.54450
193.92640
193.49353
192.88931
191.54453
190.75339
189.45193
188.61193
187.37836
186.52844
185.03411
184.18730
182.93984
182.25354
181.55535
181.04840
180.07635
179.80613
180.06715
179.79880
178.91132
178.23093
177.16519
176.42663
175.19354
174.32291
173.37342
172.60866
171.28497
170.58764
169.71991
169.20237
168.52060
167.75152
166.29562
165.53798
164.83318
164.04542
162.55455
161.71883
160.83061
160.07196
159.04088
158.36657
157.36262
156.48071
155.25233
154.40396
152.93795
152.06463
150.61948
150.07390
150.20531
149.78051
148.54870
147.83589
146.69154
145.90354
144.90487
144.47847
144.29806
144.46742
145.23238
145.66194
146.43227
146.72700
146.81475
146.94501
147.22452
147.37949
147.57733
147.88433
148.65483
149.06992
149.84504
149.81778
148.98564
148.41663
147.37473
146.78832
145.92132
145.51025
145.15183
144.88747
144.42860
144.18212
143.81802
143.55558
143.08731
142.64768
141.67371
141.19723
140.90147
140.79833
140.85689
140.87394
140.87530
141.03632
141.58828
141.80408
141.94102
141.78406
141.11306
140.76759
140.16330
140.01804
140.11751
140.30806
140.78746
141.15103
141.83599
142.18276
142.41116
142.88346
143.86914
144.19805
144.17175
144.48466
145.35206
145.96788
146.67998
147.26022
148.21318
148.56550
148.44509
148.92621
150.30064
151.00998
152.01818
152.64743
153.64465
154.45699
155.94957
156.61142
156.82656
157.03442
157.42118
157.32046
156.63883
156.18516
155.28431
154.76814
153.85402
153.60716
153.79113
153.86334
153.98450
153.95137
153.75176
153.59733
153.39426
153.15083
152.55944
152.25207
151.93198
151.35443
149.97784
149.23820
148.07657
147.85297
148.52038
148.63717
148.44252
148.25927
147.80488
147.42789
146.53004
146.32981
146.54236
146.93135
147.74255
148.43300
149.52943
150.24359
151.12743
151.68996
152.43331
152.81156
153.28059
153.60070
154.16682
154.53446
155.17760
155.57865
156.22660
156.62096
157.28784
157.59603
157.96813
158.10237
158.17922
158.15152
157.93390
157.93913
158.16883
158.21466
158.17659
158.08596
157.77068
157.73108
157.92603
157.97127
157.89018
158.11438
158.81912
159.37287
160.47171
160.93120
161.30060
161.31449
160.90560
160.74798
160.55304
160.45013
160.27931
160.41171
161.00757
161.32510
161.75441
162.24768
163.39091
163.98177
164.78385
165.20735
165.69084
166.23642
167.22710
167.77713
168.60399
169.11847
170.00503
170.42746
170.97788
171.15865
171.16945
171.16810
171.10539
171.08279
171.14776
170.84190
169.82282
169.33498
168.73504
168.16272
166.98927
166.48728
166.40541
166.08288
165.12583
165.09238
165.93207
166.35814
166.94597
167.44081
168.42495
169.01435
169.87145
170.73487
172.11668
172.98266
174.40774
175.30460
176.71804
177.47277
178.53441
178.81647
178.60993
178.17436
177.01709
176.27952
174.97978
174.17285
172.77705
172.05488
171.46713
170.68290
169.25507
168.43990
167.75020
167.57016
167.78053
168.03874
168.71219
169.05770
169.55210
169.86865
170.42257
170.65073
171.28927
171.93974
173.15844
174.05096
175.32485
176.17856
177.64184
178.51888
179.80029
180.54326
181.75459
182.07857
181.81038
181.45381
180.45137
179.96531
179.22884
179.15849
179.68723
180.14050
181.05647
181.88989
183.37192
184.25554
185.68031
186.44235
187.41761
187.74091
187.62949
187.88666
188.65348
189.24638
190.52399
190.84043
190.34462
190.54259
191.47222
192.03054
193.10962
193.27575
192.61895
192.44472
192.37379
192.41691
192.69811
192.64544
192.06663
192.33407
193.59933
194.12702
194.67278
194.85747
194.84161
194.57569
193.69714
193.21278
192.46072
191.90014
190.83755
190.10134
188.78003
187.96913
186.87096
185.98845
184.79346
183.89842
182.70701
181.81222
180.69107
179.85300
178.91680
178.29258
177.31048
176.59520
175.25154
174.48988
173.23153
172.88863
173.27470
173.45793
173.94439
173.81043
173.05452
172.27056
170.81733
169.95576
168.54771
167.80375
166.89627
166.40328
165.73500
165.36681
164.79384
164.63827
164.72825
164.80893
164.91116
165.38877
166.51828
167.34066
168.64374
169.50638
170.44322
170.79449
170.84682
170.79938
170.45599
170.46257
170.74686
171.08517
171.87442
172.28385
172.83994
173.11959
173.53129
173.51986
173.11753
172.67266
171.51735
171.26299
171.61941
172.05759
173.12177
173.92247
175.35671
176.21677
177.64664
178.51583
179.92286
180.77136
182.19508
182.98173
184.14270
184.47080
184.24856
183.89221
182.88141
182.26975
181.21857
180.59245
179.59406
178.86117
177.52169
176.72368
175.47026
175.00183
174.87923
175.07672
175.88044
176.40327
177.28791
178.11466
179.60112
180.42018
181.29595
182.01074
183.14952
184.03552
185.33668
186.11623
187.22425
187.62556
187.50531
188.03869
189.49198
189.99825
189.88489
189.97622
190.36589
190.06205
188.90160
188.14428
186.79112
186.04739
185.06355
184.20152
182.84450
182.11124
181.50536
180.97637
180.04477
179.42968
178.26777
177.86203
177.93744
177.90203
177.92116
177.66908
176.96708
176.33133
175.08127
174.42370
173.37133
173.26821
174.17348
174.10549
173.08786
172.80629
172.90584
172.88778
172.79496
172.81027
172.84195
173.21652
174.28374
175.05875
176.43138
177.28347
178.47110
179.35394
180.75886
181.57767
182.36941
182.80614
182.95175
183.37875
184.43881
185.15278
186.41790
187.10015
188.08221
188.64718
189.48662
189.66803
189.41544
189.08556
188.33333
187.80514
186.74274
186.40094
186.49762
186.14155
185.01917
184.48698
183.75443
183.64520
183.98319
184.48200
185.50220
185.95292
186.46742
186.42748
185.73655
185.47940
185.43574
184.90467
183.63479
182.88945
181.62065
181.09515
181.00225
180.74001
180.10941
179.94498
180.14584
180.13456
180.10798
179.64018
178.32212
177.57956
176.47442
175.59106
174.47575
173.75708
172.74661
172.14920
171.76291
171.05533
170.29607
170.14145
170.25701
170.17815
169.91503
169.78046
169.60341
169.46233
169.33783
168.79960
167.40231
166.92271
166.98293
167.25994
168.06291
168.55134
169.24914
169.44143
169.46295
169.01641
167.72590
167.27344
167.19463
167.11051
167.03380
167.00515
167.13805
166.72732
165.44311
164.94341
164.74971
164.26326
163.09496
162.30142
160.87645
