1.50000
2.39922
3.88733
4.37445
4.18426
4.07318
4.53610
3.82592
3.30814
3.21661
1.82106
1.15838
2.17645
2.66995
3.42957
3.46835
3.14332
2.57347
1.13242
1.46663
2.59797
2.26203
0.90000
1.24266
2.71433
3.03879
1.81449
2.22740
3.15503
3.91421
5.39750
6.24651
7.45917
7.77941
6.71612
6.61290
6.44476
7.20423
7.32686
7.52334
7.66630
7.01589
5.81931
5.34301
6.01538
6.57301
6.93574
7.43541
8.59266
8.46392
7.83638
8.57084
9.24908
9.39680
10.25186
10.56540
10.95862
10.40103
8.96740
9.09529
10.59457
11.46879
12.92022
13.80278
15.03117
15.69196
15.68783
15.61120
15.28533
14.87138
14.38573
13.82246
12.97555
12.80781
13.45217
14.28177
13.66229
13.34068
13.55058
14.42357
15.13439
15.90710
16.08969
16.34330
16.55011
17.40742
17.27058
17.26658
17.03831
16.54770
16.01958
16.77451
17.21456
17.57010
17.01673
16.75151
17.12906
17.69532
19.04562
19.83869
21.16775
21.87720
22.79017
23.07974
22.62400
23.35511
24.58750
25.36991
25.81504
26.17988
26.76698
27.19668
27.96160
28.36752
28.16048
27.97942
27.57524
26.87416
25.42845
25.53080
26.92753
27.80519
28.47241
28.56280
28.29630
28.38798
28.61215
28.36477
27.58277
27.55602
27.82168
27.12804
25.75425
25.15255
25.29363
25.53012
26.38545
26.03197
25.33871
24.44808
23.49855
23.10168
22.73211
23.41134
24.89534
25.37742
24.94052
24.96020
25.61700
24.86092
24.23703
23.91261
23.94410
23.37071
23.15391
23.49997
24.72423
25.45322
26.74001
26.94773
25.89003
25.48108
24.99760
24.97910
25.48209
25.66990
25.75897
25.93683
26.22012
26.47458
27.03784
26.48532
25.82000
25.71006
26.46954
26.76368
27.28941
26.90364
26.42885
26.21664
26.28147
25.47771
24.58465
24.71117
25.89469
26.73123
27.72071
28.34569
29.44407
29.66203
29.15651
29.52441
29.82480
29.77106
29.07310
28.71850
28.86199
28.71504
28.31883
