1.49984
2.38809
3.83374
4.71754
6.19957
7.09300
8.55821
9.40241
10.72610
11.42102
12.34145
12.98164
14.09491
14.90272
16.32403
17.18237
18.50407
19.32590
20.71380
21.51268
22.75966
23.48574
24.58346
25.25750
26.39552
27.00772
27.91986
28.39050
29.02334
29.46416
30.21535
30.91216
32.31619
33.15686
34.57717
35.42042
36.82227
37.66922
39.09622
39.96573
41.42946
42.31584
43.80447
44.66942
46.00001
46.72575
47.74123
48.25401
48.91300
49.37366
50.22029
50.66159
51.29948
51.69691
52.38740
52.66263
52.83845
53.00737
53.34324
53.64993
54.31457
54.74484
55.44062
55.99486
57.04642
57.71352
58.87853
59.58311
60.78441
61.39202
62.17504
62.68187
63.52846
64.16810
65.37424
65.95055
66.61782
66.90673
67.13238
67.17395
66.99825
67.11543
67.60949
67.97949
68.68777
69.31076
70.57844
71.36367
72.71350
73.49177
74.76279
75.34495
75.93010
76.31320
76.94613
77.33251
78.00263
78.32606
78.72929
78.96781
79.31174
79.66402
80.47357
80.96612
81.79077
82.16972
82.56343
82.74686
82.93611
82.88034
82.50488
82.23637
81.69616
81.38870
80.90143
80.66619
80.39052
80.17899
79.82385
79.47824
78.74414
78.29728
77.52019
77.20562
76.98565
76.70970
76.08074
75.73744
75.19127
74.90241
74.47106
74.39108
74.56128
74.66837
74.86915
75.05079
75.46075
75.73978
76.24476
76.65975
77.54846
77.96132
78.47102
78.62479
78.57164
78.62758
78.83218
78.92521
79.00637
79.14966
79.52131
79.76544
80.19535
80.60296
81.47345
81.96606
82.79859
83.11800
83.32213
83.46320
83.70041
83.74977
83.66927
83.65546
83.69063
83.56933
83.15247
82.85567
82.28199
81.85475
81.01272
80.44463
79.41524
78.92549
78.34077
77.98873
77.41405
77.16786
76.92761
76.83616
76.75212
76.94282
77.64841
78.06607
78.76961
79.32598
80.44555
81.13409
82.26332
82.99699
84.29735
84.94384
85.74483
86.26482
87.16681
87.70881
88.61979
89.19039
90.18223
90.82321
91.95382
92.62652
93.69135
94.20976
94.82262
95.21803
95.85865
96.39881
97.49288
98.18378
99.42011
100.06403
100.89522
101.49822
102.62885
103.26686
104.26583
104.89552
105.97589
106.52383
107.25536
107.66796
108.26744
108.77726
109.84632
110.42178
111.21747
111.77136
112.77069
113.46114
114.64350
115.38887
116.66335
117.48488
118.80751
119.69133
121.15386
122.03273
123.50022
124.35064
125.69926
126.51131
127.87249
128.63944
129.82280
130.52407
131.69184
132.23705
132.78007
133.13593
133.77259
133.96411
133.98034
133.85233
133.39134
133.07663
132.42264
132.27476
132.45027
132.52885
132.65349
132.78654
133.09569
133.28509
133.58320
133.75869
134.01924
134.24794
134.74117
135.05718
135.54935
136.10000
137.35268
138.04548
139.09205
139.86340
141.30513
142.09222
143.17469
143.80067
144.77144
145.36479
146.39024
146.86092
147.37394
147.73781
148.44051
148.71923
148.94820
149.01922
148.98169
149.03414
149.25525
149.24547
149.00944
148.82985
148.46296
148.20867
147.68811
147.58154
147.72721
147.92628
148.46224
148.73242
149.12200
149.36604
149.75155
150.12140
150.89759
151.36331
152.16011
152.56945
153.12530
153.47985
154.10510
154.38800
154.70121
154.88411
155.14700
155.35901
155.81430
155.91201
155.76648
155.74905
155.81095
155.80120
155.75845
155.50417
154.72352
154.27035
153.50717
153.06722
152.33688
152.13679
152.25949
152.25512
152.20432
152.04017
151.57607
151.23787
150.61922
150.25581
149.66348
149.31670
148.75219
148.45260
148.03050
147.69757
147.02157
146.70453
146.37059
146.21214
146.03798
146.02951
146.17199
146.36871
146.89027
147.15022
147.49721
147.70430
148.04955
148.21480
148.42501
148.51557
148.58913
148.73743
149.15720
149.38226
149.76426
149.78304
149.44655
149.32253
149.26410
149.00555
148.24827
147.84703
147.27758
146.73575
145.58175
144.90385
143.76159
143.20771
142.56424
142.18186
141.62467
141.34766
141.05287
140.85996
140.51996
140.43634
140.48563
140.61969
141.02511
141.20393
141.41110
141.56909
141.91640
141.94690
141.71691
141.49259
140.96348
140.61971
140.04266
139.69121
139.11659
138.76926
138.19935
137.75404
136.84957
136.33986
135.53186
135.16251
134.79299
134.41627
133.58422
133.16637
132.58852
132.28398
131.86124
131.58334
131.07333
130.78264
130.36620
129.88741
128.76621
128.11005
127.01874
126.33273
125.16414
124.59660
123.98002
123.40796
122.27341
121.58118
120.53121
119.81824
118.54589
117.87072
117.00091
116.37190
115.26911
114.70450
114.02048
113.49898
112.49742
111.90349
110.89226
110.43447
109.94455
109.86470
110.13674
110.26036
110.44754
110.59440
110.88010
111.06964
111.42001
111.64538
111.98035
112.38860
113.31232
114.06671
115.53146
116.38860
117.81528
118.60180
119.74527
120.43521
121.51959
122.25674
123.47911
124.27225
125.54610
126.33877
127.63960
128.47101
129.90927
130.75286
132.13824
132.97361
134.36712
135.22852
136.61232
137.41204
138.67889
139.41244
140.54215
141.35407
142.80327
143.62677
144.88473
145.56281
146.50067
147.04203
147.84573
148.46643
149.67305
150.37401
151.48556
152.18585
153.28353
153.95555
155.07647
155.75279
156.87729
157.60472
158.90141
159.53459
160.28345
160.85223
161.94482
162.61989
163.78446
164.48582
165.65787
166.38882
167.65524
168.34896
169.29440
169.75008
170.24610
170.65072
171.46159
171.93941
172.76915
173.07706
173.23712
173.34947
173.47131
173.70710
174.33933
174.71619
175.39365
175.62931
175.69538
175.75231
175.83798
175.87006
175.91433
175.75796
175.21679
174.88345
174.28398
173.92749
173.32849
173.00714
172.57019
172.15865
171.29589
170.78457
169.93138
169.41055
168.53895
167.99007
167.02933
166.45060
165.47570
164.87193
163.86132
163.10588
161.67232
160.86175
159.69642
158.85406
157.38155
156.49650
155.19353
154.32202
152.90975
152.15031
151.14281
150.50070
149.40675
148.76938
147.74068
147.12223
146.09583
145.44289
144.27768
143.70459
142.98991
142.59451
142.06484
141.55930
140.43159
139.88032
139.19390
138.82854
138.36285
138.06045
137.55913
137.21700
136.60147
136.26138
135.71422
135.44850
135.09432
135.02251
135.13048
135.26360
135.66472
135.72414
135.58763
135.30221
134.52520
133.90323
132.63655
132.06698
131.47741
131.12935
130.64016
130.20312
129.24978
128.72809
127.92691
127.46067
126.76570
126.29526
125.45634
124.94611
124.08277
123.58519
122.84922
122.27486
121.13826
120.70802
120.47137
120.14285
119.36593
118.94808
118.30577
