1.49995
2.39746
3.88631
4.74417
6.07851
6.62202
6.87793
7.17494
7.66680
8.06703
8.62333
9.42725
10.85550
11.73903
13.17321
14.06232
15.55406
16.42050
17.64864
18.31556
19.03068
19.41877
19.89160
20.23072
20.85033
21.17737
21.55265
22.00861
22.80266
23.34878
24.27665
24.85928
25.85801
26.34714
26.55360
27.13341
28.51299
29.32064
30.67911
31.45015
32.46460
33.03991
33.53824
34.05758
35.10256
35.63305
36.27214
36.73662
37.57338
38.04489
38.54516
39.05903
40.10381
40.68350
41.44566
42.27206
43.73961
44.56175
45.79219
46.09326
45.54984
45.61096
46.22082
46.34299
46.13895
46.02671
45.84025
45.54475
44.74863
44.43231
44.43215
43.91512
42.53548
41.83146
41.32124
40.56107
39.06181
38.21890
37.12841
36.85085
37.16214
37.57052
38.63122
39.06682
39.35907
39.69322
40.35842
40.90661
41.98028
42.65134
43.83583
44.27364
44.45991
44.40149
43.91250
43.73690
43.58069
43.51650
43.30439
43.77522
45.18747
45.97581
47.23029
47.95201
49.05092
49.78290
51.07289
51.86089
52.94772
53.84544
54.99487
55.81546
57.24693
58.11744
59.57274
60.45897
61.94569
62.79270
63.83935
64.57932
65.70158
66.22658
66.76284
67.14010
67.67403
68.38361
69.75808
70.38929
70.80508
71.20119
71.99978
72.29658
72.33275
72.80119
73.95881
74.62336
75.63275
76.36219
77.75322
78.33312
78.53620
78.77097
79.15148
79.60743
80.79245
80.98889
80.25911
80.31401
81.15482
81.20945
80.58646
80.41544
80.34178
80.42371
80.77408
80.96644
81.25098
81.49936
81.91941
82.20871
82.69053
83.16953
84.22177
84.80261
85.64653
85.75001
85.19559
84.70805
83.63633
83.08144
82.51462
81.95736
80.68373
80.40171
80.91441
81.25088
82.04152
82.24039
82.11998
82.05100
81.84956
81.82851
81.97006
81.97818
81.89115
81.80880
81.59003
81.55256
81.61462
81.77464
82.17627
82.69018
83.80281
84.53165
85.78877
86.56327
87.88397
88.56415
89.40920
