1.49951
2.38068
3.80812
4.61499
5.85853
6.55096
7.56592
8.19083
9.19660
9.70759
10.33205
10.67167
11.14893
11.52725
12.29615
12.73248
13.42349
13.89706
14.76796
15.25473
16.00732
16.50646
17.40559
18.04033
19.23666
20.00193
21.33973
22.07099
23.15419
23.81586
24.94718
25.62943
26.70968
27.40565
28.62314
29.29284
30.29382
31.01848
32.37655
33.23008
34.69534
35.57060
37.02730
37.88089
39.13405
39.91125
41.22704
42.03271
43.39957
44.21281
45.55647
46.32954
47.44577
48.19320
49.53421
50.33967
51.68991
52.49688
53.84230
54.62829
55.89652
56.64671
57.87929
58.64834
59.93478
60.62460
61.62232
62.29003
63.53245
64.10966
64.73837
65.19676
66.04179
66.56331
67.41574
67.89139
68.62245
69.17725
70.28856
70.85302
71.60380
72.14077
73.09846
73.61529
74.36989
74.82741
75.58312
76.11262
77.12173
77.82632
79.12553
79.92079
81.20383
81.93707
83.03956
83.74439
84.95909
85.62595
86.58726
87.32159
88.66287
89.54892
90.99528
91.87796
93.21355
93.93212
94.92611
95.60754
96.83311
97.56439
98.77357
99.58116
101.02256
101.90850
103.40402
104.28527
105.68874
106.53574
107.93620
108.80361
110.13991
110.87971
111.92499
112.67379
114.04082
114.86047
116.10027
116.80856
117.86684
118.46794
119.39953
119.90529
120.54520
121.18729
122.52028
123.37877
124.82761
125.64490
126.88959
127.67723
129.03103
129.81446
130.92926
131.71540
133.01432
133.84026
135.18618
135.96013
137.12420
137.70593
138.32109
138.96281
140.31113
141.09104
142.36826
143.11779
144.35954
144.97618
145.71628
146.18193
146.95443
147.39171
148.04273
148.63535
149.88709
150.61890
151.83591
152.50747
153.45889
154.20521
155.64509
156.41997
157.43373
158.17210
159.54041
160.24146
161.12379
161.69026
162.65668
163.19637
164.00818
164.65366
165.91819
166.63749
167.78427
168.52238
169.82678
170.68639
172.17392
173.06954
174.53945
175.37115
176.60872
177.41520
178.78700
179.62425
181.03922
181.90577
183.33766
184.15431
185.39113
186.12520
187.32903
188.06842
189.31595
190.05740
191.18261
191.90803
193.22300
193.86570
194.61185
195.15868
196.08519
196.65093
197.58427
198.23087
199.43782
200.12214
201.20394
201.83313
202.84873
203.48042
204.57304
205.24931
206.40270
207.08780
208.22637
208.90286
210.01459
210.60133
211.41199
211.99119
213.04893
213.66920
214.67981
215.25872
216.15317
216.71872
217.68808
218.39699
219.75964
220.44776
221.25729
221.80421
222.73912
223.30835
224.23610
224.62376
224.91194
225.24101
225.96776
226.40537
227.18174
227.48377
227.63962
227.96245
228.80385
229.14729
229.45151
229.66411
230.05067
230.28659
230.68740
230.92910
231.33461
231.58392
232.01071
232.26209
232.71860
232.72909
232.35248
231.98782
231.13576
230.68747
230.03667
229.51646
228.46985
227.79060
226.53574
225.86325
224.95972
224.44871
223.66388
223.21858
222.57871
222.25156
221.80424
221.59669
221.39502
221.24378
220.96966
220.69505
220.08619
219.71943
219.09962
218.73577
218.14672
217.74784
217.00011
216.64003
216.19560
215.82921
215.06468
214.50111
213.32061
212.73476
211.94417
211.43719
210.53664
210.02655
209.21863
208.86393
208.60933
208.28898
207.49028
207.24721
207.18765
207.41095
208.23152
208.78545
209.88663
210.36521
210.76946
211.18533
212.03394
212.71441
214.05210
214.87523
216.28825
217.18617
218.60398
219.42699
220.65577
221.36640
222.50370
223.18309
224.32398
225.01428
226.15097
226.83258
227.97359
228.66114
229.83867
230.41046
231.06046
231.49198
232.22007
232.85557
234.14618
234.88743
236.06648
236.74790
237.74831
238.35300
239.19339
239.91225
241.33331
242.06580
243.01043
243.68269
244.91705
245.61952
246.74166
247.39537
248.45694
249.10085
250.15869
250.94923
252.40629
253.23260
254.47026
255.20745
256.41319
257.15729
258.39755
259.26454
260.74523
261.59060
262.79323
263.63226
265.11801
266.00809
267.49306
268.34845
269.65922
270.42102
271.57797
272.39886
273.81832
274.67971
276.09446
276.96755
278.44631
279.32767
280.77800
281.67422
283.08563
283.91024
285.18953
286.00087
287.38805
288.19505
289.44527
290.24757
291.59964
292.42413
293.81396
294.66482
296.11809
296.93966
298.23567
298.83412
299.45976
299.62623
299.50813
299.33383
298.81688
298.52361
298.03819
297.69368
297.02861
296.71339
296.36285
296.24843
296.19798
296.23257
296.37227
296.67143
297.50815
297.91722
298.47642
298.78986
299.28347
299.43302
299.42355
299.45167
299.55119
299.61494
299.72536
299.77524
299.84187
299.78307
299.48751
299.20861
298.57188
298.29449
298.06015
297.70120
296.84908
296.17548
294.84095
294.07153
292.83005
292.00166
290.55800
289.69146
288.33342
287.53622
286.39437
285.69922
284.55806
283.90051
282.85992
282.21114
281.08590
280.45708
279.50586
278.78539
277.40812
276.60105
275.27531
274.46271
273.07697
272.27443
271.00028
270.24846
269.02987
268.24688
266.90674
266.17269
265.08252
264.43200
263.37398
262.67629
261.49471
260.85976
259.94504
259.31369
258.14678
257.52879
256.67639
256.22663
255.58811
255.26345
254.79456
254.73460
255.07662
255.10137
254.94121
254.61005
253.69483
253.12794
252.24333
251.55301
250.22123
249.43160
248.13746
247.27086
245.79752
244.91164
243.58744
242.76416
241.38192
240.54793
239.16458
238.27956
236.80594
235.94384
234.57627
233.69253
232.20216
231.34223
230.08963
229.41417
228.50668
228.00103
227.26904
226.85283
226.31453
225.78013
224.61103
224.04946
223.43454
222.82944
221.54766
220.86588
219.95589
219.37555
218.45829
217.93431
217.19657
216.78685
216.19379
215.94763
215.81593
215.55418
214.88165
214.57584
214.20321
214.06527
214.02887
214.00639
214.04127
213.86633
213.29375
212.94366
212.33043
211.87499
211.00868
210.49498
209.60550
209.15092
208.61199
208.24888
207.68421
207.36543
206.86920
206.59908
206.21927
205.96965
205.48983
205.47777
205.88720
206.05914
206.27736
206.40344
206.57865
206.83649
207.49430
207.80083
208.19552
208.45470
208.91632
209.35830
210.32487
210.89840
211.85283
212.37582
213.16231
213.56869
214.13830
214.41482
214.72616
215.09238
215.94525
216.41598
217.14300
217.53020
218.09527
218.51059
219.32596
219.68844
220.07025
220.27958
220.59563
220.70632
220.65641
220.76871
221.11457
221.26879
221.41479
221.45695
221.45711
221.36493
221.05788
220.91903
220.79144
220.54926
219.93022
219.47369
218.55031
218.15028
217.76182
217.53617
217.24895
216.83426
215.81283
215.15210
213.96432
213.35180
212.46994
212.11752
211.91071
211.73028
211.37836
211.15054
210.74536
210.47589
210.01079
209.55678
208.51401
208.04224
207.57887
207.14194
206.25982
205.57611
204.28133
203.47786
202.13954
201.38918
200.33749
199.73122
198.75876
198.33764
197.97415
197.71072
197.19114
197.10009
197.33939
197.48749
197.78934
197.91322
198.06565
197.89355
197.20767
196.86457
196.35446
196.00223
195.36792
194.77392
193.52820
192.71491
191.26138
190.40655
189.01875
188.19812
186.92419
186.16224
184.90503
184.23342
183.27205
182.61676
181.39432
180.73658
179.74931
179.25827
178.64066
178.49659
178.72263
178.88860
179.23358
179.60583
180.43655
181.09407
182.42550
183.15177
184.19324
184.82380
185.86434
186.49169
187.43129
187.98209
188.79025
189.40749
190.46648
191.21199
192.56038
193.41404
194.85453
195.71711
197.14944
197.99599
199.39020
200.17452
201.30020
201.99953
203.18912
203.88599
205.02195
205.71894
206.89855
207.70438
209.14105
210.03646
211.46469
212.35326
213.79595
214.67397
216.09089
216.93081
218.31128
219.13537
220.51164
221.31013
222.56395
223.35352
224.72443
225.51589
226.77373
227.55267
228.89610
229.74449
231.21830
232.10217
233.58928
234.44183
235.72611
236.49925
237.77893
238.48375
239.44232
239.93673
240.55525
240.95343
241.67497
241.91051
241.96775
242.03688
242.20622
242.10874
241.63525
241.22782
240.33362
239.93721
239.51619
239.27982
238.88964
238.87649
239.19680
239.62424
240.65669
241.40313
242.80858
243.66536
245.12509
246.01733
247.48825
248.33258
249.55717
250.28439
251.45908
252.15481
253.33856
254.05548
255.22584
255.99163
257.20692
257.93595
259.15458
259.79627
260.70620
261.20550
261.96295
262.19732
262.15204
262.15542
262.20096
261.98695
261.22402
260.99370
260.95566
260.99585
261.19964
261.22423
261.08377
261.06154
261.07232
261.15350
261.38267
261.62470
262.17092
262.47254
262.83386
263.33385
264.48826
265.31394
266.79260
267.67960
269.02190
269.82136
271.10911
271.88911
273.07864
273.89112
275.32995
276.22442
277.67496
278.56578
280.04653
280.91984
282.28450
282.96208
283.73406
284.10349
284.43520
284.74999
285.45119
285.69924
285.78221
286.08500
286.97817
287.33014
287.61827
287.81111
288.16191
288.19178
287.97679
287.70358
287.00307
286.54484
285.71690
285.25034
284.48384
284.09484
283.62650
283.17567
282.20859
281.62775
280.62586
280.14732
279.49240
279.33226
279.45974
279.67542
280.22796
280.78368
282.02047
282.65168
283.52835
283.99338
284.62545
285.04188
285.82137
286.06719
286.01339
286.28580
287.09032
287.77024
289.16023
289.94352
291.19086
291.93736
293.19834
293.84447
294.73949
295.07148
295.19041
295.36327
295.82115
295.92457
295.75900
295.97879
296.82159
297.21409
297.71524
298.05568
298.68523
298.93412
299.08186
299.35048
300.04024
300.44428
301.11102
301.61405
302.63334
303.09322
303.52846
303.99598
305.01482
305.66518
306.75811
307.41035
308.44978
309.16354
310.41692
311.17214
312.44692
313.19238
314.40643
315.10578
316.22485
316.87649
317.93484
318.50982
319.29085
319.87278
320.97175
321.65784
322.71817
323.35396
324.34720
324.73568
324.94234
325.16470
325.68028
325.67930
325.22392
324.79581
323.76621
323.33490
322.97559
322.62567
321.89142
321.40087
320.42615
320.08413
319.97424
319.80217
319.45163
319.10152
318.34159
317.89361
317.17003
316.93726
316.98024
316.72951
315.90981
315.57055
315.29653
315.03158
314.45797
314.27452
314.21831
314.15238
313.99522
313.99402
314.17579
314.17559
314.05816
313.83946
313.28229
312.75902
311.64547
310.97661
309.84660
309.18889
308.10677
307.66470
307.37024
307.13146
306.71729
306.41028
305.81861
305.31660
304.26349
303.74192
303.10323
302.67855
301.92448
301.42366
300.49739
300.01390
299.37270
298.99725
298.43741
298.25606
298.22791
298.42025
299.05412
299.60989
300.79166
301.47111
302.54117
303.27454
304.63327
305.28351
305.96958
306.45893
307.35071
307.91000
308.86555
309.54566
310.75818
311.41633
312.41417
312.96736
313.77446
314.24008
314.83566
315.21876
315.88883
316.22650
316.72718
316.83744
316.70735
316.63602
316.52577
316.33129
315.82916
315.41366
314.53590
314.02460
313.18884
312.68200
311.81710
311.34148
310.61532
310.19857
309.60855
309.10183
308.07065
307.61613
307.19755
306.88949
306.32023
306.02901
305.63992
305.36406
304.88224
304.59484
304.12286
303.82626
303.31497
302.97790
302.39456
301.94261
301.05150
300.36257
299.02790
298.30055
297.31123
296.69357
295.72622
294.97449
293.55609
292.76961
291.67987
291.13308
290.55874
290.19906
289.57717
289.44004
289.56355
289.85324
290.65860
291.31984
292.67874
293.41209
294.40574
295.13134
296.47552
297.20975
298.29109
298.99617
300.26967
300.92142
301.78711
302.34620
303.36857
303.83769
304.30033
304.77746
305.84794
306.47780
307.55281
308.23304
309.43913
310.14484
311.32152
311.81576
312.27399
312.49356
312.73805
312.89372
313.16716
313.23773
313.14324
313.32686
313.98238
314.44189
315.36187
315.87123
316.66382
317.15201
317.96000
318.55559
319.71829
320.45647
321.75867
322.52781
323.77659
324.61728
326.03445
326.87609
328.24794
329.13182
330.62962
331.52537
333.01681
333.91225
335.34863
336.20456
337.59294
338.48630
339.95202
340.82388
342.24550
343.10150
344.52479
345.41059
346.86956
347.67521
348.79061
349.55901
350.86361
351.56023
352.59504
353.05850
353.49501
353.81325
354.42391
354.68225
354.89466
355.20697
355.99045
356.42469
357.05720
357.61551
358.75958
359.42370
360.44147
360.84891
361.10512
361.29161
361.63572
361.64269
361.29420
361.16449
361.02827
360.93731
360.78192
360.63022
360.28500
360.14126
359.97929
359.89783
359.79168
359.77670
359.87333
359.65666
358.89064
358.32188
357.17882
356.48981
355.31985
354.63746
353.53666
352.86828
351.73458
351.24351
350.79802
350.43210
349.71428
349.32901
348.71429
348.40621
347.99114
347.62211
346.78025
346.30364
345.56154
345.01356
344.01550
343.51057
342.87466
342.31001
341.18194
340.46993
339.35642
338.66428
337.48359
336.77661
335.59187
334.84926
333.56042
332.79917
331.54516
330.78670
329.62868
328.94776
327.88027
327.11621
325.71040
324.85879
323.41819
322.57530
321.27712
320.40886
318.98521
318.12639
316.79692
315.98737
314.60892
313.86466
312.79921
312.31253
311.83163
311.68670
311.70465
311.84355
312.34628
312.55523
312.80167
312.89926
312.98472
312.92133
312.58200
312.54013
312.70001
312.96343
313.64850
314.13479
315.07574
315.65278
316.64131
317.23615
318.23696
318.80261
319.67409
320.31607
321.55180
322.27160
323.46622
324.06673
324.86874
325.33060
326.06036
326.51416
327.28771
327.78261
328.67327
329.09705
329.66083
329.84857
329.91577
329.85077
329.53044
329.44566
329.52594
329.32025
328.63326
328.27169
327.72352
327.39541
326.85722
326.46473
325.67505
325.41482
325.40063
325.36704
325.28223
325.45120
326.09038
326.34811
326.57683
326.81837
327.42437
327.57350
327.49570
327.42266
327.25644
327.00654
326.29672
326.10715
326.23359
326.03182
325.28894
324.86018
324.14920
323.62604
322.65114
322.05924
321.01870
320.61442
320.36407
320.20322
319.99366
319.71671
319.00896
318.78466
318.74042
318.79897
319.03933
319.26749
319.76431
320.31983
321.58453
322.32493
323.55460
324.18052
324.95744
325.45670
326.31398
326.87420
327.88326
328.49037
329.51297
330.16391
331.30843
331.99370
333.14018
333.78056
334.76148
335.36579
336.38831
337.02240
338.01538
338.52862
339.23146
339.75142
340.76650
341.27550
341.92208
342.33833
343.06613
343.59774
344.62332
345.23662
346.25952
346.89388
347.94110
348.69778
350.08649
350.93642
352.38875
353.26298
354.72731
355.62041
357.03407
357.77943
358.68921
359.26434
360.25113
360.73420
361.28518
361.57867
361.89840
362.37311
363.53156
364.21947
365.39024
365.98418
366.73762
367.23846
368.12698
368.64401
369.45779
370.08847
371.31754
372.09213
373.40952
374.16850
375.34268
376.04185
377.11273
377.83303
379.13326
379.90898
381.20425
382.01821
383.44485
384.30150
385.75412
386.53269
387.52906
388.29174
389.72994
390.45445
391.31913
391.77579
392.27732
392.69864
393.44228
394.11658
395.49001
396.26673
397.45607
397.98818
398.43246
398.72825
399.10500
399.62523
400.81620
401.63356
403.04788
403.92333
405.40594
406.28337
407.67558
408.48884
409.74238
410.55857
411.89991
412.60238
413.45904
414.20124
415.60853
416.47402
417.87368
418.69045
420.00972
420.71139
421.65912
422.19347
422.95287
423.46096
424.21849
424.85608
426.12641
426.91366
428.31484
428.99742
429.73285
430.21386
431.05325
431.43834
431.86197
432.12702
432.54743
432.69503
432.74940
432.85689
433.03373
433.43745
434.50584
435.21525
436.54895
437.21604
437.98724
438.64486
439.92532
440.68177
441.97903
442.55558
443.09416
443.27906
443.20656
443.39691
444.02588
444.47871
445.32806
445.96765
447.22182
447.96177
449.19270
449.93821
451.19844
451.85756
452.65808
453.33632
454.63708
455.50497
456.99608
457.88560
459.31803
460.21379
461.65881
462.44688
463.50278
464.19128
465.38362
466.19076
467.62986
468.43294
469.60047
470.06157
471.14784
471.84485
473.06535
473.81324
475.09180
475.87528
477.20804
477.92394
478.92013
479.44622
480.13229
480.55329
481.29964
481.47338
481.21848
481.18392
481.22215
481.27031
481.41524
481.48731
481.59626
481.64610
481.68889
481.85146
482.37971
482.42393
482.01420
481.95519
482.18411
482.06846
481.55347
481.20787
480.60863
480.10337
479.01936
478.46887
477.66170
477.42250
477.55339
477.53078
477.47541
477.34223
477.03479
476.64192
475.71658
475.03972
473.70266
473.07178
472.41965
471.98488
471.27950
470.84906
470.15205
469.71982
468.96799
468.65937
468.42342
468.36344
468.49396
468.42795
468.12760
467.90732
467.44755
467.31164
467.33955
467.31240
467.22379
467.09629
466.70849
466.57769
466.54675
466.54505
466.61448
466.69087
466.88466
466.96059
467.03920
467.09413
467.19323
467.25400
467.33411
467.46971
467.77276
467.95812
468.28916
468.47378
468.81010
468.90062
468.83455
468.76818
468.62804
468.43134
467.96377
467.53472
466.61468
466.22677
465.89101
465.73742
465.62059
465.66443
465.91862
466.23349
466.98344
467.45789
468.28015
468.61215
469.53524
470.12287
471.08982
471.72371
472.85470
473.60242
474.94881
475.74182
476.94987
477.70934
478.93195
479.68212
480.81202
481.63563
483.11914
483.98314
485.38182
486.23152
487.65539
488.54550
489.99811
490.88333
492.35118
493.23193
494.68756
495.55630
497.01042
497.80283
498.90436
499.63564
500.94384
501.61907
502.50032
503.10010
504.19750
504.72243
505.30957
505.73825
506.52219
507.03259
507.95300
508.30201
508.45485
508.58243
508.79193
508.97617
509.34463
509.56036
509.95358
510.07473
510.15369
510.07878
509.74770
509.51059
508.98258
508.86506
509.06799
508.91079
508.30171
507.80483
506.72437
506.15107
505.24096
504.92638
504.82791
504.79538
504.89590
504.81899
504.56543
504.18413
503.16598
502.63781
501.84534
501.37145
500.59267
500.10933
499.36102
498.75858
497.56863
496.92332
496.07758
495.44731
494.29970
493.50479
492.10065
491.22129
489.79267
488.90958
487.58481
486.77020
485.41907
484.59759
483.21099
482.41193
481.14328
480.38948
479.14201
478.38701
477.10218
476.45489
475.67972
475.33065
475.00713
474.85125
474.66266
474.69820
475.04242
475.22071
475.50041
475.80346
476.50316
476.87504
477.45666
477.78404
478.26106
478.65496
479.42085
479.99650
481.06431
481.70279
482.62580
483.29480
484.55207
485.12115
485.66462
485.94671
486.25005
486.46347
486.82627
487.09090
487.62060
487.90748
488.27666
488.72033
489.72271
490.38651
491.57659
492.13784
492.67243
493.15882
494.16567
494.63161
495.20747
495.42817
495.51706
495.67274
496.03739
496.28644
496.73323
497.10715
497.85631
498.40585
499.45284
500.11384
501.25991
501.89502
502.81310
503.49050
504.71974
505.45205
506.67264
507.31655
508.15408
508.76666
509.90111
510.63034
511.91573
512.72305
514.09208
514.95018
516.28403
517.09408
518.44662
519.27640
520.71334
521.46823
522.43177
523.07124
524.06220
524.64400
525.52140
525.97617
526.63958
527.04580
527.77026
527.97499
527.86917
527.90996
528.05878
528.14786
528.28027
528.55293
529.33753
529.75870
530.43649
530.85990
531.52853
532.02454
532.96883
533.42530
533.93675
534.51513
535.78997
536.58977
537.83907
538.66860
540.06824
540.90593
542.27866
543.12495
544.47203
545.32783
546.77479
547.64751
549.08979
549.91646
551.21014
551.99304
553.30096
554.08694
555.39903
556.17030
557.42589
558.19782
559.52124
560.24217
561.22401
561.99830
563.44379
564.31039
565.76632
566.63179
567.99285
568.79552
569.96451
570.52252
571.13519
571.33116
571.25007
571.32097
571.57534
571.60794
571.47782
571.38176
571.11790
571.03840
571.06550
570.91124
570.39163
570.21373
570.16353
569.88083
569.06976
568.70166
568.26741
568.00030
567.49539
567.47849
567.91767
568.27069
569.03638
569.45296
570.08801
570.44584
570.97873
571.30869
571.81952
572.26145
573.23453
573.65935
574.09582
574.28754
574.35263
574.63716
575.45067
575.94435
576.81619
577.32038
578.13111
578.58337
579.20853
579.78501
581.02324
581.66100
582.47757
583.01112
583.98193
584.31369
584.36459
584.52833
584.91334
585.21062
585.80430
586.19898
586.91505
587.38208
588.17001
588.79801
589.98391
590.67855
591.82970
592.45668
593.35316
593.95370
594.98311
595.71303
597.09046
597.78509
598.64768
598.98871
599.19943
599.14128
598.69710
598.44628
598.06601
597.74026
597.05475
596.65824
596.05651
595.65396
594.89442
594.62853
594.63136
594.38866
593.71238
593.31435
592.64426
592.39776
592.29672
592.22791
592.18497
591.98973
591.38296
591.02887
590.40942
590.12903
589.84349
589.53840
588.86021
588.51520
588.11305
587.65299
586.58818
585.96876
584.98264
584.23499
582.83092
581.99114
580.59132
579.75946
578.57870
577.73616
576.29511
575.41211
573.98179
573.10405
571.63441
570.74138
569.25100
568.35786
566.86688
565.96991
564.48003
563.62088
562.34924
561.76535
561.20138
561.06546
561.33096
561.34430
561.17591
561.18687
561.42405
561.27249
560.63961
560.07989
558.91150
558.15427
556.87751
556.10998
554.83915
554.05141
552.71483
551.98920
550.94497
550.45629
549.93946
