 0.10000	 88.44296265	 26.18203545	 40.05344391	 87.79452515	 27.51311874	 40.29265976	           0	           2
 0.10000	 87.25914764	 28.22425079	 40.42123413	 86.14085388	 29.20922661	 40.58798599	          -1	           3
 0.10000	 85.43499756	 29.73391533	 40.77293015	 84.19850159	 30.47018433	 41.19347382	          -2	           4
 0.10000	 83.53542328	 30.87169456	 41.64725494	 82.63690186	 31.41551018	 42.71679688	          -3	           5
 0.10000	 82.03443146	 31.77047920	 43.27963257	 80.95466614	 32.40370941	 44.10386276	          -4	           6
 0.10000	 80.25272369	 32.71509552	 44.56837845	 78.98102570	 33.10796356	 45.25734711	          -5	           7
 0.10000	 78.28587341	 33.37813187	 45.75664902	 77.26236725	 33.82186127	 46.75771713	          -6	           8
 0.10000	 76.61260986	 34.30649948	 47.14351654	 75.58658600	 35.37795258	 47.35773087	          -7	           9
 0.10000	 75.03546143	 36.07241821	 47.49880981	 74.29380798	 37.35674667	 47.71586990	          -8	          10
 0.10000	 73.63970947	 37.96979523	 47.76397705	 72.31108856	 38.66019440	 47.69617844	          -9	          11
 0.10000	 71.51618958	 39.07538223	 47.66064072	 70.14120483	 39.67038345	 47.61646271	         -10	          12
 0.10000	 69.46556854	 40.24063873	 47.46028900	 68.69291687	 41.45253372	 47.03482437	         -11	          13
 0.10000	 68.23383331	 42.12269592	 46.65268326	 67.59828949	 43.18228531	 45.80420685	         -12	          14
 0.10000	 67.00064087	 43.62643051	 45.30294037	 65.75298309	 43.98839951	 44.55557251	         -13	          15
 0.10000	 65.05058289	 44.11440277	 44.01186752	 63.96577454	 44.14233780	 42.97838974	         -14	          16
 0.10000	 63.26450348	 44.04524994	 42.42773438	 62.05331802	 43.67188644	 41.62841415	         -15	          17
 0.10000	 61.30457306	 43.51757431	 41.15964127	 60.01150894	 43.32073212	 40.42861176	         -16	          18
 0.10000	 59.30309677	 43.40726471	 39.88560104	 58.30702972	 43.88355255	 38.87268448	         -17	          19
 0.10000	 57.70233154	 44.16855240	 38.27532959	 56.70368576	 44.67825317	 37.28160858	         -18	          20
 0.10000	 56.10321426	 44.98210526	 36.68935013	 55.09407425	 45.50306702	 35.71203232	         -19	          21
 0.10000	 54.50394821	 45.75939178	 35.08719254	 53.56093216	 46.03950500	 33.95667267	         -20	          22
 0.10000	 52.95688248	 46.44761658	 33.43314362	 51.98128510	 47.45021057	 32.89525986	         -21	          23
 0.10000	 51.43505859	 48.09983063	 32.60331345	 50.57228470	 49.27534103	 32.25651169	         -22	          24
 0.10000	 50.23402023	 50.00372314	 31.85511780	 50.05961990	 51.14901733	 30.90398979	         -23	          25
 0.10000	 49.80123138	 51.90213776	 30.48922539	 49.15098190	 53.17290115	 30.03218269	         -24	          26
 0.10000	 48.92920303	 54.03206635	 29.89698792	 48.81924820	 55.52653122	 29.92216301	         -25	          27
 0.10000	 48.85081100	 56.41156006	 30.06629753	 49.08179855	 57.81352615	 30.54263878	         -26	          28
 0.10000	 49.29098511	 58.64313507	 30.81228828	 49.77335739	 59.97191238	 31.30973625	         -27	          29
 0.10000	 50.06641006	 60.81781387	 31.37025261	 50.51576614	 62.21082687	 31.04843330	         -28	          30
 0.10000	 50.90093231	 63.01805496	 30.97681236	 51.67646027	 64.29965210	 31.02173233	         -29	          31
 0.10000	 52.30973434	 64.93508148	 30.99987793	 53.58485413	 65.71617126	 30.89998436	         -30	          32
 0.10000	 54.40119171	 66.08667755	 30.86256027	 55.84891510	 66.46680450	 30.78768158	         -31	          33
 0.10000	 56.66249084	 66.80191803	 30.96332932	 57.85657120	 67.48014832	 31.56325531	         -32	          34
 0.10000	 58.47863007	 67.83313751	 32.10466385	 59.27943802	 68.30867004	 33.27846146	         -33	          35
 0.10000	 59.76078796	 68.57313538	 33.98709106	 60.53110504	 68.98134613	 35.20549774	         -34	          36
 0.10000	 61.03909683	 69.13834381	 35.92697525	 61.94136047	 69.25172424	 37.11751175	         -35	          37
 0.10000	 62.53992844	 69.29306030	 37.78328323	 63.63465118	 69.28965759	 38.80600357	         -36	          38
 0.10000	 64.30285645	 69.35352325	 39.40015411	 65.45158386	 69.54912567	 40.34209824	         -37	          39
 0.10000	 66.08113861	 69.80604553	 40.92723846	 67.02238464	 70.44882202	 41.90041733	         -38	          40
 0.10000	 67.44548798	 70.95061493	 42.51293182	 67.91847992	 71.94769287	 43.52746964	         -39	          41
 0.10000	 67.92325592	 72.61006165	 44.13450623	 67.36599731	 73.66514587	 45.04235077	         -40	          42
 0.10000	 67.29720306	 74.44046783	 45.49158096	 67.61933899	 75.81260681	 46.00292206	         -41	          43
 0.10000	 67.57257080	 76.68078613	 46.22993469	 67.15963745	 78.11714172	 46.34850311	         -42	          44
 0.10000	 66.92082977	 78.91647339	 46.68220520	 66.55216980	 80.07184601	 47.56362915	         -43	          45
 0.10000	 66.19820404	 80.58154297	 48.21311188	 65.49293518	 81.02372742	 49.45987701	         -44	          46
 0.10000	 64.88393402	 81.26184845	 50.07550812	 63.60888672	 81.48351288	 50.83183670	         -45	          47
 0.10000	 62.92662430	 81.83791351	 51.29509354	 61.94152069	 82.72035217	 51.99999619	         -46	          48
 0.10000	 61.43503571	 83.31334686	 52.44322968	 60.76011658	 84.41530609	 53.20172119	         -47	          49
 0.10000	 60.33854294	 85.08824158	 53.61811447	 59.62893295	 86.24017334	 54.26177979	         -48	          50
 0.10000	 59.18366241	 86.93779755	 54.60697174	 58.43729782	 88.14146423	 55.09633255	         -49	          51
 0.10000	 57.83391190	 88.67681122	 55.48888016	 56.65131760	 89.18802643	 56.25419617	         -50	          52
 0.10000	 55.96051025	 89.54335785	 56.70245361	 54.81222916	 90.15959930	 57.44194794	         -51	          53
 0.10000	 54.17366028	 90.58420563	 57.90687561	 53.18474197	 91.37758636	 58.70552063	         -52	          54
 0.10000	 52.66393661	 91.88719940	 59.22829056	 51.92380905	 92.79514313	 60.16263199	         -53	          55
 0.10000	 51.50794983	 93.28370667	 60.78919983	 50.85250473	 93.99470520	 61.93387222	         -54	          56
 0.10000	 50.64502335	 94.48439026	 62.65626907	 50.62236404	 95.36201477	 63.87066269	         -55	          57
 0.10000	 50.67061996	 95.87091064	 64.60778809	 50.87440872	 96.70106506	 65.83869934	         -56	          58
 0.10000	 51.05689240	 97.14541626	 66.59664917	 51.49104691	 97.82861328	 67.85801697	         -57	          59
 0.10000	 51.65598679	 98.02356720	 68.71858978	 51.72898865	 97.90785980	 70.21118927	         -58	          60
 0.10000	 51.92391586	 98.04857635	 71.07617950	 52.45503616	 98.59774780	 72.36569977	         -59	          61
 0.10000	 52.78319168	 98.76316071	 73.18459320	 53.35873795	 98.80506134	 74.56775665	         -60	          62
 0.10000	 53.70968246	 98.76229095	 75.39244080	 54.33419037	 98.59571075	 76.74459839	         -61	          63
 0.10000	 54.56139755	 98.25614929	 77.54370880	 54.63622284	 97.33567047	 78.72403717	         -62	          64
 0.10000	 54.82975769	 96.80027771	 79.41737366	 55.35062408	 95.92028809	 80.51283264	         -63	          65
 0.10000	 55.65630341	 95.31996155	 81.10521698	 56.15524292	 94.22611237	 81.99976349	         -64	          66
 0.10000	 56.51476288	 93.48747253	 82.36063385	 57.21806335	 92.18794250	 82.61049652	         -65	          67
 0.10000	 57.46505737	 91.36546326	 82.87032318	 57.57472610	 89.98538208	 83.44387054	         -66	          68
 0.10000	 57.69507980	 89.13593292	 83.70565033	 57.93311691	 87.68486023	 83.99398804	         -67	          69
 0.10000	 58.19849014	 86.89134216	 84.31738281	 58.83927155	 85.76136017	 85.06447601	         -68	          70
 0.10000	 59.15733719	 85.04422760	 85.49949646	 59.59496689	 83.80348969	 86.21702576	         -69	          71
 0.10000	 59.87744522	 83.10497284	 86.70419312	 60.38640976	 81.99083710	 87.56769562	         -70	          72
 0.10000	 60.62770844	 81.52688599	 88.29714966	 60.87740707	 81.18980408	 89.73596191	         -71	          73
 0.10000	 61.08054733	 80.95167542	 90.57682037	 61.48031235	 80.55447388	 91.96533203	         -72	          74
 0.10000	 61.75543976	 80.28682709	 92.77588654	 62.26938629	 79.80666351	 94.09893036	         -73	          75
 0.10000	 62.65054321	 79.44405365	 94.82504272	 63.40230179	 78.72891998	 95.90599823	         -74	          76
 0.10000	 63.81779099	 78.27179718	 96.55583191	 64.46038818	 77.45989990	 97.63873291	         -75	          77
 0.10000	 64.83176422	 76.96147919	 98.28507996	 65.41551208	 76.12009430	 99.37904358	         -76	          78
 0.10000	 65.76150513	 75.50331116	 99.93106842	 66.29500580	 74.29432678	100.63798523	         -77	          79
 0.10000	 66.74507141	 73.66674042	101.09494781	 67.66793060	 72.78281403	101.87815094	         -78	          80
 0.10000	 68.36550903	 72.43339539	102.32209778	 69.70502472	 72.21326447	102.95748138	         -79	          81
 0.10000	 70.50810242	 72.09243774	103.34024811	 71.86286926	 72.01757050	103.97741699	         -80	          82
 0.10000	 72.61714935	 71.68044281	104.32936096	 73.62915039	 70.66689301	104.77149963	         -81	          83
 0.10000	 74.33044434	 70.28438568	105.18126678	 75.53428650	 70.01676178	106.03295135	         -82	          84
 0.10000	 76.25607300	 69.82492065	106.53023529	 77.45414734	 69.49015808	107.36577606	         -83	          85
 0.10000	 78.21189117	 69.39739227	107.83682251	 79.53385162	 69.44322205	108.54096985	         -84	          86
 0.10000	 80.24434662	 69.32898712	109.07624817	 81.26375580	 68.95545197	110.10905457	         -85	          87
 0.10000	 81.83768463	 68.61946106	110.71095276	 82.70251465	 67.86791992	111.67669678	         -86	          88
 0.10000	 83.23254395	 67.42642212	112.25030518	 84.08766937	 66.70607758	113.24822998	         -87	          89
 0.10000	 84.74335480	 66.21293640	113.61179352	 85.97729492	 65.37855530	113.77625275	         -88	          90
 0.10000	 86.67842102	 64.82789612	113.87743378	 87.77449036	 63.81410980	114.00690460	         -89	          91
 0.10000	 88.50125122	 63.29196167	114.07267761	 89.80570984	 62.55728912	114.14057922	         -90	          92
 0.10000	 90.55374908	 62.10761642	114.34912109	 91.71073914	 61.38096619	114.96506500	         -91	          93
 0.10000	 92.39876556	 60.90567780	115.29061127	 93.52919769	 60.06849289	115.80783081	         -92	          94
 0.10000	 94.16314697	 59.45833206	115.98511505	 95.10827637	 58.29671478	116.04552460	         -93	          95
 0.10000	 95.66385651	 57.59338379	116.09361267	 96.56373596	 56.39778137	116.17921448	         -94	          96
 0.10000	 97.14013672	 55.71062088	116.21774292	 98.16955566	 54.62188721	116.26056671	         -95	          97
 0.10000	 98.73513031	 53.92572784	116.30349731	 99.58824158	 52.69639206	116.39402008	         -96	          98
 0.10000	100.14382935	 52.01515579	116.57995605	101.11126709	 50.99342346	117.09792328	         -97	          99
 0.10000	101.76393127	 50.45280838	117.39820862	102.94757080	 49.67634583	117.89337158	         -98	         100
 0.10000	103.75290680	 49.30020142	118.03222656	105.18292999	 48.84808731	118.01325226	         -99	           0
