 0.10000	141.13940430	 95.64137268	149.83056641	141.26100159	 97.11856842	150.06053162	           0	           2
 0.10000	141.64300537	 97.88623810	149.78814697	142.67979431	 98.22620392	148.75921631	          -1	           3
 0.10000	142.85183716	 98.91553497	148.20732117	142.26786804	100.20354462	147.70803833	          -2	           4
 0.10000	141.75950623	100.93412018	147.83819580	140.89053345	101.68221283	148.80488586	          -3	           5
 0.10000	140.13522339	101.90657043	149.23898315	138.74513245	101.58706665	149.70317078	          -4	           6
 0.10000	137.98962402	102.00849152	149.95031738	137.47297668	103.40749359	150.10974121	          -5	           7
 0.10000	136.73538208	103.91785431	150.17890930	135.24899292	104.11746216	150.17781067	          -6	           8
 0.10000	134.35472107	104.02443695	150.15631104	133.02082825	103.33910370	150.13504028	          -7	           9
 0.10000	132.16172791	103.29833221	149.87211609	130.96997070	103.80320740	149.11462402	          -8	          10
 0.10000	130.22116089	104.03507996	148.67446899	128.94729614	104.42342377	147.98524475	          -9	          11
 0.10000	128.32586670	104.53295135	147.34458923	127.64610291	104.36391449	146.01847839	         -10	          12
 0.10000	127.26688385	104.72806549	145.28828430	127.04972076	105.96688080	144.47113037	         -11	          13
 0.10000	126.39818573	106.37838745	144.00671387	124.93202209	106.24512482	143.72004700	         -12	          14
 0.10000	124.15303802	106.45786285	143.32377625	123.09243774	107.01972961	142.42442322	         -13	          15
 0.10000	122.68301392	107.71669769	142.02934265	122.76464081	109.17829895	141.70292664	         -14	          16
 0.10000	122.24240112	109.91010284	141.73925781	120.90599060	110.37968445	142.23223877	         -15	          17
 0.10000	120.09934998	110.69441223	142.47634888	118.79216766	111.26200867	142.94407654	         -16	          18
 0.10000	117.90960693	111.09128571	142.90773010	116.91168213	110.11554718	142.35856628	         -17	          19
 0.10000	116.49706268	109.41119385	141.98274231	116.38921356	108.05952454	141.34194946	         -18	          20
 0.10000	116.09411621	107.42569733	140.77589417	115.49205017	106.64038086	139.64878845	         -19	          21
 0.10000	114.80906677	106.64721680	139.06324768	113.62591553	107.46737671	138.64245605	         -20	          22
 0.10000	112.95574188	108.03273773	138.44157410	112.07579041	109.23380280	138.26118469	         -21	          23
 0.10000	111.30896759	109.67931366	138.41250610	109.92893219	109.72800446	138.99768066	         -22	          24
 0.10000	109.31479645	110.09548950	139.54270935	108.84747314	111.02417755	140.62362671	         -23	          25
 0.10000	108.66120911	111.58216095	141.30378723	108.65741730	112.55776978	142.44265747	         -24	          26
 0.10000	108.54432678	112.97801971	143.22959900	108.25852966	113.50794983	144.60316467	         -25	          27
 0.10000	108.01069641	113.30258942	145.44335938	107.73562622	112.21562958	146.43955994	         -26	          28
 0.10000	107.15599823	111.57712555	146.69602966	106.01288605	110.72702789	146.22680664	         -27	          29
 0.10000	105.11452484	110.69217682	146.25946045	103.91852570	111.51618195	146.63311768	         -28	          30
 0.10000	103.23042297	111.95439911	147.01109314	102.27907562	112.68880463	147.90768433	         -29	          31
 0.10000	101.75465393	113.17576599	148.45127869	100.91952515	113.98874664	149.39440918	         -30	          32
 0.10000	100.69557953	114.69205475	149.90705872	100.83759308	116.05657959	150.51197815	         -31	          33
 0.10000	100.94259644	116.80847931	150.99241638	101.24376678	117.96230316	151.90112305	         -32	          34
 0.10000	101.37388611	118.59429932	152.52648926	101.40515137	119.46674347	153.74566650	         -33	          35
 0.10000	101.80454254	120.06190491	154.28862000	102.89569092	121.00279236	154.70462036	         -34	          36
 0.10000	103.71590424	121.28802490	154.93826294	105.19632721	121.12341309	155.11152649	         -35	          37
 0.10000	106.01796722	121.37796783	155.37274170	107.08988190	122.23573303	155.97567749	         -36	          38
 0.10000	107.75012970	122.72161102	156.34396362	108.82190704	123.54529572	156.99288940	         -37	          39
 0.10000	109.45936584	124.04592896	157.38186646	110.60176086	124.75059509	158.05070496	         -38	          40
 0.10000	110.92608643	125.54365540	158.32437134	110.75835419	127.03321075	158.37513733	         -39	          41
 0.10000	110.32712555	127.81201935	158.50469971	109.18883514	128.76420593	158.72140503	         -40	          42
 0.10000	108.33104706	128.80035400	158.98971558	107.24324036	127.87639618	159.45046997	         -41	          43
 0.10000	106.50319672	127.45307922	159.73701477	105.32575989	126.77653503	160.37359619	         -42	          44
 0.10000	104.47181702	126.56276703	160.18869019	103.47161102	126.56490326	159.07116699	         -43	          45
 0.10000	102.92390442	127.05113220	158.54858398	102.52796173	128.43710327	158.13404846	         -44	          46
 0.10000	102.28197479	129.23707581	157.80488586	102.04835510	130.60140991	157.22793579	         -45	          47
 0.10000	101.58134460	131.28726196	156.88070679	100.34165192	132.05607605	156.53204346	         -46	          48
 0.10000	 99.90966797	132.42787170	155.83589172	 99.93742371	132.56767273	154.34294128	         -47	          49
 0.10000	 99.90520477	132.81076050	153.47787476	 99.91409302	133.38418579	152.09248352	         -48	          50
 0.10000	 99.85947418	133.72592163	151.26277161	 99.81154633	134.38815308	149.91812134	         -49	          51
 0.10000	 99.32466888	134.46467590	149.16554260	 98.06181335	133.99472046	148.50700378	         -50	          52
 0.10000	 97.34627533	133.85900879	147.97935486	 96.18494415	133.90084839	147.03146362	         -51	          53
 0.10000	 95.60027313	133.49987793	146.47805786	 95.07190704	132.28395081	145.77713013	         -52	          54
 0.10000	 94.59563446	131.68289185	145.30821228	 93.64645386	130.84248352	144.50758362	         -53	          55
 0.10000	 93.06261444	130.33544922	144.04966736	 91.99354553	129.53828430	143.36399841	         -54	          56
 0.10000	 91.58398438	128.92195129	142.85356140	 91.34539795	127.66665649	142.06837463	         -55	          57
 0.10000	 91.28919983	127.37832642	141.21829224	 91.42961884	127.86949921	139.80842590	         -56	          58
 0.10000	 91.58283234	128.08981323	138.95060730	 92.01810455	128.50219727	137.57649231	         -57	          59
 0.10000	 92.11302948	128.68434143	136.70204163	 92.00328827	128.87654114	135.21946716	         -58	          60
 0.10000	 91.98900604	128.96640015	134.32597351	 92.06575012	129.11184692	132.83581543	         -59	          61
 0.10000	 91.90443420	129.01315308	131.95727539	 91.22988129	128.53799438	130.70532227	         -60	          62
 0.10000	 91.23971558	128.35140991	129.82627869	 91.89703369	128.24021912	128.48323059	         -61	          63
 0.10000	 92.29094696	128.11503601	127.68549347	 93.04434967	127.81758118	126.42387390	         -62	          64
 0.10000	 93.42629242	127.73091888	125.61510468	 93.90316772	127.78638458	124.19462585	         -63	          65
 0.10000	 94.35362244	127.59735870	123.43997955	 95.35627747	126.92253876	122.55214691	         -64	          66
 0.10000	 95.65045929	126.71137238	121.72889709	 95.52013397	126.73168182	120.23506927	         -65	          67
 0.10000	 95.52835846	126.69181824	119.33677673	 95.54952240	126.69884491	117.83725739	         -66	          68
 0.10000	 95.69301605	126.34765625	117.02172089	 96.19011688	125.32488251	116.04394531	         -67	          69
 0.10000	 96.17440796	124.57939148	115.54100800	 95.66736603	123.27920532	114.99172974	         -68	          70
 0.10000	 95.36149597	122.43705750	114.91314697	 94.79734802	121.09357452	115.26829529	         -69	          71
 0.10000	 94.58492279	120.23949432	115.45413208	 94.39366913	118.76123047	115.62047577	         -70	          72
 0.10000	 94.45976257	118.10814667	116.23584747	 94.90593719	118.00238037	117.66387177	         -71	          73
 0.10000	 94.88398743	117.41141510	118.34195709	 94.44360352	116.04315186	118.77020264	         -72	          74
 0.10000	 94.04898071	115.30615997	119.10218048	 93.08069611	114.31668091	119.67903137	         -73	          75
 0.10000	 92.79944611	113.47036743	119.79743958	 92.97869110	112.00524902	119.53133392	         -74	          76
 0.10000	 92.76091003	111.13249969	119.54141998	 92.06775665	109.84796906	119.88645172	         -75	          77
 0.10000	 91.44922638	109.23291016	119.66613770	 90.33831024	108.85330200	118.73274994	         -76	          78
 0.10000	 89.72303009	108.41907501	118.24084473	 88.76539612	107.46546936	117.59049988	         -77	          79
 0.10000	 88.45135498	107.06410980	116.84909058	 88.59116364	106.84671783	115.37170410	         -78	          80
 0.10000	 88.35643768	106.63910675	114.52851105	 87.69345856	106.26371765	113.23661804	         -79	          81
 0.10000	 86.93884277	106.09913635	112.77522278	 85.44091034	106.04402924	112.72481537	         -80	          82
 0.10000	 84.58807373	105.88162231	112.96009827	 83.47830200	105.45768738	113.87551117	         -81	          83
 0.10000	 82.70070648	105.32469177	114.30760956	 81.31688690	105.13460541	114.85387421	         -82	          84
 0.10000	 80.62042236	105.55870056	115.23422241	 80.26608276	106.94228363	115.69216919	         -83	          85
 0.10000	 79.50662231	107.37464905	115.90625000	 78.02967072	107.12190247	115.97066498	         -84	          86
 0.10000	 77.13887024	107.24549866	115.97867584	 75.70333862	107.66893768	115.88537598	         -85	          87
 0.10000	 74.96662903	108.18139648	115.83432007	 74.11188507	109.40991211	115.74419403	         -86	          88
 0.10000	 73.49520111	110.06301880	115.74034882	 72.36692047	111.04635620	115.82606506	         -87	          89
 0.10000	 71.69307709	111.63968658	115.85263824	 70.62023926	112.68606567	115.89338684	         -88	          90
 0.10000	 69.77837372	112.99748230	115.85178375	 68.29648590	112.85173798	115.67709351	         -89	          91
 0.10000	 67.41346741	113.00370026	115.61203766	 66.02615356	113.56262970	115.50928497	         -90	          92
 0.10000	 65.17719269	113.80630493	115.67327118	 63.85216141	114.07062531	116.32289886	         -91	          93
 0.10000	 63.01942825	114.22937775	116.62030029	 61.58967209	114.45672607	117.01004791	         -92	          94
 0.10000	 60.74117661	114.65435791	117.23125458	 59.32777023	115.11856079	117.42015076	         -93	          95
 0.10000	 58.65739822	115.25448608	118.00439453	 58.31262207	115.05455017	119.45029449	         -94	          96
 0.10000	 57.77878571	115.41070557	120.08092499	 56.92269516	116.58056641	120.46569061	         -95	          97
 0.10000	 56.12148285	116.95005798	120.28952026	 54.97507095	116.74438477	119.34452057	         -96	          98
 0.10000	 54.27025223	116.84817505	118.79497528	 53.06574249	117.18849945	117.96847534	         -97	          99
 0.10000	 52.84342575	117.53520966	117.16847229	 53.50731659	118.24947357	116.02873993	         -98	         100
 0.10000	 53.74149704	118.13513184	115.16750336	 53.82586670	117.15415955	114.03605652	         -99	         101
 0.10000	 53.97705078	116.37126923	113.61941528	 54.38452148	114.93877411	113.44140625	        -100	         102
 0.10000	 54.26774216	114.13273621	113.82357788	 53.62001419	113.52993774	115.03458405	        -101	         103
 0.10000	 53.15007401	113.17890167	115.71638489	 52.23218536	112.73964691	116.81788635	        -102	         104
 0.10000	 51.55561447	112.71527863	117.40941620	 50.32655334	113.12365723	118.16516876	        -103	         105
 0.10000	 49.58095551	113.21631622	118.65856171	 48.32610703	113.20204163	119.47928619	        -104	         106
 0.10000	 47.61368942	113.11566162	120.02082825	 46.60412979	112.71243286	121.05390930	        -105	         107
 0.10000	 45.77159882	112.85756683	121.36225128	 44.52123260	113.66626740	121.18334198	        -106	         108
 0.10000	 43.69454193	114.01121521	121.10077667	 42.24124527	114.36643219	120.99469757	        -107	         109
 0.10000	 41.55010605	114.73603821	120.55296326	 40.95798492	115.50495911	119.40948486	        -108	         110
 0.10000	 40.67920303	115.68622589	118.57356262	 40.56583786	115.49947357	117.08980560	        -109	         111
 0.10000	 40.31123734	115.34531403	116.24086761	 39.74878311	115.04244232	114.88386536	        -110	         112
 0.10000	 39.14801407	114.55991364	114.41935730	 37.99016190	113.62204742	114.59133148	        -111	         113
 0.10000	 37.63011551	112.82800293	114.36875153	 37.90378571	111.47345734	113.78542328	        -112	         114
 0.10000	 37.50703430	110.86352539	113.25592804	 36.26998520	110.66069031	112.43231201	        -113	         115
 0.10000	 35.71958923	110.30162811	111.81784058	 35.22549438	109.42478180	110.70587158	        -114	         116
 0.10000	 34.58818817	109.23590088	110.09951019	 33.23262405	109.56714630	109.54959869	        -115	         117
 0.10000	 32.69828796	109.59550476	108.82618713	 32.49681473	109.44301605	107.34777832	        -116	         118
 0.10000	 32.30787277	109.33209991	106.47532654	 32.00404739	109.26416016	105.00818634	        -117	         119
 0.10000	 31.83725548	108.65876770	104.36389160	 31.73583031	107.17792511	104.14934540	        -118	         120
 0.10000	 31.57709312	106.29294586	104.12985992	 31.21194458	104.88529968	104.49575806	        -119	         121
 0.10000	 30.97218895	104.01961517	104.53145599	 30.53392982	102.59007263	104.41932678	        -120	         122
 0.10000	 30.28377724	101.80285645	104.06478882	 29.94720650	100.69843292	103.10809326	        -121	         123
 0.10000	 29.71479416	100.33296204	102.32050323	 29.35929871	100.39014435	100.86499786	        -122	         124
 0.10000	 29.18223190	100.32387543	 99.98648834	 28.96931267	100.16434479	 98.51101685	        -123	         125
 0.10000	 28.78924561	100.06311035	 97.63642120	 28.36927795	 99.81032562	 96.21932220	        -124	         126
 0.10000	 28.29615021	 99.94008636	 95.33258057	 28.62606239	100.52855682	 93.99313354	        -125	         127
 0.10000	 28.28085709	101.03192902	 93.33226013	 27.06916618	101.85515594	 93.01068878	        -126	         128
 0.10000	 26.48220253	102.26959229	 92.46977234	 25.74141502	102.66661835	 91.22774506	        -127	         129
 0.10000	 25.43396950	103.14485931	 90.53119659	 25.18546295	104.25166321	 89.55051422	        -128	         130
 0.10000	 25.24582291	104.76641846	 88.81597900	 25.72845650	105.31042480	 87.50471497	        -129	         131
 0.10000	 25.97383499	105.71709442	 86.74182129	 26.36477852	106.48227692	 85.51306152	        -130	         132
 0.10000	 26.58823395	106.89273834	 84.74509430	 27.02137375	107.55433655	 83.47090149	        -131	         133
 0.10000	 26.94598770	107.74063110	 82.59413910	 26.18756485	107.49496460	 81.32375336	        -132	         134
 0.10000	 26.18601608	107.82240295	 80.48567963	 26.82704163	108.93281555	 79.70733643	        -133	         135
 0.10000	 27.35933113	109.20381165	 79.03436279	 28.37303543	109.02537537	 77.94338226	        -134	         136
 0.10000	 28.96857643	108.59682465	 77.42261505	 29.68138123	107.33948517	 77.02190399	        -135	         137
 0.10000	 30.32255554	106.88410187	 76.58466339	 31.60533714	106.65567017	 75.84161377	        -136	         138
 0.10000	 32.00220108	106.59740448	 75.03608704	 31.77761650	106.69745636	 73.55648041	        -137	         139
 0.10000	 31.92214203	106.95539093	 72.70682526	 32.54623795	107.66670227	 71.54314423	        -138	         140
 0.10000	 32.52381134	108.17391968	 70.80053711	 31.87722969	109.03978729	 69.76051331	        -139	         141
 0.10000	 31.52960968	109.56182861	 69.11582947	 30.88604736	110.33052063	 68.00034332	        -140	         142
 0.10000	 30.66909790	111.08534241	 67.56166840	 30.56643105	112.57266998	 67.39842987	        -141	         143
 0.10000	 30.84694290	113.40512848	 67.20414734	 31.74449348	114.55117798	 66.84272766	        -142	         144
 0.10000	 32.57573700	114.88035583	 66.74106598	 34.03134537	114.52376556	 66.68045044	        -143	         145
 0.10000	 34.82238770	114.64377594	 67.09194183	 35.54182053	115.12875366	 68.31533051	        -144	         146
 0.10000	 35.85949707	115.61986542	 68.99862671	 36.01132584	116.68062592	 70.04776764	        -145	         147
 0.10000	 36.12049484	117.45564270	 70.49059296	 36.21471786	118.91082001	 70.84036255	        -146	         148
 0.10000	 36.44054413	119.75340271	 71.05858612	 37.02133560	121.10702515	 71.34037781	        -147	         149
 0.10000	 37.55248260	121.79319763	 71.57705688	 38.66252899	122.58736420	 72.19874573	        -148	         150
 0.10000	 39.36754608	123.11254883	 72.00736237	 40.10786819	123.76300812	 70.87669373	        -149	         151
 0.10000	 40.82627106	123.82387543	 70.33843994	 42.06090927	123.22489929	 69.73311615	        -150	         152
 0.10000	 42.93460846	123.16682434	 69.52659607	 44.37945557	123.56896973	 69.53874207	        -151	         153
 0.10000	 45.27058411	123.45623779	 69.58898926	 46.62402344	122.89439392	 69.90846252	        -152	         154
 0.10000	 47.18831635	122.22651672	 69.69664764	 47.34141922	121.01063538	 68.83211517	        -153	         155
 0.10000	 47.21280670	120.21549225	 68.43268585	 46.50788498	118.96549225	 67.99814606	        -154	         156
 0.10000	 46.12129593	118.25231171	 67.61164856	 45.48130417	117.16016388	 66.80835724	        -155	         157
 0.10000	 45.05873489	116.51557159	 66.34712219	 44.20647430	115.51129913	 65.63117981	        -156	         158
 0.10000	 44.04651642	114.82330322	 65.07611847	 44.34459305	113.71594238	 64.11062622	        -157	         159
 0.10000	 44.72274780	113.16014099	 63.51519775	 45.71367264	112.51055145	 62.59703064	        -158	         160
 0.10000	 46.27456284	112.12760925	 62.00988388	 47.15948868	111.47360992	 60.99203491	        -159	         161
 0.10000	 47.83352661	111.35350037	 60.41104507	 49.07339478	111.61739349	 59.61104965	        -160	         162
 0.10000	 49.75995636	111.82062531	 59.06929779	 50.79283142	112.29865265	 58.09371185	        -161	         163
 0.10000	 51.45358658	112.58604431	 57.55724716	 52.60497284	113.17864990	 56.80141449	        -162	         164
 0.10000	 53.23756409	113.18545532	 56.16248322	 54.11325073	112.65351105	 55.06731796	        -163	         165
 0.10000	 54.18403244	112.21879578	 54.28287888	 53.46620941	111.57424164	 53.13443375	        -164	         166
 0.10000	 53.08018112	110.83988190	 52.78626633	 52.67181778	109.40694427	 52.95805740	        -165	         167
 0.10000	 52.10624695	108.76471710	 53.23598480	 50.84511566	108.37058258	 53.94583130	        -166	         168
 0.10000	 50.40509796	107.86461639	 54.54581833	 50.31450272	106.90351105	 55.69369888	        -167	         169
 0.10000	 50.24759674	106.17884827	 56.22250366	 50.25668335	104.79231262	 56.79403305	        -168	         170
 0.10000	 50.14550018	103.97669983	 57.15694809	 49.76814270	102.59107971	 57.58964920	        -169	         171
 0.10000	 49.63603592	102.06745911	 58.30938339	 49.67039108	102.17521667	 59.80504990	        -170	         172
 0.10000	 49.52580643	101.64975739	 60.52108765	 49.11951447	100.23431396	 60.80582428	        -171	         173
 0.10000	 49.00268936	 99.70478821	 61.52393341	 49.09314728	 99.68726349	 63.02100372	        -172	         174
 0.10000	 49.09660721	 99.55923462	 63.91157150	 49.22924423	 99.23455811	 65.36988068	        -173	         175
 0.10000	 48.75744629	 99.28350067	 66.13461304	 47.46438217	 99.87755585	 66.60880280	        -174	         176
 0.10000	 46.66027832	 99.63972473	 66.93507385	 45.67990112	 98.53999329	 67.21643829	        -175	         177
 0.10000	 45.46525574	 97.66617584	 67.21472168	 45.93567276	 96.28032684	 66.88673401	        -176	         178
 0.10000	 46.18293762	 95.43898010	 66.68662262	 46.63357544	 94.07581329	 66.25343323	        -177	         179
 0.10000	 47.07629776	 93.29658508	 66.17780304	 48.13373566	 92.25854492	 66.40910339	        -178	         180
 0.10000	 48.36874390	 91.39603424	 66.31085205	 47.97277451	 90.02064514	 65.86341858	        -179	         181
 0.10000	 47.97124100	 89.17759705	 65.55218506	 48.20753860	 87.82603455	 64.94795990	        -180	         182
 0.10000	 48.46217346	 87.05017090	 64.57389832	 49.08254623	 85.82085419	 63.98128891	        -181	         183
 0.10000	 49.50815582	 85.24803925	 63.43598938	 50.27622986	 84.66258240	 62.28950119	        -182	         184
 0.10000	 50.72016144	 84.26679993	 61.61660004	 51.41109467	 83.55928040	 60.48986435	        -183	         185
 0.10000	 51.93088150	 83.23294067	 59.83350372	 53.00844193	 82.96408081	 58.82600784	        -184	         186
 0.10000	 53.37312317	 82.45393372	 58.18133545	 53.34492111	 81.19197083	 57.37143326	        -185	         187
 0.10000	 53.49169922	 80.69322968	 56.63732910	 53.74241257	 80.33867645	 55.20177460	        -186	         188
 0.10000	 54.32808685	 80.29045105	 54.52067947	 55.70111847	 80.59184265	 53.99806213	        -187	         189
 0.10000	 56.56739044	 80.75368500	 53.81833649	 58.04603195	 80.97827911	 53.92870712	        -188	         190
 0.10000	 58.85085678	 81.35557556	 53.79244995	 59.88900757	 82.31993866	 53.30156326	        -189	         191
 0.10000	 60.59490204	 82.83171082	 53.08184433	 61.78452301	 83.68074036	 52.74594116	        -190	         192
 0.10000	 62.65694809	 83.89681244	 52.77671432	 64.04016876	 83.65889740	 53.30490494	        -191	         193
 0.10000	 64.93273163	 83.67708588	 53.19932175	 66.19847107	 83.88068390	 52.42192459	        -192	         194
 0.10000	 66.98736572	 83.98748016	 52.00608444	 68.31053925	 84.16760254	 51.32510376	        -193	         195
 0.10000	 69.07247925	 84.25845337	 50.85892105	 70.29469299	 84.39981842	 50.00269318	        -194	         196
 0.10000	 70.99705505	 84.39701843	 49.44306564	 72.09335327	 84.34622955	 48.42161942	        -195	         197
 0.10000	 72.69396210	 83.94270325	 47.88823700	 73.34131622	 82.72447205	 47.30029297	        -196	         198
 0.10000	 73.95726013	 82.18744659	 46.92483521	 75.23255157	 81.56896210	 46.43475342	        -197	         199
 0.10000	 75.93184662	 81.39998627	 45.89480209	 76.88005829	 81.64535522	 44.75896072	        -198	         200
 0.10000	 77.33018494	 81.38406372	 44.02505112	 77.54824829	 80.44441223	 42.87648010	        -199	         201
 0.10000	 78.14793396	 79.91203308	 42.46823883	 79.54103851	 79.35662079	 42.48715973	        -200	         202
 0.10000	 80.24924469	 78.81673431	 42.61445999	 81.26192474	 77.83768463	 43.12974930	        -201	         203
 0.10000	 81.37025452	 76.97492218	 43.36075974	 80.48036957	 75.77322388	 43.47807312	        -202	         204
 0.10000	 80.61377716	 74.89092255	 43.59301376	 81.69972229	 73.86350250	 43.71442413	        -203	         205
 0.10000	 82.43962097	 73.36534119	 43.83123016	 83.88246155	 72.99607086	 44.00792313	        -204	         206
 0.10000	 84.53236389	 72.46163940	 44.32631302	 85.02220154	 71.23795319	 45.04187012	        -205	         207
 0.10000	 85.46144104	 70.77447510	 45.67555237	 86.22174835	 70.54182434	 46.94723892	        -206	         208
 0.10000	 86.70267487	 70.32752991	 47.67667007	 87.45240784	 69.82179260	 48.87318802	        -207	         209
 0.10000	 88.14884186	 69.94432831	 49.42947769	 89.34167480	 70.78573608	 49.77397156	        -208	         210
 0.10000	 90.06816864	 71.24404907	 50.04085541	 91.31392670	 71.95280457	 50.48254395	        -209	         211
 0.10000	 91.86978912	 72.62976837	 50.68774796	 92.27696991	 74.03010559	 51.03831100	        -210	         212
 0.10000	 92.74422455	 74.72932434	 50.71813583	 93.44501495	 75.23387146	 49.49171829	        -211	         213
 0.10000	 94.08435059	 75.41467285	 48.88506699	 95.34345245	 75.19232178	 48.10099030	        -212	         214
 0.10000	 96.05791473	 75.60572815	 47.74291229	 96.66954803	 76.94818115	 47.47182465	        -213	         215
 0.10000	 97.38462830	 77.44590759	 47.69641495	 98.53419495	 77.54431152	 48.65468216	        -214	         216
 0.10000	 99.29780579	 77.38602448	 49.10295486	100.48574829	 76.63949585	 49.63282013	        -215	         217
 0.10000	101.24683380	 76.26892090	 49.93660355	102.56861115	 75.80009460	 50.46780014	        -216	         218
 0.10000	103.27587128	 75.24497986	 50.44292068	104.06327057	 74.09340668	 49.89253998	        -217	         219
 0.10000	104.41861725	 73.45797729	 49.36470413	104.68294525	 72.59571075	 48.16661835	        -218	         220
 0.10000	104.81143951	 72.00430298	 47.50175858	104.86424255	 70.92256165	 46.46447372	        -219	         221
 0.10000	105.11402893	 70.35736084	 45.81096268	105.97591400	 69.65330505	 44.80559921	        -220	         222
 0.10000	105.97285461	 69.10106659	 44.09534073	105.09286499	 68.35430145	 43.13744354	        -221	         223
 0.10000	104.83802795	 67.69815063	 42.57722855	104.65785980	 66.43555450	 41.78796768	        -222	         224
 0.10000	105.00037384	 65.66303253	 41.47902679	106.18911743	 64.74970245	 41.43153381	        -223	         225
 0.10000	106.81893158	 64.11273193	 41.34925079	107.92309570	 63.10308075	 41.24420547	        -224	         226
 0.10000	108.12010193	 62.24307632	 41.06752396	107.55966949	 60.90537262	 40.68537521	        -225	         227
 0.10000	107.21270752	 60.09856415	 40.49016953	106.56861877	 58.80328751	 40.09389496	        -226	         228
 0.10000	105.94321442	 58.19252014	 40.30697632	104.87247467	 57.79849243	 41.28050995	        -227	         229
 0.10000	104.19026947	 57.63699722	 41.84414673	103.04777527	 57.61287308	 42.81547546	        -228	         230
 0.10000	102.33702087	 57.64178467	 43.36628723	101.04450226	 57.89091873	 44.08526230	        -229	         231
 0.10000	100.66386414	 57.70643234	 44.87944794	101.08382416	 57.06372452	 46.16797638	        -230	         232
 0.10000	100.85595703	 56.51313400	 46.84216309	 99.79715729	 55.63103104	 47.43418884	        -231	         233
 0.10000	 99.75518036	 54.81756592	 47.81644058	100.60514069	 53.59743118	 48.01269531	        -232	         234
 0.10000	101.21788025	 53.11717987	 48.46388245	102.31672668	 52.97161484	 49.47431183	        -233	         235
 0.10000	102.89023590	 53.03504181	 50.16459274	103.57415009	 53.44386292	 51.43533707	        -234	         236
 0.10000	104.15653229	 53.86252975	 51.97866440	105.10401154	 54.93460464	 52.42893219	        -235	         237
 0.10000	105.98410034	 55.02552414	 52.59279633	107.26948547	 54.29336166	 52.34471893	        -236	         238
 0.10000	107.83488464	 53.68091965	 52.68364716	108.01554108	 52.65416336	 53.76191711	        -237	         239
 0.10000	107.98062134	 51.98920441	 54.36675262	107.57112885	 50.89551544	 55.30768204	        -238	         240
 0.10000	107.20633698	 50.28539276	 55.85855484	106.38039398	 49.42400360	 56.76675797	        -239	         241
 0.10000	105.84648895	 48.77858353	 57.09450912	105.05937958	 47.50468063	 57.17871475	        -240	         242
 0.10000	104.25725555	 47.14252853	 57.36515808	102.83097076	 47.29654694	 57.80291367	        -241	         243
 0.10000	102.05654907	 47.75469589	 57.80667114	101.27796173	 48.96669388	 57.38888931	        -242	         244
 0.10000	101.08268738	 49.81304550	 57.15419388	101.29901886	 51.25063324	 56.78527832	        -243	         245
 0.10000	101.71423340	 52.01681519	 56.56142426	102.76726532	 53.03844452	 56.24982834	        -244	         246
 0.10000	103.63072205	 53.22996521	 56.08484268	105.02347565	 52.72321701	 55.85455704	        -245	         247
 0.10000	105.82253265	 52.37083435	 56.07031631	106.80469513	 51.67773819	 56.96718597	        -246	         248
 0.10000	107.44574738	 51.24666595	 57.42788696	108.45534515	 50.41896057	 58.16612625	        -247	         249
 0.10000	109.27648926	 50.26117325	 58.49774933	110.68199921	 50.71032333	 58.76591873	        -248	         250
 0.10000	111.55731201	 50.51604080	 58.83495712	112.73376465	 49.59387970	 58.71688843	        -249	         251
 0.10000	113.46565247	 49.07377243	 58.68169403	114.70755768	 48.23548126	 58.63129044	        -250	         252
 0.10000	115.25094604	 47.52111435	 58.66558075	115.70846558	 46.10262299	 58.82514191	        -251	         253
 0.10000	116.09892273	 45.29940033	 58.91487122	116.84074402	 44.00740814	 59.07865143	        -252	         254
 0.10000	117.41165924	 43.31578445	 59.11568832	118.53543854	 42.32542801	 59.06153488	        -253	         255
 0.10000	119.29454803	 41.84628296	 59.07802582	120.68694305	 41.29090118	 59.08556366	        -254	         256
 0.10000	121.46633148	 40.99611282	 59.42174149	122.44595337	 40.62595367	 60.49479675	        -255	         257
 0.10000	123.22024536	 40.60988617	 60.95095825	124.62267303	 40.95670700	 61.35223770	        -256	         258
 0.10000	125.42821503	 41.14965057	 61.70125198	126.73503876	 41.48755646	 62.35433197	        -257	         259
 0.10000	127.38758087	 41.73225403	 62.92247009	128.20448303	 42.31428146	 64.03727722	        -258	         260
 0.10000	128.52069092	 42.19970322	 64.87159729	128.51295471	 41.39165115	 66.13513947	        -259	         261
 0.10000	128.59396362	 40.65730667	 66.64865112	128.67697144	 39.16115952	 66.71525574	        -260	         262
 0.10000	128.98765564	 38.56177902	 67.31025696	129.69807434	 38.58798218	 68.63096619	        -261	         263
 0.10000	130.04510498	 38.29633713	 69.40812683	130.50160217	 37.49341965	 70.58984375	        -262	         264
 0.10000	130.63349915	 37.11010742	 71.39294434	130.64265442	 36.50393295	 72.76485443	        -263	         265
 0.10000	130.43939209	 36.59648895	 73.63637543	129.73414612	 37.35316849	 74.72253418	        -264	         266
 0.10000	129.71310425	 38.13528061	 75.16691589	130.38452148	 39.47595596	 75.13003540	        -265	         267
 0.10000	130.40480042	 40.35697174	 75.31111908	129.89430237	 41.69163132	 75.76652527	        -266	         268
 0.10000	129.64303589	 42.51410294	 76.03009033	129.09304810	 43.85055923	 76.43096924	        -267	         269
 0.10000	129.32301331	 44.64152527	 76.79261780	130.48335266	 45.42855835	 77.32498169	        -268	         270
 0.10000	131.14215088	 45.84769821	 77.77117920	132.25177002	 46.22357559	 78.70729065	        -269	         271
 0.10000	132.83511353	 46.78227234	 79.10250854	133.51452637	 48.07823944	 79.43058014	        -270	         272
 0.10000	133.95469666	 48.85342407	 79.54676056	134.59452820	 50.20959091	 79.53730774	        -271	         273
 0.10000	135.29530334	 50.77257538	 79.55612946	136.76426697	 51.07164383	 79.59100342	        -272	         274
 0.10000	137.56274414	 51.48297882	 79.61650848	138.73402405	 52.41783905	 79.66082764	        -273	         275
 0.10000	139.45433044	 52.95160675	 79.71785736	140.65612793	 53.83234406	 79.88517761	        -274	         276
 0.10000	141.40187073	 54.33433151	 79.89521790	142.75349426	 54.97853470	 79.81008911	        -275	         277
 0.10000	143.16569519	 55.75798798	 79.63216400	142.91947937	 57.19782257	 79.29202271	        -276	         278
 0.10000	142.77717590	 57.94047165	 78.80456543	142.27938843	 58.69422531	 77.60729218	        -277	         279
 0.10000	142.54162598	 59.40771103	 77.12606049	143.67799377	 60.38510513	 77.07515717	        -278	         280
 0.10000	144.33277893	 60.99377823	 76.97853088	145.47000122	 61.96338272	 76.85537720	        -279	         281
 0.10000	146.14675903	 62.54603958	 76.75231934	147.24275208	 63.56200027	 76.62753296	        -280	         282
 0.10000	147.97949219	 63.88821030	 76.22806549	149.04374695	 63.80317307	 75.17489624	        -281	         283
 0.10000	149.73934937	 63.86505127	 74.60869598	150.99507141	 63.99549484	 73.79946136	        -282	         284
 0.10000	151.50152588	 64.26898956	 73.10857391	151.80519104	 65.01573944	 71.84404755	        -283	         285
 0.10000	151.95039368	 65.31342316	 71.00793457	152.16314697	 65.64483643	 69.56081390	        -284	         286
 0.10000	151.83656311	 65.59706879	 68.72389984	150.77133179	 65.01152039	 67.84529114	        -285	         287
 0.10000	150.00198364	 65.06115723	 67.38190460	148.71051025	 65.72209930	 67.00162506	        -286	         288
 0.10000	147.93876648	 66.09587097	 66.73088074	146.71685791	 66.76443481	 66.17473602	        -287	         289
 0.10000	145.91146851	 67.15503693	 66.26220703	144.79989624	 67.68701172	 67.11710358	        -288	         290
 0.10000	143.94934082	 67.82930756	 67.37252808	142.45355225	 67.72677612	 67.40108490	        -289	         291
 0.10000	141.56796265	 67.59725189	 67.48400116	140.11125183	 67.31740570	 67.70388794	        -290	         292
 0.10000	139.37042236	 66.80789185	 67.68504333	138.60749817	 65.54267120	 67.42769623	        -291	         293
 0.10000	138.12191772	 64.80688477	 67.25012207	137.23832703	 63.65273285	 66.88088226	        -292	         294
 0.10000	137.17327881	 62.77642822	 66.68875885	137.92680359	 61.49258804	 66.50665283	        -293	         295
 0.10000	138.08345032	 60.61429977	 66.39104462	138.10612488	 59.12294006	 66.23334503	        -294	         296
 0.10000	137.62403870	 58.37034607	 66.12992096	136.20498657	 57.91145325	 65.97184753	        -295	         297
 0.10000	135.61703491	 57.23313904	 66.02947235	135.14553833	 55.86436844	 66.42115021	        -296	         298
 0.10000	135.21501160	 54.96794891	 66.44635773	135.90817261	 53.68853378	 66.08367920	        -297	         299
 0.10000	136.53411865	 53.05942917	 66.22771454	137.74703979	 52.54059601	 66.93999481	        -298	         300
 0.10000	138.46601868	 52.15190887	 67.31179047	139.67231750	 51.48125839	 67.89601898	        -299	         301
 0.10000	140.36280823	 51.05342865	 68.27659607	141.46617126	 50.30363464	 68.95883942	        -300	         302
 0.10000	142.10084534	 49.80939102	 69.35429382	143.10868835	 48.91524506	 70.00978851	        -301	         303
 0.10000	143.69799805	 48.35034561	 70.38117981	144.61802673	 47.34511948	 71.00467682	        -302	         304
 0.10000	145.21394348	 46.73083496	 71.27500916	146.33255005	 45.75459671	 71.48138428	        -303	         305
 0.10000	146.65695190	 45.00401306	 71.85317230	146.48217773	 43.79608917	 72.72351837	        -304	         306
 0.10000	146.44192505	 43.02785873	 73.18634033	146.38427734	 41.70339584	 73.88557434	        -305	         307
 0.10000	146.34857178	 40.91046524	 74.30458832	146.24391174	 39.58081055	 74.98847198	        -306	         308
 0.10000	146.43011475	 38.83651352	 75.45486450	147.16238403	 37.78924561	 76.23855591	        -307	         309
 0.10000	147.48265076	 37.18669510	 76.82268524	147.90225220	 36.30854797	 77.96315765	        -308	         310
 0.10000	147.97503662	 35.70197296	 78.62233734	147.66136169	 34.65604401	 79.65008545	        -309	         311
 0.10000	147.87318420	 33.97149277	 80.19339752	148.78778076	 33.01659012	 80.90100861	        -310	         312
 0.10000	149.24754333	 32.24353409	 80.90604401	149.73048401	 31.02882385	 80.17083740	        -311	         313
 0.10000	150.01817322	 30.26587486	 79.79125977	150.52461243	 29.01847076	 79.13055420	        -312	         314
 0.10000	150.46925354	 28.17193604	 78.83163452	149.80627441	 26.85069847	 78.57865143	        -313	         315
 0.10000	149.45599365	 26.04087448	 78.40336609	148.85928345	 24.67664719	 78.22342682	        -314	         316
 0.10000	148.66423035	 24.08103371	 77.57784271	148.69174194	 23.76795387	 76.11121368	        -315	           0
