1.49992
2.30045
3.40303
3.61186
2.95435
3.17436
4.22747
4.66238
5.02400
5.32127
5.62463
5.92474
6.21860
7.00795
8.36008
9.20900
10.65097
11.26512
11.28806
12.06802
13.08953
13.56395
13.99669
13.56462
12.09815
11.63477
11.94758
12.54035
13.87091
14.73455
15.88582
16.53058
17.02057
16.83485
15.69711
15.25540
15.08177
14.66271
13.46426
13.51207
14.65095
15.34561
15.32122
15.97966
16.98158
17.68452
18.88864
19.69690
21.05702
21.80957
22.83480
23.48856
24.48481
25.33776
26.53300
27.35404
28.81577
29.38090
29.38440
29.46167
29.25502
29.98550
31.27521
32.07220
32.73300
33.29045
34.20429
34.26014
33.42917
33.25939
33.39757
33.74636
34.76537
35.26705
35.93701
36.30994
36.50419
36.66789
36.82147
37.30986
38.58320
39.32452
40.66403
41.03786
40.65092
40.60572
40.82730
40.45591
39.21210
38.52168
37.65009
37.05453
35.96327
35.73154
36.30125
36.88759
37.63054
37.72988
37.06019
37.15381
38.04155
38.13619
37.60880
37.09543
35.81145
35.61054
36.36948
36.86726
37.90467
38.43953
39.06000
39.38713
39.62934
40.16011
41.49857
41.83567
41.25078
41.71820
43.21178
43.54136
42.62678
42.15163
41.69426
41.35519
40.75881
40.47049
40.14313
39.82013
39.19485
38.57360
37.25583
36.50432
35.81206
35.19454
34.18321
33.49229
32.39245
31.51983
30.12417
29.28485
27.97412
27.36941
27.56538
27.53767
27.54193
27.32460
27.17450
26.68751
25.53501
25.35585
25.75584
26.63387
27.45948
27.87151
27.79380
27.61473
26.52683
25.91224
25.19859
24.81769
24.92299
25.07103
25.46649
25.99546
26.46273
27.33154
28.70188
29.43116
30.52209
30.45258
29.23419
28.78291
29.30389
28.49804
27.11924
26.35228
25.56278
25.04443
24.64415
23.78604
22.69107
22.00990
21.23649
21.24241
22.12816
22.48891
22.66550
22.80415
22.92841
23.11212
23.57016
23.81927
24.44413
24.06640
22.68900
22.24387
22.28307
22.94696
23.96599
24.49730
25.14188
25.23706
24.59762
24.86324
25.99900
26.87506
28.29104
28.83576
28.80847
29.07112
29.72149
30.23425
31.42664
31.45576
30.28209
30.07885
30.53835
30.75836
31.21047
31.20374
30.73797
30.51980
30.33212
29.88930
29.37987
28.74572
27.35582
26.56745
25.29970
24.55017
23.50017
22.66063
21.27790
20.65638
19.89343
19.48250
18.81837
18.90187
19.74279
20.39927
21.58871
22.40939
22.66911
23.20230
24.15303
24.46256
24.29813
24.36543
24.66393
24.72183
24.57511
25.03676
26.15566
26.92817
27.49882
27.63204
27.14488
27.22180
27.93030
27.52146
26.11229
25.26436
23.89942
23.53859
23.96677
24.47589
25.78594
26.30840
26.83721
26.55055
25.27644
24.58924
23.57715
22.81769
21.45863
20.63634
20.13528
19.79933
20.03100
19.59132
18.44455
18.15012
18.89542
19.24528
19.65864
19.86473
20.00740
20.39859
21.35300
21.98087
22.96438
23.81948
24.57224
25.29222
26.71605
27.26618
27.25130
27.92743
29.29623
30.06366
31.21374
31.95851
33.11440
33.25473
32.19632
31.79609
31.30276
31.41646
32.29428
32.64197
32.76051
33.44422
34.48533
34.62411
33.76859
33.55623
33.83621
33.31926
31.85778
31.06299
30.35892
29.92355
29.27550
29.09391
29.18411
29.17682
29.14426
29.06738
28.88136
28.97093
29.08747
29.88025
31.26248
31.64567
30.99064
30.60115
30.33189
30.64505
31.74467
32.28343
32.70905
32.88745
33.02694
32.87632
32.21050
31.89976
31.35766
31.55210
32.50073
32.79055
32.79611
32.78412
32.81987
32.36777
31.12103
30.35557
29.01208
28.64669
29.10760
29.56149
30.37213
30.49692
29.94523
29.73539
29.25619
29.70960
31.07731
31.87454
33.19589
33.95700
35.09212
35.76207
36.97478
37.04109
35.83390
35.99613
37.30779
38.16250
39.02251
39.49838
39.35752
40.11650
41.46652
42.36378
43.81788
44.68328
46.09682
46.95903
48.37217
48.99979
48.64824
48.91010
49.81839
50.36743
51.31095
52.00358
53.26406
54.07536
55.32814
55.91422
56.36230
56.70328
57.31904
57.36477
56.98025
56.43044
55.09502
54.57600
54.80946
55.07863
55.76582
55.33654
54.02151
53.13471
51.98762
51.30358
50.26377
49.63905
48.74226
48.07665
47.76132
47.76895
48.31644
48.61181
49.06917
49.37214
49.94205
50.16249
50.29353
50.49354
50.64511
51.40474
52.70803
53.13555
52.88877
52.51268
51.53482
51.17637
51.11662
51.05823
50.89706
51.19050
52.12296
52.90371
54.24684
54.92535
55.74006
56.36441
57.12623
57.88673
59.20493
59.95190
59.89587
59.48765
58.23563
57.35667
56.25446
55.72731
54.62961
53.95564
52.88364
52.24707
52.03877
51.91003
51.75568
51.09256
49.67664
48.98166
49.39315
49.76040
50.05299
50.78909
51.86329
52.10324
51.46566
51.14574
50.56426
50.29927
50.26070
49.55982
48.06878
47.45791
47.62398
47.78716
48.21548
48.47500
48.90090
49.21788
49.92161
49.81918
49.17361
48.89616
48.41509
48.65008
49.87216
50.34220
50.58949
50.79534
50.90564
51.15848
51.70866
52.36079
53.71845
54.57613
55.42552
55.80424
55.83743
56.41077
57.42538
58.07768
59.24330
59.55477
59.08764
59.38193
60.40232
61.06955
62.36848
62.70924
62.05912
62.19905
63.05143
63.70057
64.97277
65.83793
67.33250
67.90533
67.54784
68.04791
69.52024
69.68821
68.58425
68.43404
68.37170
67.66515
66.25087
65.37026
63.90224
63.04603
61.81568
61.13209
60.47471
59.77569
58.64145
58.63733
59.82657
60.17233
60.18502
60.31996
60.52630
60.51878
60.26089
60.17092
60.08713
60.09467
60.06308
60.23774
60.17424
60.75283
62.25230
62.85078
62.66257
63.36292
64.71411
65.54867
66.96776
67.22898
66.27774
65.94103
65.89571
65.80516
65.74960
66.27788
67.54229
68.16985
68.10004
67.77356
67.01341
66.88296
67.47379
67.23779
65.98088
65.57988
65.68892
65.22551
63.80115
63.56515
64.44832
65.16196
66.18700
66.65490
67.03210
66.95013
66.10040
66.29473
67.49696
68.13631
68.86865
69.40974
69.89326
70.23641
70.81376
71.08593
71.38418
71.69269
72.35985
72.88020
73.85473
74.43181
74.49310
74.60525
74.72463
74.77419
74.78302
74.80885
74.77439
75.07115
75.81411
76.08201
76.23521
76.25777
76.35839
75.75434
74.32434
73.45576
72.48500
71.86190
70.83082
70.49666
70.38314
70.76563
71.94363
72.72701
74.14866
74.44573
73.59169
72.88413
71.43778
70.60229
69.67742
69.39705
69.99826
69.52874
68.15320
67.35877
67.08449
66.94208
66.22530
65.55912
64.65460
63.76681
63.21742
63.38669
64.53959
64.83055
64.63811
64.37674
63.66302
63.16059
62.21653
61.62304
60.63530
60.00270
59.68407
58.90618
57.45544
56.80860
56.58321
56.40837
56.05670
56.39164
57.43141
58.12907
59.31832
60.18597
61.41471
61.50281
60.44570
60.18876
60.18458
60.61949
61.39287
62.10833
63.52461
64.36026
65.72995
66.56935
67.62907
68.45963
69.38452
70.08354
71.28845
72.12068
73.30717
74.01574
75.12812
75.60729
76.19281
75.92673
74.68737
73.90930
72.51646
71.69711
70.63690
70.08462
68.94745
68.20023
68.46288
67.94529
66.86249
66.44584
66.39208
66.04074
65.01211
65.27037
66.71495
67.55199
68.94258
69.79933
71.24785
72.08183
73.41249
74.01414
74.25527
75.10653
76.20683
77.08298
78.42491
79.26155
80.67701
81.48924
82.61288
83.47135
83.84132
84.30483
84.74631
85.04459
85.56559
85.64867
85.35874
85.21434
85.08359
84.70114
84.00457
83.82299
84.96148
85.40058
85.68137
85.76236
85.87602
85.31102
83.97342
83.19397
81.84249
81.63788
82.71073
83.19622
83.75811
83.87831
83.66225
83.54378
83.35045
83.25740
83.77735
83.51716
82.57765
81.84167
81.17168
80.49593
79.27399
78.52542
77.33881
76.60536
76.27679
76.04230
75.94890
75.99625
76.27384
76.54030
77.22818
77.34662
77.06389
76.80463
76.24886
75.61550
74.24404
73.51616
72.44701
72.02537
72.11878
72.10427
72.16707
71.99374
71.48742
70.97203
69.93427
69.34721
68.97160
68.17788
66.84059
66.49615
67.29743
67.63645
67.55580
68.16453
69.41997
70.31496
71.73003
72.37733
72.87676
72.97107
72.66331
72.60095
72.69215
72.95878
73.74513
74.26158
74.98365
75.72272
76.95287
77.71995
78.04880
78.48442
79.26475
80.05008
81.53232
82.42436
83.87338
84.63494
85.33102
85.44695
84.86278
85.04872
85.98508
86.63924
87.83637
88.50659
89.43574
90.25119
91.74148
92.62100
94.04054
94.74704
95.42836
96.01651
96.62216
96.95512
97.17433
97.30771
97.45912
97.37175
97.06026
96.47351
95.18025
94.35772
93.45277
92.67589
92.00674
91.23456
90.08775
89.41154
89.67912
89.31128
88.51426
88.01809
87.30180
86.50379
85.08194
84.30138
83.33256
83.26544
84.24382
84.20510
83.30198
82.68610
81.47194
80.72841
79.53894
79.01024
78.83218
78.51843
77.70176
77.70582
78.62939
78.62456
77.84859
77.18876
75.83806
75.06109
73.79853
73.08673
72.00734
71.38251
70.34796
70.09567
70.31542
70.80131
72.19173
72.42693
71.56561
71.34944
71.22125
71.48143
72.18931
72.93266
74.12336
74.96567
76.37477
77.18872
78.11784
78.50031
78.85957
78.52323
77.27747
76.39784
75.02024
74.26605
73.71059
73.30549
72.62509
72.41764
72.33701
72.88555
74.08924
74.59603
74.35618
74.70469
75.79207
76.44280
77.55817
78.23455
79.12880
79.84138
81.26302
81.80002
81.94872
81.69865
80.80561
79.97508
78.87735
78.48279
79.11890
78.52487
77.12604
76.36192
76.01099
76.26945
77.39423
78.04675
78.12234
78.74222
80.00412
80.53425
80.51870
79.99836
78.56016
78.05398
78.12494
78.48950
79.57975
79.96347
79.94956
79.34200
77.85624
77.08222
76.64803
76.20463
75.30004
75.16201
75.52758
76.32835
77.64561
78.25291
78.42256
79.24165
80.26189
80.94648
82.07598
82.48857
82.59118
82.86242
83.78266
83.54092
82.23215
81.55892
81.34350
81.10004
80.63588
80.67382
81.40542
81.27541
80.30230
79.55944
78.17180
77.29579
76.11021
75.85994
76.58975
77.24316
77.99757
78.51488
79.53545
79.41934
78.16371
77.79007
78.32689
78.44198
78.45325
78.62865
79.17720
79.42266
79.60651
79.71230
79.75976
80.11472
81.24803
81.46359
80.92225
80.97170
81.53070
81.84193
82.41010
82.66765
83.03867
82.93747
82.38930
81.64129
80.16918
79.37509
78.73379
78.07579
77.02812
76.17159
74.92546
74.19621
73.92744
74.34404
75.76966
76.59440
78.06007
78.40410
77.46994
77.67262
78.88849
79.57503
80.67398
81.51997
82.84912
83.56731
84.55648
84.91794
84.81293
85.31532
86.32759
86.98976
87.96772
88.84327
89.36313
90.03365
91.37057
92.24964
93.67553
94.50238
95.25338
95.83681
96.78012
97.30677
98.07247
98.58006
99.41950
100.14263
101.29685
102.10749
102.20232
102.28855
102.07225
102.14110
102.53232
102.36081
101.80560
100.97927
99.87292
99.02356
97.58100
96.73751
95.38078
94.92530
95.48941
95.82533
96.50128
97.20408
98.36930
99.25932
100.66479
101.46538
102.66332
103.21830
103.40923
103.77423
104.66582
104.82969
104.44745
104.35143
104.48736
104.28727
103.68126
103.50618
103.36673
103.83454
105.11611
105.86371
107.06206
107.78355
108.83429
109.60713
109.91337
110.15846
110.32554
110.77911
111.90517
112.61675
113.92662
113.96264
112.69150
112.30504
112.48625
111.95864
110.53892
109.74001
108.97296
108.12877
107.65366
107.14414
106.24479
105.64824
104.67638
103.99614
102.87649
102.24674
101.50009
100.68858
99.63400
99.02009
98.29063
97.69217
97.45206
97.53488
98.20933
98.68775
99.54173
100.33055
101.71447
102.30053
101.95697
102.33347
103.34983
103.94897
104.87960
105.46166
106.39624
107.17192
108.56343
109.31153
109.58317
109.70230
109.55696
109.72027
110.12308
110.96136
112.07904
112.87456
112.80320
113.29954
114.43355
115.29884
115.75745
116.21027
116.96325
117.51050
118.56153
119.12017
119.66849
120.04341
120.69191
120.97953
121.32261
121.29957
120.79550
120.82605
121.51487
121.31245
120.19270
119.55026
118.40530
117.88635
117.35586
117.36695
117.88243
118.48093
119.53017
120.25850
121.50045
122.33798
123.79213
124.39854
124.04453
123.93326
123.85403
123.59913
122.99293
122.58902
121.98141
121.73818
121.69376
121.77430
122.06275
122.50317
123.63762
124.05002
124.08279
124.60384
125.97972
126.14421
125.10986
124.67644
124.20839
123.84393
123.41247
123.64812
124.62016
125.20336
126.04351
125.95611
124.85474
124.27721
123.29957
122.76385
121.97852
121.59149
121.43389
120.93493
119.70175
119.11791
119.14074
119.35767
120.02808
120.43537
121.12378
121.62051
122.56487
123.05728
123.75419
124.06721
124.31941
124.68031
125.50471
126.18226
127.43225
127.91642
127.67632
128.36665
129.73539
130.59121
131.99349
132.57366
132.04824
132.63574
133.82397
134.70982
135.54517
136.33607
137.61613
138.34602
138.23749
138.63752
139.75199
140.27957
141.13166
140.90999
139.54918
138.88578
137.95629
137.37800
136.44888
135.76869
134.63271
133.93498
133.34434
132.92890
132.29019
131.86184
131.04874
130.70521
130.25049
130.55204
131.62983
132.51387
133.58886
134.09195
133.70396
133.85163
134.28251
134.88486
135.57707
136.06942
136.84331
137.41373
138.14123
138.71247
139.75822
140.47980
141.54174
142.12609
142.97499
143.39069
143.91039
144.11382
144.04789
144.59089
145.96602
146.51671
146.71670
147.36746
148.60770
149.48368
150.56903
150.65881
149.70070
149.05143
147.84949
146.96576
145.97346
145.23802
143.75276
143.22525
143.30062
144.04430
145.40404
146.01325
146.09341
146.51890
147.60031
148.14961
148.76387
149.43626
149.96802
150.16384
150.01259
150.24569
151.26510
151.05476
149.68727
148.93771
148.51315
147.88823
147.06874
146.47093
145.31532
145.11346
145.92833
145.54896
144.15026
143.37931
142.05472
141.87769
142.80809
143.53712
145.01153
145.40654
144.74546
144.30531
143.27173
142.99591
143.17278
143.42888
143.66754
144.29827
145.64550
146.48624
147.50444
148.39172
149.09452
149.87880
151.31302
152.12503
153.11988
153.61889
154.08991
154.04237
153.49080
152.93008
151.85998
151.50830
151.45804
151.80591
152.83763
153.05284
152.65166
152.44290
152.10041
151.62240
150.45492
150.20825
150.84693
150.48525
149.06479
148.72696
149.47875
149.74229
150.11521
150.20029
150.04264
150.14479
150.43305
151.12324
152.52514
153.36105
154.38047
154.18885
152.80403
151.93427
150.44661
149.68529
149.07567
148.44311
147.14770
146.52977
145.85327
145.59758
145.75071
145.78589
145.96318
145.66876
144.63597
144.25377
144.61552
144.34617
143.28790
143.27902
144.27212
144.90781
146.10727
146.76764
147.90677
147.89829
146.71729
146.24737
145.88637
145.41950
145.03945
144.30420
143.14046
142.59652
142.11574
141.83621
141.45379
141.16522
140.59345
140.30245
139.85235
139.89464
140.55244
140.62868
140.26164
140.17925
140.19531
140.18370
140.19428
139.98206
139.42612
138.69580
137.33126
137.01703
136.48179
136.81982
138.01571
138.72299
139.08341
138.89043
137.71834
136.90038
136.42503
136.12108
135.64297
135.84840
136.78058
137.56976
138.65977
139.21811
139.66086
139.88057
140.04687
140.30235
140.78983
141.54700
142.98595
143.85443
145.27648
146.08891
147.15239
147.77958
148.34063
148.77424
149.15694
149.24612
148.81307
149.18336
150.50970
150.93859
150.49917
150.84050
152.06747
152.58626
153.19694
153.15307
152.18260
152.56277
154.02859
154.77934
155.31575
156.16679
157.45802
157.99873
157.79623
157.73192
157.63767
157.15979
155.86719
155.04207
153.63150
152.91522
152.73726
152.99603
154.07536
154.77417
156.09850
156.67291
156.94122
157.62247
159.09968
159.94608
160.81541
161.50691
162.10057
162.22575
161.84760
161.78577
162.09331
161.62768
160.43212
159.74838
159.09030
158.23739
157.23890
156.66550
156.18548
155.32216
154.17218
154.22539
155.58569
156.17403
156.87074
157.30507
157.99726
158.41714
158.82594
159.13894
159.60772
160.06041
160.26454
160.84523
162.06926
162.83145
164.11992
164.74795
165.39586
165.68944
165.86516
166.43935
167.74483
168.56512
169.00147
169.50193
170.54742
171.21355
172.28718
172.53685
172.36845
171.61276
170.36947
169.49546
168.68199
167.97841
166.86799
166.14426
164.94474
164.55024
164.60042
165.07090
166.37319
167.01037
167.86390
167.93714
167.87661
168.02258
168.81966
168.72773
167.81951
167.32448
166.53727
166.69390
167.87340
167.99574
167.13456
166.56354
165.53463
164.79543
164.46225
163.59780
162.63216
162.07170
161.49430
161.07212
160.31651
159.83337
158.84490
158.86849
159.89114
160.46784
161.46874
162.13124
163.17107
163.77730
164.45195
165.13515
166.45598
166.98697
167.24061
166.93836
165.86075
165.51830
165.54619
165.74734
166.49480
166.64636
166.71293
165.95566
164.68950
163.81063
162.70592
162.11766
162.19510
162.27692
162.54589
163.11240
164.51519
165.07041
164.91125
165.16647
166.02407
166.26751
166.20593
166.00993
165.33463
165.50723
166.41355
167.31169
168.27645
169.03430
170.44983
170.81614
170.37292
169.61581
168.55235
167.84540
166.78477
166.03845
164.91033
164.44982
164.20112
164.01872
163.59562
163.86837
164.95857
165.68505
166.97011
167.72912
168.85557
169.43680
170.20583
170.43100
170.08094
170.58899
171.89624
172.70466
174.06201
174.92739
176.37833
177.06736
177.58276
178.08988
178.92591
179.70885
181.17509
182.06302
183.55953
184.38914
185.52616
186.06285
186.38810
187.03756
187.98426
188.17070
187.56148
187.44779
187.54958
187.58017
187.76087
187.36339
186.16839
185.95576
186.63806
187.18062
188.35242
189.18319
190.67304
191.46670
192.11500
192.91319
194.13875
194.91842
196.32987
196.56092
195.56044
195.07238
194.11664
194.16876
195.26231
195.65438
195.75144
195.72999
195.48619
195.23842
194.86248
194.07258
192.71510
192.34526
193.03494
192.96570
192.32333
192.01661
192.00424
192.31723
193.14422
194.01578
194.94541
195.49863
196.24893
196.51358
196.48292
196.87598
198.05960
198.54728
198.99266
199.23708
199.54167
199.57916
199.49148
199.02088
197.75958
197.03452
196.64008
195.90903
194.54522
193.84989
193.26775
192.71606
191.64521
191.00671
190.47531
190.01798
189.29043
188.47778
187.01098
186.11496
184.72667
183.94469
183.86463
183.11033
181.76792
180.88054
179.73968
178.94983
177.51402
177.05895
177.57006
177.80305
178.52923
178.06812
176.62744
175.79330
174.40019
174.08102
174.86324
174.87898
174.21997
174.32874
175.36239
175.32878
174.32635
173.57924
172.13104
171.36719
170.94946
170.09697
168.90398
168.04676
167.23780
166.65853
165.81762
165.64227
166.01096
166.09326
166.12082
166.08493
165.74379
166.16820
167.45309
168.16876
168.33787
168.40842
168.33657
167.96228
167.00555
166.63687
166.27796
166.42746
167.23632
167.44938
167.55006
167.08037
165.72187
165.18300
164.98430
164.43469
163.21560
162.45933
161.22382
160.96509
161.58723
161.75825
161.85343
161.88432
161.90151
161.73820
161.09201
161.07191
161.62679
161.90841
162.26993
162.75209
163.70609
164.15733
164.48148
165.21501
166.55336
167.22425
167.16195
167.78015
169.17726
169.97398
170.48439
171.20778
172.68226
173.17339
172.40844
172.88414
174.22532
174.98437
176.05831
176.74803
177.65270
178.54388
179.14188
179.30646
178.84730
178.51205
178.05089
177.18608
176.11563
175.36888
174.61321
174.51944
175.13221
175.32409
175.51635
175.40209
174.60995
174.93872
176.25714
177.13514
178.47985
179.11575
179.04490
179.04533
178.86135
178.84223
178.97173
178.93289
178.71440
178.50806
178.19562
177.55768
176.30584
175.98130
176.58655
176.29830
174.99613
174.76435
175.39703
175.95600
177.10636
177.67575
178.56994
178.48314
177.37609
176.76166
175.94242
175.06210
174.13021
173.44695
172.20576
171.91064
172.55153
172.25208
171.13648
170.51887
170.09591
169.79041
169.84535
169.75534
169.49000
169.54266
169.97824
170.19807
170.57866
170.61464
170.23831
170.45256
171.57620
171.39255
169.94445
169.64742
170.39411
170.17332
169.03663
168.39678
167.42531
166.76792
166.60754
166.59451
166.89438
167.20140
167.79921
167.96811
168.02735
167.73841
166.93177
166.74646
166.90636
167.29981
168.37466
169.00625
170.37220
170.76681
170.16607
170.38167
171.46136
171.67777
171.12710
170.73038
169.76791
169.55342
169.84087
170.00193
170.33731
170.53193
171.04815
170.65891
169.41826
168.77310
167.80470
167.57735
168.17548
168.01212
167.29750
166.49570
165.93564
165.11337
163.85033
