1.49999
2.39482
3.85599
4.69185
5.77965
6.28522
6.59344
7.17168
8.25515
8.93142
10.01939
10.71062
11.69114
12.46792
13.83953
14.69393
16.06451
16.84726
17.52766
17.90336
18.27924
18.63195
19.33292
19.69713
20.17563
20.60628
21.41724
21.96445
22.53914
22.90795
23.18469
23.31899
23.37145
23.24607
22.80822
22.34847
21.28483
20.62152
19.34359
19.06170
19.55852
20.12965
21.40021
22.22934
23.12050
23.89885
25.15437
26.01423
27.05097
27.67431
28.62902
28.98932
29.19907
28.96046
27.94499
27.63933
27.77349
27.35255
26.09215
25.31116
23.97850
23.10307
22.10925
