1.49985
2.39211
3.85716
4.74669
6.23867
7.10554
8.47032
9.29154
10.59348
11.47792
12.96622
13.85587
15.31958
16.18914
17.58156
18.44035
19.88377
20.78028
22.20845
23.05125
24.42519
25.21101
26.45438
27.17150
28.27587
29.01335
30.32669
31.14168
32.53562
33.39753
34.78714
35.56154
36.71041
37.22072
37.67433
37.97849
38.47689
38.73038
39.03585
39.26072
39.68804
39.92367
40.27607
40.50876
40.96042
41.01750
40.78548
40.50382
39.77926
39.41357
38.93767
38.66961
38.26477
38.05649
37.76134
37.65845
37.63364
37.59129
37.49840
37.39710
37.15640
37.05562
36.95403
