 0.30000	 67.16246796	 38.43926620	 53.19814301	 66.62026215	 39.34412384	 52.13165283	           0	           2
 0.30000	 66.68173218	 39.96409607	 51.48154068	 67.63309479	 41.10443115	 51.27010345	          -1	           3
 0.30000	 68.21648407	 41.70293045	 50.93575287	 68.89658356	 42.46666336	 49.83831024	          -2	           4
 0.30000	 69.55652618	 42.43526077	 49.22668839	 70.64794159	 41.51988602	 48.75647354	          -3	           5
 0.30000	 71.13493347	 40.84142303	 48.42096710	 71.47518158	 39.46296310	 47.93725586	          -4	           6
 0.30000	 72.05301666	 38.88169098	 47.56598282	 73.38194275	 38.53319931	 46.96430206	          -5	           7
 0.30000	 74.03113556	 38.06861115	 46.54932022	 75.13295746	 37.18213654	 46.04940033	          -6	           8
 0.30000	 74.66108704	 36.68798828	 45.46364975	 73.33199310	 37.35769272	 45.65020370	          -7	           9
 0.30000	 72.47295380	 37.42859268	 45.90811157	 71.29457092	 37.24832153	 46.81834793	          -8	          10
 0.30000	 70.61868286	 36.97058487	 47.34336472	 69.75795746	 36.04202652	 48.14759445	          -9	          11
 0.30000	 69.00444794	 36.15813828	 48.62564087	 67.96551514	 37.22505951	 48.80482864	         -10	          12
 0.30000	 68.06204987	 37.97236252	 49.29677963	 69.44188690	 38.37116623	 49.72896576	         -11	          13
 0.30000	 69.38684845	 38.77871323	 50.52959442	 67.99371338	 38.66791534	 51.07455063	         -12	          14
 0.30000	 67.72356415	 39.19207001	 51.75479507	 67.08647919	 40.37276459	 52.42586517	         -13	          15
 0.30000	 67.76844788	 40.92113876	 52.65877914	 68.57608032	 39.68133926	 52.41343689	         -14	          16
 0.30000	 69.40966797	 39.47368622	 52.68099594	 70.50370026	 40.09070969	 53.50089264	         -15	          17
 0.30000	 71.34417725	 39.80901337	 53.65636063	 72.12046814	 38.60120010	 53.22228241	         -16	          18
 0.30000	 72.76817322	 38.01095963	 53.01810837	 73.98793793	 37.28497696	 52.53344727	         -17	          19
 0.30000	 74.55601501	 36.63031387	 52.77536774	 75.11371613	 35.76683807	 53.86769104	         -18	          20
 0.30000	 74.58072662	 35.17960358	 54.29299164	 73.10221863	 35.26374054	 54.05457306	         -19	          21
 0.30000	 72.46121216	 34.84132385	 53.58507919	 72.51895142	 33.87483978	 52.43952560	         -20	          22
 0.30000	 71.78983307	 33.57148361	 52.00815964	 70.39424896	 34.03288651	 52.30724716	         -21	          23
 0.30000	 69.62512207	 33.62604904	 52.07783127	 69.39821625	 32.22059631	 51.60549927	         -22	          24
 0.30000	 68.87215424	 32.23313904	 50.87551117	 68.55873871	 33.60783005	 50.36377335	         -23	          25
 0.30000	 68.17921448	 34.31206512	 49.95183182	 67.72530365	 35.53862381	 49.21739197	         -24	          26
 0.30000	 66.82984161	 35.48268127	 49.28615189	 66.65920258	 34.22431946	 50.08443451	         -25	          27
 0.30000	 66.55272675	 33.40544510	 50.44195938	 67.03640747	 32.03417587	 50.81014252	         -26	          28
 0.30000	 66.37691498	 31.43489075	 50.93634796	 65.04136658	 32.04343796	 50.62665558	         -27	          29
 0.30000	 64.19043732	 32.02944565	 50.91881561	 63.37422943	 31.55417252	 52.08405685	         -28	          30
 0.30000	 62.51777649	 31.63505554	 52.34823990	 61.19382858	 32.16078186	 51.87858200	         -29	          31
 0.30000	 60.69664001	 32.88285446	 51.67568207	 60.69786453	 34.34960556	 51.36195374	         -30	          32
 0.30000	 60.81987381	 35.22039795	 51.55285263	 61.31237030	 36.34082031	 52.41991043	         -31	          33
 0.30000	 61.57046509	 37.06019974	 52.89478683	 62.27180862	 38.08899307	 53.73114777	         -32	          34
 0.30000	 61.71732712	 38.79096985	 53.82984543	 60.52684402	 38.48044586	 52.97176743	         -33	          35
 0.30000	 59.65495682	 38.49036789	 53.19437027	 59.10181808	 38.66795349	 54.57725143	         -34	          36
 0.30000	 58.30089188	 38.31606674	 54.78843307	 57.48180771	 37.52127457	 53.81515884	         -35	          37
 0.30000	 56.97880936	 36.82856369	 53.53794479	 56.49089432	 35.41230774	 53.46152496	         -36	          38
 0.30000	 55.81856155	 34.81957626	 53.38221741	 54.37396240	 34.41613770	 53.37385178	         -37	          39
 0.30000	 53.55209732	 34.42509842	 53.00749588	 52.73300171	 34.82663345	 51.81681442	         -38	          40
 0.30000	 51.97837448	 35.31517792	 51.85735321	 51.31519699	 35.86127472	 53.08691788	         -39	          41
 0.30000	 51.20111465	 36.53454590	 53.67294312	 51.76155090	 37.77333832	 54.30627060	         -40	          42
 0.30000	 51.66361618	 38.64770126	 54.49502182	 50.72644806	 39.80777740	 54.65563583	         -41	          43
 0.30000	 51.15418625	 40.34123993	 54.07043457	 52.18471909	 39.30390930	 53.73608398	         -42	          44
 0.30000	 52.75232315	 39.25658417	 53.03940201	 53.05190277	 40.00439453	 51.77414322	         -43	          45
 0.30000	 53.21323013	 40.14141464	 50.89939880	 53.30253983	 39.93186188	 49.41676331	         -44	          46
 0.30000	 53.56383896	 39.77907181	 48.56903076	 54.65659332	 39.29188919	 47.66426849	         -45	          47
 0.30000	 54.62353516	 38.95089722	 46.83180237	 54.51663589	 37.45648575	 46.90395737	         -46	          48
 0.30000	 54.96898651	 36.67956161	 46.94322205	 56.26835632	 35.98981476	 47.23587799	         -47	          49
 0.30000	 56.93640900	 35.48282623	 46.90960693	 57.61143494	 34.66471100	 45.84900665	         -48	          50
 0.30000	 57.80597305	 34.88933182	 44.99955368	 57.20312500	 36.06948853	 44.29695892	         -49	          51
 0.30000	 57.86397171	 36.54204559	 43.90979004	 59.22660446	 36.01216507	 44.24488449	         -50	          52
 0.30000	 60.02495575	 35.80949783	 44.60710144	 61.11717987	 35.70786667	 45.63008499	         -51	          53
 0.30000	 61.41840744	 34.93606186	 45.98137283	 61.02332306	 33.49135208	 45.90017700	         -52	          54
 0.30000	 60.46269226	 33.23327255	 45.24516678	 59.97576141	 34.36356354	 44.38772583	         -53	          55
 0.30000	 59.80758286	 35.05313110	 43.83466339	 60.07339859	 36.33983612	 43.11109161	         -54	          56
 0.30000	 59.74256897	 37.08996582	 42.74011230	 58.62718582	 37.96480179	 42.24970627	         -55	          57
 0.30000	 57.92886353	 38.41913223	 42.58979034	 57.26307297	 38.58304977	 43.92382050	         -56	          58
 0.30000	 56.81352997	 38.77537537	 44.67912674	 56.07481384	 39.07237244	 45.95027924	         -57	          59
 0.30000	 55.79324341	 39.53512955	 46.66889572	 55.92333984	 40.67794800	 47.63166809	         -58	          60
 0.30000	 55.08023071	 40.88116455	 47.87269974	 53.78760910	 40.38234329	 47.29777527	         -59	          61
 0.30000	 53.25747681	 40.03890228	 46.65612793	 52.92653656	 38.65298462	 46.18721008	         -60	          62
 0.30000	 52.12551498	 38.38402939	 46.49792862	 50.72369385	 38.64303970	 46.03101349	         -61	          63
 0.30000	 49.88608170	 38.53802109	 45.71793365	 48.85280609	 38.04435349	 44.74896240	         -62	          64
 0.30000	 48.60372162	 37.36133194	 44.21784973	 49.03559875	 36.01893997	 43.70637894	         -63	          65
 0.30000	 49.11703491	 35.16876221	 43.42218018	 48.76675415	 33.79749680	 42.92528915	         -64	          66
 0.30000	 49.51386261	 33.36172867	 43.17412949	 50.38917160	 34.37882996	 43.84458542	         -65	          67
 0.30000	 50.38528824	 35.24359131	 44.09507370	 51.33477783	 36.36812973	 44.38528061	         -66	          68
 0.30000	 51.70419693	 37.14766693	 44.64374542	 52.00139618	 38.60688400	 44.82490921	         -67	          69
 0.30000	 52.31399155	 39.43528366	 44.99071884	 53.06653214	 40.43347549	 45.82003784	         -68	          70
 0.30000	 53.46965790	 40.98979568	 46.40258789	 54.91299438	 41.28985977	 46.68003082	         -69	          71
 0.30000	 55.44930649	 40.67493820	 46.29939651	 54.89040375	 39.37821198	 45.79325104	         -70	          72
 0.30000	 54.67995453	 39.53546906	 44.93233109	 55.33779526	 40.87692642	 44.79916763	         -71	          73
 0.30000	 55.05681992	 41.66895676	 45.12170410	 53.94904327	 41.91845322	 46.10190201	         -72	          74
 0.30000	 53.24914169	 41.83574295	 46.66231537	 51.98887634	 41.40737152	 47.35399246	         -73	          75
 0.30000	 51.62999725	 40.61338806	 47.58000183	 52.07233810	 39.19941330	 47.34516907	         -74	          76
 0.30000	 52.80502319	 38.69747925	 47.49119949	 53.98150253	 39.53132629	 47.07837296	         -75	          77
 0.30000	 54.36212158	 40.07931900	 46.47447586	 54.02607727	 40.88281631	 45.25323868	         -76	          78
 0.30000	 53.40443420	 41.51887894	 45.39268112	 52.27764511	 41.09497452	 46.28752518	         -77	          79
 0.30000	 52.04058456	 40.24335480	 46.45799637	 52.19670486	 38.93439102	 45.74221802	         -78	          80
 0.30000	 52.16115189	 38.04229355	 45.62657928	 51.04776001	 37.13608170	 46.06164169	         -79	          81
 0.30000	 50.69728088	 36.35656738	 45.77903366	 50.84531784	 35.12129974	 44.94095612	         -80	          82
 0.30000	 51.26345444	 34.88928223	 44.17831039	 52.29771805	 35.27505493	 43.16269302	         -81	          83
 0.30000	 52.07836914	 35.99436569	 42.66796494	 50.71791458	 36.55696106	 42.95561981	         -82	          84
 0.30000	 50.53906631	 37.43629074	 43.02742767	 51.30945587	 38.71461487	 43.17749786	         -83	          85
 0.30000	 52.16909790	 38.96947479	 43.09963608	 53.47208023	 38.41743851	 42.60227203	         -84	          86
 0.30000	 53.70589828	 37.62266541	 42.95381927	 52.66249084	 36.98421860	 43.82189178	         -85	          87
 0.30000	 52.41151428	 36.47508621	 44.52010345	 51.64274216	 36.01385117	 45.72260284	         -86	          88
 0.30000	 51.14933777	 35.35293579	 46.08243561	 50.63661957	 33.94964981	 45.94970322	         -87	          89
 0.30000	 50.13720322	 33.20906448	 45.84122849	 49.17889786	 32.07563782	 45.62483597	         -88	          90
 0.30000	 48.40871811	 32.00043106	 45.16558075	 47.68205643	 33.06842041	 44.40319824	         -89	          91
 0.30000	 47.03317261	 33.14804840	 43.78487778	 46.13475800	 32.35086823	 42.88644028	         -90	          92
 0.30000	 45.46080780	 32.41798019	 42.29398346	 44.27298737	 32.98200989	 41.57227707	         -91	          93
 0.30000	 44.49066925	 33.81437683	 41.30846405	 45.87374115	 34.09746170	 41.81523514	         -92	          94
 0.30000	 46.67351532	 34.47190857	 41.98792648	 48.07960129	 34.91533661	 42.26388550	         -93	          95
 0.30000	 48.43628311	 35.74028397	 42.21731186	 47.74340057	 37.01383972	 41.83289337	         -94	          96
 0.30000	 47.32022095	 37.77061081	 41.59243011	 46.46577835	 38.92598724	 41.16271210	         -95	          97
 0.30000	 45.74104691	 39.37337494	 40.87257385	 44.35670090	 39.69908524	 40.39591217	         -96	          98
 0.30000	 43.52717590	 39.44313431	 40.15892029	 42.42066574	 38.45780563	 39.92532730	         -97	          99
 0.30000	 42.27930450	 37.56981659	 39.96040344	 43.16559219	 36.37098312	 40.12521362	         -98	         100
 0.30000	 43.22377014	 35.76054001	 40.78382492	 42.64155960	 35.63211441	 42.16015244	         -99	         101
 0.30000	 42.33528900	 35.48422241	 42.99322510	 41.98876190	 35.50636292	 44.45243073	        -100	         102
 0.30000	 41.34991455	 34.93811035	 44.73323059	 40.85935211	 33.96719742	 43.70048904	        -101	         103
 0.30000	 40.05819321	 33.84116745	 43.31046677	 38.81980515	 34.68169403	 43.21178436	        -102	         104
 0.30000	 37.94998932	 34.89959335	 43.13674927	 36.45808792	 35.05424118	 43.12959290	        -103	         105
 0.30000	 35.67175293	 34.62886810	 43.02705765	 35.12003708	 33.25938416	 42.76266479	        -104	         106
 0.30000	 34.45845032	 32.65917969	 42.65428925	 33.10033035	 32.03024292	 42.55624771	        -105	         107
 0.30000	 32.22012329	 31.84358025	 42.56353378	 30.72030640	 31.82975578	 42.57749176	        -106	         108
 0.30000	 29.99041748	 32.18585587	 42.96517181	 29.65726089	 33.15167236	 44.06333923	        -107	         109
 0.30000	 29.13806915	 33.88547897	 44.10606003	 28.12390327	 34.98308182	 44.23489761	        -108	         110
 0.30000	 27.26240349	 34.79603577	 44.41587448	 26.82010269	 33.40124130	 44.74570847	        -109	         111
 0.30000	 26.81169319	 32.51062012	 44.61727905	 27.22313690	 31.29780197	 43.83645248	        -110	         112
 0.30000	 28.09084892	 31.06687355	 43.77607346	 29.18867874	 31.88615608	 44.38722229	        -111	         113
 0.30000	 29.40190315	 32.65399933	 44.80560303	 28.76402092	 33.99519730	 45.01598358	        -112	         114
 0.30000	 28.07664299	 34.31192398	 45.50289917	 27.70713234	 33.05328369	 46.23038483	        -113	         115
 0.30000	 27.35482216	 33.46656418	 46.94800568	 27.60421944	 34.93274307	 46.75315094	        -114	         116
 0.30000	 27.68148994	 35.82877350	 46.78310013	 27.88066673	 37.30045700	 46.99370956	        -115	         117
 0.30000	 27.87080956	 37.95911407	 46.38058853	 27.66965103	 37.83269119	 44.89959335	        -116	         118
 0.30000	 27.46092796	 37.82783127	 44.02436066	 26.93864441	 37.70481110	 42.62374878	        -117	         119
 0.30000	 26.71432686	 37.66660309	 41.75327301	 26.46136475	 37.72801208	 40.27613068	        -118	         120
 0.30000	 26.37958908	 37.36252594	 39.45790100	 26.45150375	 36.04137039	 38.75133514	        -119	         121
 0.30000	 26.31547165	 36.33210754	 37.91045761	 26.15426826	 37.77335358	 38.29372406	        -120	         122
 0.30000	 26.15562439	 38.39153671	 37.63967896	 26.26205063	 38.03500366	 36.18661499	        -121	         123
 0.30000	 26.79880142	 38.27881622	 35.50667572	 27.88521576	 39.17675781	 34.99355698	        -122	         124
 0.30000	 28.60568619	 39.07967377	 35.52408218	 28.26659012	 38.33689499	 36.78232193	        -123	         125
 0.30000	 28.01228523	 37.47454453	 36.74372101	 27.69595528	 36.99184036	 35.35923386	        -124	         126
 0.30000	 27.49696159	 36.50666046	 34.62793350	 27.42274857	 35.51261139	 33.50707626	        -125	         127
 0.30000	 26.75994301	 35.55778885	 32.89976501	 25.76465034	 36.67306519	 33.02478790	        -126	         128
 0.30000	 25.12594032	 36.75865555	 32.39638901	 24.35761261	 35.71896362	 31.63564110	        -127	         129
 0.30000	 23.87957382	 35.14350128	 32.13630676	 23.89043427	 34.99826050	 33.62928391	        -128	         130
 0.30000	 24.42850876	 34.59141159	 34.22539902	 24.92977142	 33.34072495	 34.88475037	        -129	         131
 0.30000	 25.22035789	 32.56554413	 35.23894882	 25.68675613	 31.23052406	 35.73933792	        -130	         132
 0.30000	 26.13718033	 30.56142998	 36.13909912	 26.97464371	 29.54280281	 36.85404205	        -131	         133
 0.30000	 27.67125702	 29.94258499	 37.26011276	 27.36985588	 31.40728760	 37.14271164	        -132	         134
 0.30000	 28.19117737	 31.63654327	 36.85493088	 28.60154724	 30.21758842	 36.59393311	        -133	         135
 0.30000	 29.48167992	 30.07967567	 36.72148895	 30.18334198	 31.20111847	 37.42857742	        -134	         136
 0.30000	 31.02353287	 31.47659874	 37.26084137	 32.01838303	 30.83156395	 36.34202576	        -135	         137
 0.30000	 32.26074982	 31.54437447	 35.84901047	 31.37555313	 32.66915894	 36.29748917	        -136	         138
 0.30000	 30.97444534	 33.46120834	 36.44424057	 30.14455986	 34.71058655	 36.42768478	        -137	         139
 0.30000	 30.52078819	 35.12069321	 37.13494492	 31.60400009	 34.08744049	 37.22980881	        -138	         140
 0.30000	 31.59086800	 33.93704224	 38.11710739	 30.48736382	 34.85981750	 38.54218292	        -139	         141
 0.30000	 29.66329575	 34.53625488	 38.70373535	 29.32713509	 33.15257263	 38.23228836	        -140	         142
 0.30000	 29.06164932	 32.31798172	 38.02577591	 28.76898956	 30.88202858	 37.70618820	        -141	         143
 0.30000	 28.58132744	 30.02814102	 37.49306107	 28.34539223	 28.57759666	 37.19285965	        -142	         144
 0.30000	 27.90377426	 27.97508049	 36.69105530	 26.95220375	 27.79384995	 35.54585266	        -143	         145
 0.30000	 26.26241493	 27.27678680	 35.28763962	 25.09861755	 26.51646996	 34.72433853	        -144	         146
 0.30000	 24.40757370	 26.06558418	 34.36514282	 22.99331284	 25.91703224	 34.84226608	        -145	         147
 0.30000	 22.33172798	 25.48250771	 35.27046967	 21.90027237	 24.28685760	 36.06681824	        -146	         148
 0.30000	 22.62074661	 23.76499367	 35.93069077	 23.46102905	 24.67457771	 35.08421326	        -147	         149
 0.30000	 24.14824867	 25.01964188	 34.61674881	 25.35984612	 25.39649200	 33.81682587	        -148	         150
 0.30000	 25.83367538	 26.15987015	 33.76572800	 25.85534859	 27.55652618	 34.31236649	        -149	         151
 0.30000	 25.27336502	 27.71931458	 34.97923279	 24.02947044	 26.92606354	 34.70831680	        -150	         152
 0.30000	 23.14103699	 26.82534027	 34.60633850	 22.15997314	 27.88253975	 35.01826859	        -151	         153
 0.30000	 21.48457336	 28.41562653	 34.75479126	 20.48829651	 29.18433189	 33.93846512	        -152	         154
 0.30000	 19.62867928	 29.26937866	 33.68614578	 18.34912300	 28.95385742	 32.96983719	        -153	         155
 0.30000	 18.62206459	 28.54001617	 32.21859360	 20.07595444	 28.29065132	 32.49062347	        -154	         156
 0.30000	 20.67562103	 28.90636826	 32.22373581	 20.29366493	 30.31966209	 31.89718056	        -155	         157
 0.30000	 19.45353699	 30.55578613	 31.67724228	 18.45764732	 29.43589401	 31.74038506	        -156	         158
 0.30000	 17.58770370	 29.21983910	 31.66003227	 16.21617126	 29.78905678	 31.44814873	        -157	         159
 0.30000	 15.73557949	 29.02988434	 31.39598465	 16.83338737	 28.01249313	 31.49439621	        -158	         160
 0.30000	 17.38748360	 27.45830154	 31.93677902	 18.11796951	 27.09035110	 33.19410324	        -159	         161
 0.30000	 18.76159668	 27.19146156	 33.81483841	 19.95371819	 27.85380745	 34.43935013	        -160	         162
 0.30000	 20.23170280	 28.52466011	 34.97085571	 20.48533630	 30.00273705	 34.94270706	        -161	         163
 0.30000	 20.70447540	 30.82448769	 35.23682785	 21.09200287	 31.76406288	 36.33994675	        -162	         164
 0.30000	 20.98469353	 32.64260101	 36.50264740	 20.19274139	 33.80974960	 35.99226761	        -163	         165
 0.30000	 20.23894119	 34.32839966	 35.25833511	 21.18759346	 34.32705688	 34.09644699	        -164	         166
 0.30000	 21.13657570	 34.03251648	 33.24766541	 20.45383644	 33.00183487	 32.39830017	        -165	         167
 0.30000	 19.57499123	 33.14613342	 32.26903915	 18.93958664	 34.20717239	 33.11779785	        -166	         168
 0.30000	 19.09697914	 35.06423187	 33.34246826	 20.27550125	 35.92615128	 32.99884796	        -167	         169
 0.30000	 21.04594803	 36.22650909	 33.35392380	 21.77267838	 36.20452499	 34.66590118	        -168	         170
 0.30000	 22.51014709	 35.73810577	 34.44561005	 22.38447571	 35.14469910	 33.07373810	        -169	         171
 0.30000	 22.79949570	 35.01623154	 32.28562927	 23.44409943	 34.39416122	 31.08260918	        -170	         172
 0.30000	 23.81443787	 33.99745941	 30.36488914	 24.43015480	 33.28754425	 29.19583702	        -171	         173
 0.30000	 24.60727310	 32.86240005	 28.42275620	 24.59146690	 32.31702805	 27.02554321	        -172	         174
 0.30000	 24.34977150	 31.59617996	 26.54404449	 23.50976562	 30.36079025	 26.67882919	        -173	         175
 0.30000	 23.79159164	 29.51800537	 26.82118034	 25.11370468	 28.80979919	 26.80132866	        -174	         176
 0.30000	 25.45485306	 29.06707764	 27.59342003	 24.43386650	 30.05952263	 28.06535149	        -175	         177
 0.30000	 24.37871742	 30.57453156	 28.80153275	 24.95717812	 31.02396011	 30.11054420	        -176	         178
 0.30000	 25.38633728	 30.90908051	 30.89352226	 25.66005707	 31.54823875	 32.22269058	        -177	         179
 0.30000	 25.76907730	 32.44128418	 32.25237274	 25.00578499	 32.86080170	 31.03111649	        -178	         180
 0.30000	 25.67087936	 33.34455490	 30.66548920	 26.75227165	 33.23026276	 31.69867897	        -179	         181
 0.30000	 26.93597984	 32.36627960	 31.87166214	 25.90566635	 31.80663681	 30.93616295	        -180	         182
 0.30000	 25.00613022	 31.78745079	 30.91819000	 23.51908875	 31.60621071	 30.84248734	        -181	         183
 0.30000	 22.65135765	 31.84160805	 30.80414391	 21.15550995	 31.91437721	 30.72008133	        -182	         184
 0.30000	 20.84544754	 32.75897217	 30.74113655	 21.85799217	 33.86033630	 30.84932709	        -183	         185
 0.30000	 22.24188423	 34.67030716	 30.92920113	 22.73779297	 36.07939148	 30.79339981	        -184	         186
 0.30000	 22.96359444	 36.56753159	 31.51502419	 22.48104477	 36.05304718	 32.83880615	        -185	         187
 0.30000	 23.14061546	 35.98500443	 33.44744492	 24.50787354	 35.93136597	 32.83287048	        -186	         188
 0.30000	 25.00656509	 35.19470978	 32.69660950	 24.36745834	 34.07138824	 33.45798492	        -187	         189
 0.30000	 23.64645195	 33.53263855	 33.46992874	 22.39509964	 32.81369400	 33.87895584	        -188	         190
 0.30000	 22.47251511	 31.94739532	 33.64769363	 23.82435036	 32.06908035	 33.00930405	        -189	         191
 0.30000	 24.35279274	 32.72327805	 32.68964386	 23.73624611	 34.08590317	 32.57758331	        -190	         192
 0.30000	 24.55472755	 34.26943588	 32.23101425	 25.64453316	 33.43510056	 32.83644104	        -191	         193
 0.30000	 26.46192741	 33.71123886	 32.57989120	 27.26712227	 34.91824341	 32.19922256	        -192	         194
 0.30000	 27.18192101	 35.75663757	 31.88329506	 26.07958221	 36.70522308	 31.51592636	        -193	         195
 0.30000	 25.49396515	 37.35411072	 31.30193710	 24.49436569	 38.43195724	 31.00395393	        -194	         196
 0.30000	 23.90731430	 39.08053970	 30.79308891	 22.72088814	 39.87017059	 30.32535172	        -195	         197
 0.30000	 23.06508255	 40.69618225	 30.42217636	 24.37127686	 40.15150070	 30.91935349	        -196	         198
 0.30000	 24.88465500	 40.87139893	 31.08731079	 24.09739113	 42.11135101	 30.78297806	        -197	         199
 0.30000	 23.90656471	 42.97161865	 30.60054588	 23.87462044	 44.34168243	 29.99077225	        -198	         200
 0.30000	 23.74905014	 45.23111343	 29.93606186	 23.42465782	 45.52597046	 28.50156784	        -199	         201
 0.30000	 22.52777863	 45.45320511	 28.48613739	 22.35659409	 44.82018661	 29.83518219	        -200	         202
 0.30000	 21.66361237	 45.04394531	 30.36397171	 20.67881203	 46.09309006	 29.94038010	        -201	         203
 0.30000	 20.46331215	 46.61547089	 30.64081192	 21.08341026	 46.10154343	 31.90625191	        -202	         204
 0.30000	 21.34095001	 46.85445786	 32.32673645	 20.78119659	 48.03329849	 31.58703423	        -203	         205
 0.30000	 20.31343460	 48.72235489	 31.24510002	 19.74883652	 49.94031143	 30.57579994	        -204	         206
 0.30000	 20.17515945	 50.52385712	 30.03903770	 20.67284393	 50.88023758	 28.66957664	        -205	         207
 0.30000	 20.69968987	 51.69434738	 28.28640938	 20.12636185	 53.01721954	 28.70030594	        -206	         208
 0.30000	 20.60273933	 53.36464691	 29.38029861	 21.75105858	 52.48853683	 29.78494644	        -207	         209
 0.30000	 21.64778709	 51.72097397	 30.24324799	 20.19010925	 51.39787292	 30.38723755	        -208	         210
 0.30000	 20.25625992	 50.68440628	 30.93187714	 21.00450897	 49.40995789	 31.18861198	        -209	         211
 0.30000	 21.26262093	 48.58635712	 30.93359947	 22.48876381	 48.64662552	 30.07168198	        -210	         212
 0.30000	 22.81390190	 47.80857468	 30.11553764	 21.93309593	 46.96198654	 30.98582077	        -211	         213
 0.30000	 21.91368866	 46.14433289	 31.36113739	 21.75796700	 44.90315247	 32.18884277	        -212	         214
 0.30000	 22.35094833	 44.27297211	 31.94158936	 23.19526672	 44.67720032	 30.76955032	        -213	         215
 0.30000	 24.07420540	 44.57532120	 30.93393326	 25.12017441	 43.54691315	 30.62047768	        -214	         216
 0.30000	 25.81706238	 43.08531189	 30.95378494	 26.76482010	 42.51082230	 31.96450424	        -215	         217
 0.30000	 27.25711250	 42.58799362	 32.71380615	 27.67934990	 43.40871811	 33.89612961	        -216	         218
 0.30000	 27.99625969	 43.84875870	 34.61412048	 28.59518623	 44.58492279	 35.77563858	        -217	         219
 0.30000	 28.70867538	 45.03966522	 36.54376221	 28.87667274	 45.67546463	 37.89187622	        -218	         220
 0.30000	 28.04434204	 45.99629211	 38.01120758	 27.49314499	 45.34286880	 36.77869034	        -219	         221
 0.30000	 26.90192795	 45.91558456	 36.41484070	 26.69273376	 47.18918228	 37.17918777	        -220	         222
 0.30000	 27.36797142	 47.78129959	 37.12128067	 28.57825470	 47.19195938	 36.45965576	        -221	         223
 0.30000	 29.35246849	 46.88745117	 36.11668777	 30.56892776	 46.21112061	 35.55765152	        -222	         224
 0.30000	 31.23529625	 45.62440491	 35.41124344	 32.12297058	 44.47322083	 35.78084946	        -223	         225
 0.30000	 32.39495087	 43.98944092	 35.07241058	 31.82963371	 44.62832260	 33.83863068	        -224	         226
 0.30000	 32.01673126	 43.95025253	 33.27723694	 32.71768570	 42.99763107	 34.19976044	        -225	         227
 0.30000	 32.56561661	 42.17501831	 34.53141785	 31.33155632	 41.32631302	 34.44930649	        -226	         228
 0.30000	 31.43862724	 40.82615280	 35.18975830	 32.56382370	 41.41143036	 35.99058914	        -227	         229
 0.30000	 33.34128952	 41.51876450	 35.55028915	 32.89400482	 41.26300430	 34.14154816	        -228	         230
 0.30000	 33.65660858	 41.29731750	 33.66497803	 34.91069412	 41.74430084	 34.35590363	        -229	         231
 0.30000	 35.06024170	 41.32445908	 35.13780975	 33.78672409	 40.67275620	 35.58870316	        -230	         232
 0.30000	 33.58923721	 39.84138870	 35.30635452	 34.36161423	 39.25697708	 34.16105270	        -231	         233
 0.30000	 34.88593292	 38.92332840	 33.51039505	 35.95923615	 38.71248627	 32.48409653	        -232	         234
 0.30000	 36.46396637	 38.04605865	 32.15111923	 36.95581436	 36.64215088	 31.95916939	        -233	         235
 0.30000	 37.18117523	 35.77532196	 31.87344742	 37.40189362	 34.29285812	 31.81705666	        -234	         236
 0.30000	 37.42172623	 33.39395523	 31.78197289	 37.30334091	 31.89886665	 31.75923538	        -235	         237
 0.30000	 36.94052887	 31.09036446	 31.60262108	 36.13483047	 29.89319801	 31.19328117	        -236	         238
 0.30000	 35.29325104	 30.06532860	 30.92450142	 34.93723679	 31.52237892	 30.93903351	        -237	         239
 0.30000	 34.31258774	 32.16745758	 30.87973785	 32.88155746	 32.56409073	 30.66829681	        -238	         240
 0.30000	 32.73973465	 33.41881180	 30.91169739	 33.98065567	 34.07529068	 31.43992996	        -239	         241
 0.30000	 34.63941193	 34.59494019	 31.76500702	 35.85099792	 35.29438400	 32.30593872	        -240	         242
 0.30000	 36.16210556	 36.11902237	 32.48736191	 35.69166183	 37.48630905	 32.08849335	        -241	         243
 0.30000	 35.67731857	 37.86607361	 32.90426254	 36.29027939	 37.16442490	 34.07984543	        -242	         244
 0.30000	 35.52438736	 36.96412659	 34.50790787	 34.33666229	 37.36047363	 33.68204498	        -243	         245
 0.30000	 34.04792023	 37.62485123	 32.87175369	 34.74042130	 38.00634766	 31.59709549	        -244	         246
 0.30000	 35.47047043	 37.98789978	 31.07122421	 36.82907486	 37.39246368	 30.84863663	        -245	         247
 0.30000	 37.60462570	 37.58539581	 31.26238823	 37.87252808	 38.47932434	 32.43669510	        -246	         248
 0.30000	 38.06220245	 39.02404785	 33.12732697	 38.47683716	 39.82703018	 34.32446289	        -247	         249
 0.30000	 37.87330627	 40.47672653	 34.47787094	 36.78372574	 40.22182846	 33.47895432	        -248	         250
 0.30000	 36.41678238	 41.03464508	 33.35823059	 37.08767700	 41.95893478	 34.33061600	        -249	         251
 0.30000	 37.29682541	 42.58195114	 33.71581650	 36.72340012	 41.80051804	 32.57102966	        -250	         252
 0.30000	 37.28239441	 42.16952515	 31.96981812	 38.13687515	 42.95659256	 32.91863632	        -251	         253
 0.30000	 38.77203369	 43.54135132	 33.17223358	 39.85856247	 44.56144333	 33.34096527	        -252	         254
 0.30000	 40.35302353	 45.29941940	 33.48419952	 41.12927246	 46.56937790	 33.66985321	        -253	         255
 0.30000	 40.67405701	 47.28750610	 33.96483612	 39.22690582	 47.07585144	 34.29785538	        -254	         256
 0.30000	 38.39654541	 46.85772705	 34.02818680	 37.45080566	 46.00811005	 33.23223114	        -255	         257
 0.30000	 37.60351181	 46.31550980	 32.40024567	 38.83621979	 47.15910339	 32.53707886	        -256	         258
 0.30000	 38.79854202	 47.89566803	 33.05276108	 37.46450043	 48.01403427	 33.72836304	        -257	         259
 0.30000	 37.52581406	 48.85157776	 34.05237198	 38.80871964	 49.54381943	 33.69869614	        -258	         260
 0.30000	 38.80338287	 50.44210815	 33.75754166	 37.51921082	 51.16707230	 33.48280334	        -259	         261
 0.30000	 36.71729279	 50.84175491	 33.23418045	 35.46306992	 50.48689651	 32.49177551	        -260	         262
 0.30000	 34.69204330	 50.13282776	 32.19080734	 33.98175049	 48.81494904	 32.09690857	        -261	         263
 0.30000	 34.51525879	 48.09464645	 32.01485825	 35.99488068	 48.33761215	 32.05749893	        -262	         264
 0.30000	 36.32354355	 49.10639191	 31.72410011	 36.00732422	 50.57233047	 31.75728226	        -263	         265
 0.30000	 36.36703873	 51.24687958	 32.23291016	 37.63317490	 51.81437302	 32.80298233	        -264	         266
 0.30000	 38.09229279	 51.69828796	 32.03745651	 38.03517532	 51.71976471	 30.53873444	        -265	         267
 0.30000	 37.69773483	 50.88637924	 30.60631561	 37.69741821	 50.06632233	 31.86235428	        -266	         268
 0.30000	 37.49360275	 49.38219070	 32.41082764	 38.49079895	 48.26901245	 32.28249359	        -267	         269
 0.30000	 39.37529755	 48.17035675	 32.41620636	 40.59985733	 48.89645767	 32.88852310	        -268	         270
 0.30000	 40.67791748	 49.75348663	 32.62541580	 39.41709518	 50.35944748	 32.08409500	        -269	         271
 0.30000	 39.55842972	 50.66443253	 31.24927330	 40.86779785	 50.10121918	 30.78202629	        -270	         272
 0.30000	 40.89196396	 50.65812302	 30.07541466	 39.60997391	 51.39746094	 30.32039261	        -271	         273
 0.30000	 39.04740524	 52.01774979	 30.65095711	 38.55201721	 53.05965805	 31.60966682	        -272	         274
 0.30000	 38.66267395	 52.78648376	 32.46022034	 38.70205307	 51.33198929	 32.82500839	        -273	         275
 0.30000	 38.24830627	 50.58662796	 32.60253525	 37.35798645	 49.75509262	 33.47776794	        -274	         276
 0.30000	 36.55543900	 49.71070480	 33.88325882	 35.21840286	 50.06754303	 33.30436325	        -275	         277
 0.30000	 34.78831100	 50.82142639	 33.06576157	 35.47427368	 51.98995590	 32.42223740	        -276	         278
 0.30000	 35.80532455	 52.71053696	 31.99597359	 35.97770691	 54.02376938	 31.29183769	        -277	         279
 0.30000	 36.84729385	 54.12816620	 31.08475685	 37.61737061	 52.97517776	 31.65718651	        -278	         280
 0.30000	 37.26260376	 52.15177155	 31.57596970	 36.86948776	 50.70492935	 31.52887154	        -279	         281
 0.30000	 36.82463074	 50.28548813	 32.32421875	 36.05454254	 49.19788361	 33.01297760	        -280	         282
 0.30000	 35.79134369	 48.47346497	 33.47851181	 35.95549393	 47.17016602	 34.20283508	        -281	         283
 0.30000	 36.36146164	 46.57884216	 34.74690247	 37.45394516	 46.41591644	 35.76184082	        -282	         284
 0.30000	 37.77202606	 45.57398224	 35.74437714	 36.87744522	 44.88119125	 34.75956345	        -283	         285
 0.30000	 37.42602921	 44.24282455	 34.44108200	 38.76490784	 44.47088242	 35.07764053	        -284	         286
 0.30000	 39.55474472	 44.79161072	 35.36560440	 40.48926926	 45.90026474	 35.74940109	        -285	         287
 0.30000	 41.22308350	 46.17815781	 36.18985367	 42.35839081	 45.67680359	 37.03223419	        -286	         288
 0.30000	 42.81139374	 46.34618759	 37.42797470	 42.27515411	 47.71141434	 37.11426926	        -287	         289
 0.30000	 42.26274872	 48.59229660	 37.29741287	 42.56482315	 49.87344360	 38.01648331	        -288	         290
 0.30000	 42.62395859	 50.71243286	 38.33642197	 42.08646011	 52.03136063	 38.80694962	        -289	         291
 0.30000	 42.40215683	 52.43325424	 39.54764938	 43.74663544	 51.85317993	 39.87290192	        -290	         292
 0.30000	 44.09732437	 52.34761047	 40.53808975	 43.39014816	 53.55246735	 41.08403778	        -291	         293
 0.30000	 42.51605988	 53.72945023	 40.96347427	 41.76087570	 52.78311539	 40.07803726	        -292	         294
 0.30000	 41.44484329	 52.05843735	 39.64816284	 41.85202789	 50.74978256	 39.03874207	        -293	         295
 0.30000	 41.65119553	 49.93324661	 38.71821213	 40.43141556	 49.21521378	 39.21459961	        -294	         296
 0.30000	 39.79145813	 48.62107468	 39.43164062	 38.78249359	 47.57695389	 39.80787659	        -295	         297
 0.30000	 38.15998077	 47.02156830	 40.14537430	 37.19725037	 45.97018433	 40.61206818	        -296	         298
 0.30000	 36.83023453	 46.34840775	 41.34184647	 37.30472183	 47.74245071	 41.62762070	        -297	         299
 0.30000	 37.99579620	 48.01985931	 42.13343811	 39.36238861	 48.27598953	 42.69654465	        -298	         300
 0.30000	 40.04434967	 47.78885651	 43.02574921	 40.78826523	 46.48625183	 43.02478790	        -299	         301
 0.30000	 40.33621979	 45.73635483	 43.23331451	 38.97740936	 46.34771347	 43.06058121	        -300	         302
 0.30000	 38.13175583	 46.65574646	 43.04463959	 36.79976273	 47.31819153	 43.23710632	        -301	         303
 0.30000	 36.58964157	 48.10882568	 42.86140060	 37.66341782	 48.94423294	 42.22958374	        -302	         304
 0.30000	 38.16263962	 48.83955383	 41.48806381	 37.97681808	 47.45098114	 40.95206070	        -303	         305
 0.30000	 38.61512756	 46.87206268	 41.21118927	 39.58406067	 48.00584793	 41.37007904	        -304	         306
 0.30000	 39.87027359	 47.48368835	 42.05406952	 38.82020187	 47.23307037	 43.09561539	        -305	         307
 0.30000	 38.44739914	 47.42319870	 43.89273834	 38.63604736	 48.69547272	 44.66468430	        -306	         308
 0.30000	 38.85110474	 49.26516724	 45.32789230	 39.37126923	 49.76601028	 46.64271545	        -307	         309
 0.30000	 39.98740387	 50.37609863	 46.88463593	 41.13174057	 51.21460724	 46.39741898	        -308	         310
 0.30000	 40.99939346	 51.63045502	 45.61040497	 39.67620850	 51.26960373	 45.00310135	        -309	         311
 0.30000	 39.10911942	 51.29715347	 44.30496979	 38.75338745	 51.54043198	 42.86827087	        -310	         312
 0.30000	 37.96602631	 51.69247437	 42.45985031	 36.53853607	 51.73218536	 42.91864777	        -311	         313
 0.30000	 35.85554504	 52.10742188	 43.36851120	 35.40566635	 53.07459641	 44.42294312	        -312	         314
 0.30000	 34.93893814	 53.71562195	 44.84824753	 34.16871262	 54.96920395	 45.14001465	        -313	         315
 0.30000	 33.32617950	 55.06511307	 45.44116592	 32.21644211	 54.11285019	 45.77513885	        -314	         316
 0.30000	 31.57516670	 53.50777054	 45.95528793	 30.64805603	 52.35113144	 46.18454742	        -315	           0
