0.00083480
0.00126254
0.00191753
0.00192444
0.00192444
0.00172561
0.00145714
0.00143339
0.00185782
0.00215462
0.00215462
0.00219838
0.00245573
0.00255287
0.00255287
0.00262312
0.00273331
0.00299576
0.00358507
0.00358507
0.00337502
0.00305100
0.00312570
0.00348858
0.00348858
0.00342738
0.00291874
0.00255369
0.00285761
0.00285761
0.00279703
0.00274806
0.00218620
0.00196143
0.00159703
0.00138881
0.00178643
0.00234459
0.00301257
0.00338953
0.00338953
0.00316750
0.00295485
0.00280125
0.00307953
0.00336029
0.00351379
0.00351379
0.00314507
0.00238671
0.00207543
0.00159034
0.00129238
0.00153262
0.00168295
0.00182166
0.00201234
0.00262483
0.00320703
0.00358785
0.00361877
0.00361877
0.00313421
0.00291490
0.00348062
0.00348062
0.00294589
0.00230516
0.00235661
0.00235661
0.00232290
0.00231429
0.00212076
0.00182409
0.00182431
0.00182431
0.00223824
0.00228848
0.00228848
0.00205612
0.00222232
0.00264719
0.00274498
0.00307144
0.00321897
0.00321897
0.00303625
0.00309101
0.00309101
0.00301259
0.00293044
0.00294130
0.00319550
0.00319550
0.00306460
0.00332827
0.00332827
0.00313126
0.00313126
0.00288113
0.00266128
0.00311147
0.00311147
0.00292807
0.00292807
0.00303522
0.00333853
0.00333853
0.00311547
0.00314104
0.00314104
0.00272616
0.00243374
0.00212193
0.00233756
0.00236944
0.00274085
0.00283082
0.00307067
0.00324795
0.00351445
0.00351445
0.00313098
0.00285276
0.00294495
0.00322606
0.00322606
0.00316050
0.00248372
0.00227273
0.00252458
0.00306007
0.00325984
0.00325984
0.00322531
0.00252412
0.00267459
0.00317193
0.00328275
0.00328275
0.00308251
0.00238041
0.00183598
0.00237783
0.00292469
0.00292469
0.00271920
0.00231362
0.00193349
0.00220600
0.00234448
0.00235587
0.00237303
0.00268047
0.00296111
0.00338130
0.00338130
0.00321929
0.00285568
0.00269072
0.00239176
0.00207684
0.00189994
0.00189039
0.00237270
0.00284049
0.00331514
0.00346798
0.00346798
0.00338201
0.00289556
0.00268923
0.00243022
0.00281284
0.00299780
0.00321274
0.00321274
0.00296557
0.00281397
0.00300462
0.00310246
0.00310246
0.00288307
0.00274556
0.00272942
0.00252033
0.00276972
0.00303171
0.00319416
0.00319416
0.00300752
0.00305336
0.00305336
0.00313702
0.00313702
0.00292235
0.00302087
0.00323945
0.00323945
0.00307108
0.00296977
0.00290740
0.00297708
0.00312535
0.00312535
0.00283901
0.00252018
0.00278023
0.00289939
0.00289939
0.00288350
0.00288350
0.00277608
0.00273366
0.00306161
0.00332035
0.00332035
0.00328892
0.00328892
0.00316901
0.00316901
0.00343276
0.00345662
0.00345662
0.00328951
0.00261118
0.00214157
0.00188572
0.00200518
0.00200518
0.00190719
0.00199907
0.00255158
0.00288658
0.00328130
0.00343152
0.00343152
0.00289522
0.00243533
0.00176051
0.00178429
0.00258142
0.00313519
0.00335734
0.00335734
0.00327514
0.00322060
0.00306999
0.00288174
0.00297317
0.00297317
0.00296019
0.00271875
0.00182798
0.00156543
0.00170379
0.00226816
0.00250487
0.00254013
0.00281965
0.00281965
0.00276562
0.00328880
0.00328880
0.00317298
0.00292442
0.00259087
0.00289116
0.00324108
0.00324108
0.00308072
0.00267896
0.00232230
0.00232356
0.00248807
0.00248807
0.00268590
0.00300992
0.00313666
0.00313666
0.00307637
0.00295079
0.00308293
0.00308293
0.00306872
0.00306872
0.00297153
0.00268444
0.00237050
0.00244332
0.00281001
0.00281001
0.00273320
0.00249272
0.00220052
0.00261614
0.00284023
0.00284023
0.00270315
0.00250393
0.00277502
0.00297579
0.00317026
0.00317026
0.00321921
0.00325671
0.00325671
0.00290085
0.00272881
0.00271803
0.00281476
0.00281476
0.00236575
0.00166841
0.00097798
0.00043506
