0.00065244
0.00108063
0.00134417
0.00176571
0.00178953
0.00178953
0.00205054
0.00262774
0.00305975
0.00306996
0.00307791
0.00307791
0.00305859
0.00304299
0.00308655
0.00312207
0.00325138
0.00359127
0.00359127
0.00352661
0.00328034
0.00274078
0.00233696
0.00260191
0.00288091
0.00322987
0.00325197
0.00325197
0.00295309
0.00246239
0.00237273
0.00224960
0.00246450
0.00266584
0.00293644
0.00323243
0.00323243
0.00296346
0.00269182
0.00267829
0.00299340
0.00299340
0.00339683
0.00340552
0.00340552
0.00333794
0.00313772
0.00313772
0.00295244
0.00278756
0.00292107
0.00292107
0.00243062
0.00209537
0.00232796
0.00282834
0.00340695
0.00350500
0.00350500
0.00298157
0.00231156
0.00175026
0.00216142
0.00216142
0.00221806
0.00251139
0.00317182
0.00317182
0.00303221
0.00296167
0.00345775
0.00377908
0.00377908
0.00321238
0.00315814
0.00259972
0.00303602
0.00303602
0.00249978
0.00248666
0.00232597
0.00276606
0.00276606
0.00271504
0.00320355
0.00320355
0.00266951
0.00274063
0.00274063
0.00261659
0.00293941
0.00333004
0.00333004
0.00289135
0.00280923
0.00283704
0.00283704
0.00308185
0.00308185
0.00305251
0.00330680
0.00368415
0.00368415
0.00355925
0.00288705
0.00225865
0.00210327
0.00242422
0.00242422
0.00291650
0.00291650
0.00275877
0.00308077
0.00308077
0.00297041
0.00247130
0.00240932
0.00271698
0.00271698
0.00246576
0.00308264
0.00330871
0.00330871
0.00294863
0.00294863
0.00257006
0.00217651
0.00217567
0.00298132
0.00344495
0.00344495
0.00333093
0.00276226
0.00258017
0.00273810
0.00280193
0.00280193
0.00302503
0.00311418
0.00335727
0.00430332
0.00430332
0.00393157
0.00300216
0.00268024
0.00268024
0.00290953
0.00337567
0.00337567
0.00247788
0.00230526
0.00277759
0.00337384
0.00337384
0.00325660
0.00349183
0.00349183
0.00294479
0.00229249
0.00229249
0.00205746
0.00178769
0.00173160
0.00203435
0.00243117
0.00301070
0.00407810
0.00407810
0.00306635
0.00303044
0.00191403
0.00213787
0.00332238
0.00353458
0.00353458
0.00262276
0.00253805
0.00253805
0.00229055
0.00184617
0.00184617
0.00158965
0.00153773
0.00187423
0.00199611
0.00268158
0.00289512
0.00302431
0.00302431
0.00277170
0.00322382
0.00362818
0.00362818
0.00298152
0.00298152
0.00211607
0.00259709
0.00267358
0.00298948
0.00339448
0.00394933
0.00394933
0.00305718
0.00269317
0.00253792
0.00293102
0.00363751
0.00363751
0.00274391
0.00255744
0.00349690
0.00365475
0.00365475
0.00305282
0.00214717
0.00231186
0.00293909
0.00300111
0.00300111
0.00280496
0.00341191
0.00341191
0.00336802
0.00332145
0.00296019
0.00275573
0.00240513
0.00256526
0.00310499
0.00310499
0.00307633
0.00294161
0.00257208
0.00257208
0.00298109
0.00406268
0.00406268
0.00363227
0.00286077
0.00308921
0.00308921
0.00331768
0.00394677
0.00399601
0.00399601
0.00388045
0.00296683
0.00239128
0.00322357
0.00322357
0.00325970
0.00325970
0.00311855
0.00284138
0.00304541
0.00379341
0.00379341
0.00369980
0.00268809
0.00189228
0.00232387
0.00232387
0.00248300
0.00253248
0.00253248
0.00250810
0.00280180
0.00317862
0.00332643
0.00332643
0.00324580
0.00252923
0.00194827
0.00197223
0.00240719
0.00295429
0.00297911
0.00297911
0.00268074
0.00328673
0.00379612
0.00379612
0.00297267
0.00329772
0.00391536
0.00432832
0.00432832
0.00378153
0.00317801
0.00249010
0.00324175
0.00339491
0.00406387
0.00406387
0.00395142
0.00395142
0.00338962
0.00279135
0.00269866
0.00212306
0.00326190
0.00394701
0.00415381
0.00415381
0.00346448
0.00330485
0.00254483
0.00234983
0.00234983
0.00239616
0.00273120
0.00287903
0.00287903
0.00191151
0.00123718
0.00060599
