0.00157936
0.00157936
0.00001204
0.00000000
0.00015607
0.00001012
0.00001012
0.00000000
0.00008807
0.00101045
0.00101045
0.00122542
0.00122542
0.00006700
0.00002229
0.00048468
0.00048468
0.00046058
0.00046058
0.00007772
0.00014030
0.00033668
0.00030414
0.00000000
0.00021008
0.00002677
0.00022529
0.00013941
0.00128424
0.00128424
0.00004317
0.00004083
0.00039720
0.00039720
0.00006516
0.00003986
0.00000000
0.00006813
0.00001736
0.00001736
0.00000000
0.00132704
0.00132704
0.00011809
0.00037301
0.00037301
0.00006772
0.00002037
0.00000000
0.00033668
0.00031449
0.00099460
0.00099460
0.00010388
0.00010733
0.00010733
0.00010256
0.00005719
0.00003707
0.00000000
0.00000000
0.00009797
0.00010874
0.00004670
0.00006204
0.00053388
0.00053388
0.00003089
0.00000479
0.00000479
0.00008653
0.00002301
0.00122858
0.00122858
0.00000338
0.00099891
0.00099891
0.00002321
0.00009475
0.00005996
0.00099731
0.00099731
0.00005996
0.00000000
0.00001700
0.00003761
0.00154603
0.00154603
0.00136183
0.00136183
0.00003761
0.00000561
0.00000000
0.00000000
0.00005789
0.00005789
0.00001512
0.00000014
0.00005826
0.00000397
0.00005826
0.00000000
0.00003685
0.00003782
0.00045223
0.00045223
0.00002874
0.00002499
0.00000000
0.00006780
0.00079640
0.00079640
0.00008320
0.00004242
0.00004242
0.00008320
0.00000000
0.00000000
0.00000000
0.00003863
0.00003863
0.00006138
0.00007255
0.00007255
0.00006042
0.00005792
0.00014653
0.00153502
0.00153502
0.00006726
0.00000000
0.00001571
0.00000000
0.00268829
0.00296165
0.00296165
0.00087849
0.00373292
0.00373292
0.00037365
0.00117032
0.00130884
0.00130884
0.00109325
0.00150107
0.00150107
0.00003135
0.00000000
0.00000000
0.00004550
0.00005501
0.00006477
0.00013251
0.00000000
0.00007775
0.00118267
0.00118267
0.00036220
0.00036220
0.00003756
0.00015118
0.00014322
0.00000000
0.00003095
0.00058396
0.00058396
0.00005021
0.00005021
0.00009660
0.00009660
0.00003838
0.00007030
0.00007030
0.00010262
0.00010262
0.00015118
0.00000000
0.00000000
0.00000000
0.00000000
0.00137383
0.00137383
0.00005737
0.00010111
0.00013155
0.00013155
0.00009642
0.00008284
0.00010529
0.00010529
0.00006347
0.00006347
0.00005358
0.00002567
0.00002567
0.00002508
0.00004021
0.00004021
0.00019209
0.00019209
0.00076355
0.00076355
0.00058095
0.00013585
0.00144083
0.00165734
0.00165734
0.00006410
0.00009827
0.00000000
0.00048173
0.00140071
0.00140071
0.00013327
0.00001695
0.00010972
0.00001550
0.00003498
0.00015050
0.00015050
0.00113469
0.00113469
0.00005207
0.00008764
0.00008764
0.00007194
0.00005699
0.00009358
0.00009358
0.00013132
0.00013132
0.00000000
0.00000000
0.00010217
0.00000000
0.00005625
0.00008933
0.00139841
0.00139841
0.00000000
0.00000000
0.00011419
0.00009730
0.00119555
0.00119555
0.00057051
0.00057051
0.00000000
0.00000000
0.00086443
0.00106674
0.00106674
0.00005550
0.00000000
0.00000000
0.00020292
0.00119587
0.00124911
0.00124911
0.00000000
0.00000000
0.00004080
0.00008133
0.00016281
0.00016281
0.00003572
0.00000000
0.00000000
0.00016759
0.00012219
0.00012219
0.00168020
0.00168020
0.00004746
0.00149916
0.00149916
0.00009284
0.00012323
0.00017800
0.00181253
0.00181253
0.00114126
0.00009474
0.00014668
0.00215536
0.00215536
0.00181443
0.00015586
0.00000000
0.00003327
0.00042074
0.00042074
0.00000000
0.00002306
0.00004423
0.00004423
0.00003366
0.00004709
0.00010291
0.00010291
0.00004050
0.00000000
0.00015872
0.00130600
0.00145834
0.00145834
0.00126189
0.00008418
0.00035762
0.00035762
0.00000676
0.00004064
0.00007243
0.00011691
0.00011691
0.00004690
0.00006201
0.00006201
0.00000000
0.00000000
0.00000000
0.00011796
0.00000000
0.00000000
0.00004998
0.00009669
0.00009669
0.00010290
0.00010290
0.00008234
0.00012135
0.00012135
0.00006751
0.00141168
0.00141168
0.00142593
0.00142593
0.00014759
0.00020827
0.00020827
0.00018256
0.00018402
0.00000000
0.00000000
0.00000000
0.00000822
0.00002271
0.00013227
0.00013227
0.00012524
0.00131383
0.00131383
0.00091837
0.00091837
0.00006011
0.00012665
0.00012665
0.00006118
0.00013936
0.00013936
0.00013931
0.00013931
0.00017534
0.00021305
0.00021305
0.00008113
0.00008113
0.00013860
0.00013860
0.00007528
0.00142074
0.00142074
0.00009266
0.00149177
0.00149177
0.00145933
0.00145933
0.00009703
0.00154363
0.00154363
0.00010005
0.00000000
0.00005488
0.00000000
0.00000000
0.00006138
0.00009949
0.00007275
0.00006972
0.00009838
0.00011842
0.00018810
0.00018810
0.00011130
0.00008004
0.00014110
0.00014110
0.00007272
0.00044521
0.00044521
0.00000000
0.00004158
0.00109535
0.00109535
0.00064604
0.00088548
0.00088548
0.00000000
0.00000000
0.00189004
0.00189004
0.00181255
0.00005449
0.00141727
0.00141727
0.00011318
0.00004807
0.00005488
0.00000000
0.00000000
0.00016977
0.00000000
0.00000000
0.00000000
0.00016977
0.00009640
0.00102942
0.00122783
0.00122783
0.00005382
0.00002752
0.00040051
0.00140994
0.00140994
0.00025875
0.00025875
0.00013948
0.00013961
0.00013961
0.00005619
0.00000868
0.00107229
0.00107229
0.00000000
0.00006839
0.00014544
0.00014544
0.00007688
0.00011457
0.00011457
0.00010110
0.00006392
0.00008175
0.00212999
0.00212999
0.00017273
0.00002756
0.00000000
0.00093226
0.00093226
0.00014095
0.00000000
0.00000000
0.00081488
0.00078746
0.00335955
0.00335955
0.00070368
0.00165892
0.00165892
0.00251674
0.00251674
0.00043792
0.00183405
0.00183405
0.00012232
0.00008550
0.00203305
0.00203305
0.00002325
0.00038420
0.00189415
0.00189415
0.00018998
0.00018901
0.00073283
0.00009248
0.00018247
0.00042791
0.00289714
0.00289714
0.00337055
0.00337055
0.00026767
0.00148980
0.00148980
0.00000000
0.00015839
0.00024147
0.00119172
0.00119172
0.00001591
0.00038728
0.00011982
0.00143405
0.00143405
0.00208377
0.00208377
0.00015757
0.00020748
0.00189525
0.00189525
0.00015164
0.00045713
0.00045713
0.00008262
0.00016621
0.00016621
0.00018790
0.00077723
0.00077723
0.00148549
0.00148549
0.00375600
0.00437927
0.00437927
0.00300932
0.00300932
0.00056839
0.00179791
0.00179791
0.00000387
0.00000000
0.00000000
0.00008161
0.00010865
0.00002274
0.00010865
0.00031738
0.00018290
0.00000000
0.00092593
0.00092593
0.00017857
0.00001611
0.00000000
0.00049400
0.00170080
0.00170080
0.00009999
0.00007149
0.00195820
0.00195820
0.00016792
0.00000000
0.00014074
0.00173093
0.00173093
0.00045910
0.00208284
0.00208284
0.00162636
0.00162636
0.00044329
0.00000000
0.00251080
0.00251080
0.00201760
0.00126654
0.00126654
0.00014501
0.00051686
0.00051686
0.00024409
0.00000000
0.00000000
0.00000000
0.00127525
0.00127525
0.00299120
0.00299120
0.00047172
0.00000000
0.00000000
0.00012812
0.00012812
0.00011434
0.00112885
0.00112885
0.00000000
0.00028544
0.00002043
0.00000000
0.00002342
0.00020608
0.00020608
0.00055828
0.00055828
0.00013995
0.00022201
0.00022201
0.00018766
0.00014417
0.00014417
0.00073737
0.00073737
0.00010155
0.00010155
0.00028544
0.00065475
0.00065475
0.00189162
0.00189162
0.00013572
0.00054897
0.00054897
0.00010546
0.00012330
0.00012931
0.00017430
0.00017621
0.00017621
0.00000000
0.00260690
0.00260690
0.00252069
0.00022653
0.00159561
0.00159561
0.00056910
0.00056910
0.00029126
0.00046058
0.00099758
0.00099758
0.00009079
0.00018884
0.00018884
0.00152974
0.00152974
0.00020499
0.00020499
0.00007785
0.00009690
0.00012391
0.00012391
0.00012841
0.00000000
0.00000149
0.00172369
0.00172369
0.00018870
0.00001440
0.00018464
0.00020713
0.00020713
0.00017089
0.00020128
0.00020128
0.00016587
0.00210258
0.00210258
0.00007301
0.00009690
0.00002273
0.00047981
0.00047981
0.00000000
0.00004752
0.00123852
0.00163971
0.00163971
0.00011273
0.00178573
0.00178573
0.00020722
0.00149482
0.00184726
0.00184726
0.00006218
0.00011215
0.00016447
0.00002735
0.00002735
0.00016447
0.00071794
0.00071794
0.00025739
0.00013030
0.00167161
0.00167161
0.00205591
0.00205591
0.00116571
0.00010011
0.00022232
0.00017227
0.00224631
0.00224631
0.00176835
0.00010104
0.00010104
0.00145415
0.00145415
0.00011273
0.00006498
0.00158416
0.00158416
0.00022559
0.00000923
0.00026513
0.00030798
0.00196385
0.00196385
0.00245452
0.00245452
0.00030798
0.00013011
0.00000000
0.00000000
0.00072129
0.00199735
0.00199735
0.00074506
0.00074506
0.00000000
0.00004365
0.00024249
0.00011207
0.00004365
0.00024249
0.00014429
0.00009873
0.00012870
0.00012870
0.00000000
0.00000000
0.00209360
0.00209360
0.00016932
0.00153541
0.00153541
0.00000000
0.00024615
0.00176628
0.00180994
0.00180994
0.00022215
0.00011479
0.00008626
0.00012727
0.00016668
0.00000000
0.00013608
0.00022298
0.00024490
0.00031113
0.00031113
0.00067841
0.00067841
0.00006534
0.00002746
0.00001665
0.00000510
0.00014953
0.00184023
0.00184023
0.00006906
0.00014953
0.00018095
0.00151063
0.00257292
0.00257292
0.00035257
0.00029460
0.00015502
0.00000000
0.00005989
0.00158336
0.00158336
0.00126288
0.00000000
0.00004755
0.00109136
0.00109136
0.00013201
0.00094269
0.00094269
0.00009045
0.00001968
0.00167342
0.00167342
0.00053583
0.00005394
0.00022570
0.00007072
0.00010593
0.00087386
0.00087386
0.00236999
0.00236999
0.00015955
0.00190223
0.00190223
0.00013206
0.00015752
0.00015752
0.00011912
0.00004613
0.00004613
0.00017891
0.00017891
0.00015723
0.00011946
0.00003781
0.00003781
0.00014333
0.00018118
0.00018118
0.00010811
0.00010811
0.00010004
0.00175576
0.00175576
0.00131196
0.00096800
0.00252375
0.00252375
0.00039694
0.00110347
0.00110347
0.00088150
0.00162305
0.00162305
0.00077229
0.00154117
0.00154117
0.00092106
0.00183366
0.00183366
0.00109504
0.00242447
0.00242447
0.00024561
0.00000632
0.00056248
0.00056248
0.00010640
0.00008996
0.00017453
0.00017453
0.00010328
0.00010328
0.00013077
0.00013077
0.00011369
0.00011369
0.00004945
0.00000000
0.00000000
0.00159881
0.00159881
0.00060653
0.00000000
0.00067658
0.00067658
0.00028109
0.00000000
0.00000000
0.00000000
0.00000000
0.00000000
0.00197228
0.00197228
0.00015380
0.00025752
0.00017956
0.00238183
0.00238183
0.00006494
0.00002452
0.00000000
0.00019222
0.00176817
0.00176817
0.00019222
0.00023806
0.00000974
0.00004281
0.00105303
0.00139938
0.00139938
0.00007189
0.00135236
0.00156711
0.00156711
0.00059003
0.00012438
0.00008670
0.00192227
0.00192227
0.00087314
0.00009615
0.00001716
0.00002696
0.00045137
0.00045137
0.00013115
0.00005129
0.00008575
0.00030773
0.00000000
0.00008798
0.00000000
0.00012054
0.00023223
0.00017084
0.00013105
0.00010778
0.00198645
0.00198645
0.00020983
0.00004777
0.00118674
0.00118674
0.00003310
0.00003655
0.00008798
0.00212025
0.00212025
0.00011287
0.00011287
0.00004786
0.00011133
0.00005179
0.00005179
0.00071969
0.00071969
0.00007994
0.00007994
0.00009125
0.00009125
0.00004809
0.00171844
0.00205520
0.00205520
0.00145940
0.00145940
0.00014116
0.00017084
0.00205482
0.00205482
0.00288990
0.00288990
0.00158220
0.00158220
0.00141201
0.00141201
0.00030248
0.00006810
0.00154332
0.00154332
0.00012640
0.00012640
0.00000331
0.00000000
0.00003532
0.00009434
0.00009434
0.00008081
0.00013725
0.00013725
0.00000000
0.00001643
0.00082409
0.00082409
0.00000000
0.00012054
0.00130371
0.00130371
0.00240681
0.00240681
0.00008661
0.00000000
0.00000000
0.00026487
0.00026487
0.00014655
0.00161700
0.00161700
0.00158463
0.00007091
0.00009472
0.00139943
0.00139943
0.00181057
0.00181057
0.00011151
0.00012390
0.00005599
