 0.10000	 75.40896606	 98.78553009	 54.18842697	 74.61282349	 97.99845886	 55.18654633	           0	           2
 0.10000	 74.07945251	 97.66012573	 55.82685089	 73.11822510	 97.35664368	 56.93711853	          -1	           3
 0.10000	 72.50759888	 97.15242767	 57.56449890	 71.44215393	 96.77751160	 58.55064774	          -2	           4
 0.10000	 70.70877838	 96.57633972	 59.02952576	 69.32498169	 96.31529999	 59.54427338	          -3	           5
 0.10000	 68.66487885	 96.05064392	 60.09342957	 67.94873810	 95.49693298	 61.28845978	          -4	           6
 0.10000	 67.65491486	 95.06791687	 62.02068710	 67.43907928	 94.24899292	 63.25748062	          -5	           7
 0.10000	 67.43811798	 93.58676147	 63.86349106	 67.68121338	 92.28250885	 64.56060028	          -6	           8
 0.10000	 67.81135559	 91.51278687	 65.00283051	 68.03049469	 90.22325134	 65.73400116	          -7	           9
 0.10000	 68.16636658	 89.45034027	 66.16819000	 68.44704437	 88.16694641	 66.88906097	          -8	          10
 0.10000	 68.34365845	 87.37178040	 67.29138947	 67.74138641	 86.12078094	 67.85528564	          -9	          11
 0.10000	 67.35367584	 85.39046478	 68.20294952	 66.58574677	 84.24745178	 68.79393768	         -10	          12
 0.10000	 66.31281281	 83.45192719	 69.10569000	 66.16795349	 82.02806854	 69.54967499	         -11	          13
 0.10000	 66.16963959	 81.14085388	 69.68157959	 66.35826874	 79.65438843	 69.67238617	         -12	          14
 0.10000	 66.46838379	 78.76794434	 69.59095764	 66.62274933	 77.30425262	 69.30914307	         -13	          15
 0.10000	 66.97194672	 76.50236511	 69.10882568	 67.92440796	 75.41391754	 68.71639252	         -14	          16
 0.10000	 68.51735687	 74.75949860	 68.55824280	 69.56011963	 73.68972015	 68.43923950	         -15	          17
 0.10000	 70.23699188	 73.13478851	 68.24134064	 71.45269775	 72.43685150	 67.71106720	         -16	          18
 0.10000	 72.03323364	 71.80533600	 67.44692993	 72.73068237	 70.51533508	 67.13737488	         -17	          19
 0.10000	 72.93104553	 69.69671631	 66.82868958	 72.82864380	 68.35547638	 66.16796112	         -18	          20
 0.10000	 72.80961609	 67.54092407	 65.79233551	 72.84897614	 66.17201233	 65.18373871	         -19	          21
 0.10000	 72.60008240	 65.38163757	 64.83948517	 71.78771210	 64.21881104	 64.35614777	         -20	          22
 0.10000	 71.26640320	 63.56480408	 64.03185272	 70.29000092	 62.58987427	 63.44737244	         -21	          23
 0.10000	 69.76679230	 61.92906952	 63.14079666	 68.96213531	 60.75345230	 62.67619324	         -22	          24
 0.10000	 68.66619873	 59.91624832	 62.54911804	 68.54369354	 58.42424774	 62.61437225	         -23	          25
 0.10000	 68.43624115	 57.53465652	 62.64681625	 68.24288177	 56.05163193	 62.73679733	         -24	          26
 0.10000	 68.20101929	 55.15618134	 62.75305939	 68.29212189	 53.66145706	 62.70112991	         -25	          27
 0.10000	 68.15924835	 52.77710724	 62.77086639	 67.67763519	 51.38209915	 63.03123474	         -26	          28
 0.10000	 67.23630524	 50.63452148	 63.25804901	 66.28086090	 49.58945465	 63.74891281	         -27	          29
 0.10000	 65.59279633	 49.10335922	 64.05850220	 64.27178192	 48.58078003	 64.53636932	         -28	          30
 0.10000	 63.56723022	 48.36270905	 65.04814148	 62.60573959	 48.19071198	 66.18502045	         -29	          31
 0.10000	 62.09916687	 48.25543976	 66.92327881	 61.50749969	 48.64289856	 68.24475861	         -30	          32
 0.10000	 60.91797638	 48.93987274	 68.85302734	 59.68255615	 49.52450562	 69.46772766	         -31	          33
 0.10000	 58.96612930	 49.88422775	 69.86997986	 57.78168488	 50.51350784	 70.53802490	         -32	          34
 0.10000	 57.06160355	 50.86923981	 70.93689728	 55.84859848	 51.45616150	 71.59226227	         -33	          35
 0.10000	 55.12120819	 51.67989731	 72.06738281	 53.95521927	 51.79458237	 73.00193024	         -34	          36
 0.10000	 53.19192886	 52.00462341	 73.42513275	 51.90121078	 52.61132812	 73.88655853	         -35	          37
 0.10000	 51.03413010	 52.69169235	 74.10638428	 49.59164047	 52.31552124	 74.26447296	         -36	          38
 0.10000	 48.74479675	 52.31698608	 74.56343842	 47.49295044	 52.62719727	 75.32731628	         -37	          39
 0.10000	 46.75198746	 52.83375549	 75.79008484	 45.59249496	 53.23779297	 76.64963531	         -38	          40
 0.10000	 44.79491806	 53.54265976	 76.92649841	 43.41869736	 54.13575363	 76.95213318	         -39	          41
 0.10000	 42.57430649	 54.42973709	 77.02980042	 41.13530731	 54.78309631	 77.25504303	         -40	          42
 0.10000	 40.32633591	 55.16466141	 77.17947388	 39.19372940	 56.03303909	 76.72172546	         -41	          43
 0.10000	 38.44783020	 56.45656967	 76.45742035	 37.13506317	 57.04318237	 76.03443146	         -42	          44
 0.10000	 36.39322281	 57.27566910	 75.58551788	 35.31775665	 57.46709061	 74.55922699	         -43	          45
 0.10000	 34.65084076	 57.36772537	 73.96649170	 33.57149887	 56.88602448	 73.04470062	         -44	          46
 0.10000	 33.08106613	 56.35407257	 72.51331329	 32.60569763	 55.13805008	 71.77735901	         -45	          47
 0.10000	 32.35799789	 54.40652847	 71.32059479	 32.06614685	 53.14132690	 70.57243347	         -46	          48
 0.10000	 31.77424812	 52.44739914	 70.08479309	 31.12230492	 51.40333939	 69.23029327	         -47	          49
 0.10000	 30.70539474	 50.80548859	 68.70806122	 29.94178009	 49.86446381	 67.82703400	         -48	          50
 0.10000	 29.58730316	 49.29786682	 67.22943878	 29.17120934	 48.37022781	 66.12886810	         -49	          51
 0.10000	 28.89352417	 47.79479980	 65.49982452	 28.39857101	 46.79661179	 64.49800110	         -50	          52
 0.10000	 28.03907394	 46.21714783	 63.91555405	 27.32158279	 45.27720642	 62.99516678	         -51	          53
 0.10000	 26.96682739	 44.75115967	 62.36108017	 26.49782753	 43.92941666	 61.19894791	         -52	          54
 0.10000	 26.27260590	 43.60105133	 60.39485931	 26.02252388	 43.36640549	 58.93598938	         -53	          55
 0.10000	 25.86900330	 43.21515656	 58.06505585	 25.58889771	 42.99195480	 56.60984039	         -54	          56
 0.10000	 25.60949516	 42.69221878	 55.76435089	 25.97029686	 41.94977570	 54.51358032	         -55	          57
 0.10000	 26.10018158	 41.52521896	 53.73409653	 26.21724701	 40.83015823	 52.41170502	         -56	          58
 0.10000	 26.20904541	 40.39727402	 51.62606430	 26.07513428	 39.60872650	 50.35875320	         -57	          59
 0.10000	 25.87910271	 39.38059616	 49.51342010	 25.37194061	 39.43395615	 48.10427094	         -58	          60
 0.10000	 25.10228729	 39.51926804	 47.25307083	 24.69400597	 39.81795883	 45.84257507	         -59	          61
 0.10000	 24.44001389	 39.90240479	 44.98652649	 24.01370621	 39.94551849	 43.55050659	         -60	          62
 0.10000	 23.74111748	 39.74309540	 42.71990967	 23.26336288	 39.05989075	 41.47444153	         -61	          63
 0.10000	 23.10323334	 38.51762390	 40.77733231	 23.08058167	 37.37535095	 39.80712509	         -62	          64
 0.10000	 22.98328018	 36.81798935	 39.11000824	 22.64653587	 36.10096741	 37.83743286	         -63	          65
 0.10000	 22.75169182	 35.72002792	 37.03105164	 23.40816307	 35.27151489	 35.76028061	         -64	          66
 0.10000	 23.76090050	 34.99353790	 34.98271942	 24.35610008	 34.48152542	 33.70574570	         -65	          67
 0.10000	 24.65605545	 34.45815277	 32.85947800	 24.95478630	 34.87619781	 31.45116234	         -66	          68
 0.10000	 25.34849167	 35.20225143	 30.71261024	 26.30196381	 35.89253616	 29.78435898	         -67	          69
 0.10000	 26.75713730	 36.29653168	 29.12392426	 27.29946518	 36.91727066	 27.87183189	         -68	          70
 0.10000	 27.80167770	 37.44279099	 27.34450340	 28.77763748	 38.48519897	 26.88871574	         -69	          71
 0.10000	 29.49404526	 39.01200104	 26.76605225	 30.81662369	 39.70670700	 26.88615990	         -70	          72
 0.10000	 31.66246796	 40.00188828	 26.93538666	 33.13699341	 40.25434494	 27.02284050	         -71	          73
 0.10000	 34.01350021	 40.44214630	 27.05491257	 35.46062088	 40.83117294	 27.06144333	         -72	          74
 0.10000	 36.35422516	 40.84156799	 27.13913918	 37.79217529	 40.49391174	 27.37776566	         -73	          75
 0.10000	 38.65681458	 40.30567169	 27.52434349	 40.11088562	 40.02201462	 27.74968338	         -74	          76
 0.10000	 40.87041092	 39.67909622	 28.08171654	 41.82978821	 38.87614822	 28.90648270	         -75	          77
 0.10000	 42.43912125	 38.42773056	 29.38772774	 43.47829056	 37.71022797	 30.19407082	         -76	          78
 0.10000	 44.08920670	 37.26391220	 30.67510605	 45.08886337	 36.49636841	 31.48532867	         -77	          79
 0.10000	 45.69866943	 36.02350235	 31.94220734	 46.71275711	 35.22606659	 32.70467758	         -78	          80
 0.10000	 47.40779114	 34.69165039	 32.89558792	 48.58078766	 33.77685165	 32.71357727	         -79	          81
 0.10000	 49.36813354	 33.34838486	 32.67678452	 50.77692413	 32.83757019	 32.67377853	         -80	          82
 0.10000	 51.65037155	 32.63599777	 32.70914841	 53.13388824	 32.46644592	 32.83655167	         -81	          83
 0.10000	 54.02212143	 32.57197952	 32.90730286	 55.43313980	 33.06740189	 33.00543594	         -82	          84
 0.10000	 56.18616867	 33.54365921	 33.11177444	 57.17890167	 34.64223862	 33.34279251	         -83	          85
 0.10000	 57.88286972	 35.15774536	 33.55096054	 59.16229630	 35.78873062	 34.00942230	         -84	          86
 0.10000	 59.93437958	 36.16056442	 34.27365494	 61.24459839	 36.73120880	 34.72398376	         -85	          87
 0.10000	 62.00322723	 37.17219925	 34.90939713	 63.17866516	 38.08992767	 35.05696869	         -86	          88
 0.10000	 63.98524475	 38.44749451	 35.21997070	 65.41323090	 38.72082901	 35.58340073	         -87	          89
 0.10000	 66.28066254	 38.78279877	 35.80452347	 67.71688843	 38.62654114	 36.20330811	         -88	          90
 0.10000	 68.59436035	 38.77546310	 36.31784058	 69.95358276	 39.40583038	 36.28421783	         -89	          91
 0.10000	 70.81611633	 39.65270615	 36.27557373	 72.29540253	 39.89198303	 36.28801346	         -90	          92
 0.10000	 73.16816711	 39.99531937	 36.10784531	 74.54837799	 40.10043335	 35.53368378	         -91	          93
 0.10000	 75.30609131	 40.03430557	 35.05804825	 76.36770630	 39.68649292	 34.05920792	         -92	          94
 0.10000	 77.03125763	 39.59895706	 33.46195221	 78.14093781	 39.63692474	 32.45550156	         -93	          95
 0.10000	 78.80805206	 39.61137772	 31.85581398	 79.93716431	 39.55623245	 30.87167740	         -94	          96
 0.10000	 80.49354553	 39.29527283	 30.21705437	 81.18292999	 38.52261353	 29.13310242	         -95	          97
 0.10000	 81.35186005	 38.02260590	 28.40619659	 81.17546082	 37.14803314	 27.20130920	         -96	          98
 0.10000	 81.08473206	 36.74757385	 26.40200996	 80.92436218	 36.27364731	 24.98857498	         -97	          99
 0.10000	 80.73307037	 36.12517548	 24.12284088	 80.28704834	 36.14376450	 22.69121170	         -98	         100
 0.10000	 79.93968964	 35.88734436	 21.90214348	 79.28368378	 35.11573410	 20.79584885	         -99	           0
