1.49996
2.39981
3.89962
4.77667
6.14109
6.99604
8.45838
8.82288
7.92244
8.05091
9.04870
9.78967
11.03759
11.75379
12.93588
13.41945
12.81939
12.74901
12.86584
13.53769
14.33230
14.32035
13.34086
12.58667
11.65899
11.07071
10.37050
9.78182
8.95149
8.64617
9.15853
9.57886
10.45014
11.27206
12.12242
12.89170
12.69630
12.32765
11.87787
12.23063
13.33833
14.00360
14.95051
15.22030
14.34009
14.86205
16.08579
16.97115
18.25434
18.68907
18.54142
18.70389
19.13544
19.33846
19.56536
18.78064
17.85428
17.02040
15.71998
15.01197
14.07355
13.56587
12.84314
12.57539
12.74984
12.30799
11.49501
11.52201
11.96198
12.53766
13.06757
12.32425
11.16761
11.10763
12.40578
12.98199
13.54743
13.81326
14.02452
14.35566
15.12060
15.65595
16.19211
16.88101
18.16136
18.48323
17.33778
16.89404
17.72132
17.78074
17.31686
17.38592
17.87700
17.97776
17.72436
17.79245
18.12521
18.39765
18.03128
18.70228
18.99857
19.61406
20.80162
21.06606
20.19493
20.19704
20.86664
21.38632
22.22432
22.61773
22.86525
22.95834
23.04116
22.74421
21.53904
21.70570
22.87564
23.59405
23.68747
23.03723
21.73606
21.11789
20.31884
19.65847
18.33135
17.80511
17.56122
17.83841
19.10254
18.98550
17.58649
16.75322
15.30067
14.40588
13.09527
12.34367
11.22361
10.60326
9.71364
9.28223
8.75186
8.70696
9.11924
9.45823
10.37036
10.23835
9.21126
8.75352
8.23085
8.45361
9.60785
10.38837
11.81055
12.57532
13.62638
14.37225
15.70616
16.09423
15.48724
14.80357
13.30664
13.16912
14.62698
15.12544
15.22493
14.81017
13.49882
12.76566
11.85449
11.11852
10.51310
9.66675
8.27490
8.56742
9.99584
10.25643
10.71716
11.06230
11.14270
11.23680
11.17349
11.67115
13.11666
13.59299
13.20138
13.97281
14.51070
15.11997
16.01253
15.73400
14.26643
14.14433
15.41384
16.23671
17.42370
18.08657
18.26776
18.51033
18.89560
19.34143
20.24558
20.98657
21.28138
22.11293
22.90424
23.10592
22.58060
22.70226
23.44053
23.97934
25.01742
25.39729
25.45068
25.35958
25.30026
24.51250
23.96836
24.21269
25.44606
25.87255
25.66951
24.99443
23.50899
22.62301
21.23312
20.45203
19.36822
18.57754
17.31975
16.84038
16.70594
16.81185
17.61873
17.83029
18.10361
18.07694
17.42556
17.01165
16.05084
16.49822
17.95066
18.84921
20.33452
20.77046
20.40148
20.60108
20.96918
20.44933
19.38024
18.93668
18.78518
18.64873
18.31015
18.60258
19.71938
19.81210
18.96900
18.59127
18.05518
18.09476
18.70863
18.57576
18.38075
18.85063
19.56723
20.41064
21.32277
21.03343
19.88248
19.42187
18.28138
17.71275
18.46011
19.34194
20.57395
21.46347
22.19084
22.66610
22.45944
22.58931
23.05160
23.16820
22.87818
23.16644
23.82776
24.67650
24.55886
24.76100
25.06235
25.45021
25.35084
25.37953
25.37187
25.44550
25.66651
25.82476
25.89160
26.60287
27.55927
28.15666
28.96852
29.59842
30.52340
30.79567
31.36872
31.13293
29.94048
29.11502
28.39649
27.56463
26.15561
25.83990
26.77443
27.55856
28.94363
29.54117
29.72863
29.68845
29.51457
28.87304
28.09773
27.37543
26.02100
25.24218
23.98409
23.26332
22.42141
21.55357
20.35899
19.69184
19.19127
18.88107
18.47865
18.81031
19.89110
20.20473
20.17893
19.81526
18.71497
18.08132
17.13909
16.78138
17.09984
16.82141
17.43836
17.27255
15.91729
15.18686
14.26420
14.06153
14.89345
14.51066
13.07264
12.37837
12.80051
12.72963
12.44191
12.21884
12.16644
12.24845
12.55413
12.76204
13.28034
13.10027
12.02096
12.42261
13.80133
14.63361
15.19881
15.99867
17.34752
18.12684
19.30442
19.86054
20.59224
20.87807
20.55170
21.35917
22.07122
22.83504
23.38310
22.89694
21.63909
20.90944
20.10047
19.74466
19.80086
20.06494
20.76694
20.81349
20.25833
20.27616
20.69301
21.00412
21.73376
22.50489
23.96502
24.47977
24.11119
24.74127
26.12036
26.64290
26.37154
26.91571
27.20863
27.92688
27.70784
28.16195
29.43450
29.88149
29.92256
29.38373
28.94987
29.19926
29.07892
28.22528
27.68089
27.97990
28.94440
29.77031
31.04968
31.08974
29.70202
29.68752
30.15305
30.53513
30.80646
30.88099
29.97465
29.18658
28.63397
28.21894
27.44238
27.23368
26.44185
26.18136
26.13730
25.80902
24.85530
24.79946
25.53487
25.89235
25.94964
26.23937
26.62430
27.51315
27.36213
28.20656
28.78081
29.59687
30.89870
31.72296
33.20796
33.20478
31.74663
31.32383
32.53970
32.62760
31.83376
31.19210
29.99759
29.21113
29.33358
29.21209
28.97139
28.99815
29.20594
29.50355
29.39058
29.81369
31.06012
31.72584
32.65997
33.18674
33.62473
34.52177
34.87864
35.60471
36.95297
37.81102
39.27046
39.69365
38.98217
39.62195
40.98789
41.73893
43.18767
44.06285
45.39989
46.06736
45.50304
44.68606
43.38501
42.74523
41.40305
41.12508
42.41508
43.11659
43.83768
44.71949
44.96353
45.60549
45.46881
45.53866
45.59500
45.81566
46.20463
47.08270
48.05218
48.32325
47.54793
47.56541
48.23998
48.47633
48.27631
48.86784
50.35934
51.22700
52.26792
52.87447
52.88092
52.70609
51.86321
51.90011
52.68181
53.48420
54.80219
55.53815
56.33521
57.06242
57.99275
58.80591
59.36728
59.44564
58.92479
58.67369
58.52061
58.23106
57.40593
57.62948
58.18726
58.06022
56.95914
57.15342
58.53466
59.09794
58.76541
58.64688
58.19587
58.34732
59.44696
59.49023
58.18663
58.05519
59.02534
59.41938
60.22486
59.77818
58.31864
57.85068
58.07828
58.88963
59.18412
59.86433
61.02291
61.91850
62.80488
63.66590
64.55671
65.37264
66.78652
67.45724
67.28306
67.39649
67.40924
67.57897
68.18916
68.12430
67.42945
66.83169
65.63725
65.00627
65.21950
65.01151
64.29953
64.42525
65.21277
66.01911
66.16905
67.03663
67.56633
68.17015
69.12386
69.94082
69.55709
70.34154
70.91350
71.41262
72.02923
72.53651
72.41551
73.06291
74.39233
75.17514
76.42084
76.54219
75.50116
74.60633
73.55001
72.90994
72.09105
71.32620
69.86396
69.42150
70.12421
70.03315
69.23971
69.59277
70.91399
71.69321
71.61572
71.92119
72.58510
72.51803
71.86217
71.19352
69.76494
69.59740
70.77753
71.48497
70.95006
