0.00002705
0.00059246
0.00063445
0.00063445
0.00012902
0.00003561
0.00003561
0.00002474
0.00004485
0.00008040
0.00008040
0.00003735
0.00002841
0.00004648
0.00004648
0.00002429
0.00005058
0.00009039
0.00014523
0.00014523
0.00009263
0.00005531
0.00005531
0.00001606
0.00091031
0.00091031
0.00023394
0.00142589
0.00306387
0.00423518
0.00423518
0.00216982
0.00216982
0.00003026
0.00004698
0.00004698
0.00000000
0.00001756
0.00012899
0.00001511
0.00322571
0.00322571
0.00024270
0.00275991
0.00359459
0.00359459
0.00158668
0.00015833
0.00014789
0.00002342
0.00000522
0.00076864
0.00076864
0.00006700
0.00000000
0.00000000
0.00000000
0.00003938
0.00002065
0.00002427
0.00035285
0.00035285
0.00001169
0.00017296
0.00027643
0.00033704
0.00033704
0.00009100
0.00009100
0.00006113
0.00006113
0.00004302
0.00004302
0.00000368
0.00008574
0.00044078
0.00044078
0.00087043
0.00093540
0.00093540
0.00003570
0.00003570
0.00002824
0.00003049
0.00003049
0.00005954
0.00005954
0.00003230
0.00002614
0.00000000
0.00000370
0.00093908
0.00093908
0.00005136
0.00002379
0.00002876
0.00006843
0.00006843
0.00004191
0.00004191
