0.00064054
0.00075767
0.00080706
0.00095973
0.00095973
0.00069932
0.00089051
0.00089051
0.00102971
0.00112810
0.00112810
0.00098766
0.00068274
0.00076257
0.00076257
0.00079355
0.00106312
0.00156949
0.00156949
0.00164076
0.00164076
0.00093429
0.00073150
0.00085792
0.00127289
0.00127289
0.00109575
0.00109575
0.00113713
0.00113713
0.00104647
0.00104647
0.00109838
0.00109838
0.00070495
0.00071817
0.00077445
0.00077445
0.00088218
0.00102402
0.00102402
0.00057785
0.00103771
0.00110564
0.00110564
0.00103391
0.00103391
0.00071848
0.00071848
0.00094027
0.00094027
0.00112771
0.00112771
0.00102292
0.00135156
0.00169416
0.00169416
0.00121521
0.00108611
0.00102173
0.00065666
0.00065666
0.00062445
0.00110824
0.00110824
0.00094303
0.00121120
0.00121120
0.00059982
0.00059982
0.00082120
0.00082120
0.00068712
0.00091836
0.00163989
0.00163989
0.00094386
0.00102632
0.00102632
0.00096534
0.00096534
0.00088555
0.00088555
0.00122900
0.00167790
0.00174334
0.00174334
0.00153070
0.00153070
0.00124907
0.00103880
0.00145568
0.00206237
0.00206237
0.00185049
0.00151354
0.00177671
0.00243195
0.00254219
0.00254219
0.00199415
0.00129444
0.00081612
0.00080616
0.00080616
0.00090211
0.00154953
0.00184690
0.00184690
0.00109376
0.00072478
0.00057010
0.00109380
0.00151522
0.00151522
0.00132412
0.00096356
0.00096356
0.00094866
0.00063552
0.00069935
0.00143486
0.00204509
0.00211863
0.00211863
0.00160942
0.00110282
0.00075227
0.00050914
0.00056708
0.00069445
0.00120784
0.00120784
0.00066142
0.00044574
0.00072221
0.00072221
0.00050431
0.00074901
0.00074901
0.00055876
0.00070866
0.00134724
0.00150012
0.00150012
0.00098915
0.00052500
0.00085571
0.00085571
0.00076701
0.00049314
0.00035188
0.00049477
0.00049477
0.00053076
0.00058258
0.00065414
0.00065414
0.00044517
0.00043457
0.00042628
0.00055589
0.00061003
0.00082315
0.00082315
0.00073530
0.00049741
0.00055011
0.00055011
0.00054515
0.00083620
0.00083620
0.00072253
0.00072253
0.00069967
0.00069967
0.00063166
0.00137973
0.00225224
0.00245193
0.00245193
0.00226004
0.00177076
0.00224101
0.00229414
0.00229414
0.00241024
0.00241024
0.00170881
0.00111882
0.00104418
0.00086240
0.00086650
0.00086650
0.00073004
0.00095602
0.00095602
0.00073514
0.00093065
0.00093065
0.00072747
0.00072747
0.00069417
0.00066751
0.00080118
0.00080118
0.00049314
0.00070762
0.00131843
0.00135922
0.00135922
0.00137280
0.00137280
0.00098429
0.00062671
0.00046438
0.00000000
0.00000000
0.00000000
0.00010751
0.00122586
0.00000000
0.00045935
0.00076590
0.00076590
0.00068362
0.00059501
0.00060678
0.00060678
0.00071308
0.00071308
0.00009752
0.00000000
0.00122586
0.00000000
0.00000000
0.00000000
0.00017937
0.00061110
0.00088239
0.00133604
0.00133604
0.00112418
0.00112418
0.00081360
0.00059914
0.00085156
0.00085156
0.00071636
0.00102554
0.00102554
0.00100175
0.00086864
0.00086864
0.00104894
0.00115009
0.00179445
0.00179445
0.00165904
0.00137498
0.00092210
0.00138975
0.00138975
0.00113671
0.00083471
0.00086092
0.00086092
0.00057633
0.00076207
0.00124467
0.00187052
0.00225209
0.00225209
0.00197785
0.00178632
0.00178415
0.00124342
0.00095882
0.00121410
0.00121410
0.00094975
0.00094975
0.00104771
0.00115842
0.00115842
0.00086062
0.00071677
0.00069411
0.00065659
0.00078473
0.00078473
0.00077905
0.00100417
0.00100417
0.00100923
0.00100923
0.00115372
0.00115372
0.00084071
0.00077970
0.00064664
0.00062136
0.00078123
0.00107510
0.00107510
0.00064002
0.00064002
0.00072731
0.00116140
0.00116140
0.00090329
0.00114690
0.00152182
0.00152182
0.00166445
0.00222311
0.00273203
0.00273203
0.00209605
0.00135432
0.00090589
0.00138786
0.00183822
0.00183822
0.00135481
0.00135481
0.00134187
0.00078421
0.00040091
0.00032427
0.00055349
0.00076521
0.00076521
0.00067656
0.00046846
0.00045786
0.00093592
0.00109181
0.00109181
0.00075028
0.00032879
0.00030168
0.00034131
0.00034131
0.00068057
0.00068057
0.00064523
0.00063556
0.00053231
0.00038848
0.00082990
0.00138649
0.00138649
0.00082732
0.00066289
0.00066289
0.00066122
0.00066644
0.00066644
0.00062042
0.00056840
0.00056840
0.00071723
0.00071723
0.00091648
0.00107768
0.00173617
0.00197539
0.00197539
0.00192974
0.00105494
0.00089531
0.00089531
0.00061675
0.00068423
0.00093655
0.00093655
0.00106570
0.00106570
0.00086921
0.00173504
0.00238792
0.00238792
0.00228648
0.00161761
0.00111578
0.00098706
0.00068998
0.00060301
0.00096363
0.00096422
0.00096422
0.00108214
0.00108214
0.00098650
0.00089578
0.00089578
0.00088501
0.00094737
0.00133029
0.00133029
0.00116384
0.00080192
0.00101427
0.00167412
0.00167412
0.00164579
0.00104394
0.00082446
0.00082446
0.00067367
0.00083694
0.00094724
0.00134433
0.00210177
0.00210177
0.00163750
0.00133920
0.00134608
0.00134608
0.00122087
0.00116142
0.00116142
0.00078171
0.00075717
0.00066506
0.00099789
0.00099789
0.00095819
0.00095819
0.00049840
0.00108753
0.00133152
0.00142824
0.00142824
0.00085407
0.00097948
0.00097948
0.00091593
0.00068993
0.00106892
0.00110837
0.00130879
0.00130879
0.00108196
0.00108196
0.00098383
0.00093995
0.00058818
0.00115915
0.00115915
0.00091795
0.00068758
0.00068758
0.00063914
0.00076527
0.00079347
0.00079347
0.00077701
0.00081144
0.00087970
0.00087970
0.00060120
0.00094274
0.00117935
0.00155085
0.00183829
0.00187525
0.00187525
0.00161645
0.00107528
0.00073546
0.00073546
0.00057989
0.00049395
0.00063824
0.00063824
0.00048871
0.00055466
0.00055466
0.00063064
0.00063064
0.00060230
0.00065789
0.00065789
0.00048957
0.00068994
0.00068994
0.00043198
0.00068774
0.00111744
0.00144420
0.00144420
0.00131503
0.00092053
0.00068030
0.00051346
0.00067615
0.00071742
0.00071742
0.00041612
0.00032565
0.00047365
0.00047365
0.00054850
0.00085836
0.00085836
0.00047427
0.00034538
0.00033285
0.00017798
0.00036091
0.00058990
0.00095806
0.00143225
0.00185294
0.00239275
0.00239275
0.00230702
0.00155318
0.00152663
0.00152663
0.00120156
0.00085642
0.00049082
0.00042916
0.00042916
0.00059598
0.00059598
0.00043063
0.00046734
0.00066559
0.00088666
0.00089036
0.00089036
0.00077174
0.00092863
0.00092863
0.00114218
0.00220896
0.00310495
0.00330650
0.00334482
0.00334482
0.00319072
0.00288527
0.00226564
0.00134096
0.00056395
0.00052669
0.00050697
0.00051389
0.00065465
0.00065465
0.00070463
0.00070463
0.00072026
0.00072026
0.00042022
0.00044329
0.00052172
0.00052172
0.00042352
0.00061194
0.00061194
0.00052202
0.00052202
0.00024550
0.00024550
0.00030653
0.00030653
0.00051218
0.00051218
0.00050457
0.00045831
0.00031384
0.00033578
0.00055436
0.00069666
0.00105521
0.00149468
0.00178428
0.00178428
0.00164542
0.00121337
0.00070291
0.00056480
0.00052892
0.00049174
0.00041155
0.00041155
0.00064593
0.00064593
0.00041778
0.00044027
0.00044027
0.00059388
0.00059388
0.00058384
0.00039807
0.00040780
0.00040780
0.00036734
0.00040607
0.00040607
0.00049440
0.00051804
0.00051804
0.00041086
0.00031657
0.00033208
0.00069376
0.00101102
0.00102811
0.00117300
0.00117300
0.00101347
0.00082489
0.00082489
0.00077567
0.00095107
0.00095107
0.00070019
0.00036230
0.00044166
0.00057212
0.00057212
0.00041163
0.00032499
0.00051382
0.00054075
0.00054075
0.00044383
0.00064538
0.00064538
0.00057413
0.00043777
0.00052195
0.00052269
0.00052269
0.00040473
0.00029252
0.00033946
0.00060476
0.00060476
0.00058707
0.00046969
0.00045096
0.00045096
0.00031712
0.00040965
0.00050368
0.00065256
0.00065256
0.00103065
0.00136244
0.00156629
0.00156629
0.00116632
0.00117971
0.00182020
0.00240663
0.00267636
0.00300144
0.00300144
0.00298575
0.00218136
0.00112147
0.00039264
0.00039962
0.00039962
0.00037572
0.00070104
0.00111952
0.00179967
0.00227618
0.00227618
0.00189728
0.00147314
0.00074313
0.00057187
0.00057187
0.00041408
0.00041408
0.00029574
0.00057465
0.00057465
0.00043806
0.00062993
0.00062993
0.00039931
0.00027942
0.00049595
0.00053933
0.00053933
0.00026919
0.00049697
0.00081949
0.00081949
0.00075529
0.00033513
0.00034127
0.00034127
0.00046754
0.00046754
0.00037115
0.00031079
0.00063036
0.00103500
0.00103500
0.00074313
0.00061282
0.00061282
0.00060793
0.00064108
0.00073305
0.00073305
0.00030794
0.00030794
0.00050306
0.00050306
0.00061229
0.00090006
0.00098084
0.00189697
0.00270265
0.00306567
0.00333251
0.00333251
0.00274254
0.00162602
0.00067187
0.00051375
0.00042159
0.00042159
0.00044956
0.00047739
0.00059809
0.00111253
0.00156908
0.00234628
0.00336041
0.00383992
0.00383992
0.00361456
0.00315589
0.00271129
0.00224817
0.00224817
0.00184888
0.00116104
0.00112845
0.00079714
0.00057699
0.00062172
0.00062172
0.00052118
0.00047923
0.00047684
0.00048934
0.00064144
0.00074412
0.00074412
0.00129759
0.00140215
0.00140215
0.00111941
0.00056541
0.00055179
0.00063889
0.00063889
0.00048297
0.00058140
0.00071497
0.00083749
0.00102409
0.00102409
0.00081903
0.00075966
0.00066596
0.00046924
0.00046924
0.00039327
0.00046288
0.00046288
0.00048060
0.00048060
0.00057439
0.00057439
0.00072549
0.00077147
0.00077147
0.00073790
0.00039963
0.00043196
0.00074920
0.00074920
0.00051123
0.00044209
0.00048532
0.00066148
0.00066148
0.00044986
0.00045623
0.00052536
0.00052536
0.00035994
0.00030307
0.00051783
0.00060954
0.00064929
0.00064929
0.00040652
0.00033559
0.00030411
0.00036475
0.00036475
0.00026269
0.00019413
0.00028706
0.00028706
0.00024312
0.00029956
0.00040611
0.00040611
0.00037214
0.00030539
0.00041314
0.00057571
0.00091159
0.00177705
0.00224076
0.00224076
0.00202778
0.00146626
0.00181912
0.00204951
0.00226382
0.00250838
0.00260252
0.00276703
0.00276703
0.00232172
0.00150883
0.00068118
0.00055836
0.00048502
0.00048502
0.00047416
0.00047416
0.00032582
0.00032582
0.00025149
0.00028505
0.00063525
0.00116001
0.00153886
0.00153886
0.00120242
0.00122499
0.00122499
0.00090456
0.00038994
0.00042139
0.00042139
0.00066401
0.00080031
0.00081018
0.00081018
0.00061678
0.00064272
0.00064272
0.00049089
0.00046880
0.00046880
0.00025141
0.00030468
0.00041923
0.00041923
0.00026525
0.00020527
0.00029374
0.00032445
0.00054519
0.00054519
0.00038074
0.00056030
0.00066660
0.00099312
0.00112403
0.00128644
0.00128644
0.00084869
0.00084869
0.00054763
0.00061240
0.00097435
0.00097435
0.00065474
0.00037228
0.00046160
0.00079008
0.00116100
0.00193667
0.00199117
0.00199117
0.00175102
0.00105593
0.00067649
0.00065170
0.00096406
0.00102959
0.00122077
0.00122077
0.00098038
0.00052705
0.00043364
0.00043364
0.00042205
0.00062558
0.00062558
0.00049432
0.00049432
0.00053484
0.00053484
0.00048380
0.00031955
0.00033385
0.00051643
0.00060403
0.00060403
0.00052626
0.00038562
0.00054239
0.00054239
0.00042018
0.00050542
0.00050542
0.00049348
0.00039907
0.00026507
0.00030068
0.00048594
0.00048594
0.00051586
0.00051586
0.00032015
0.00053678
0.00070318
0.00092858
0.00114072
0.00114072
0.00079493
0.00039763
0.00046832
0.00051466
0.00052533
0.00078383
0.00078383
0.00057181
0.00054723
0.00030117
0.00049274
0.00049274
0.00046554
0.00046554
0.00079798
0.00116551
0.00116551
0.00105264
0.00105264
0.00090955
0.00037166
0.00033074
0.00029544
0.00057559
0.00074309
0.00081699
0.00081699
0.00077723
0.00049633
0.00040204
0.00031042
0.00037847
0.00042180
0.00044331
0.00044331
0.00039486
0.00032520
0.00027916
0.00036266
0.00036266
0.00031946
0.00031283
0.00048240
0.00057964
0.00057964
0.00035320
0.00042784
0.00042784
