0.00014256
0.00041624
0.00041624
0.00042439
0.00042439
0.00030532
0.00033672
0.00033672
0.00005640
0.00005640
0.00000000
0.00000000
0.00000000
0.00000000
0.00012158
0.00000000
0.00000000
0.00000000
0.00012158
0.00045871
0.00011345
0.00000000
0.00000000
0.00000000
0.00006114
0.00030922
0.00030922
0.00035012
0.00035012
0.00028145
0.00015959
0.00010814
0.00014051
0.00014051
0.00011297
0.00007233
0.00034104
0.00034104
0.00007316
0.00009494
0.00012597
0.00021151
0.00021151
0.00011612
0.00009745
0.00045871
0.00000000
0.00000000
0.00008979
0.00016838
0.00016838
0.00011362
0.00011362
0.00031218
0.00031218
0.00013727
0.00022448
0.00022448
0.00014273
0.00032940
0.00032940
0.00029620
0.00029620
0.00028001
0.00006591
0.00015503
0.00015503
0.00011219
0.00011219
0.00060187
0.00060187
0.00031742
0.00031742
0.00040131
0.00040131
0.00023770
0.00023770
0.00020478
0.00020478
0.00036120
0.00036120
0.00017838
0.00017838
0.00021718
0.00033674
0.00038510
0.00038510
0.00025459
0.00014494
0.00042861
0.00042861
0.00036261
0.00035370
0.00035370
0.00019936
0.00023187
0.00038795
0.00038795
0.00016038
0.00019689
0.00019689
0.00026249
0.00060195
0.00060195
0.00008819
0.00035784
0.00052757
0.00052757
0.00013187
0.00013187
0.00030663
0.00030663
0.00040013
0.00040013
0.00032292
0.00050262
0.00050262
0.00012303
0.00018758
0.00018758
0.00013432
0.00030335
0.00030335
0.00022387
0.00012961
0.00028835
0.00051449
0.00051449
0.00021260
0.00027746
0.00034789
0.00054069
0.00054069
0.00049464
0.00029360
0.00016278
0.00026196
0.00029060
0.00034306
0.00044849
0.00050418
0.00050418
0.00037718
0.00037718
0.00041235
0.00064707
0.00070523
0.00070523
0.00048780
0.00050503
0.00077363
0.00077363
0.00052047
0.00044768
0.00087080
0.00122028
0.00122028
0.00077014
0.00028007
0.00031760
0.00031760
0.00018879
0.00018995
0.00018995
0.00000000
0.00033808
0.00043668
0.00071648
0.00096707
0.00096707
0.00066414
0.00017835
0.00033092
0.00054031
0.00054031
0.00017845
0.00063108
0.00063108
0.00040861
0.00040861
0.00038491
0.00062757
0.00075827
0.00075827
0.00073260
0.00064007
0.00064007
0.00046870
0.00018748
0.00025945
0.00039267
0.00039267
0.00034830
0.00027417
0.00027417
0.00027803
0.00042533
0.00042533
0.00052483
0.00059107
0.00059107
0.00036339
0.00046822
0.00046822
0.00024278
0.00048833
0.00048833
0.00028596
0.00061021
0.00061021
0.00047217
0.00047822
0.00053650
0.00053650
0.00089502
0.00089502
0.00072605
0.00080380
0.00080380
0.00049124
0.00045358
0.00042983
0.00039213
0.00064447
0.00092899
0.00092899
0.00045504
0.00036454
0.00064567
0.00064567
0.00053534
0.00056667
0.00056667
0.00044321
0.00029514
0.00050412
0.00050412
0.00073012
0.00073012
0.00058120
0.00049479
0.00049479
0.00052933
0.00052933
0.00006617
0.00059364
0.00059364
0.00053830
0.00053830
0.00024804
0.00035256
0.00035256
0.00055985
0.00055985
0.00042465
0.00040275
0.00041034
0.00051946
0.00051946
0.00084845
0.00084845
0.00048020
0.00070749
0.00090802
0.00090802
0.00084208
0.00084208
0.00082549
0.00049577
0.00049452
0.00065538
0.00065538
0.00063988
0.00022634
0.00044619
0.00044619
0.00045135
0.00045135
0.00022477
0.00043702
0.00043702
0.00037929
0.00059289
0.00115420
0.00115420
0.00079934
0.00043757
0.00030804
0.00060721
0.00060721
0.00063189
0.00082899
0.00107347
0.00107347
0.00082952
0.00069067
0.00061565
0.00091588
0.00108819
0.00116753
0.00116753
0.00070438
0.00049465
0.00059078
0.00059078
0.00054387
0.00061127
0.00061127
0.00051378
0.00049168
0.00049168
0.00046461
0.00051751
0.00051751
0.00034681
0.00037204
0.00037204
0.00059857
0.00121396
0.00129527
0.00129527
0.00080325
0.00021932
0.00032314
0.00057118
0.00087043
0.00087043
0.00068336
0.00076386
0.00090894
0.00090894
0.00067208
0.00099520
0.00099520
0.00076457
0.00064541
0.00072334
0.00072334
0.00037184
0.00061487
0.00084489
0.00084489
0.00136027
0.00136027
0.00121407
0.00081434
0.00079707
0.00060605
0.00094343
0.00100945
0.00145611
0.00145611
0.00131592
0.00067487
0.00065200
0.00065200
0.00041948
0.00078565
0.00078565
0.00065911
0.00065911
0.00037980
0.00052428
0.00063861
0.00063861
0.00003561
0.00079204
0.00033959
0.00063081
0.00079340
0.00079340
0.00068793
0.00106742
0.00106742
0.00087700
0.00064859
0.00021924
0.00079204
0.00056901
0.00000000
0.00000000
0.00000000
0.00000000
0.00084805
0.00107890
0.00000000
0.00000000
0.00001561
0.00056901
0.00000000
0.00000000
0.00107890
0.00039554
0.00039554
0.00041735
0.00041735
0.00059020
0.00097833
0.00097833
0.00123382
0.00123382
0.00121763
0.00067877
0.00082269
0.00082269
0.00112134
0.00112134
0.00081794
0.00074516
0.00074516
0.00070804
0.00070804
0.00043665
0.00094656
0.00094656
0.00092495
0.00053750
0.00054605
0.00073281
0.00090748
0.00137805
0.00137805
0.00072876
0.00057808
0.00057808
0.00078755
0.00078755
0.00073194
0.00073194
0.00032990
0.00065646
0.00114990
0.00182325
0.00182325
0.00140521
0.00072039
0.00068825
0.00089467
0.00089467
0.00043568
0.00087477
0.00087477
0.00086481
0.00086481
0.00057567
0.00073952
0.00073952
0.00077749
0.00077749
0.00054708
0.00111110
0.00123501
0.00123501
0.00108814
0.00108814
0.00068958
0.00032266
0.00098203
0.00133089
0.00133089
0.00090956
0.00074061
0.00074061
0.00070876
0.00070876
0.00068607
0.00058446
0.00058446
0.00047695
0.00081476
0.00091867
0.00091867
0.00061808
0.00066528
0.00066528
0.00059277
0.00054974
0.00072155
0.00072155
0.00055680
0.00055680
0.00081282
0.00083652
0.00083652
0.00059547
0.00085147
0.00085147
0.00084514
0.00085308
0.00090008
0.00090008
0.00048185
0.00053676
0.00053676
0.00044412
0.00076120
0.00076120
0.00085176
0.00085176
0.00052742
0.00052742
0.00041144
0.00040948
0.00079037
0.00079037
0.00054313
0.00054313
0.00089580
0.00089580
0.00071301
0.00097168
0.00120654
0.00120654
0.00088994
0.00088994
0.00088888
0.00088888
0.00098468
0.00122225
0.00122225
0.00079473
0.00106065
0.00117842
0.00117842
0.00064622
0.00063212
0.00075628
0.00075628
0.00052256
0.00090281
0.00090281
0.00080580
0.00039929
0.00074880
0.00074880
0.00111426
0.00111426
0.00091986
0.00054939
0.00054939
0.00079562
0.00109835
0.00109835
0.00089558
0.00138342
0.00138342
0.00136124
0.00136124
0.00123079
0.00123079
0.00067723
0.00052150
0.00059935
0.00059935
0.00051356
0.00074079
0.00099725
0.00099725
0.00067317
0.00037993
0.00062514
0.00083418
0.00111371
0.00115879
0.00115879
0.00096008
0.00060811
0.00060811
0.00073066
0.00073066
0.00120432
0.00138428
0.00138428
0.00086285
0.00077458
0.00033193
0.00039300
0.00039300
0.00079561
0.00079561
0.00065987
0.00077893
0.00090057
0.00090057
0.00039724
0.00080327
0.00087214
0.00087214
0.00055620
0.00055620
0.00054164
0.00098220
0.00115232
0.00149378
0.00149378
0.00085632
0.00036648
0.00045103
0.00103287
0.00103287
0.00076922
0.00104486
0.00104486
0.00064490
0.00052697
0.00052697
0.00081136
0.00101543
0.00101543
0.00061057
0.00050152
0.00050152
0.00048058
0.00042263
0.00051569
0.00080047
0.00080047
0.00027839
0.00049719
0.00074318
0.00074448
0.00075909
0.00075909
0.00038405
0.00085173
0.00103329
0.00103329
0.00048881
0.00100882
0.00124671
0.00124671
0.00064437
0.00076993
0.00076993
0.00071545
0.00075165
0.00076101
0.00076101
0.00061751
0.00061751
0.00135839
0.00163074
0.00163074
0.00096317
0.00081761
0.00081761
0.00069065
0.00072492
0.00072492
0.00041375
0.00066262
0.00066262
0.00060133
0.00095560
0.00095560
0.00063212
0.00070254
0.00070254
0.00065867
0.00071434
0.00082949
0.00097823
0.00097823
0.00094440
0.00120438
0.00120438
0.00063529
0.00065209
0.00065209
0.00072027
0.00072027
0.00090259
0.00159248
0.00159248
0.00101287
0.00049826
0.00087874
0.00087874
0.00085839
0.00099168
0.00099168
0.00106517
0.00113843
0.00113843
0.00080862
0.00075434
0.00051280
0.00051280
0.00050328
0.00089670
0.00089670
0.00087257
0.00106019
0.00106019
0.00056667
0.00108455
0.00108455
0.00099024
0.00059683
0.00082502
0.00160684
0.00160684
0.00151346
0.00089830
0.00089830
0.00103434
0.00156584
0.00156584
0.00081971
0.00079148
0.00068273
0.00081125
0.00125546
0.00125546
0.00102028
0.00033210
0.00074073
0.00074073
0.00067228
0.00034735
0.00092993
0.00094996
0.00104924
0.00104924
0.00071297
0.00071297
0.00083064
0.00124297
0.00124297
0.00092074
0.00082354
0.00082354
0.00036253
0.00000000
0.00000000
0.00000000
0.00000000
0.00013303
0.00172084
0.00060831
0.00060831
0.00014867
0.00000000
0.00098090
0.00054439
0.00054439
0.00052002
0.00082510
0.00090938
0.00090938
0.00130638
0.00130638
0.00079813
0.00079813
0.00074290
0.00051940
0.00000000
0.00254507
0.00238358
0.00000000
0.00000000
0.00041452
0.00059428
0.00059428
0.00084077
0.00084077
0.00067641
0.00067641
0.00046168
0.00000000
0.00099380
0.00000000
0.00044416
0.00101981
0.00101981
0.00140859
0.00145231
0.00145231
0.00096175
0.00045639
0.00048101
0.00100751
0.00100751
0.00056249
0.00000000
0.00028887
0.00099380
0.00042620
0.00055883
0.00109368
0.00109368
0.00062379
0.00081444
0.00081444
0.00062315
0.00050464
0.00112669
0.00112669
0.00131167
0.00131167
0.00092777
0.00075134
0.00073633
0.00073633
0.00080274
0.00080274
0.00000000
0.00000000
0.00041721
0.00172084
0.00000000
0.00000000
0.00102980
0.00102980
0.00064392
0.00052918
0.00109501
0.00137134
0.00137134
0.00077202
0.00077202
0.00042573
0.00042573
0.00080215
0.00149242
0.00149242
0.00146553
0.00089006
0.00073704
0.00084955
0.00084955
0.00049732
0.00045295
0.00071323
0.00076254
0.00120965
0.00120965
0.00102593
0.00095020
0.00109260
0.00109260
0.00101346
0.00091410
0.00117347
0.00173270
0.00173270
0.00141396
0.00100115
0.00100115
0.00086413
0.00038346
0.00091143
0.00095382
0.00095382
0.00051308
0.00000000
0.00000000
0.00000000
0.00000000
0.00238358
0.00254507
0.00046168
0.00051940
0.00000000
0.00017689
0.00017689
0.00098090
0.00041306
0.00028940
0.00124599
0.00124599
0.00119230
0.00059966
0.00051287
0.00051287
0.00098172
0.00098172
0.00139744
0.00139744
0.00115298
0.00062187
0.00062187
0.00071602
0.00127097
0.00127097
0.00094548
0.00064955
0.00064955
0.00069424
0.00080000
0.00080000
0.00059302
0.00082601
0.00106590
0.00106590
0.00098680
0.00098680
0.00070835
0.00120179
0.00120179
0.00046275
0.00066513
0.00066513
0.00051186
0.00080135
0.00083821
0.00083821
0.00071530
0.00071530
0.00066894
0.00066894
0.00072514
0.00072514
0.00070819
0.00070804
0.00116341
0.00116341
0.00083306
0.00083306
0.00060714
0.00115438
0.00115438
0.00105423
0.00121854
0.00121854
0.00099876
0.00099876
0.00098935
0.00073173
0.00071861
0.00111955
0.00111955
0.00125420
0.00125420
0.00090902
0.00067843
0.00067843
0.00100475
0.00110802
0.00110802
0.00048426
0.00074283
0.00074283
0.00066337
0.00038719
0.00081627
0.00005304
0.00028501
0.00028501
0.00081627
0.00077473
0.00017348
0.00075430
0.00129464
0.00155399
0.00155399
0.00091762
0.00051103
0.00069835
0.00102070
0.00102070
0.00091593
0.00068174
0.00072365
0.00072365
0.00038401
0.00065124
0.00118543
0.00118543
0.00086348
0.00045732
0.00070663
0.00072065
0.00105540
0.00105540
0.00168007
0.00188810
0.00188810
0.00132339
0.00056602
0.00084322
0.00091001
0.00091001
0.00073884
0.00086886
0.00126112
0.00194975
0.00194975
0.00156234
0.00080737
0.00080737
0.00068136
0.00077829
0.00077829
0.00065665
0.00065665
0.00093886
0.00130382
0.00130382
0.00065801
