1.49998
2.32979
3.47619
4.11063
4.86122
5.42136
6.35899
7.09547
8.36543
9.18996
10.64254
11.27714
11.55037
12.30454
13.76749
14.54811
15.14045
15.83248
17.17045
17.99366
18.92196
19.61255
20.82128
21.50892
22.42802
23.00110
23.71900
23.78171
23.18356
22.88513
22.40969
22.02040
21.26011
21.07603
21.14840
21.73015
23.16664
24.00112
24.81963
25.41609
26.40316
27.01636
28.09967
28.38606
28.16767
28.00812
27.75140
27.28100
26.14975
25.44724
24.20897
23.52611
22.84603
22.54520
22.33057
22.27308
22.43224
22.21638
21.32853
21.16922
21.52895
21.61205
21.60382
21.64831
21.75812
21.93153
22.47323
22.51305
22.11575
21.88561
21.58756
21.06954
19.75829
19.12320
18.33441
17.98756
17.84664
18.08594
18.76664
19.60907
21.00619
21.87052
23.32434
24.01267
24.51017
25.23065
26.47723
27.19392
28.19822
29.01740
30.26429
30.93772
31.87745
32.09652
31.78414
31.62653
31.22593
31.24978
31.71265
31.93820
32.23937
32.33900
32.39614
32.15630
31.30974
30.93784
30.83251
30.27108
28.90179
28.27873
27.72729
27.29388
26.71629
25.97094
24.53916
23.65979
22.28972
21.57628
20.71371
20.49989
20.88192
20.78214
20.08273
20.21824
21.19931
21.76699
22.75864
23.42336
24.58673
25.32723
26.50239
27.23744
28.22883
28.95321
30.18546
30.59229
30.32107
30.82400
32.24608
33.03511
34.21587
34.83194
35.63716
36.04544
36.57237
36.85223
37.21947
37.48683
37.95183
38.41211
39.39314
40.09695
41.18597
41.89813
43.12683
43.87461
45.10498
45.86458
46.78388
47.17857
47.26126
47.46231
47.81692
48.41133
49.77081
50.57125
51.91436
52.69299
53.79207
54.40816
54.98565
55.45150
56.32574
56.85948
57.77485
58.33741
59.26912
59.94920
61.23011
61.95769
62.82378
63.36429
64.14145
64.41882
64.49432
64.55648
64.57832
64.70234
65.07798
65.26782
65.47470
65.61518
65.84064
66.00645
66.41574
66.30926
65.68394
65.17228
64.14607
