 0.10000	124.81587219	140.91328430	 34.00072861	126.16106415	141.14361572	 34.62266159	           0	           2
 0.10000	126.80834198	141.30340576	 35.22615433	127.47534180	141.57826233	 36.54066467	          -1	           3
 0.10000	127.91349030	141.70414734	 37.31507874	128.68515015	141.85064697	 38.59206009	          -2	           4
 0.10000	129.14231873	141.92738342	 39.36133957	129.88282776	142.04286194	 40.65958786	          -3	           5
 0.10000	130.43864441	142.04719543	 41.36487579	131.54835510	141.93771362	 42.36663818	          -4	           6
 0.10000	132.08015442	141.87576294	 43.08757401	132.71572876	141.77160645	 44.44121552	          -5	           7
 0.10000	133.12910461	141.70080566	 45.23562241	133.78594971	141.58161926	 46.57818222	          -6	           8
 0.10000	134.41809082	141.42739868	 47.19840622	135.74026489	140.93984985	 47.71135330	          -7	           9
 0.10000	136.47453308	141.12992859	 48.19512558	137.21197510	142.17027283	 48.98447418	          -8	          10
 0.10000	137.87033081	142.59564209	 49.42554092	139.18029785	142.92793274	 50.07577515	          -9	          11
 0.10000	139.86221313	143.47268677	 50.29293060	140.48434448	144.83724976	 50.27941132	         -10	          12
 0.10000	141.30525208	145.20516968	 50.28334427	142.77032471	144.88600159	 50.25643158	         -11	          13
 0.10000	143.54512024	144.43060303	 50.22762680	144.47784424	143.26206970	 50.11113739	         -12	          14
 0.10000	144.75151062	142.41394043	 50.23363113	144.45072937	140.98052979	 50.55626297	         -13	          15
 0.10000	144.69157410	140.35049438	 51.15169907	145.49287415	140.09265137	 52.39305496	         -14	          16
 0.10000	146.00502014	140.21661377	 53.12216187	146.81755066	141.10932922	 54.01213074	         -15	          17
 0.10000	147.23419189	141.15339661	 54.80814362	147.58709717	140.50765991	 56.11491394	         -16	          18
 0.10000	147.80809021	140.00524902	 56.82728195	148.10197449	138.92048645	 57.82001877	         -17	          19
 0.10000	148.31938171	138.22055054	 58.34074020	148.64689636	136.92897034	 59.02852631	         -18	          20
 0.10000	149.16181946	136.30026245	 59.41341782	150.48243713	135.76507568	 59.88081360	         -19	          21
 0.10000	150.95159912	135.04650879	 60.14980316	151.12399292	133.57029724	 60.34951782	         -20	          22
 0.10000	150.88450623	132.78790283	 60.72295380	149.91950989	131.99145508	 61.54975510	         -21	          23
 0.10000	149.38673401	131.46014404	 62.04256821	148.61415100	130.53680420	 62.93698883	         -22	          24
 0.10000	147.80696106	130.22756958	 63.18564987	146.32563782	130.41456604	 63.04311371	         -23	          25
 0.10000	145.55183411	130.02192688	 62.80568695	144.90902710	128.81828308	 62.18326950	         -24	          26
 0.10000	144.33361816	128.21559143	 61.84455490	143.31968689	127.25964355	 61.28992462	         -25	          27
 0.10000	142.44059753	127.13188934	 61.14796829	141.06690979	127.72055054	 61.27541733	         -26	          28
 0.10000	140.38690186	128.22758484	 61.57546616	139.89904785	129.33618164	 62.46014023	         -27	          29
 0.10000	139.15576172	129.75413513	 62.74729919	137.66647339	129.92900085	 62.72050858	         -28	          30
 0.10000	136.81140137	129.66455078	 62.63423538	135.73153687	128.65258789	 62.39207077	         -29	          31
 0.10000	135.28379822	127.98184967	 61.99372864	135.07554626	126.88684082	 60.99029160	         -30	          32
 0.10000	134.91671753	126.13534546	 60.52235031	134.58029175	124.79100800	 59.94916916	         -31	          33
 0.10000	134.81272888	123.99626160	 59.59789276	135.93670654	123.08363342	 59.20674896	         -32	          34
 0.10000	136.09721375	122.26758575	 58.86412811	135.54904175	120.97580719	 58.33491898	         -33	          35
 0.10000	134.99191284	120.32250214	 58.06642914	133.77410889	119.52616882	 57.70254135	         -34	          36
 0.10000	132.87948608	119.48230743	 57.78516388	131.72219849	120.22681427	 58.38146973	         -35	          37
 0.10000	130.91236877	120.49261475	 58.66803741	129.50088501	120.76308441	 59.09581375	         -36	          38
 0.10000	128.64482117	120.91124725	 59.32557678	127.21339417	121.19406128	 59.67126846	         -37	          39
 0.10000	126.34080505	121.01762390	 59.79745483	125.12342072	120.14393616	 59.85596466	         -38	          40
 0.10000	124.27032471	119.86510468	 59.80192947	122.79565430	119.79713440	 59.53828049	         -39	          41
 0.10000	121.92222595	119.61812592	 59.42062378	120.53654480	119.11193848	 59.15076447	         -40	          42
 0.10000	119.69448090	118.97764587	 59.43745422	118.68937683	119.15528870	 60.53642273	         -41	          43
 0.10000	118.04140472	118.92420959	 61.11598206	117.07108307	118.06061554	 61.86563110	         -42	          44
 0.10000	116.60171509	117.64978027	 62.51380539	115.95144653	117.08052826	 63.73959351	         -43	          45
 0.10000	116.04900360	116.93556976	 64.62207794	117.03593445	117.07173157	 65.74295044	         -44	          46
 0.10000	117.30544281	117.38049316	 66.54298401	117.26068878	118.24834442	 67.76471710	         -45	          47
 0.10000	117.27699280	118.73628998	 68.51845551	117.29687500	119.54103088	 69.78281403	         -46	          48
 0.10000	117.30795288	120.02626038	 70.53780365	117.28511047	120.80495453	 71.81830597	         -47	          49
 0.10000	117.48357391	121.39400482	 72.46626282	118.13658905	122.49871063	 73.24092102	         -48	          50
 0.10000	118.54436493	123.13879395	 73.72106171	119.24535370	124.18106842	 74.53949738	         -49	          51
 0.10000	119.84273529	124.77812195	 74.84642792	120.98818207	125.71882629	 75.07340240	         -50	          52
 0.10000	121.84523773	125.96669006	 74.95993805	123.17618561	125.79772186	 74.28968048	         -51	          53
 0.10000	123.98448944	125.43063354	 74.14455414	125.12192535	124.45397186	 74.18727875	         -52	          54
 0.10000	125.49147797	123.73554230	 74.58323669	125.29727936	122.73083496	 75.67972565	         -53	          55
 0.10000	125.35272980	122.01102448	 76.21628571	125.54492188	120.74253845	 76.99285889	         -54	          56
 0.10000	125.77581787	119.91068268	 77.24500275	126.41583252	118.55446625	 77.22662354	         -55	          57
 0.10000	126.46238708	117.65925598	 77.29994965	126.04783630	116.23908234	 77.54605103	         -56	          58
 0.10000	125.62383270	115.45388031	 77.43363190	124.63037872	114.47627258	 76.88005829	         -57	          59
 0.10000	124.13530731	113.83795929	 76.48423767	123.62509918	112.67887115	 75.68061829	         -58	          60
 0.10000	122.86600494	112.41305542	 75.27713776	121.46753693	112.89755249	 75.03408813	         -59	          61
 0.10000	120.61074829	113.08970642	 74.83872223	119.18527985	113.45536041	 74.54990387	         -60	          62
 0.10000	118.33840942	113.45256805	 74.24687958	117.09227753	112.99082184	 73.55168152	         -61	          63
 0.10000	116.25856781	113.07135773	 73.22387695	114.91378784	113.68199921	 72.96311951	         -62	          64
 0.10000	114.30579376	114.19468689	 72.54265594	113.86009979	115.14482880	 71.47120667	         -63	          65
 0.10000	113.46118927	115.91074371	 71.21942139	112.85462189	117.26216888	 71.45358276	         -64	          66
 0.10000	112.38255310	117.94950104	 71.79026794	111.57640839	118.83615875	 72.69165802	         -65	          67
 0.10000	110.94132233	119.04289246	 73.29327393	109.82981110	118.73464966	 74.25113678	         -66	          68
 0.10000	109.17017365	118.59986115	 74.84603119	108.05536652	118.38473511	 75.82495880	         -67	          69
 0.10000	107.48742676	118.11844635	 76.46783447	106.67781830	117.48973846	 77.56183624	         -68	          70
 0.10000	106.43257904	117.02243042	 78.28898621	106.43422699	116.19474030	 79.53918457	         -69	          71
 0.10000	106.64838409	115.53002167	 80.10523987	107.40679169	114.32798004	 80.58351135	         -70	          72
 0.10000	107.69357300	113.54248810	 80.91433716	108.03945923	112.20502472	 81.49806213	         -71	          73
 0.10000	107.87076569	111.33066559	 81.62567139	106.94633484	110.18030548	 81.35820770	         -72	          74
 0.10000	106.72171783	109.31384277	 81.44749451	106.78561401	107.93669891	 82.03818512	         -73	          75
 0.10000	107.15295410	107.11937714	 81.95751190	108.09545898	106.24206543	 81.18843079	         -74	          76
 0.10000	108.86857605	105.98288727	 80.80841827	110.28897095	106.09794617	 80.34098053	         -75	          77
 0.10000	111.04490662	106.51139069	 80.08230591	111.79115295	107.74116516	 79.65778351	         -76	          78
 0.10000	112.51428986	108.19681549	 79.93833923	113.49291229	108.18690491	 81.07458496	         -77	          79
 0.10000	114.12870026	108.20688629	 81.70978546	115.19125366	108.10737610	 82.76295471	         -78	          80
 0.10000	115.80196381	108.19469452	 83.41626740	116.72628021	108.54952240	 84.54208374	         -79	          81
 0.10000	117.39649963	108.81943512	 85.07624054	118.62667084	109.41132355	 85.69602203	         -80	          82
 0.10000	119.42117310	109.63022614	 86.05476379	120.82404327	109.65511322	 86.58380890	         -81	          83
 0.10000	121.58172607	110.06545258	 86.84133911	122.55839539	111.14758301	 87.19425201	         -82	          84
 0.10000	122.77465057	112.00283813	 87.01786804	122.42773438	113.19670868	 86.17886353	         -83	          85
 0.10000	121.79604340	113.72319794	 85.81383514	120.30744934	113.81465149	 85.65512848	         -84	          86
 0.10000	119.59677887	114.19246674	 85.25331879	118.94860840	115.14810181	 84.29631042	         -85	          87
 0.10000	118.34321594	115.48312378	 83.72186279	117.16024017	115.63131714	 82.81238556	         -86	          88
 0.10000	116.45359039	115.75351715	 82.27052307	115.25757599	115.97422028	 81.39340973	         -87	          89
 0.10000	114.56806183	115.99415588	 80.81668091	113.45786285	115.98611450	 79.80851746	         -88	          90
 0.10000	112.98699188	115.49813080	 79.21750641	112.86003876	114.13651276	 78.60169983	         -89	          91
 0.10000	112.53987885	113.41172028	 78.17621613	111.79142761	112.33944702	 77.44203949	         -90	          92
 0.10000	111.16754150	111.74126434	 77.19361115	109.96155548	110.87022400	 77.00360107	         -91	          93
 0.10000	109.16029358	110.64799500	 77.34634399	108.21740723	110.91843414	 78.48059082	         -92	          94
 0.10000	107.63417816	111.17265320	 79.11558533	106.82494354	111.87103271	 80.16696930	         -93	          95
 0.10000	106.11811829	112.13935852	 80.65247345	104.71150970	112.32685852	 81.13587952	         -94	          96
 0.10000	103.88424683	112.47810364	 81.45097351	102.49549103	112.71948242	 81.96112061	         -95	          97
 0.10000	101.72787476	113.01179504	 82.32437897	100.61230469	113.74645996	 83.00514221	         -96	          98
 0.10000	 99.88933563	114.10313416	 83.40245819	 98.55140686	114.47455597	 83.96864319	         -97	          99
 0.10000	 98.11762238	115.02014923	 84.53686523	 98.27092743	116.13112640	 85.53262329	         -98	         100
 0.10000	 98.26910400	116.78883362	 86.14619446	 98.25842285	117.96141052	 87.08131409	         -99	         101
 0.10000	 98.24701691	118.28484344	 87.92076874	 98.21067047	117.93236542	 89.37823486	        -100	         102
 0.10000	 98.24217987	118.20118713	 90.23624420	 98.30928040	119.28857422	 91.26705933	        -101	         103
 0.10000	 98.59186554	119.65468597	 92.03862762	 99.33099365	119.77726746	 93.33781433	        -102	         104
 0.10000	100.01013184	119.80976105	 93.92678070	101.43181610	119.63594055	 94.37155151	        -103	         105
 0.10000	102.14825439	119.80546570	 94.88836670	103.01422119	120.38293457	 95.96812439	        -104	         106
 0.10000	103.32879639	121.02361298	 96.51570892	103.29106140	122.42244720	 97.05528259	        -105	         107
 0.10000	103.49645233	123.14363098	 97.55194855	104.00144196	124.15187836	 98.54073334	        -106	         108
 0.10000	104.62671661	124.50187683	 99.08453369	106.01949310	124.64360046	 99.62265778	        -107	         109
 0.10000	106.58597565	124.22715759	100.18408966	106.65081787	122.96271515	100.98815155	        -108	         110
 0.10000	106.81093597	122.25199127	101.51569366	107.10611725	121.15271759	102.49236298	        -109	         111
 0.10000	107.26378632	120.29917145	102.72879791	107.30429840	118.83526611	102.40476990	        -110	         112
 0.10000	107.81425476	118.09578705	102.45587921	109.09725952	117.48146820	102.93135834	        -111	         113
 0.10000	109.97938538	117.36818695	102.79611206	111.16408539	117.73184204	101.95131683	        -112	         114
 0.10000	111.91532135	118.15550995	101.69593048	112.96410370	119.22503662	101.62275696	        -113	         115
 0.10000	113.70809174	119.72743988	101.67985535	114.95860291	120.46685791	102.05278015	        -114	         116
 0.10000	115.85706329	120.42049408	102.05577850	117.00673676	119.52347565	101.70480347	        -115	         117
 0.10000	117.81600952	119.13671112	101.63585663	119.27430725	118.79029083	101.68933105	        -116	         118
 0.10000	119.84558868	118.10057068	101.77545929	119.98264313	116.63425446	102.05949402	        -117	         119
 0.10000	119.92859650	115.77160645	101.80921173	119.55792999	114.66679382	100.86475372	        -118	         120
 0.10000	119.07385254	114.09331512	100.36712646	118.07318115	113.27970123	 99.60085297	        -119	         121
 0.10000	117.19300842	113.22225189	 99.41829681	116.08234406	114.21710205	 99.58283997	        -120	         122
 0.10000	115.47116089	114.74489594	 99.98073578	114.99398804	115.53872681	101.16054535	        -121	         123
 0.10000	114.52953339	115.67651367	101.91869354	113.66993713	115.31640625	103.09375763	        -122	         124
 0.10000	113.11632538	114.77117157	103.54714203	112.44932556	113.44391632	103.75476074	        -123	         125
 0.10000	111.84963226	112.83551025	103.47271729	110.89033508	112.41208649	102.40038300	        -124	         126
 0.10000	110.36028290	112.21305084	101.70143127	109.57415771	111.94670105	100.45217896	        -125	         127
 0.10000	109.30931091	112.30339813	 99.66976929	109.37016296	113.47585297	 98.73640442	        -126	         128
 0.10000	109.53372955	114.32951355	 98.50372314	110.04144287	115.68319702	 98.90273285	        -127	         129
 0.10000	110.31145477	116.54112244	 98.91469574	110.61062622	117.99520874	 98.70154572	        -128	         130
 0.10000	111.16603851	118.68567657	 98.54642487	112.47090149	119.37123871	 98.26955414	        -129	         131
 0.10000	113.34596252	119.47126007	 98.08703613	114.76357269	119.06788635	 97.80989075	        -130	         132
 0.10000	115.50496674	118.58350372	 97.65280151	116.37608337	117.38567352	 97.41719055	        -131	         133
 0.10000	116.90512848	116.65874481	 97.39244080	117.79430389	115.45098114	 97.39989471	        -132	         134
 0.10000	117.99498749	114.69429779	 97.84323120	117.68228912	113.89600372	 99.07382202	        -133	         135
 0.10000	117.51727295	113.92650604	 99.95758820	117.67047882	113.55519104	101.40248871	        -134	         136
 0.10000	117.58576202	113.73642731	102.27911377	117.30419159	114.12278748	103.70034790	        -135	         137
 0.10000	117.17054749	114.27658081	104.57579041	116.93913269	114.57220459	106.02751923	        -136	         138
 0.10000	116.89976501	114.34426880	106.89636230	117.04615784	113.39496613	108.04788971	        -137	         139
 0.10000	116.98875427	112.83200073	108.74630737	116.76419067	111.83749390	109.84589386	        -138	         140
 0.10000	116.39474487	111.20944977	110.37276459	115.55523682	110.12350464	110.97697449	        -139	         141
 0.10000	114.72599792	109.82140350	111.15067291	113.25106812	110.02445221	110.97067261	        -140	         142
 0.10000	112.41030884	110.33489990	110.89721680	111.21942902	111.22851562	110.71767426	        -141	         143
 0.10000	110.54353333	111.81671143	110.79285431	109.66709900	112.96584320	111.19297791	        -142	         144
 0.10000	108.88482666	113.32021332	111.45954895	107.44190216	113.28414154	111.86618805	        -143	         145
 0.10000	106.64494324	113.14476776	112.25824738	105.51858521	112.61960602	113.09736633	        -144	         146
 0.10000	104.81464386	112.34712982	113.58609009	103.66143036	111.98233795	114.47274017	        -145	         147
 0.10000	102.90779877	111.54979706	114.70532990	101.71147156	110.68958282	114.42539978	        -146	         148
 0.10000	101.27253723	109.93966675	114.65865326	101.27488708	108.76371002	115.58961487	        -147	         149
 0.10000	101.24713898	107.87093353	115.69783783	101.36260223	106.51215363	115.07337189	        -148	         150
 0.10000	101.10785675	105.64971924	115.05006409	100.19599915	104.54344940	115.49053192	        -149	         151
 0.10000	 99.94946289	103.71439362	115.73753357	100.01516724	102.27709198	116.16050720	        -150	         152
 0.10000	100.06622314	101.40154266	116.35909271	100.28610992	 99.93457031	116.57957458	        -151	         153
 0.10000	100.23720551	 99.05619049	116.76687622	 99.69478607	 97.70045471	117.10912323	        -152	         154
 0.10000	100.01598358	 96.91255951	117.40089417	101.32273865	 96.30074310	117.80951691	        -153	         155
 0.10000	102.10245514	 95.89343262	117.99430847	103.48533630	 95.34111786	118.16968536	        -154	         156
 0.10000	104.24199677	 94.86936951	118.28025055	105.38287354	 93.91056061	118.44413757	        -155	         157
 0.10000	105.95740509	 93.24645996	118.63446808	106.61364746	 91.97955322	119.09500122	        -156	         158
 0.10000	107.23674774	 91.38525391	119.35266113	108.47019958	 90.62095642	119.73056030	        -157	         159
 0.10000	109.34221649	 90.62474060	119.94880676	110.57817078	 91.44358826	120.17295837	        -158	         160
 0.10000	111.38015747	 91.81032562	120.34491730	112.75992584	 92.33654785	120.60346985	        -159	         161
 0.10000	113.49881744	 92.64530182	121.01035309	114.46820831	 93.13323975	122.04438782	        -160	         162
 0.10000	115.13103485	 93.26686859	122.63484192	116.29006195	 93.18587494	123.58166504	        -161	         163
 0.10000	116.97875214	 93.27161407	124.15055084	118.07772827	 93.63809204	125.10140228	        -162	         164
 0.10000	118.85400391	 93.63218689	125.55208588	120.22539520	 93.27302551	126.03861237	        -163	         165
 0.10000	121.04668427	 93.04850769	126.32329559	122.41333008	 92.61045074	126.75606537	        -164	         166
 0.10000	123.25214386	 92.36994934	126.96870422	124.71488953	 92.12361145	127.18717957	        -165	         167
 0.10000	125.35105133	 91.56370544	127.48711395	125.65544128	 90.23943329	128.12138367	        -166	         168
 0.10000	125.96307373	 89.44290924	128.40274048	126.48329163	 88.07341003	128.72315979	        -167	         169
 0.10000	127.00952148	 87.35578918	128.85285950	128.21817017	 86.48139954	129.00636292	        -168	         170
 0.10000	128.76344299	 85.79788971	128.79620361	129.40155029	 84.67517853	128.03364563	        -169	         171
 0.10000	129.23342896	 83.97372437	127.49599457	128.07167053	 83.35197449	126.77972412	        -170	         172
 0.10000	127.68985748	 82.60947418	126.44454193	127.75868988	 81.13311005	126.18915558	        -171	         173
 0.10000	127.21362305	 80.41784668	126.15934753	125.79299164	 79.99453735	126.38774872	        -172	         174
 0.10000	124.97713470	 79.63217163	126.49822998	123.62263489	 79.01565552	126.68354797	        -173	         175
 0.10000	122.83833313	 78.58747864	126.78713989	121.66922760	 77.68970490	127.06413269	        -174	         176
 0.10000	120.82730103	 77.53131866	126.78903961	119.88802338	 78.07437897	125.75348663	        -175	         177
 0.10000	119.04993439	 78.02184296	125.43110657	117.65612793	 77.47031403	125.47162628	        -176	         178
 0.10000	116.88045502	 77.01821899	125.50840759	115.78044891	 76.00917053	125.64683533	        -177	         179
 0.10000	115.05281067	 75.54181671	125.88813782	113.81356812	 75.00174713	126.53514862	        -178	         180
 0.10000	113.07767487	 74.64966583	126.90844727	111.87027740	 74.06166077	127.57319641	        -179	         181
 0.10000	111.09815216	 73.67027283	127.80797577	109.78112793	 72.97014618	127.95124054	        -180	         182
 0.10000	108.99633026	 72.53970337	127.89307404	107.75529480	 71.78923035	127.51538086	        -181	         183
 0.10000	106.93627930	 71.46441650	127.34483337	105.48633575	 71.14579010	127.13804626	        -182	         184
 0.10000	104.62256622	 70.96437836	126.97151947	103.17960358	 70.84262848	126.58287048	        -183	         185
 0.10000	102.44467926	 70.32701874	126.53543854	101.78976440	 69.00651550	126.81136322	        -184	         186
 0.10000	101.52283478	 68.15081024	126.88384247	101.34228516	 66.66223145	126.91081238	        -185	         187
 0.10000	101.57637024	 65.79454803	126.87027740	102.42491150	 64.56016541	126.79425049	        -186	         188
 0.10000	103.14992523	 64.14854431	126.45595551	104.40638733	 64.35121155	125.66230011	        -187	         189
 0.10000	104.98647308	 64.21733093	124.98780823	105.55921173	 63.70674515	123.69912720	        -188	         190
 0.10000	105.68735504	 63.59127426	122.81624603	105.61887360	 63.70729828	121.32244873	        -189	         191
 0.10000	105.04292297	 63.75799561	120.63306427	103.58016205	 63.73332214	120.30250549	        -190	         192
 0.10000	102.73703766	 64.04573822	120.26832581	101.60958099	 65.00231934	120.51988220	        -191	         193
 0.10000	101.09492493	 65.41080475	121.13446808	100.89387512	 65.59905243	122.60877991	        -192	         194
 0.10000	100.63944244	 65.90597534	123.41520691	100.00175476	 66.50189209	124.63497162	        -193	         195
 0.10000	100.09766388	 67.18374634	125.21399689	101.01060486	 68.32292938	125.55799866	        -194	         196
 0.10000	101.33490753	 69.15496826	125.44939423	101.45213318	 70.44709015	124.69701385	        -195	         197
 0.10000	101.66162872	 71.10750580	124.12345886	102.09862518	 71.89230347	122.92248535	        -196	         198
 0.10000	102.51245117	 72.42430115	122.32668304	103.42047119	 73.43978119	121.69910431	        -197	         199
 0.10000	103.90764618	 73.57962799	120.95578003	104.37319183	 73.00534058	119.65076447	        -198	         200
 0.10000	104.40726471	 72.41524506	118.97257996	103.94524384	 71.14579010	118.32115936	        -199	         201
 0.10000	103.78958130	 70.38121796	117.87384796	103.69300842	 69.04450226	117.20065308	        -200	         202
 0.10000	103.46926117	 68.44045258	116.57264709	102.84866333	 68.04092407	115.26702118	        -201	         203
 0.10000	102.69580841	 67.32498169	114.74405670	102.87513733	 65.84232330	114.60636902	        -202	         204
 0.10000	102.96962738	 64.95892334	114.46595001	103.13864899	 63.48977280	114.21606445	        -203	         205
 0.10000	103.38108826	 62.62657928	114.29051971	104.12395477	 61.39758682	114.72330475	        -204	         206
 0.10000	104.08642578	 60.60279465	115.14331055	103.38189697	 59.56431198	115.96479034	        -205	         207
 0.10000	102.62693024	 59.24441910	116.33522797	101.15447235	 59.40139389	116.57330322	        -206	         208
 0.10000	100.32905579	 59.75912857	116.56439972	 99.24945068	 60.76372147	116.29096985	        -207	         209
 0.10000	 98.83107758	 61.46023178	115.90475464	 98.71685028	 62.62828064	114.97096252	        -208	         210
 0.10000	 98.53282166	 63.33292389	114.44274902	 98.12837219	 64.38117218	113.44917297	        -209	         211
 0.10000	 97.97142029	 65.26433563	113.38008118	 97.91643524	 66.50647736	114.21896362	        -210	         212
 0.10000	 98.00634003	 67.36355591	114.47721863	 98.42076111	 68.79640198	114.63362885	        -211	         213
 0.10000	 98.53769684	 69.68733215	114.67242432	 98.65571594	 71.18230438	114.65061188	        -212	         214
 0.10000	 98.31916809	 71.99485779	114.46106720	 97.13848877	 72.74103546	113.91452026	        -213	         215
 0.10000	 96.84564209	 73.55531311	113.66841125	 97.16174316	 75.02140808	113.64927673	        -214	         216
 0.10000	 97.19286346	 75.72040558	113.08359528	 97.07388306	 76.10290527	111.63822937	        -215	         217
 0.10000	 97.02989197	 76.40215302	110.79095459	 97.05630493	 77.02590179	109.42716217	        -216	         218
 0.10000	 96.80772400	 76.82417297	108.58633423	 96.23845673	 75.63494110	107.87131500	        -217	         219
 0.10000	 95.63163757	 75.24966431	107.33033752	 94.35678864	 75.11380768	106.55213165	        -218	         220
 0.10000	 93.58055115	 75.26718903	106.12429047	 92.28997803	 75.80654144	105.58296204	        -219	         221
 0.10000	 91.91130066	 76.57451630	105.30680084	 92.19261169	 78.04441071	105.20849609	        -220	         222
 0.10000	 92.54077148	 78.84775543	105.00283051	 93.44927979	 79.94449615	104.53341675	        -221	         223
 0.10000	 94.21000671	 80.33485413	104.25650024	 95.65913391	 80.41156769	103.88011932	        -222	         224
 0.10000	 96.50615692	 80.39395142	103.58289337	 97.86921692	 80.17279816	103.00020599	        -223	         225
 0.10000	 98.68704224	 80.03065491	102.65914917	100.03303528	 79.73287964	102.07098389	        -224	         226
 0.10000	100.87038422	 79.63172913	101.76333618	102.29260254	 79.52235413	101.30244446	        -225	         227
 0.10000	103.15807343	 79.71037292	101.15078735	104.48768616	 80.38111115	100.97566986	        -226	         228
 0.10000	105.08438110	 80.86856842	101.43904877	105.24108124	 81.51443481	102.78302765	        -227	         229
 0.10000	105.43867493	 81.76706696	103.62203217	105.77413177	 81.90225220	105.07662964	        -228	         230
 0.10000	105.94262695	 81.99388123	105.95320129	106.16627502	 82.12554169	107.42913818	        -229	         231
 0.10000	106.33592224	 82.26870728	108.29820251	106.69946289	 82.59128571	109.71572113	        -230	         232
 0.10000	106.77691650	 82.86101532	110.56791687	106.71068573	 83.46320343	111.93873596	        -231	         233
 0.10000	106.51220703	 83.72351837	112.77455902	105.91284180	 84.00897217	114.11856842	        -232	         234
 0.10000	105.52425385	 84.05495453	114.92736053	104.79339600	 83.80464935	116.21250153	        -233	         235
 0.10000	104.48566437	 84.02511597	117.02809143	104.38896942	 84.99414825	118.16861725	        -234	         236
 0.10000	103.93126678	 85.19119263	118.91751099	102.79479980	 84.82823181	119.82632446	        -235	         237
 0.10000	102.13265991	 84.67219543	120.41449738	101.00827789	 84.45108795	121.38172913	        -236	         238
 0.10000	100.38229370	 84.13677216	121.94561005	 99.51007843	 83.42052460	122.93315125	        -237	         239
 0.10000	 98.89929199	 82.77259827	123.05947113	 98.14795685	 81.63556671	122.43383026	        -238	         240
 0.10000	 97.53695679	 81.12051392	122.02215576	 96.39994812	 80.57434082	121.21151733	        -239	         241
 0.10000	 95.70574188	 80.44651794	120.65535736	 94.59281158	 80.61695099	119.66535950	        -240	         242
 0.10000	 93.93383026	 80.75569153	119.07086945	 92.87371826	 81.16888428	118.09460449	        -241	         243
 0.10000	 92.22784424	 81.15663147	117.46984100	 91.24800110	 80.65128326	116.45359802	        -242	         244
 0.10000	 90.58177185	 80.65895081	115.85000610	 89.53921509	 81.10396576	114.86827087	        -243	         245
 0.10000	 88.72722626	 81.43755341	114.67341614	 87.41688538	 82.01897430	115.11363220	        -244	         246
 0.10000	 86.62481689	 82.41017151	115.28070068	 85.32993317	 83.13917542	115.48222351	        -245	         247
 0.10000	 84.55185699	 83.48876190	115.76722717	 83.37341309	 84.08570099	116.47726440	        -246	         248
 0.10000	 82.59445190	 83.83099365	116.84846497	 81.87026978	 82.55237579	117.14893341	        -247	         249
 0.10000	 81.17265320	 81.98506927	117.17774963	 79.84232330	 81.34152985	116.92212677	        -248	         250
 0.10000	 79.02748108	 81.06523895	116.66033936	 77.68039703	 80.96412659	116.00920868	        -249	         251
 0.10000	 76.96245575	 80.52120972	115.69751740	 76.18956757	 79.28635406	115.34169006	        -250	         252
 0.10000	 75.48127747	 78.74120331	115.24356079	 74.08001709	 78.20956421	115.29176331	        -251	         253
 0.10000	 73.29571533	 77.79473114	115.43516541	 72.08846283	 77.03554535	115.89825439	        -252	         254
 0.10000	 71.36583710	 76.55529785	116.13367462	 70.16683197	 75.76383972	116.56357574	        -253	         255
 0.10000	 69.55047607	 75.11021423	116.52167511	 68.95241547	 73.91271973	115.84510040	        -254	         256
 0.10000	 68.34074402	 73.25564575	115.90417480	 67.34600067	 72.44964600	116.68549347	        -255	         257
 0.10000	 66.53374481	 72.47574615	117.07139587	 65.40789032	 73.41135406	117.39805603	        -256	         258
 0.10000	 64.70562744	 73.92402649	117.62873077	 63.66464233	 74.91280365	118.06252289	        -257	         259
 0.10000	 62.80024719	 75.16236877	118.07116699	 61.37306213	 74.80100250	117.78459930	        -258	         260
 0.10000	 60.67427444	 74.92768860	117.23217010	 60.13113785	 75.44104004	115.93180847	        -259	         261
 0.10000	 60.10190582	 76.01084900	115.23632812	 60.68446732	 77.16847229	114.48153687	        -260	         262
 0.10000	 60.97483826	 77.88825226	114.02730560	 61.52438354	 79.15016937	113.43206787	        -261	         263
 0.10000	 61.62271500	 79.80486298	112.82351685	 61.37089920	 80.58359528	111.56694031	        -262	         264
 0.10000	 61.28675461	 81.01745605	110.78398132	 61.09452438	 81.56000519	109.39925385	        -263	         265
 0.10000	 61.32281494	 82.04033661	108.67411041	 62.19218445	 82.87553406	107.78215790	        -264	         266
 0.10000	 62.74692535	 83.53857422	107.53456116	 63.59743118	 84.76091003	107.71172333	        -265	         267
 0.10000	 64.26955414	 85.33011627	107.89307404	 65.51892853	 85.96144867	108.43092346	        -266	         268
 0.10000	 66.35044861	 86.25124359	108.61368561	 67.83152008	 86.39795685	108.79851532	        -267	         269
 0.10000	 68.60044861	 86.81980133	108.59837341	 69.38949585	 87.82508087	107.81343842	        -268	         270
 0.10000	 69.71961975	 88.50789642	107.33000946	 70.04460907	 89.70781708	106.49095917	        -269	         271
 0.10000	 69.70952606	 90.42907715	106.07005310	 68.39274597	 91.07762909	105.76168060	        -270	         272
 0.10000	 67.99449158	 91.86758423	105.59761047	 68.20716095	 93.35063934	105.52636719	        -271	         273
 0.10000	 67.84468079	 94.16976166	105.44226074	 66.71839142	 95.14936066	105.29629517	        -272	         274
 0.10000	 65.93003082	 95.57487488	105.21472168	 64.45523834	 95.75399780	105.00915527	        -273	         275
 0.10000	 63.74869919	 96.26982117	105.21912384	 63.24218750	 97.42586517	106.02925873	        -274	         276
 0.10000	 62.97703171	 98.20078278	106.40083313	 62.72494888	 99.62393951	106.80083466	        -275	         277
 0.10000	 62.68673325	100.36954498	107.30171967	 62.82312775	101.37274170	108.40786743	        -276	         278
 0.10000	 62.98617554	101.74128723	109.21146393	 63.39468765	101.81558228	110.65227509	        -277	         279
 0.10000	 63.60922623	102.01405334	111.50215912	 63.95877075	102.54754639	112.85916138	        -278	         280
 0.10000	 64.04640198	102.71046448	113.73886108	 64.08013916	102.65792084	115.23712158	        -279	         281
 0.10000	 63.74318314	102.88071442	116.04046631	 62.79555893	103.56758118	116.97799683	        -280	         282
 0.10000	 61.96248627	103.84755707	117.16738129	 60.54887009	103.99580383	116.69022369	        -281	         283
 0.10000	 59.68110275	104.05973053	116.46766663	 58.23860168	104.06278992	116.06050873	        -282	         284
 0.10000	 57.37299728	104.07038116	115.82369232	 55.93925476	104.08187103	115.38748932	        -283	         285
 0.10000	 55.04241562	104.09562683	115.36475372	 53.58868790	104.13580322	115.72623444	        -284	         286
 0.10000	 52.70735550	104.12119293	115.89228058	 51.22842789	104.07886505	116.13009644	        -285	         287
 0.10000	 50.37653351	103.85309601	116.29806519	 49.10465622	103.13754272	116.63898468	        -286	         288
 0.10000	 48.27285767	102.80119324	116.65752411	 46.85726166	102.39176941	116.38406372	        -287	         289
 0.10000	 46.02830887	102.10095215	116.19918823	 44.66597366	101.59288788	115.83439636	        -288	         290
 0.10000	 43.95734787	101.12128448	115.54678345	 43.07413864	100.13922119	114.83698273	        -289	         291
 0.10000	 42.48855209	 99.46498871	114.94219208	 41.79716873	 98.57504272	115.93156433	        -290	         292
 0.10000	 41.37009811	 97.99910736	116.47402954	 40.73162079	 97.01649475	117.40961456	        -291	         293
 0.10000	 40.22727966	 96.52344513	117.96718597	 39.22502136	 95.81244659	118.82675171	        -292	         294
 0.10000	 38.61445999	 95.68767548	119.47521973	 37.75325394	 96.18638611	120.59721375	        -293	         295
 0.10000	 37.17814636	 95.85974884	121.20646667	 36.54369736	 94.58744812	121.68290710	        -294	         296
 0.10000	 36.16442108	 93.86322021	122.05502319	 35.59619522	 92.64502716	122.71826172	        -295	         297
 0.10000	 35.31377029	 91.88147736	123.09581757	 34.95307922	 90.55180359	123.68555450	        -296	         298
 0.10000	 34.70326614	 89.79999542	124.10687256	 34.28754807	 88.60141754	124.90474701	        -297	         299
 0.10000	 33.82759476	 88.02771759	125.41915131	 32.76300812	 87.38694000	126.25713348	        -298	         300
 0.10000	 32.17420959	 87.07414246	126.85771942	 31.25941849	 86.74863434	127.99938202	        -299	         301
 0.10000	 30.74979019	 86.43721771	128.66947937	 30.02426720	 85.70918274	129.76058960	        -300	         302
 0.10000	 29.43228722	 85.44731903	130.38340759	 28.24624252	 85.37196350	131.29743958	        -301	         303
 0.10000	 27.59303665	 85.08119965	131.84220886	 26.62313461	 84.38690186	132.75117493	        -302	         304
 0.10000	 26.22655106	 83.60025787	132.93275452	 26.18518257	 82.16390991	132.50352478	        -303	         305
 0.10000	 25.99174881	 81.31137085	132.29296875	 25.44347382	 79.96342468	131.93095398	        -304	         306
 0.10000	 25.39684296	 79.11608887	131.63432312	 25.81068802	 77.79686737	131.05404663	        -305	         307
 0.10000	 25.84569550	 76.95605469	130.73838806	 25.59467125	 75.55300140	130.27270508	        -306	         308
 0.10000	 25.54180336	 74.69336700	130.01454163	 25.69789886	 73.28170776	129.53315735	        -307	         309
 0.10000	 25.36734200	 72.45001221	129.62222290	 24.33718109	 71.63765717	130.34866333	        -308	         310
 0.10000	 23.77204704	 71.05779266	130.73921204	 22.88477135	 70.04342651	131.39646912	        -309	         311
 0.10000	 22.26691055	 69.52798462	131.79699707	 21.14893341	 68.83214569	132.51408386	        -310	         312
 0.10000	 20.37237167	 68.44219208	132.74467468	 18.97112656	 67.92969513	132.89537048	        -311	         313
 0.10000	 18.21630478	 67.57891083	132.55461121	 17.39738846	 67.15175629	131.37312317	        -312	         314
 0.10000	 16.97784233	 66.64414215	130.76046753	 16.66329384	 65.51622009	129.82333374	        -313	         315
 0.10000	 16.03530884	 64.88240051	129.70718384	 14.78596592	 64.29894257	130.29751587	        -314	         316
 0.10000	 14.05892467	 63.84388351	130.56971741	 12.88382816	 63.01184845	130.99014282	        -315	           0
