0.00015135
0.00024529
0.00024529
0.00015797
0.00006639
0.00004238
0.00007898
0.00018772
0.00052403
0.00013147
0.00000000
0.00162720
0.00191657
0.00000000
0.00191657
0.00138928
0.00000000
0.00000000
0.00000000
0.00000816
0.00007561
0.00007561
0.00007455
0.00009113
0.00009113
0.00006846
0.00006846
0.00018600
0.00230111
0.00230111
0.00005006
0.00000000
0.00003017
0.00003017
0.00002369
0.00003818
0.00003818
0.00003569
0.00004927
0.00003036
0.00008821
0.00013417
0.00013417
0.00033019
0.00033019
0.00005393
0.00005393
0.00004805
0.00004805
0.00008488
0.00005006
0.00007779
0.00007779
0.00005967
0.00004455
0.00000496
0.00004723
0.00004723
0.00006725
0.00006725
0.00005433
0.00005433
0.00003618
0.00004812
0.00004812
0.00003537
0.00002922
0.00003225
0.00007684
0.00007684
0.00006405
0.00001454
0.00007371
0.00008850
0.00008850
0.00005968
0.00002690
0.00002987
0.00004248
0.00004443
0.00004443
0.00002942
0.00003144
0.00003144
0.00002922
0.00009861
0.00012390
0.00012390
0.00009164
0.00005117
0.00003573
0.00004202
0.00008378
0.00008378
0.00005313
0.00005903
0.00005903
0.00007464
0.00223785
0.00223785
