1.49997
2.39727
3.87525
4.72838
5.85797
6.68176
8.13940
8.99329
10.38709
10.90262
10.84795
11.30396
12.41515
13.08495
14.26873
14.79059
15.13325
15.79327
17.23477
18.11684
19.61112
20.43512
21.53409
22.22670
23.26844
24.08130
25.49028
26.33622
27.66452
28.46673
29.79833
30.54513
31.66624
32.20604
32.73014
32.80700
32.45243
32.18467
31.59300
31.35537
31.17721
30.96978
30.37052
30.52110
31.57940
31.88179
31.75713
31.62519
31.12545
31.24556
32.14975
32.29349
31.94314
31.57977
30.76860
30.37084
29.97818
29.65490
28.86564
28.98170
30.01922
30.71202
31.90634
32.56187
33.35695
34.16359
35.56613
36.28568
36.82798
37.22986
37.81198
38.37280
39.51260
40.31089
41.43105
42.24503
43.70983
44.54227
45.76739
46.47884
47.45178
47.96370
48.57227
48.75680
48.63609
48.69402
48.92931
49.07798
49.29200
49.66415
50.54650
51.16464
51.96422
52.56932
53.69721
54.33273
55.15993
55.70127
56.61093
57.23435
58.46677
58.80829
58.49600
58.22047
57.57401
57.40352
57.59327
57.65225
57.81080
57.65129
57.12694
56.54405
55.25483
54.38909
52.95093
52.13022
51.08590
50.28216
49.14444
48.32387
46.93820
46.06192
44.57143
43.68951
42.24451
41.38939
39.97482
39.27411
38.57226
38.32640
38.34865
38.40484
38.61748
38.66448
38.63604
38.57913
38.39692
38.37193
38.49009
38.45265
38.15636
38.33242
39.13292
39.53058
40.14634
40.07132
39.21246
38.81031
38.32776
37.74902
36.55993
36.27692
36.66589
37.14290
38.36708
38.70693
38.48358
38.17478
37.28636
36.73271
35.71366
35.16330
34.35792
33.81544
32.89316
32.20519
31.04913
30.37064
29.83508
29.44061
28.86265
28.53484
28.18512
27.57699
26.29501
25.65069
24.98888
24.98530
25.72696
26.11300
26.83183
26.95729
26.70612
26.30455
25.13790
24.80077
24.91524
25.01913
25.36622
25.48698
25.42492
25.86934
27.16918
27.66667
27.91372
28.13737
28.47584
28.86561
29.61151
