0.00079281
0.00123380
0.00157952
0.00157952
0.00175699
0.00267404
0.00297108
0.00305480
0.00305480
0.00263571
0.00246289
0.00239899
0.00239899
0.00231859
0.00262490
0.00324138
0.00326853
0.00326853
0.00303923
0.00328244
0.00328244
0.00314675
0.00304709
0.00290424
0.00309077
0.00320732
0.00320732
0.00317146
0.00311227
0.00347970
0.00347970
0.00300821
0.00301972
0.00322524
0.00322524
0.00308351
0.00308351
0.00275873
0.00280269
0.00294276
0.00294276
0.00291255
0.00288072
0.00271581
0.00255498
0.00269618
0.00276849
0.00288098
0.00310988
0.00320260
0.00320260
0.00311779
0.00290787
0.00253341
0.00213480
0.00222058
0.00264136
0.00294256
0.00322900
0.00332226
0.00332969
0.00332969
0.00300716
0.00278153
0.00265016
0.00228674
0.00287064
0.00287064
0.00292240
0.00292240
0.00302555
0.00302555
0.00280649
0.00279754
0.00305260
0.00305260
0.00337570
0.00370458
0.00370458
0.00315666
0.00316435
0.00325307
0.00325307
0.00302792
0.00222178
0.00187219
0.00250998
0.00274384
0.00282989
0.00285923
0.00304795
0.00357199
0.00357199
0.00341033
0.00306257
0.00272999
0.00252256
0.00242984
0.00211720
0.00192534
0.00295908
0.00313956
0.00330233
0.00330233
0.00302785
0.00325440
0.00333467
0.00333467
0.00330388
0.00287123
0.00320324
0.00325574
0.00325574
0.00303667
0.00303667
0.00290289
0.00243340
0.00257525
0.00303653
0.00303653
0.00272625
0.00291430
0.00332674
0.00332674
0.00315501
0.00315501
0.00294217
0.00294217
0.00278178
0.00276675
0.00302110
0.00373004
0.00391566
0.00391566
0.00346088
0.00277452
0.00299631
0.00299631
0.00286675
0.00246939
0.00234340
0.00234340
0.00175619
0.00120343
0.00152436
0.00218068
0.00269913
0.00285614
0.00285614
0.00326127
0.00326127
0.00291302
0.00291302
0.00253617
0.00314499
0.00338480
0.00338480
0.00274777
0.00292766
0.00292766
0.00270937
0.00296966
0.00344939
0.00344939
0.00319726
0.00276095
0.00281256
0.00286898
0.00322154
0.00322154
0.00281540
0.00218795
0.00260798
0.00309780
0.00309780
0.00282909
0.00281178
0.00296630
0.00296630
0.00228468
0.00219631
0.00238615
0.00264488
0.00326637
0.00389649
0.00389649
0.00361049
0.00320462
0.00270492
0.00268578
0.00268578
0.00245258
0.00245258
0.00209904
0.00202607
0.00210439
0.00210439
0.00263290
0.00285646
0.00285646
0.00303485
0.00317537
0.00364020
0.00386222
0.00386222
0.00354656
0.00297468
0.00279748
0.00308942
0.00336134
0.00336134
0.00312492
0.00298993
0.00323022
0.00342126
0.00343136
0.00343136
0.00331303
0.00331303
0.00311807
0.00256342
0.00284694
0.00345877
0.00393065
0.00393065
0.00304282
0.00286173
0.00347352
0.00347352
0.00316601
0.00281316
0.00344373
0.00344373
0.00326061
0.00340544
0.00394696
0.00394696
0.00300586
0.00228364
0.00266655
0.00294831
0.00294831
0.00261518
0.00294485
0.00322246
0.00322246
0.00299212
0.00241350
0.00296867
0.00344314
0.00344314
0.00282539
0.00269229
0.00280384
0.00334254
0.00338530
0.00338530
0.00326100
0.00295563
0.00295563
0.00281376
0.00298985
0.00300592
0.00319770
0.00319770
0.00299301
0.00312456
0.00312456
0.00356849
0.00356849
0.00274210
0.00201355
0.00227298
0.00265207
0.00310397
0.00310397
0.00273601
0.00310160
0.00373205
0.00373205
0.00361751
0.00301313
0.00243495
0.00260541
0.00321579
0.00341079
0.00354324
0.00354324
0.00324556
0.00315159
0.00376743
0.00376743
0.00315503
0.00315503
0.00296801
0.00296801
0.00307873
0.00307873
0.00305973
0.00269227
0.00284910
0.00323601
0.00323601
0.00308323
0.00308323
0.00258605
0.00272805
0.00341187
0.00341187
0.00340244
0.00262031
0.00228875
0.00205632
0.00182387
0.00182387
0.00136682
