0.00001715
0.00011856
0.00002608
0.00008594
0.00017429
0.00017429
0.00003955
0.00005149
0.00011883
0.00011883
0.00000000
0.00006540
0.00006540
0.00006777
0.00023295
0.00024448
0.00024047
0.00009486
0.00011160
0.00020034
0.00000000
0.00000000
0.00021069
0.00022529
0.00018860
0.00000000
0.00007050
0.00001264
0.00022529
0.00021069
0.00024448
0.00000000
0.00000000
0.00012312
0.00002048
0.00005716
0.00008519
0.00016132
0.00016132
0.00009574
0.00000000
0.00000000
0.00000000
0.00021429
0.00008359
0.00003995
0.00013908
0.00013908
0.00000000
0.00000000
0.00005796
0.00008399
0.00008399
0.00005907
0.00005907
0.00018329
0.00018329
0.00011909
0.00002166
0.00006055
0.00014582
0.00014582
0.00014400
0.00016412
0.00016412
0.00016183
0.00015525
0.00015525
0.00003510
0.00018322
0.00018322
0.00013149
0.00013747
0.00013747
0.00002819
0.00011856
0.00011483
0.00000000
0.00037430
0.00037430
0.00013050
0.00025397
0.00000764
0.00000000
0.00020125
0.00020125
0.00014104
0.00014104
0.00000764
0.00025397
0.00000000
0.00012546
0.00014559
0.00014559
0.00012750
0.00003863
0.00011758
0.00016805
0.00103010
0.00103010
0.00016805
0.00028376
0.00017246
0.00000000
0.00028376
0.00009824
0.00000000
0.00000000
0.00000000
0.00003143
0.00003143
0.00006870
0.00008425
0.00008425
0.00007437
0.00010686
0.00016070
0.00016070
0.00009399
0.00011456
0.00018761
0.00018761
0.00018048
0.00018048
0.00020000
0.00020000
0.00041979
0.00043802
0.00043802
0.00025708
0.00023117
0.00027979
0.00029657
0.00029657
0.00023262
0.00013564
0.00013564
0.00011282
0.00022379
0.00022379
0.00023656
0.00023656
0.00022654
0.00013408
0.00015510
0.00027484
0.00027484
0.00014998
0.00024937
0.00026530
0.00010221
0.00002396
0.00026530
0.00000000
0.00020506
0.00027883
0.00027883
0.00025679
0.00020965
0.00024379
0.00024379
0.00013350
0.00004695
0.00023090
0.00023090
0.00010583
0.00022775
0.00022775
0.00027096
0.00027096
0.00015500
0.00019491
0.00019491
0.00019776
0.00024119
0.00028527
0.00031106
0.00031106
0.00016274
0.00004885
0.00213255
0.00213255
0.00015427
0.00002553
0.00013672
0.00005446
0.00000000
0.00000000
0.00000000
0.00007284
0.00007284
0.00011739
0.00015574
0.00015944
0.00015944
0.00014638
0.00018275
0.00004135
0.00002634
0.00024249
0.00009265
0.00000000
0.00022288
0.00024249
0.00018275
0.00004917
0.00031934
0.00011579
0.00002937
0.00004329
0.00004329
0.00185906
0.00185906
0.00000000
0.00011579
0.00013213
0.00009275
0.00008041
0.00008236
0.00023386
0.00023386
0.00021321
0.00021957
0.00021957
0.00032280
0.00243194
0.00243194
0.00008914
0.00008914
0.00010096
0.00014586
0.00018059
0.00018059
0.00012948
0.00015050
0.00015050
0.00012678
0.00015214
0.00015214
0.00010414
0.00014812
0.00014812
0.00016627
0.00017001
0.00017001
0.00031346
0.00031346
0.00030935
0.00021798
0.00019878
0.00010353
0.00018349
0.00019134
0.00019134
0.00010134
0.00008172
0.00010408
0.00010408
0.00000000
0.00000000
0.00000000
0.00000000
0.00000000
0.00000000
0.00000000
0.00004671
0.00005220
0.00005220
0.00003833
0.00004671
0.00006794
0.00006794
0.00006247
0.00012794
0.00016086
0.00000000
0.00000000
0.00206788
0.00206788
0.00018155
0.00010729
0.00010729
0.00009314
0.00001214
0.00001214
0.00015401
0.00022527
0.00032593
0.00336676
0.00336676
0.00000000
0.00008892
0.00012738
0.00018641
0.00018641
0.00014711
0.00014261
0.00009860
0.00015329
0.00022786
0.00026411
0.00026411
0.00016686
0.00016686
0.00002699
0.00006424
0.00006202
0.00025927
0.00025927
0.00019302
0.00018741
0.00015484
0.00015484
0.00035041
0.00035041
0.00020173
0.00020173
0.00026347
0.00026347
0.00024415
0.00026401
0.00026401
0.00017385
0.00007504
0.00019222
0.00031954
0.00031954
0.00033923
0.00033923
0.00023588
0.00018438
0.00018438
0.00025815
0.00025815
0.00025366
0.00015632
0.00011877
0.00024765
0.00000000
0.00022472
0.00024765
0.00000000
0.00005168
0.00058271
0.00058271
0.00000000
0.00016713
0.00016713
0.00231607
0.00231607
0.00007843
0.00007843
0.00024971
0.00000000
0.00012521
0.00036637
0.00000000
0.00040651
0.00000000
0.00028339
0.00000277
0.00010558
0.00010558
0.00009882
0.00003956
0.00021269
0.00015158
0.00013271
0.00000000
0.00000000
0.00008344
0.00008344
0.00029981
0.00031266
0.00031266
0.00010402
0.00012448
0.00021885
0.00021885
0.00022597
0.00022597
0.00021269
0.00005850
0.00024852
0.00024852
0.00018177
0.00016822
0.00016822
0.00022946
0.00022946
0.00021633
0.00015515
0.00015515
0.00017824
0.00026866
0.00026866
0.00022217
0.00002803
0.00009018
0.00022217
0.00013978
0.00000000
0.00014249
0.00016364
0.00000000
0.00002430
0.00002430
0.00000000
0.00016364
0.00014249
0.00018845
0.00018845
0.00018507
0.00030239
0.00030239
0.00007741
0.00000000
0.00033928
0.00031198
0.00021009
0.00021009
0.00031649
0.00031649
0.00019347
0.00019347
0.00286503
0.00286503
0.00023472
0.00014504
0.00012271
0.00012271
0.00019918
0.00005286
0.00005286
0.00194886
0.00194886
0.00017705
0.00018200
0.00030156
0.00035842
0.00035842
0.00009554
0.00020212
0.00002376
0.00007875
0.00019594
0.00019594
0.00015267
0.00015461
0.00017202
0.00017202
0.00016200
0.00023354
0.00023354
0.00011452
0.00023548
0.00023548
0.00021055
0.00021055
0.00016688
0.00016688
0.00014357
0.00009528
0.00009331
0.00023687
0.00035036
0.00035036
0.00027486
0.00027486
0.00011444
0.00006559
0.00017140
0.00017140
0.00014683
0.00014949
0.00020247
0.00020247
0.00012114
0.00012114
0.00007747
0.00021696
0.00021696
0.00010125
0.00018748
0.00029692
0.00029692
0.00015030
0.00023339
0.00027712
0.00030833
0.00031532
0.00033703
0.00033703
0.00020018
0.00010688
0.00008036
0.00012965
0.00012965
0.00009831
0.00020964
0.00020964
0.00020761
0.00020761
0.00019983
0.00005563
0.00015794
0.00017361
0.00017361
0.00010806
0.00014472
0.00017275
0.00017275
0.00010896
0.00019047
0.00019047
0.00023647
0.00023647
0.00016584
0.00016584
0.00005122
0.00012241
0.00017972
0.00032765
0.00032765
0.00035365
0.00035365
0.00004940
0.00008490
0.00008490
0.00010488
0.00014435
0.00014435
0.00025892
0.00025892
0.00025647
0.00019436
0.00026076
0.00026076
0.00017814
0.00017814
0.00013481
0.00010338
0.00013746
0.00013833
0.00024038
0.00024038
0.00012356
0.00012356
0.00021176
0.00021176
0.00013043
0.00017989
0.00017989
0.00017987
0.00057805
0.00057805
0.00019294
0.00241339
0.00241339
0.00018103
0.00013309
0.00030782
0.00030782
0.00018297
0.00028950
0.00028950
0.00021884
0.00013037
0.00022634
0.00024835
0.00024835
0.00009474
0.00024000
0.00049229
0.00049229
0.00051286
0.00051286
0.00045507
0.00033255
0.00030082
0.00024013
0.00031986
0.00031986
0.00026007
0.00017720
0.00014462
0.00014462
0.00012790
0.00007913
0.00019746
0.00019746
0.00016784
0.00025633
0.00025633
0.00016808
0.00011150
0.00014772
0.00015988
0.00018819
0.00018819
0.00014732
0.00014732
0.00010443
0.00014374
0.00014374
0.00020461
0.00024960
0.00024960
0.00017725
0.00014864
0.00014864
0.00017818
0.00017818
0.00014609
0.00014489
0.00007384
0.00015250
0.00019039
0.00019039
0.00023607
0.00023607
0.00019324
0.00026773
0.00028176
0.00028176
0.00011295
0.00010118
0.00018855
0.00018855
0.00020004
0.00020055
0.00020055
0.00014564
0.00018114
0.00018114
0.00011625
0.00029283
0.00032854
0.00032854
0.00027731
0.00016535
0.00026524
0.00026524
0.00018257
0.00033168
0.00033168
0.00027525
0.00009047
0.00010108
0.00017635
0.00017635
0.00024361
0.00024361
0.00016167
0.00009201
0.00003148
0.00002636
0.00002923
0.00013055
0.00013055
0.00005100
0.00000000
0.00001927
0.00023185
0.00000000
0.00000000
0.00000000
0.00021435
0.00023185
0.00010732
0.00010732
0.00004842
0.00025089
0.00025089
0.00023915
0.00015703
0.00015703
0.00010114
0.00000000
0.00013447
0.00022587
0.00023559
0.00023559
0.00017151
0.00018085
0.00018764
0.00018764
0.00014579
0.00000402
0.00000000
0.00000000
0.00013920
0.00006204
0.00000000
0.00024118
0.00019459
0.00025783
0.00017760
0.00009307
0.00290387
0.00290387
0.00023010
0.00008651
0.00011014
0.00011014
0.00012749
0.00000000
0.00002620
0.00012749
0.00018129
0.00022836
0.00024530
0.00024530
0.00020146
0.00022671
0.00022671
0.00013650
0.00013650
0.00013013
0.00000000
0.00000000
0.00006256
0.00030699
0.00026649
0.00063735
0.00057023
0.00055269
0.00004716
0.00000000
0.00004288
0.00063735
0.00015709
0.00000000
0.00006204
0.00000000
0.00006256
0.00000000
0.00011975
0.00020082
0.00020082
0.00001699
0.00026201
0.00026201
0.00013738
0.00013738
0.00028371
0.00049445
0.00049445
0.00038945
0.00020518
0.00012266
0.00022243
0.00022243
0.00021552
0.00020828
0.00020828
0.00022919
0.00022919
0.00008450
0.00022591
0.00023122
0.00023122
0.00005667
0.00028157
0.00028157
0.00000000
0.00000000
0.00000000
0.00071902
0.00000000
0.00000000
0.00025783
0.00024118
0.00016032
0.00016085
0.00016085
0.00017897
0.00027483
0.00027483
0.00027498
0.00027498
0.00017691
0.00014076
0.00014076
0.00012871
0.00015806
0.00015806
0.00000000
0.00005263
0.00049348
0.00052070
0.00042826
0.00022567
0.00000000
0.00049348
0.00052070
0.00000000
0.00000000
0.00006258
0.00025768
0.00025768
0.00008258
0.00008258
0.00037321
0.00037321
0.00043871
0.00043871
0.00018865
0.00018865
0.00008695
0.00020664
0.00020664
0.00023582
0.00023582
0.00010436
0.00010436
0.00011512
0.00029203
0.00029203
0.00034465
0.00034465
0.00013614
0.00023226
0.00023226
0.00000682
0.00005822
0.00000000
0.00040651
0.00042664
0.00042664
0.00017095
0.00022365
0.00030348
0.00030348
0.00010186
0.00028339
0.00022784
0.00013091
0.00000000
0.00024523
0.00009989
0.00036885
0.00032392
0.00018393
0.00022741
0.00036885
0.00024523
0.00015710
0.00031027
0.00031027
0.00026234
0.00010130
0.00014935
0.00014935
0.00032392
0.00015242
0.00015242
0.00017966
0.00018879
0.00033161
0.00033161
0.00026943
0.00012856
0.00004038
0.00012762
0.00012762
0.00020604
0.00026407
0.00026407
0.00025102
0.00012767
0.00012767
0.00014038
0.00014038
0.00011502
0.00039691
0.00039691
0.00034057
0.00024350
0.00024350
0.00029484
0.00029484
0.00022713
0.00022713
0.00035857
0.00035857
0.00024596
0.00023602
0.00000000
0.00000000
0.00000000
0.00068487
0.00017222
0.00000000
0.00000000
0.00000000
0.00000000
0.00395188
0.00395188
0.00037188
0.00029623
0.00029623
0.00020287
0.00020287
0.00004198
0.00021706
0.00034063
0.00014176
0.00022008
0.00152092
0.00152092
0.00008775
0.00008775
0.00055021
0.00006881
0.00019888
0.00017549
0.00000000
0.00000000
0.00006881
0.00030069
0.00000000
0.00004035
0.00004035
0.00000000
0.00000000
0.00030069
0.00000339
0.00000000
0.00000000
0.00055021
0.00060477
0.00060477
0.00012732
0.00000000
0.00002851
0.00024950
0.00038339
0.00038339
0.00033214
0.00033214
0.00017067
0.00010825
0.00018051
0.00023890
0.00023890
0.00022843
0.00022372
0.00008849
0.00007687
0.00007687
0.00015126
0.00027096
0.00027096
0.00023990
0.00013521
0.00013521
0.00008952
0.00025719
0.00025719
0.00016140
0.00008417
0.00008417
0.00010340
0.00015815
0.00015815
0.00015227
0.00013246
0.00018543
0.00018543
0.00016567
0.00016567
0.00019646
0.00019646
0.00010696
0.00015278
0.00015278
0.00014309
0.00012526
0.00009183
0.00009183
0.00015481
0.00021332
0.00024795
0.00024795
0.00011040
0.00011833
0.00037939
0.00037939
0.00017312
0.00023823
0.00038083
0.00049089
0.00049089
0.00037455
0.00015664
0.00015664
0.00002287
0.00030405
0.00030405
