0.00020723
0.00045554
0.00045554
0.00041631
0.00041786
0.00041786
0.00020736
0.00013923
0.00029589
0.00029589
0.00029349
0.00023643
0.00022289
0.00026474
0.00026474
0.00038984
0.00038984
0.00020694
0.00020694
0.00030277
0.00030277
0.00027423
0.00027423
0.00017818
0.00030927
0.00030927
0.00020796
0.00019640
0.00020535
0.00020535
0.00037476
0.00037476
0.00042943
0.00042943
0.00034455
0.00018564
0.00033824
0.00033824
0.00031705
0.00031705
0.00009576
0.00040842
0.00046172
0.00046172
0.00024916
0.00024916
0.00030135
0.00040008
0.00040008
0.00031117
0.00031117
0.00024217
0.00026230
0.00026230
0.00022353
0.00022353
0.00014252
0.00014252
0.00011253
0.00022627
0.00022627
0.00037614
0.00037614
0.00021360
0.00025527
0.00025527
0.00026171
0.00026171
0.00024486
0.00029597
0.00039852
0.00039852
0.00029366
0.00029366
0.00024843
0.00021182
0.00019747
0.00031689
0.00031689
0.00030151
0.00018068
0.00027869
0.00054686
0.00084601
0.00084601
0.00057881
0.00028088
0.00028161
0.00045011
0.00045011
0.00040477
0.00034254
0.00047712
0.00047712
0.00028800
0.00013042
0.00011957
0.00038985
0.00038985
0.00036529
0.00026487
0.00013255
0.00019769
0.00033573
0.00033573
0.00026345
0.00020798
0.00025438
0.00025438
0.00014582
0.00021087
0.00021087
0.00011960
0.00011960
0.00012583
0.00018948
0.00018948
0.00019153
0.00019153
0.00030001
0.00030001
0.00011422
0.00036131
0.00036131
0.00027201
0.00025179
0.00021473
0.00023734
0.00026359
0.00036856
0.00036856
0.00028459
0.00015150
0.00015150
0.00015042
0.00036930
0.00041898
0.00041898
0.00014304
0.00027959
0.00027959
0.00010954
0.00022794
0.00022794
0.00019660
0.00020198
0.00020198
0.00018833
0.00028210
0.00028210
0.00027364
0.00024253
0.00001131
0.00014933
0.00020050
0.00008845
0.00024514
0.00024514
0.00023762
0.00023762
0.00013712
0.00020050
0.00012606
0.00022816
0.00022816
0.00017923
0.00022066
0.00022066
0.00031272
0.00031272
0.00032193
0.00032193
0.00023927
0.00023927
0.00021770
0.00021770
0.00020698
0.00036237
0.00036237
0.00029624
0.00029624
0.00013784
0.00033840
0.00033840
0.00032219
0.00042787
0.00042787
0.00041072
0.00049657
0.00052761
0.00052761
0.00035051
0.00050537
0.00071153
0.00071153
0.00043231
0.00039105
0.00039105
0.00030668
0.00030668
0.00029945
0.00055257
0.00055257
0.00043625
0.00024222
0.00021128
0.00033511
0.00033511
0.00028155
0.00028155
0.00027551
0.00027551
0.00037232
0.00037232
0.00038866
0.00043411
0.00043411
0.00012207
0.00015369
0.00015369
0.00032208
0.00041763
0.00041763
0.00047220
0.00047220
0.00039071
0.00039071
0.00031674
0.00039128
0.00039128
0.00035372
0.00035415
0.00045305
0.00050353
0.00058551
0.00058551
0.00046820
0.00051021
0.00079281
0.00107388
0.00107388
0.00083613
0.00048936
0.00041838
0.00032668
0.00032618
0.00032618
0.00042203
0.00055423
0.00055423
0.00035813
0.00018958
0.00050328
0.00050328
0.00035341
0.00033124
0.00033557
0.00033557
0.00048347
0.00048347
0.00046812
0.00040087
0.00037096
0.00020482
0.00020482
0.00018330
0.00052360
0.00052360
0.00027344
0.00020458
0.00040136
0.00049963
0.00049963
0.00045589
0.00045589
0.00039298
0.00054434
0.00054434
0.00040306
0.00040306
0.00038685
0.00043869
0.00043869
0.00033420
0.00013211
0.00022717
0.00022717
0.00014920
0.00030095
0.00051934
0.00051934
0.00049313
0.00028609
0.00023871
0.00024360
0.00024360
0.00014110
0.00012972
0.00020719
0.00021316
0.00021316
0.00016411
0.00019113
0.00024671
0.00027881
0.00027881
0.00020093
0.00042423
0.00059860
0.00059860
0.00028522
0.00017272
0.00017272
0.00013120
0.00030432
0.00033496
0.00033496
0.00019616
0.00034457
0.00034457
0.00020637
0.00030365
0.00030365
0.00029407
0.00013269
0.00010972
0.00031226
0.00025197
0.00019706
0.00021271
0.00021271
0.00031269
0.00031269
0.00029659
0.00031226
0.00027002
0.00027002
0.00015329
0.00028679
0.00048044
0.00048044
0.00038790
0.00023642
0.00023642
0.00016257
0.00012279
0.00000000
0.00000000
0.00024626
0.00023606
0.00023606
0.00009641
0.00000000
0.00000000
0.00050180
0.00028375
0.00000000
0.00024616
0.00028744
0.00028744
0.00021968
0.00021968
0.00016425
0.00000000
0.00050180
0.00022280
0.00000000
0.00024626
0.00026699
0.00027717
0.00027717
0.00022984
0.00021770
0.00021770
0.00020114
0.00042743
0.00042743
0.00022416
0.00034701
0.00040716
0.00040716
0.00035607
0.00034463
0.00020411
0.00020411
0.00016408
0.00018078
0.00024609
0.00024609
0.00018390
0.00018390
0.00019265
0.00019265
0.00038589
0.00038589
0.00025622
0.00025622
0.00023767
0.00027862
0.00027862
0.00021234
0.00013023
0.00010615
0.00011661
0.00022193
0.00022193
0.00032048
0.00032048
0.00025210
0.00021955
0.00023903
0.00023903
0.00025327
0.00027000
0.00027000
0.00027487
0.00029097
0.00029097
0.00013958
0.00013958
0.00019369
0.00019369
0.00023295
0.00023295
0.00035499
0.00047207
0.00047207
0.00027185
0.00014906
0.00015195
0.00015195
0.00031730
0.00031730
0.00013649
0.00013649
0.00012990
0.00012990
0.00015659
0.00025345
0.00032147
0.00032147
0.00018459
0.00012328
0.00012328
0.00013847
0.00015671
0.00015671
0.00014819
0.00012857
0.00012978
0.00012978
0.00010854
0.00005895
0.00005895
0.00006589
0.00007564
0.00010591
0.00010591
0.00014919
0.00014919
0.00014895
0.00014866
0.00014866
0.00023348
0.00025369
0.00025369
0.00006106
0.00015475
0.00025218
0.00025218
0.00016682
0.00003876
0.00017203
0.00014726
0.00014726
0.00011449
0.00021112
0.00021112
0.00015192
0.00013146
0.00021582
0.00035818
0.00035818
0.00023844
0.00015791
0.00015791
0.00013431
0.00010225
0.00017806
0.00017806
0.00014518
0.00027521
0.00027521
0.00017144
0.00013601
0.00016535
0.00016535
0.00020446
0.00020446
0.00015217
0.00015217
0.00019583
0.00027106
0.00027106
0.00019171
0.00015955
0.00018608
0.00021849
0.00021849
0.00020505
0.00024062
0.00024062
0.00018728
0.00018728
0.00015698
0.00000000
0.00430778
0.00430778
0.00056357
0.00021887
0.00009055
0.00013330
0.00013330
0.00000000
0.00012442
0.00012442
0.00018556
0.00018556
0.00014574
0.00007139
0.00045782
0.00000000
0.00000000
0.00000000
0.00026327
0.00031454
0.00031454
0.00026123
0.00026123
0.00022734
0.00025268
0.00025268
0.00027430
0.00033468
0.00033468
0.00020945
0.00020945
0.00019655
0.00015671
0.00026471
0.00026471
0.00018526
0.00030563
0.00030563
0.00028329
0.00035121
0.00035121
0.00018408
0.00025548
0.00025548
0.00026627
0.00043134
0.00043134
0.00029963
0.00015026
0.00015026
0.00009090
0.00026797
0.00033948
0.00033948
0.00023166
0.00009488
0.00011046
0.00017130
0.00031396
0.00031396
0.00027224
0.00027224
0.00022985
0.00024007
0.00024007
0.00023247
0.00023247
0.00017451
0.00010075
0.00000000
0.00000000
0.00014557
0.00008909
0.00010540
0.00004156
0.00019981
0.00019981
0.00015291
0.00027144
0.00027144
0.00025134
0.00025134
0.00020839
0.00021096
0.00021096
0.00011037
0.00010949
0.00018322
0.00018322
0.00024975
0.00024975
0.00022401
0.00013875
0.00025047
0.00025047
0.00020593
0.00020593
0.00023562
0.00025063
0.00025063
0.00015757
0.00015757
0.00018617
0.00018617
0.00010467
0.00014557
0.00009660
0.00009660
0.00018318
0.00018318
0.00021071
0.00021189
0.00021189
0.00006435
0.00020343
0.00020343
0.00005648
0.00012924
0.00021685
0.00021685
0.00021952
0.00021952
0.00009126
0.00017450
0.00017450
0.00020780
0.00026109
0.00026109
0.00014008
0.00020815
0.00020815
0.00022327
0.00029949
0.00029949
0.00022577
0.00012747
0.00012747
0.00013270
0.00013270
0.00018973
0.00018973
0.00013785
0.00026449
0.00026449
0.00023469
0.00023469
0.00015894
0.00015894
0.00027670
0.00034128
0.00034128
0.00027920
0.00018550
0.00014354
0.00014300
0.00010025
0.00016996
0.00016996
0.00011720
0.00022823
0.00000000
0.00000000
0.00016318
0.00016318
0.00021428
0.00021428
0.00020834
0.00020834
0.00023308
0.00030938
0.00030938
0.00009400
0.00011751
0.00022823
0.00002698
0.00014256
0.00017630
0.00024729
0.00024729
0.00016364
0.00010661
0.00019923
0.00030318
0.00030318
0.00013641
0.00026266
0.00026266
0.00020345
0.00020713
0.00020780
0.00024525
0.00024525
0.00024682
0.00024682
0.00012583
0.00018816
0.00025805
0.00033061
0.00041148
0.00043500
0.00043500
0.00026967
0.00011191
0.00027979
0.00047216
0.00047216
0.00028233
0.00030915
0.00030915
0.00006949
0.00000000
0.00000000
0.00031198
0.00082654
0.00027834
0.00000000
0.00000000
0.00013818
0.00021058
0.00048154
0.00048154
0.00042680
0.00042680
0.00013191
0.00000000
0.00014195
0.00000000
0.00002849
0.00017440
0.00021736
0.00021736
0.00023713
0.00025560
0.00025560
0.00025847
0.00025847
0.00021324
0.00021324
0.00015402
0.00010538
0.00033560
0.00033560
0.00024967
0.00002526
0.00015838
0.00015838
0.00009547
0.00023782
0.00023782
0.00011878
0.00000000
0.00000000
0.00000000
0.00021531
0.00017112
0.00000000
0.00000000
0.00005941
0.00011467
0.00011467
0.00032897
0.00039026
0.00039026
0.00013052
0.00011568
0.00011568
0.00011027
0.00011027
0.00009303
0.00025233
0.00025233
0.00024823
0.00024823
0.00022964
0.00026018
0.00026018
0.00014018
0.00014018
0.00003396
0.00000000
0.00000000
0.00015766
0.00021531
0.00017112
0.00000000
0.00005395
0.00015766
0.00000000
0.00005569
0.00015440
0.00015440
0.00014800
0.00011855
0.00019996
0.00019996
0.00018006
0.00012685
0.00024190
0.00031755
0.00031755
0.00033734
0.00041981
0.00041981
0.00032707
0.00014195
0.00000000
0.00000000
0.00000000
0.00031198
0.00082654
0.00027834
0.00000000
0.00000000
0.00000000
0.00000000
0.00016214
0.00016214
0.00016336
0.00032779
0.00032779
0.00026653
0.00026653
0.00033823
0.00033823
0.00022329
0.00017656
0.00017656
0.00011686
0.00013605
0.00040516
0.00040516
0.00026628
0.00024347
0.00015807
0.00015807
0.00013291
0.00024203
0.00024203
0.00019005
0.00012489
0.00013305
0.00013305
0.00021112
0.00040178
0.00057386
0.00057386
0.00035581
0.00025161
0.00025161
0.00005597
0.00000000
0.00005219
0.00008223
0.00033953
0.00037402
0.00037402
0.00033628
0.00030679
0.00030679
0.00015856
0.00014864
0.00038046
0.00038046
0.00027505
0.00027505
0.00019270
0.00015472
0.00020060
0.00020060
0.00020217
0.00020217
0.00029772
0.00029772
0.00027596
0.00020232
0.00014177
0.00024191
0.00024191
0.00041497
0.00041497
0.00038862
0.00045321
0.00045321
0.00042297
0.00026153
0.00021731
0.00021731
0.00029060
0.00046426
0.00046426
0.00035045
0.00031049
0.00031049
0.00015655
0.00017926
0.00027891
0.00027891
0.00027840
0.00025109
0.00025109
0.00022764
0.00021756
0.00024115
0.00043517
0.00043517
0.00041426
0.00035416
0.00037198
0.00037198
0.00020420
0.00021175
0.00021510
0.00034241
0.00034241
0.00027695
0.00051586
0.00051586
0.00027539
0.00019270
0.00028281
0.00031543
0.00031543
0.00015860
0.00025755
0.00025755
0.00021287
0.00021287
0.00017470
0.00031907
0.00050760
0.00050760
0.00022182
0.00019642
0.00031891
0.00031891
0.00012818
0.00000000
0.00000000
0.00026105
0.00013516
0.00000000
0.00002656
0.00002656
0.00011523
0.00026105
0.00020429
0.00020429
0.00009972
0.00035131
0.00036492
0.00036492
0.00017546
0.00025007
0.00025007
0.00009183
0.00020712
0.00029178
0.00032017
0.00032017
0.00019297
0.00014035
0.00031332
0.00031332
0.00015161
0.00036108
0.00036108
0.00038308
0.00038308
0.00028531
0.00022685
0.00022685
0.00019239
0.00021425
0.00021425
0.00024074
0.00024074
0.00011974
0.00017409
0.00024590
0.00024590
0.00018965
0.00009147
0.00017938
0.00017938
