0.00007844
0.00019946
0.00037592
0.00053200
0.00057845
0.00057845
0.00068852
0.00073887
0.00073887
0.00114695
0.00149067
0.00223551
0.00253991
0.00253991
0.00217313
0.00134343
0.00031423
0.00018968
0.00006322
0.00006322
0.00009696
0.00017136
0.00017136
0.00010986
0.00019438
0.00019438
0.00011880
0.00024424
0.00024704
0.00024704
0.00011091
0.00005550
0.00005550
0.00012340
0.00013035
0.00028599
0.00055613
0.00096377
0.00135317
0.00136070
0.00136070
0.00084428
0.00028162
0.00012259
0.00012259
0.00004873
0.00009452
0.00012988
0.00012988
0.00006967
0.00006967
0.00010282
0.00016674
0.00016674
0.00014310
0.00008067
0.00010429
0.00010429
0.00010570
0.00010570
0.00008232
0.00019086
0.00021781
0.00021781
0.00012904
0.00012567
0.00043022
0.00059956
0.00059956
0.00043591
0.00019269
0.00019269
0.00030400
0.00052229
0.00085449
0.00103939
0.00103939
0.00079582
0.00028788
0.00012965
0.00008119
0.00012551
0.00016421
0.00016421
0.00013152
0.00009897
0.00006310
0.00008757
0.00013549
0.00020556
0.00020556
0.00015391
0.00019327
0.00022137
0.00022137
0.00019352
0.00016664
0.00016043
0.00018610
0.00018610
