0.00009988
0.00009988
0.00000000
0.00002708
0.00004719
0.00003507
0.00003534
0.00053034
0.00053034
0.00002155
0.00001511
0.00006260
0.00006260
0.00012768
0.00022046
0.00186977
0.00449958
0.00449958
0.00082267
0.00000000
0.00000000
0.00000000
0.00008617
0.00002731
0.00006349
0.00007284
0.00008435
0.00070337
0.00070337
0.00002544
0.00001949
0.00006599
0.00006599
0.00003987
0.00002049
0.00121574
0.00121574
0.00028380
0.00028380
0.00001842
0.00027189
0.00064219
0.00250708
0.00250708
0.00014832
0.00012543
0.00000000
0.00001910
0.00000000
0.00004079
0.00004079
0.00002724
0.00002724
0.00006217
0.00002771
0.00008287
0.00014364
0.00014364
0.00010821
0.00007943
0.00006012
0.00011080
0.00011080
0.00008243
0.00008243
0.00000696
0.00003178
0.00005264
0.00005586
0.00005586
0.00004998
0.00004998
0.00001101
0.00009239
0.00016356
0.00016356
0.00015305
0.00014050
0.00015264
0.00015264
0.00007129
0.00007129
0.00005452
0.00118604
0.00221401
0.00221401
0.00203485
0.00027874
0.00005378
0.00005395
0.00001990
0.00016911
0.00000000
0.00012624
0.00012624
0.00010443
0.00004281
0.00225718
0.00225718
0.00012083
