1.49998
2.34104
3.47960
4.26468
5.16038
5.77339
6.74204
7.22483
7.73291
7.94976
7.99146
8.35553
9.42195
9.49353
8.81571
8.30738
8.41463
8.79491
9.87779
10.25024
10.09408
10.22104
10.53051
11.10310
12.22797
12.96735
13.84047
14.33079
14.96212
15.41913
16.12801
16.89793
18.19480
18.90182
20.06424
20.03555
18.81563
18.06250
16.70712
15.88359
15.30900
14.60293
13.20675
12.39571
11.16618
10.43885
9.55262
9.12224
8.79580
8.81031
9.24715
9.36103
9.36980
9.41937
9.04548
8.47302
7.82225
7.13192
5.71966
5.42220
6.40203
6.88780
7.46161
8.35921
9.21293
9.75713
10.46251
10.98308
12.00383
12.40748
12.64316
12.96422
13.77480
13.75527
12.91650
12.56282
12.28482
11.69057
10.41907
10.29240
11.46939
11.37172
10.08577
9.75961
10.42184
10.76202
11.51161
11.53708
10.83386
10.58169
10.32524
10.29863
10.64197
10.33826
9.20049
8.65552
8.32723
7.86911
7.31127
6.48394
5.18327
4.38690
3.25310
2.52498
1.39342
1.15972
1.87970
2.63481
3.56370
4.45231
5.42997
6.29474
7.78207
8.64130
9.85356
10.54061
10.28570
11.08229
12.35602
13.17158
14.57119
14.93736
14.45138
14.06005
13.18735
12.73183
12.00453
11.93149
12.28015
12.90794
13.79525
14.57511
15.97777
16.75902
17.23212
17.57136
18.12300
18.06160
17.23879
17.38257
18.45476
18.73941
18.59440
18.63548
18.90370
18.78126
18.22533
18.14800
18.51734
18.42841
17.92703
17.54304
17.11081
16.86570
16.30836
16.80009
18.26190
19.14544
20.64177
21.51467
22.95550
23.35079
22.73737
22.25766
21.03448
21.21669
22.69803
23.03849
22.29188
22.06257
21.80762
22.28848
23.39089
23.46330
22.35063
22.49156
23.74950
24.57513
26.06761
26.75796
27.10454
27.43563
28.13440
28.13982
27.47245
27.11120
26.48424
26.04806
25.72107
25.46573
25.03217
25.11202
25.68559
26.32845
27.71444
28.56668
29.81204
30.41723
31.10917
31.51750
32.03060
32.49357
33.62851
33.55116
32.28566
31.43680
30.04718
29.24381
28.06754
27.34742
26.75527
26.37803
26.40288
26.63557
27.16221
27.93348
29.36067
29.95335
29.87581
30.11103
30.85694
30.80428
29.84189
29.87784
31.02075
30.99180
29.86723
29.79933
30.43970
31.25984
32.47822
33.00759
33.28344
33.49544
33.90007
33.78704
33.03015
32.67341
32.15968
31.84816
31.33209
31.07540
30.73246
30.53272
30.26989
29.91975
28.86809
28.96423
30.17607
30.87124
31.91751
32.37767
32.45531
32.46414
32.06538
32.52768
33.90684
34.45648
34.60388
34.55857
34.06863
33.98605
34.05804
34.56146
35.92891
36.24294
35.49202
35.03531
34.05660
33.69914
33.95617
33.90549
33.60350
33.59144
33.79416
34.05737
34.54704
35.31413
36.48611
37.20830
38.41717
38.72523
38.48316
37.94434
36.52139
35.93735
35.41388
35.76732
37.07238
37.92412
39.09026
39.23217
38.28291
38.21747
38.66142
39.30140
39.94196
40.73747
41.92252
42.65893
42.79382
42.66347
41.83760
41.59811
41.70725
41.84493
42.20451
42.52655
42.56424
43.24300
44.58748
45.39465
46.02956
46.81921
47.91194
48.63119
49.28413
49.61231
49.85239
50.19312
50.80887
51.53392
52.65290
53.08409
53.13550
53.17998
53.26867
52.81873
51.56319
50.98988
50.29886
50.17568
50.51083
50.83101
51.80263
51.60676
50.27137
49.50999
48.31104
47.44643
46.81320
46.17767
44.84368
44.49350
45.04193
44.81653
43.75635
43.36091
43.70552
43.12098
41.63116
40.94889
41.23592
40.61639
39.12150
38.23165
36.74902
35.88786
34.50282
33.92272
33.82800
33.51537
32.58115
32.70157
33.77142
34.63070
35.98599
36.37858
35.89857
35.56001
34.72642
34.26734
33.51430
33.83000
35.10257
35.77797
36.80519
37.28826
37.49766
37.80499
38.20085
39.06888
40.18531
40.63548
40.94223
40.30918
38.87099
38.33064
38.96087
39.15980
39.58160
39.35517
38.37764
38.42841
39.47291
40.06524
40.48096
41.04523
42.28697
42.94702
43.90880
44.56964
45.73151
46.25270
46.55293
46.83209
47.15649
47.12051
46.82905
46.14959
45.12920
44.45678
44.08237
44.32281
45.40862
45.86100
46.35092
46.65831
47.15779
47.34136
47.71941
48.12211
47.57428
47.08365
46.28134
46.30704
47.55850
47.92785
47.70606
47.05274
46.02951
45.39995
44.97311
45.05323
45.83178
46.05770
45.86020
46.38295
47.68918
48.43975
49.59254
49.91075
49.51396
48.70259
47.66734
47.02301
47.15895
47.79062
48.00946
47.61785
46.52514
45.95552
45.19934
44.88160
44.84893
45.04389
45.68302
46.20898
47.18204
47.83175
49.07478
49.27224
48.36597
48.67715
49.99265
50.72490
51.89360
52.59899
53.77406
53.66088
52.28771
51.66661
51.46899
51.78904
52.74477
53.32492
54.11921
54.99179
55.88465
56.68912
57.38606
57.93408
58.73329
59.60477
60.81535
61.57574
62.55023
63.43335
64.27712
65.01017
65.89979
66.44327
67.39774
67.44217
66.51109
66.51371
67.30190
67.87643
68.87873
69.73965
71.12854
71.93278
72.55675
73.36978
74.76037
75.31699
75.28024
75.38499
75.56324
75.67963
75.91465
75.98091
75.93355
76.01429
76.16197
76.73459
78.10376
78.92643
79.37999
79.94543
81.09972
81.77176
82.87002
83.60006
84.93815
85.53235
86.25814
86.00245
84.67309
83.99148
82.99964
82.81785
83.35802
83.44313
83.49446
82.95212
81.74562
80.99840
79.72923
79.06470
78.10892
78.24632
79.48518
80.33392
81.83196
82.71939
84.14091
84.91149
85.81918
86.37655
86.96064
87.73218
89.23094
90.12879
91.58226
92.24177
92.00053
92.05699
92.20903
92.35408
92.57919
93.12722
94.48061
95.09364
95.49403
96.06077
96.56057
96.95132
97.72642
97.59278
96.44415
96.47667
97.72218
97.81529
97.01862
96.12652
95.21743
94.41161
93.07254
92.36274
92.52748
92.52620
92.56928
92.69343
92.82538
93.23824
94.23796
94.47075
94.27178
93.67067
92.22589
91.83673
92.57336
92.98515
94.04621
93.85462
92.46014
91.69466
90.38616
90.17396
90.90463
91.44933
91.76333
91.90468
91.72775
91.66264
91.75458
91.16886
89.88476
89.11002
89.16475
89.31237
89.99036
90.47651
91.49113
91.81973
91.53031
91.74120
92.94547
93.03926
92.16173
91.94381
92.29982
92.32086
92.17834
91.95411
91.39296
91.64998
92.92036
93.01345
92.18594
