1.49995
2.10138
2.12145
2.94672
4.39082
5.07470
5.25352
5.53148
5.89209
6.04939
5.93147
6.47913
7.77397
8.36181
9.24150
8.77881
7.63695
6.93257
6.27986
5.95950
5.53940
6.02986
6.01876
6.49073
7.71898
8.52624
9.42888
9.33395
8.33447
7.55862
6.87475
6.62087
7.10043
7.00748
6.47902
6.31215
6.45249
6.81271
7.48050
8.24643
9.66142
10.20316
9.33483
9.79239
11.24078
12.09209
13.15378
13.77637
13.08186
12.98745
13.30410
13.45373
13.55160
14.08327
15.08178
15.71428
16.76570
17.27856
18.07322
17.90982
16.80786
16.96340
18.33113
19.06710
20.42040
20.20604
18.76888
17.87524
16.60983
16.04429
15.85757
16.24276
17.44572
18.26841
18.78167
19.05571
18.77422
18.39953
18.35121
17.60173
16.81640
16.86485
17.93056
18.40323
19.86048
20.75501
22.24766
23.01313
23.78150
24.15159
24.28373
24.27100
24.06546
23.71880
22.80864
22.56044
23.13075
23.55485
24.42830
24.97459
25.63823
26.53571
27.08007
27.70365
28.85484
29.35076
29.07125
29.21033
29.60113
30.00909
30.99726
31.14951
30.54995
30.63050
31.18219
31.74878
32.86861
33.56926
34.94843
35.06608
34.07115
33.39149
33.92036
34.18622
34.89622
35.13758
34.96295
35.00649
35.31562
35.18753
34.67882
34.37072
33.84454
33.58718
33.17615
33.29556
33.90612
34.60352
35.75822
36.48204
36.87123
36.86988
36.31825
36.67342
36.02257
36.69416
37.66504
38.49401
39.76435
39.62611
38.18332
37.34097
36.05171
35.41721
35.67113
35.98977
36.24175
36.35631
36.77291
36.69808
36.03848
36.14716
37.10900
37.01534
35.98424
35.21671
33.75116
33.24832
33.87598
34.21339
34.47911
34.77055
35.16767
35.88543
36.53452
36.67990
35.79739
35.87430
36.61473
37.39640
37.35424
37.57310
37.10703
37.15272
38.62931
39.33587
39.37769
38.97424
37.91800
37.71195
38.33295
38.46868
38.21161
38.73768
39.61597
40.16741
40.86005
41.42221
41.64362
41.96456
42.63142
42.83736
42.54533
43.32207
44.32065
45.10477
46.42350
46.80078
45.84261
45.43456
44.78338
44.48808
44.21779
44.09862
43.99643
43.91584
43.89318
43.53673
43.07137
42.90501
42.66971
43.30125
44.12325
44.43162
44.12685
44.80587
46.09111
46.54699
45.38400
45.26950
45.88944
46.34034
46.44091
46.74832
47.21617
47.71185
48.72404
49.00931
48.51793
47.89155
47.51188
47.22292
46.17326
46.12126
45.79774
45.36421
44.29597
43.52773
42.14129
41.38947
40.94307
40.34717
40.05933
39.86591
39.80720
39.64009
39.25038
39.94357
41.25242
42.09519
43.35097
44.04521
44.82524
44.26440
43.28485
42.44030
42.18092
42.04415
41.81325
42.57159
43.64098
44.26297
44.88101
45.08059
44.94855
45.21382
45.66884
46.31619
46.70039
46.63860
46.61686
47.15430
47.46220
47.66241
48.39333
48.95022
50.01576
50.56096
51.04459
51.53511
52.22450
53.09450
54.43048
54.86579
54.55297
54.38573
53.87610
53.99221
54.75925
55.40158
56.59550
57.38377
58.78420
59.31911
59.37155
59.46598
59.75352
59.31319
58.39086
58.75932
59.84392
60.41260
61.17964
62.07119
63.29013
63.38846
62.40118
61.57023
61.02726
60.56785
61.19158
61.32964
61.49800
61.03653
60.29134
59.40574
58.92366
58.68669
59.34268
59.52428
58.89771
58.63593
57.99380
57.82427
58.04667
57.83925
57.04061
56.75391
56.67796
57.40925
58.68270
59.34291
58.99198
59.26616
59.48741
60.32337
61.28993
61.49894
60.68733
60.90719
62.08702
62.67492
63.22769
63.76666
64.99865
65.31189
64.89686
65.06347
66.36380
67.05478
67.36776
67.68623
67.19654
67.29906
66.83068
66.24645
65.34504
65.17356
66.14888
66.31200
66.30282
66.41936
67.35903
67.39491
67.26590
67.03994
66.95099
66.87259
67.12324
67.16187
67.24029
67.29252
66.53438
66.42808
66.40134
66.48278
66.58320
67.13853
68.03856
67.86812
66.77722
65.97066
66.01598
65.86938
66.04022
65.99936
66.23086
66.55429
67.08635
66.72569
66.35957
65.92655
64.96828
64.61770
65.35084
65.99918
67.25093
67.75323
67.90106
68.15317
68.15873
68.52980
68.69899
68.84795
69.16496
68.89410
68.32119
67.92839
67.29840
66.74929
65.76166
65.05279
64.79300
64.58961
64.45613
64.53128
65.00386
65.05016
65.36595
64.79737
63.56979
63.41598
64.36898
64.39461
63.87601
63.36715
62.42987
61.82049
61.09006
61.04422
61.73806
62.12090
62.58388
63.03137
63.92665
64.43987
65.36835
65.89316
66.05029
66.43127
65.65575
65.37851
65.63716
65.86310
66.49262
66.50406
65.46983
64.88204
63.94475
63.54727
62.45690
62.49790
63.28095
64.02789
64.93948
65.60662
64.98699
64.98591
65.30201
65.50348
65.65065
66.20095
67.10930
67.55520
67.99467
67.65762
66.92953
66.65005
66.52904
66.11231
65.83304
65.58669
65.29371
64.66167
63.87036
64.49705
65.79241
66.56682
67.80888
68.26450
67.95172
67.92258
67.80902
68.57850
69.86928
70.15864
69.28950
68.84778
67.97383
68.04921
68.76816
69.56767
69.47701
69.45402
69.19707
69.16396
69.38600
69.44997
69.30676
69.53114
70.30658
70.76738
71.34260
70.87126
69.44754
68.86692
68.78907
68.74952
68.64960
68.75280
67.89720
67.67291
68.67446
68.71886
69.11704
69.77523
70.28334
71.06354
72.49024
72.42358
70.95760
70.38983
69.67411
68.86558
68.25098
67.41191
65.93607
65.64013
66.78392
67.00889
65.82602
66.16161
67.65272
67.85502
66.45551
65.69314
64.54094
64.78464
66.03100
65.77702
64.80456
63.99430
64.13103
64.46826
64.84478
65.39377
65.71911
65.79669
65.85975
65.93840
65.95967
66.32964
67.08709
67.04077
66.48412
65.65060
65.66504
65.35947
64.77222
64.12587
63.00303
62.40549
61.76695
61.02978
59.78947
59.23289
60.17301
60.77924
61.70021
62.31532
62.12586
62.69211
63.84124
64.54840
65.24856
65.98122
67.18986
67.74529
67.51108
68.22616
69.39793
69.46828
69.25214
69.11294
69.16052
68.84984
67.95468
67.79040
68.31599
68.43350
68.53081
68.94885
69.32020
69.54141
70.63507
71.12339
70.82087
70.86782
71.28660
70.96768
69.90283
69.42951
70.14153
70.06125
69.42327
68.97799
68.16204
68.00800
68.39439
68.87769
70.01652
70.81619
72.16467
72.66106
72.85123
72.78299
73.01943
73.56499
75.04872
75.63313
74.91601
74.58804
75.99495
76.68692
77.25995
77.67766
78.25013
77.61702
76.28624
75.58815
75.68963
75.32215
74.57924
73.76308
73.50928
74.16667
74.95098
75.30409
75.06136
74.92147
74.34089
74.33990
73.81886
74.41821
75.46256
75.97133
76.18638
76.36493
76.41525
76.10667
76.12424
76.15872
76.31791
76.17701
75.94411
75.77860
75.36191
75.74017
77.07563
77.40572
76.47530
75.59589
74.75618
74.12128
72.90475
73.24730
74.71229
75.59847
77.03108
77.83140
78.42546
78.21245
77.01849
76.27545
75.26317
75.01899
73.56536
73.72461
73.94917
74.54028
74.66503
74.62260
74.12973
74.01942
74.25665
74.37581
74.49403
74.98525
76.13810
76.80026
77.62884
78.42726
78.88186
79.30706
80.04660
80.18596
79.42463
79.70336
80.67690
81.47145
82.95530
83.85332
85.29278
86.13693
87.50905
87.72632
86.93639
86.04211
85.49916
85.04968
85.30194
85.53971
85.61794
85.67798
85.88888
85.46788
84.58792
84.16194
83.77905
83.64481
83.64079
83.63797
83.63492
83.72529
83.97030
83.95668
84.16809
83.73468
82.69226
82.62317
83.65080
84.49530
85.67645
86.44306
87.36642
88.04207
89.16798
89.87282
90.44709
90.68737
90.44747
90.84194
91.82524
92.65778
93.26896
93.76954
93.48585
92.70673
91.49313
91.05244
91.85874
92.69555
93.66692
94.29948
95.57015
95.52291
94.15936
93.61389
93.66557
93.11148
92.23047
92.12696
92.96975
93.76990
94.25777
94.09054
93.25719
92.64332
91.67143
91.33097
90.92858
91.56421
92.29195
92.87344
93.78500
94.32580
95.16202
95.73132
96.79374
97.09584
96.48955
96.23432
95.79654
95.60724
95.38061
95.48665
95.85715
96.35471
96.85923
97.24759
96.61208
97.38106
98.09574
98.41382
97.75208
97.07871
96.71466
96.42190
96.35985
97.00540
98.14142
98.24908
97.07845
96.24114
95.43391
95.37652
95.21794
95.75404
96.90574
96.36812
95.11116
94.59028
94.23935
94.36965
95.14933
95.58561
96.34786
96.54564
96.05394
95.86372
95.54397
95.54533
96.03696
95.76066
94.70769
93.83558
92.80428
92.36088
92.35290
92.46125
92.93282
93.13788
93.07561
93.13574
93.32073
93.35820
93.28215
93.44670
93.88651
94.26458
93.86167
94.29511
95.40074
95.89678
95.95806
96.80571
97.67580
98.33100
99.38050
100.05765
101.10279
101.73856
102.51553
103.33455
104.67257
105.28427
105.27687
106.11998
106.69039
107.09434
107.33719
107.34373
106.98288
107.14972
107.52178
107.79006
108.15365
108.07980
107.64813
107.05310
106.65974
106.08974
105.50269
105.86799
107.00464
107.65101
108.27058
109.00479
108.70235
108.76471
109.01860
108.43635
107.25944
106.75286
107.47904
107.84651
108.56559
108.51912
107.71910
107.27810
106.51282
106.17920
105.85554
105.60010
105.04284
105.03351
105.48693
106.11789
107.30164
108.01959
109.23145
109.74842
109.92173
110.44979
111.24227
111.33868
112.35229
112.92053
113.31644
113.36400
112.97995
112.67627
112.60820
112.80165
113.12331
113.99772
114.24382
114.09478
113.16914
112.32084
111.87707
111.47909
111.28734
110.96448
110.91888
110.58063
110.04737
110.09757
109.74383
109.88022
110.41308
110.78314
110.39530
110.79263
110.89205
110.84030
110.48998
110.94919
112.38976
113.06924
113.43271
113.70787
114.12162
114.08487
113.72489
113.24249
113.35581
112.50814
111.72775
111.89517
112.98918
113.46305
113.12736
112.65531
111.71194
111.10704
110.81594
110.55042
110.23921
109.69049
108.40475
107.74757
106.85069
106.31467
105.44992
105.22778
105.67779
105.69399
105.25906
105.53681
106.62030
107.32256
108.27305
108.84177
109.45687
110.33508
110.67377
111.07840
110.68722
110.71530
111.05994
111.85204
112.33127
112.82464
112.79287
112.78988
112.86578
112.35310
112.04088
112.24723
112.86539
113.16500
113.40556
113.94634
114.87565
115.32210
114.51925
114.25404
114.07488
113.87267
113.85845
113.73371
113.47447
113.33790
112.61060
113.12806
114.39704
115.28351
116.52008
117.41353
118.85646
119.55263
119.92556
120.20125
120.37528
120.74976
121.60103
122.34472
123.74167
123.75884
122.52681
121.75784
121.95333
122.16097
122.82925
123.30267
123.54395
123.84633
124.16037
124.15122
123.84416
123.56447
123.45926
123.30909
123.13658
122.54587
121.48907
120.86360
119.68742
120.05054
121.47271
121.79528
120.82630
120.60845
121.06614
120.57734
119.41176
118.54731
117.49395
117.19665
117.60317
117.69303
117.35317
118.17143
119.17042
119.85775
121.11462
121.80231
123.14536
123.79691
123.60806
123.46767
123.10940
123.10442
123.02396
122.93186
122.50445
123.12559
124.61924
124.78739
123.35426
122.81549
122.50117
122.44377
122.53632
122.65170
122.81827
122.93362
123.38068
123.28050
122.79389
123.15108
124.31439
124.73658
123.82759
123.58789
123.51261
123.31307
122.84294
122.60205
122.05024
122.70456
123.80429
123.68039
122.26056
121.59215
121.01754
120.65961
120.44579
120.17452
119.41675
119.74155
121.19694
121.58833
121.10703
120.72217
119.97563
119.22467
118.08353
117.28373
116.28380
115.73943
115.08844
114.62986
113.81884
113.41260
112.99316
112.54182
112.13691
112.59071
113.56205
114.25027
115.39681
115.91087
116.49194
116.70208
116.69636
117.09692
117.50523
118.24320
118.58912
119.14307
119.74402
120.59213
121.45408
121.90235
122.08150
122.37550
123.14540
123.17306
122.56848
121.85308
120.80422
120.24149
120.00008
119.45727
119.65153
119.34134
118.70756
118.06407
116.86074
116.40188
117.00335
116.14068
115.49403
114.75338
113.96969
113.43069
112.60165
112.12746
111.24280
111.50173
112.62253
113.06118
113.34373
113.25948
112.36680
113.03840
114.14878
114.43142
113.24542
113.24820
114.27385
114.87931
115.83365
116.47026
116.70855
117.10864
117.41792
117.66934
118.10152
118.34651
118.66552
118.99568
119.32338
119.53909
120.27524
119.44888
117.98445
117.57187
118.01361
118.31328
118.01818
118.73496
119.88329
119.33609
118.93927
118.42552
117.57569
117.51272
118.21380
118.67459
119.30099
119.69985
120.29317
120.71594
120.93747
120.62428
119.98296
119.68786
119.85604
120.14289
120.15499
120.24589
120.95825
121.70407
122.47185
122.72741
122.68510
122.41195
121.91704
121.69569
121.73532
121.78622
121.98065
122.06433
122.08951
121.80321
120.88810
120.27811
119.36583
118.57911
118.68605
118.42828
118.01587
117.74236
117.34713
117.72996
118.50175
118.95463
118.61467
118.80406
119.73710
120.27363
121.07372
121.73457
122.17624
122.49019
122.92902
123.22738
123.82837
123.79133
123.15841
122.90866
122.74792
122.46626
121.74254
121.43012
121.12122
121.02374
120.82535
121.38071
122.63199
123.22592
123.45191
123.45697
123.10179
122.95669
122.71029
122.88748
123.61613
124.04942
124.66304
125.43401
126.58391
127.37096
128.74469
129.04111
127.94805
127.27969
126.66300
126.56266
127.03218
127.42504
128.00202
128.38684
128.96717
129.29681
128.98369
129.46859
130.28066
130.60881
130.40962
129.74951
128.28935
127.44095
126.44020
125.62578
124.23412
123.60046
123.32404
123.50736
124.03792
124.27275
124.48409
124.58047
124.47111
125.05622
126.42914
127.06778
126.46841
126.13275
125.36788
125.19490
125.19397
125.76253
126.65262
127.45945
128.89987
129.74153
130.42394
131.18011
131.83238
132.66417
134.14607
134.75115
134.80459
134.69381
134.13133
133.81486
133.30755
133.37136
133.62155
133.69293
134.01967
134.20258
134.74888
134.24162
132.75355
131.96537
131.22410
131.20142
131.92265
132.22972
132.15225
132.34194
132.37197
132.31927
131.92119
132.00459
132.55897
132.02915
130.80160
129.99153
128.89921
128.02946
127.07222
126.59354
127.59940
127.94489
127.90834
128.05780
128.44703
127.60302
126.22338
125.85836
126.86920
127.56915
128.37027
128.84027
129.32602
129.66601
130.18917
130.70039
131.82130
132.46747
133.64704
133.74224
132.81120
132.22911
130.94316
131.03722
132.39130
132.84398
132.07577
131.94068
131.88463
132.19686
132.29414
132.95859
134.02536
134.66731
133.72121
133.76585
134.60781
135.00410
135.40148
135.78634
136.60353
136.75164
136.19374
135.92249
135.55872
135.12231
134.75594
134.88169
134.54750
134.77478
135.81094
136.17704
135.46030
135.13167
134.93086
134.10211
133.40253
132.82163
132.08807
131.71721
131.53700
131.30861
131.37035
131.31763
131.37308
130.82521
129.95342
129.49959
129.11747
128.90019
128.66111
128.47468
128.53319
128.77278
129.65664
129.84593
129.66056
129.19690
127.90682
127.31592
126.91045
126.52668
125.83999
125.30321
124.22248
124.09787
124.91589
124.64974
123.81688
123.25572
122.30057
121.60138
120.18101
119.86897
120.68079
121.07456
121.79624
122.06589
122.05355
122.02770
121.63869
122.16300
123.56763
124.25179
124.84870
125.32869
125.72931
126.20715
126.67760
127.43050
128.40130
128.69883
128.30296
128.20343
128.04139
128.21441
128.75369
129.50299
130.92862
131.74365
132.74828
132.88836
132.18299
131.35752
131.63048
131.51322
131.33673
130.81737
129.54419
128.87979
128.48602
128.10264
127.59402
127.54524
127.96320
128.17659
128.66286
128.39341
127.25134
126.77963
126.38308
125.91569
124.93999
124.18569
122.80461
122.03220
120.88064
120.40527
120.46966
120.25809
119.71615
119.41409
118.95196
118.55694
117.65078
117.39006
117.56596
117.87391
118.25348
118.50574
118.84362
118.93299
118.76486
119.34027
119.78128
120.25813
121.04097
121.91962
122.54768
121.90897
120.66069
119.84439
118.59795
117.92523
118.77285
118.66720
118.33435
118.59989
118.94160
118.83328
118.13092
117.84418
117.33251
117.23345
117.43502
117.93471
119.15216
119.69469
120.23581
119.96855
118.82221
118.70047
119.54430
119.94495
120.47368
120.82164
121.56739
121.42323
120.68209
119.80188
119.58953
119.31677
118.91767
119.04874
119.80537
120.44080
121.55761
122.39235
123.76945
124.02284
122.97180
122.45655
121.58457
121.09319
120.22464
120.32813
121.07949
121.97628
122.93203
123.02109
121.97332
121.82928
122.30319
122.68723
123.52058
124.21093
125.58234
126.30163
126.88105
127.08552
127.02999
126.79200
126.21913
125.41216
124.16451
123.70316
124.56167
124.93596
125.66062
125.82262
125.42876
125.82863
127.14208
127.75096
128.39684
128.83532
129.41483
130.13458
130.72774
131.51272
133.00459
133.22002
131.85831
131.09260
129.71051
128.92532
127.70991
127.03229
126.08435
126.22218
127.51933
127.84846
127.89379
127.15932
126.13386
125.40648
124.18036
123.45865
122.31315
121.58934
120.73627
119.95803
118.61978
117.95020
117.76953
117.58908
117.61574
117.85551
118.50467
118.78783
119.15190
119.13450
118.84025
118.23570
116.92550
116.09433
115.21253
114.57376
113.90856
113.25431
113.59956
113.84119
114.16534
113.85646
112.89949
113.07269
114.07481
114.94268
116.19981
117.03310
117.98047
117.93134
116.85460
116.31738
115.53806
115.19232
115.19710
115.18528
115.21227
115.12478
115.68693
116.49520
116.98606
116.80127
117.34988
117.45280
116.88253
116.59920
116.51728
116.10963
115.99219
116.24029
116.27907
115.72436
114.95500
114.52121
113.91581
113.33056
112.20344
112.64596
114.05770
114.74853
116.09456
116.73040
116.12430
115.95278
116.19464
116.38537
116.64345
116.66323
116.47726
116.19968
115.60705
115.43837
115.44825
115.82577
117.04464
117.70646
118.23650
118.42678
118.01879
117.81531
117.44197
117.41690
117.28530
116.53180
116.09317
116.41678
117.86298
118.62349
119.70709
120.40117
121.57363
122.34711
123.60563
123.78842
122.69451
122.11383
121.20361
120.42089
119.55844
118.76727
117.70512
117.46326
118.15460
118.58715
119.33343
119.65467
119.65735
119.69254
119.63771
119.79911
120.10944
120.73728
121.81651
122.65881
122.97529
122.40743
121.29723
120.76920
120.78335
120.80547
120.43884
121.14497
122.48782
122.88262
122.34993
122.22333
122.53915
122.44849
122.38958
122.80461
124.12696
124.36692
123.47824
123.15605
123.17367
123.17564
123.26102
123.30339
123.26632
123.49704
123.65071
123.85066
124.35463
124.25913
123.48628
123.02647
122.13814
121.89423
122.05056
121.96331
121.55858
121.53100
121.80790
122.17525
122.93200
123.73323
124.41917
124.85242
125.22076
125.71181
126.90404
127.00591
126.09136
125.70948
126.03664
125.40326
123.94151
123.04929
121.74187
121.21239
122.00899
122.14606
121.90530
122.36133
123.77326
124.07648
123.43098
123.12684
123.09185
122.99321
122.73749
123.09319
123.88359
123.17000
122.06272
121.26826
119.92230
119.85401
121.14986
121.87690
122.77449
123.18661
123.07073
123.20588
123.68589
123.29613
122.49427
122.95366
123.77836
124.28208
124.07516
123.52033
122.52213
121.97991
121.95169
122.02319
121.79539
121.25750
120.43582
120.20488
120.69094
121.24768
120.99515
121.48940
121.22960
121.29781
122.24553
122.75065
123.56676
124.13708
125.11995
125.31077
125.01014
124.16995
123.97199
123.63233
123.13517
122.91093
122.66632
123.16058
122.63604
123.43948
124.50226
123.80319
122.37990
121.90035
122.75819
123.08525
122.10785
122.34005
123.36714
123.97632
125.32547
126.04575
127.20083
128.09461
129.41373
129.77892
129.28888
128.87135
127.87830
127.35003
126.54931
125.94686
125.44075
125.51632
125.45786
125.56671
125.68213
125.87103
126.24340
126.58387
125.85846
125.45574
124.93095
124.64956
124.35453
123.94556
123.39775
123.48714
123.87451
124.38147
124.07428
124.77108
124.71262
125.33556
125.60228
126.14798
127.06434
127.22137
126.79707
126.62769
126.91791
126.27256
125.30813
124.58783
123.18766
122.57374
122.39824
121.94526
122.00900
121.94443
121.99667
121.77891
121.56421
121.82001
122.74158
123.39035
123.11199
123.42508
124.74951
125.41575
126.53254
127.17037
126.98106
127.65328
127.93447
128.39177
128.07507
128.48179
129.73633
130.47005
131.68157
132.52342
133.93996
134.12434
132.83781
132.10092
130.69704
130.69279
132.09910
132.84537
134.12197
134.20340
133.02091
132.24013
131.32908
130.86875
130.90264
130.82884
130.63661
130.88618
131.99875
131.50495
130.80908
130.85665
131.58091
132.15990
132.14161
132.18563
133.06593
133.30718
133.00570
132.31561
131.36190
130.67681
129.68272
129.07343
129.46960
129.24915
128.68697
128.35865
127.62382
127.98247
129.33617
130.15130
131.51136
132.39074
133.47334
