1.49998
2.37371
3.76822
4.40459
4.96239
5.46549
6.40044
6.93138
7.71228
7.97431
7.82981
8.20470
9.19031
9.83123
10.97972
11.64077
12.57432
13.12562
13.98411
14.46793
15.26937
15.47482
15.29428
15.35624
15.66923
15.79551
16.01150
15.84839
15.21193
14.78106
13.97603
13.38027
12.09513
11.83276
12.32925
13.09938
14.57096
15.45898
16.93187
17.70469
18.72515
18.89025
18.27854
18.14046
18.14255
18.15088
18.20934
18.23557
18.25823
18.32987
18.47294
18.83500
19.70106
20.36478
21.67025
22.34039
22.99117
23.49333
24.37407
24.92252
25.47674
25.94665
26.76814
26.99182
26.85409
26.80400
26.68631
26.67069
26.56774
27.03411
28.30514
28.93077
29.79488
30.13525
30.15658
30.77792
32.21783
33.10186
34.58384
35.47340
36.94385
37.79944
39.06381
39.94085
41.38834
42.27209
43.73183
44.59931
45.97195
46.85257
48.21270
49.03535
50.40052
51.19854
52.43951
53.21408
54.53823
55.35116
56.75262
57.51205
58.53305
59.01309
59.45983
59.87690
60.82796
61.06608
60.95118
60.52979
59.40394
58.56732
57.37271
56.98301
57.17472
57.29231
57.63899
57.78773
57.85311
58.04695
58.51550
58.78427
59.23444
59.46293
59.75976
60.00163
60.47541
60.80675
61.20280
61.69650
62.59757
63.26789
64.39831
65.12644
66.42115
67.08532
67.88007
68.64000
70.11050
70.97808
72.41467
73.23078
74.52688
74.90185
74.61126
74.43655
73.98944
73.71529
73.20537
73.01361
72.83298
72.96388
73.61096
73.90048
74.06448
74.60424
75.83775
76.33856
76.49238
77.14262
78.59492
79.36877
80.19736
80.45306
80.23808
80.45979
81.34939
81.31227
80.37849
79.86310
79.01715
78.47178
77.46493
77.07659
76.97419
76.81449
76.35811
76.61867
77.74079
78.32676
79.13234
79.70403
80.78197
81.31574
82.00569
82.45468
83.34921
83.42751
82.77792
82.35186
81.47991
81.27973
81.53196
81.61050
81.73563
81.69595
81.43886
81.30847
81.03617
81.08082
81.36297
81.92929
83.22912
84.11215
85.28294
85.76534
85.83080
86.16078
87.02319
87.51265
88.28592
88.73281
89.53978
89.61720
89.04935
88.58799
87.67253
86.84268
85.35269
84.54142
83.49429
83.21658
83.56171
83.47916
83.01764
82.72395
82.21020
82.10840
82.42474
82.26069
81.53100
80.97926
79.83787
79.30383
78.66660
78.49420
78.60849
78.72392
79.02682
79.29004
79.94992
79.80727
78.70016
78.46045
78.74718
78.95173
79.43798
79.76180
80.17953
80.81289
82.23762
83.08870
84.52738
85.38291
86.79080
87.55861
88.38924
89.22076
90.68996
91.40900
91.85610
92.19550
92.75010
92.85828
92.66628
92.50888
92.12172
91.90143
91.37701
91.62766
92.71422
93.54653
94.99161
95.87446
97.32363
98.19248
99.57146
100.41388
101.83420
102.69051
104.13428
104.98026
106.35750
107.14232
108.31703
109.03476
110.21768
110.91246
111.80231
112.33361
113.22408
113.23347
112.29367
112.12776
112.47409
112.45589
112.17566
111.87670
111.09973
110.84959
110.75558
110.88605
111.25661
111.90996
113.28017
114.10667
115.33715
116.11589
117.44900
118.24996
119.57449
120.42275
121.81380
122.65536
123.79872
124.44238
125.41878
125.84435
126.14526
126.64809
127.79970
128.46959
129.56814
130.33393
131.68597
132.49215
133.65929
134.21158
134.48165
134.81384
135.52716
135.80399
136.02901
136.07666
135.97556
135.89714
135.79941
135.44256
134.35205
134.11340
134.52299
134.44017
133.84301
133.69527
133.77302
133.72710
133.54090
133.46844
133.44169
133.23795
132.60521
132.30837
131.93099
131.91929
132.24836
132.39510
132.63872
132.82888
132.70064
132.46225
131.76358
131.38455
130.93354
130.25692
128.85537
128.14134
127.60419
127.32208
127.00397
127.20642
128.09098
128.64997
129.65372
130.32038
131.02421
131.76711
133.08739
133.68031
134.02899
134.29944
134.54380
134.82549
135.63740
135.51543
134.55762
133.66037
132.37267
131.54549
130.45115
130.08993
130.08919
130.50809
131.82139
132.40585
133.13200
133.21898
132.65265
132.61505
132.96336
133.14831
133.51402
133.50887
133.18050
132.79385
131.84001
131.23817
130.15992
129.57531
128.92421
129.07570
130.17271
130.73774
131.63263
132.19244
133.14752
133.72381
134.69071
135.33456
136.50097
137.21794
138.45296
139.11356
140.04904
140.13824
139.28229
139.35614
140.25767
140.90054
142.08712
142.91642
144.36244
145.22599
146.65420
147.28348
147.76018
147.62370
146.69620
145.99431
144.63770
143.81035
142.45421
141.63481
140.23623
139.58087
139.04872
138.74260
138.42127
138.06424
137.30923
136.64824
135.27128
134.60201
133.75494
133.57767
134.00363
134.00940
133.76305
133.44687
132.70247
132.11607
131.20199
131.03479
131.69556
131.58141
130.74394
130.30085
129.63792
129.04341
128.05970
127.57123
127.32754
127.19362
127.17851
126.93490
126.25951
125.79669
125.03719
124.55145
123.75473
123.12111
121.87565
121.13844
119.92450
119.22149
118.04648
117.61295
117.48644
117.56879
118.05809
118.30506
118.66167
118.97583
119.71819
119.87543
119.64108
119.49073
119.11890
119.05507
119.03261
119.57614
121.04454
121.74512
122.52233
122.95111
123.55905
123.78885
124.08753
123.70991
122.37832
121.66972
120.55539
120.02187
119.40600
119.24681
119.56260
119.21555
118.02885
117.19391
115.73698
114.87147
113.64522
112.81598
111.77905
111.15701
110.22461
109.77682
109.33507
108.89545
107.95593
107.42048
106.45917
106.25923
106.62476
106.86750
107.38272
107.73842
108.49267
108.58459
108.11312
107.76391
107.06307
106.46288
105.38759
104.76239
103.91216
103.68784
103.88218
104.06514
104.45905
104.68034
105.07000
105.14799
105.03737
104.86346
104.38287
104.01614
103.23751
102.82730
102.35703
101.87451
100.81318
100.54861
100.64237
101.21985
102.62936
103.48001
104.92148
105.69081
106.47979
106.90571
107.53691
107.47969
106.60863
106.49448
106.90829
107.24011
107.94593
108.57348
109.88379
110.43051
110.75045
111.14245
111.64775
112.26459
113.39978
114.15402
115.40235
116.20232
117.55100
118.40601
119.75004
120.40348
121.17599
121.31370
120.92427
120.65072
120.05049
119.61299
118.88742
118.06590
116.61336
115.73765
114.34219
113.72158
113.54566
113.29128
112.77073
112.52384
112.25225
111.95702
111.33346
110.95753
110.32903
109.89137
109.01184
108.72846
108.62773
108.92346
110.02325
110.31454
110.08426
110.11354
110.30323
110.48659
110.90397
111.20515
111.76282
112.26117
113.32732
113.99774
115.25567
115.50567
115.01650
