 0.10000	 16.97362709	 20.82985306	 17.57516479	 16.86546326	 20.96974945	 16.08563423	           0	           2
 0.10000	 17.55701447	 21.18256187	 15.55040073	 18.82458878	 21.41765976	 16.31716347	          -1	           3
 0.10000	 19.72442055	 21.40492058	 16.32076263	 21.13591194	 21.28453255	 15.82766819	          -2	           4
 0.10000	 21.99939728	 21.53707886	 15.80283260	 22.95333481	 22.60562134	 16.24809647	          -3	           5
 0.10000	 23.72519302	 22.34462929	 15.86554241	 24.45895004	 21.03631973	 15.87099361	          -4	           6
 0.10000	 25.07689095	 21.08405685	 16.52473068	 25.68093681	 22.39856529	 16.92160416	          -5	           7
 0.10000	 25.43681145	 23.22227478	 16.65167046	 24.20221138	 24.00450325	 16.98943138	          -6	           8
 0.10000	 23.34132004	 23.80476570	 17.16044998	 22.46007156	 22.59431839	 17.25164413	          -7	           9
 0.10000	 22.95946503	 21.88324356	 17.01628113	 24.42559814	 21.88659286	 16.69874763	          -8	          10
 0.10000	 24.89261246	 22.09375000	 15.95615768	 26.33989525	 21.84065628	 15.65365410	          -9	          11
 0.10000	 26.68610954	 22.67041397	 15.69404507	 25.31196594	 23.26926994	 15.63864136	         -10	          12
 0.10000	 25.08499146	 24.10653877	 15.87822151	 25.95870781	 25.20773888	 16.40162086	         -11	          13
 0.10000	 25.55026817	 25.60686493	 17.09719849	 24.31583214	 24.86207199	 17.51117325	         -12	          14
 0.10000	 23.41792107	 24.80603218	 17.48947144	 22.12363243	 25.06749725	 16.77790451	         -13	          15
 0.10000	 21.57252121	 25.77719116	 16.72797203	 20.83028221	 26.81654549	 15.94135284	         -14	          16
 0.10000	 21.44973183	 27.46615791	 15.87617779	 22.73454094	 26.96113968	 16.46286011	         -15	          17
 0.10000	 23.41951180	 26.55791092	 16.04081345	 23.48621368	 25.43985748	 15.04312134	         -16	          18
 0.10000	 23.16826248	 24.67146301	 14.69920158	 22.11019516	 23.61232567	 14.79109955	         -17	          19
 0.10000	 21.50956535	 22.94811058	 14.70371342	 20.53781319	 21.84851074	 14.39364243	         -18	          20
 0.10000	 19.93813705	 21.20743561	 14.19624138	 18.87898064	 20.18112946	 13.92311668	         -19	          21
 0.10000	 18.43161392	 19.59808922	 13.40381718	 18.29983902	 18.77271843	 12.15831566	         -20	          22
 0.10000	 17.75559616	 18.76886368	 11.44160557	 16.75695992	 19.75409126	 10.91059589	         -21	          23
 0.10000	 15.90496349	 19.67997551	 10.63031864	 14.96240425	 18.52237129	 10.48383999	         -22	          24
 0.10000	 14.13445759	 18.43426514	 10.82541943	 13.34504795	 19.26673508	 11.79172707	         -23	          25
 0.10000	 12.94377613	 19.83546638	 12.36217785	 12.68831635	 21.09103203	 13.14206123	         -24	          26
 0.10000	 12.23174000	 21.25466919	 13.90014744	 11.45556545	 20.25348663	 14.70335293	         -25	          27
 0.10000	 11.24568367	 20.59460831	 15.50929737	 11.75912285	 21.97648239	 15.78632259	         -26	          28
 0.10000	 11.98787308	 22.79263878	 16.08868027	 12.34068680	 24.18882370	 16.50833893	         -27	          29
 0.10000	 12.70969009	 24.86924553	 16.96750259	 13.30626392	 25.68413734	 18.07659912	         -28	          30
 0.10000	 14.19726658	 25.74631119	 18.18774033	 15.26984692	 25.06348228	 17.39186668	         -29	          31
 0.10000	 16.00780106	 24.75010300	 16.98256683	 17.19454956	 24.13215637	 16.30437660	         -30	          32
 0.10000	 17.81285667	 24.39942551	 15.70717812	 17.90879059	 25.75727844	 15.07703114	         -31	          33
 0.10000	 18.73329544	 26.04949951	 15.28899574	 19.19715500	 24.92700005	 16.16926575	         -32	          34
 0.10000	 19.89996910	 24.41162300	 16.39455032	 21.21731377	 23.83707428	 16.82415962	         -33	          35
 0.10000	 21.26990700	 22.94293976	 16.91286850	 19.99383354	 22.23415184	 16.56756210	         -34	          36
 0.10000	 19.15031815	 22.51326370	 16.42437553	 18.98663712	 23.99221230	 16.23504829	         -35	          37
 0.10000	 18.94271469	 24.33147812	 17.06745911	 18.32293320	 24.17672920	 18.42460251	         -36	          38
 0.10000	 17.92670059	 24.90051460	 18.78385735	 17.43719482	 26.23704338	 18.31054115	         -37	          39
 0.10000	 17.67899704	 26.36228180	 17.45274544	 18.60411835	 25.18154335	 17.45047379	         -38	          40
 0.10000	 18.18666077	 24.74709129	 16.78194809	 16.96957970	 25.18675804	 16.02337646	         -39	          41
 0.10000	 16.76935577	 24.96005630	 15.17560577	 16.57934380	 25.39424324	 13.75242996	         -40	          42
 0.10000	 17.36736679	 25.62516403	 13.38387680	 18.50964928	 25.52196503	 14.35059452	         -41	          43
 0.10000	 19.34567070	 25.43707848	 14.67285919	 20.13758087	 25.16479111	 15.91733646	         -42	          44
 0.10000	 21.02184677	 25.15492630	 16.08426857	 22.33440781	 25.71113777	 15.61766052	         -43	          45
 0.10000	 22.68140030	 26.49065018	 15.33150768	 22.66685295	 27.97217369	 15.56564045	         -44	          46
 0.10000	 23.22720146	 28.59593773	 15.89252472	 24.72363472	 28.58072853	 15.79057693	         -45	          47
 0.10000	 25.40930557	 28.26277161	 16.27915192	 25.52941322	 27.33632660	 17.45268250	         -46	          48
 0.10000	 25.86045265	 26.76337051	 18.06253624	 26.26135635	 25.80192757	 19.14180183	         -47	          49
 0.10000	 26.10994530	 25.06761932	 19.63964653	 25.02248001	 24.05668449	 19.85280800	         -48	          50
 0.10000	 25.40236282	 23.64441109	 20.55705261	 26.90124893	 23.59359932	 20.52522087	         -49	          51
 0.10000	 27.25142860	 22.91258240	 20.04974174	 26.22035217	 21.83050537	 19.92250824	         -50	          52
 0.10000	 26.28611565	 21.20802116	 20.56934929	 27.70572281	 21.34741211	 21.03339577	         -51	          53
 0.10000	 27.69405365	 22.23698997	 21.17092323	 26.33881950	 22.74491119	 20.77611542	         -52	          54
 0.10000	 26.04342651	 22.94782066	 19.94796753	 25.62432861	 23.65093803	 18.69071579	         -53	          55
 0.10000	 24.86204910	 23.84967232	 18.25441551	 23.47377586	 23.46390152	 18.67155266	         -54	          56
 0.10000	 22.82464600	 24.08520126	 18.72444725	 23.07699013	 25.53810120	 18.44984818	         -55	          57
 0.10000	 23.61361694	 26.25996971	 18.48252678	 25.03818893	 26.72719002	 18.43481827	         -56	          58
 0.10000	 25.33868980	 26.64075279	 19.27871323	 24.16799927	 26.01556778	 19.97770119	         -57	          59
 0.10000	 23.76148987	 25.48698807	 20.58215904	 22.81332016	 25.11900520	 21.68467712	         -58	          60
 0.10000	 23.09363556	 24.32535934	 22.00321770	 24.24202728	 24.10347366	 21.06410599	         -59	          61
 0.10000	 24.88734055	 24.53717041	 20.61095238	 25.36046410	 25.87087631	 20.11362839	         -60	          62
 0.10000	 24.95065308	 26.58207130	 20.48268890	 23.69224548	 26.21279526	 21.21066856	         -61	          63
 0.10000	 23.02446365	 26.03275490	 21.78646278	 22.64973068	 26.31865501	 23.21046829	         -62	          64
 0.10000	 22.29787254	 25.84014320	 23.88656998	 21.93530655	 24.40773773	 24.14473915	         -63	          65
 0.10000	 21.66853714	 23.58836937	 24.40407944	 21.37137794	 22.17839432	 24.82065964	         -64	          66
 0.10000	 20.70079803	 21.60211182	 24.98827934	 19.22813034	 21.31734467	 24.97815514	         -65	          67
 0.10000	 18.40877151	 21.66490555	 25.11122704	 17.72949791	 22.97125626	 25.39743805	         -66	          68
 0.10000	 17.21194267	 23.66649437	 25.63940811	 16.32889366	 24.76240921	 26.15799522	         -67	          69
 0.10000	 15.81979275	 25.43906975	 26.46250725	 14.83291626	 26.49959183	 26.85141754	         -68	          70
 0.10000	 14.92104053	 27.22064209	 27.38267899	 16.09843826	 27.64657593	 28.20867538	         -69	          71
 0.10000	 16.60081673	 28.36454964	 28.41367912	 16.72440529	 29.80163956	 28.00206375	         -70	          72
 0.10000	 17.49158478	 30.21151352	 28.23285294	 18.51781273	 29.41447830	 28.98195648	         -71	          73
 0.10000	 19.36854553	 29.24448776	 29.21898651	 20.86747551	 29.28295135	 29.20567894	         -72	          74
 0.10000	 21.76125717	 29.23963547	 29.28754997	 23.24050331	 29.14085579	 29.51004791	         -73	          75
 0.10000	 24.08109093	 28.88275719	 29.69260025	 25.32378578	 28.13989639	 30.08078194	         -74	          76
 0.10000	 26.08120918	 27.69952774	 30.27671242	 27.37145424	 26.97941017	 30.52869606	         -75	          77
 0.10000	 27.98692131	 26.37336540	 30.77412796	 28.66219139	 25.13128853	 31.27247238	         -76	          78
 0.10000	 29.09308434	 24.46939468	 31.70017624	 29.78878593	 23.51593018	 32.62456894	         -77	          79
 0.10000	 30.18441010	 22.92073059	 33.16947937	 30.92323875	 21.95791054	 34.05024719	         -78	          80
 0.10000	 30.89846802	 21.29358864	 34.65615082	 30.19840813	 20.17168236	 35.36385345	         -79	          81
 0.10000	 29.64078903	 20.26818466	 36.06352234	 29.13132477	 21.54908371	 36.65484238	         -80	          82
 0.10000	 28.25650787	 21.74713516	 36.58151627	 27.12707710	 21.23651886	 35.73677063	         -81	          83
 0.10000	 27.26674271	 20.38595200	 35.47801208	 28.71153450	 20.34116936	 35.87863922	         -82	          84
 0.10000	 28.71592522	 19.47890854	 36.13633347	 27.37989998	 18.94081306	 36.55513763	         -83	          85
 0.10000	 26.61927414	 18.60108185	 36.89551544	 25.12885666	 18.43666840	 36.93495560	         -84	          86
 0.10000	 24.96848297	 17.67306137	 37.38338470	 26.26476288	 16.93083763	 37.52019119	         -85	          87
 0.10000	 26.27976418	 16.95690727	 38.41961288	 25.00393105	 17.70685196	 38.66409683	         -86	          88
 0.10000	 24.99367142	 18.59096336	 38.49631882	 26.16969872	 19.02571106	 37.67298126	         -87	          89
 0.10000	 26.94869232	 19.35682678	 37.36740112	 28.37101936	 19.74352646	 37.08922195	         -88	          90
 0.10000	 28.96603584	 19.08980751	 36.92013931	 28.52721596	 17.65569687	 36.89331436	         -89	          91
 0.10000	 27.85557556	 17.07837677	 36.73353958	 26.46899033	 17.36030197	 36.23568726	         -90	          92
 0.10000	 25.70955658	 16.88711929	 36.13947678	 24.77857018	 15.73478031	 36.37471771	         -91	          93
 0.10000	 25.19909668	 14.93913841	 36.38379288	 26.68407059	 15.07832813	 36.22438812	         -92	          94
 0.10000	 27.57009697	 15.04836464	 36.06976318	 29.03291321	 15.11050510	 35.74398041	         -93	          95
 0.10000	 29.79453850	 15.35205841	 35.32995224	 30.53429413	 16.01932526	 34.20862579	         -94	          96
 0.10000	 31.34301376	 16.41391945	 34.19875717	 32.26483154	 16.88648033	 35.28355408	         -95	          97
 0.10000	 32.92560577	 16.38077927	 35.62652588	 33.07845306	 14.96044445	 35.16912079	         -96	          98
 0.10000	 33.33948898	 14.20878220	 35.58953094	 33.66544342	 13.69472980	 36.96042252	         -97	          99
 0.10000	 33.81232071	 13.46724510	 37.81864929	 34.10466385	 13.54491043	 39.28781128	         -98	         100
 0.10000	 33.66375351	 12.99415016	 39.84657669	 32.61137390	 11.98139286	 39.50484848	         -99	           0
