1.49986
2.38882
3.83050
4.72794
6.16566
7.05381
8.54963
9.44325
10.92915
11.82469
13.28269
14.17774
15.66980
16.50540
17.68108
18.33282
19.21489
19.97311
21.41110
22.30501
23.69061
24.53954
25.84328
26.65003
27.97724
28.86875
30.34369
31.14279
32.18652
32.86486
34.02920
34.73406
35.94844
36.54579
37.27653
37.62141
37.96123
38.35034
39.23310
39.78752
40.79666
41.29451
41.88379
42.45982
43.69974
44.28295
44.88719
45.49992
46.77716
47.41004
48.21225
48.78444
49.79820
50.53702
51.89753
52.64554
53.75876
54.44953
55.61589
56.34162
57.52336
58.25110
59.37840
