1.49999
2.07377
2.12009
2.57576
3.49023
4.05952
3.35415
3.86277
4.37836
5.10741
6.52327
7.18533
7.86256
7.95910
7.46625
7.27327
7.61466
8.45481
8.14306
7.81577
8.28631
8.85726
9.91853
9.69635
8.79139
8.00069
7.59967
7.35421
7.23405
8.12147
8.24594
8.13821
8.30042
8.99656
10.29372
10.64305
9.46183
9.29044
10.04992
10.14386
10.92201
11.26065
10.50617
9.61588
8.59276
8.87156
9.63032
10.29104
11.34548
11.83340
10.88097
10.27095
10.29288
11.07504
11.89914
11.60848
10.10934
9.64124
10.40428
11.06491
12.46005
13.27597
14.44737
