0.00070439
0.00102131
0.00162074
0.00218181
0.00260929
0.00269074
0.00269074
0.00228096
0.00252970
0.00252970
0.00293648
0.00331533
0.00337119
0.00372317
0.00383735
0.00383735
0.00312345
0.00262981
0.00245005
0.00256762
0.00256762
0.00285775
0.00308417
0.00328459
0.00348900
0.00354123
0.00354123
0.00328948
0.00328948
0.00321477
0.00317805
0.00317805
0.00315117
0.00247380
0.00208859
0.00217600
0.00241012
0.00241012
0.00214764
0.00268826
0.00318088
0.00327019
0.00327019
0.00317242
0.00279585
0.00193979
0.00192075
0.00231607
0.00234026
0.00234698
0.00273272
0.00334832
0.00351021
0.00351021
0.00297958
0.00319882
0.00319882
0.00355500
0.00355500
0.00303652
0.00245347
0.00292327
0.00292327
0.00283789
0.00323057
0.00334995
0.00359071
0.00359071
0.00337317
0.00294905
0.00260337
0.00218915
0.00219369
0.00219369
0.00231265
0.00255786
0.00348733
0.00388151
0.00388151
0.00325342
0.00303085
0.00311304
0.00332167
0.00332167
0.00288985
0.00296612
0.00296612
0.00290552
0.00292859
0.00292859
0.00270735
0.00313902
0.00313902
0.00307645
0.00238738
0.00275950
0.00275950
0.00279367
0.00279367
0.00220807
0.00248500
0.00293690
0.00317010
0.00366668
0.00366668
0.00305403
0.00255622
0.00275808
0.00275808
0.00301769
0.00301769
0.00296299
0.00294672
0.00304168
0.00304168
0.00256674
0.00223770
0.00222191
0.00256549
0.00292478
0.00319246
0.00319246
0.00301446
0.00287658
0.00311758
0.00376984
0.00376984
0.00331307
0.00331401
0.00331401
0.00287618
0.00287618
0.00269917
0.00215552
0.00214617
0.00235670
0.00313790
0.00376800
0.00376800
0.00373330
0.00311161
0.00241990
0.00295714
0.00306108
0.00328087
0.00328087
0.00310764
0.00257456
0.00247329
0.00272568
0.00272568
0.00240424
0.00225094
0.00203479
0.00185683
0.00228908
0.00228908
0.00281332
0.00302089
0.00315577
0.00355057
0.00355057
0.00349667
0.00307158
0.00287356
0.00272693
0.00285590
0.00301184
0.00301184
0.00301349
0.00301349
0.00286653
0.00241713
0.00228020
0.00197207
0.00219683
0.00236723
0.00236723
0.00250844
0.00250844
0.00221088
0.00187089
0.00190488
0.00246505
0.00277508
0.00277508
0.00255929
0.00266295
0.00306378
0.00306378
0.00262400
0.00237113
0.00275390
0.00330832
0.00331748
0.00340034
0.00340034
0.00345190
0.00345190
0.00298186
0.00265490
0.00274085
0.00315674
0.00340825
0.00340825
0.00323723
0.00253006
0.00214648
0.00209316
0.00209715
0.00209715
0.00215673
0.00266965
0.00281485
0.00281485
0.00285628
0.00303410
0.00303410
0.00300194
0.00297418
0.00309942
0.00309942
0.00309892
0.00292186
0.00286510
0.00263080
0.00228639
0.00203924
0.00236895
0.00236895
0.00274286
0.00301069
0.00301069
0.00278434
0.00213099
0.00209321
0.00238909
0.00241904
0.00261872
0.00297348
0.00320631
0.00326340
0.00330727
0.00348193
0.00348193
0.00315963
0.00267128
0.00225635
0.00252617
0.00252617
0.00210458
0.00210458
0.00263686
0.00263686
0.00304719
0.00304719
0.00301235
0.00255432
0.00283382
0.00292607
0.00292607
0.00256535
0.00258092
0.00276136
0.00276136
0.00260658
0.00184383
0.00206957
0.00261631
0.00261631
0.00256929
0.00237800
0.00216350
0.00207891
0.00204522
0.00151087
0.00137099
0.00172300
0.00237993
0.00297304
0.00319563
0.00319563
0.00320052
0.00320052
0.00285445
0.00280898
0.00316232
0.00316232
0.00300648
0.00265799
0.00303205
0.00322597
0.00364102
0.00364102
0.00315415
0.00301934
0.00301934
0.00264822
0.00215320
0.00206866
0.00204993
0.00233430
0.00281391
0.00298669
0.00298669
0.00309937
0.00309937
0.00277453
0.00252594
0.00260892
0.00260892
0.00245476
0.00204709
0.00167823
0.00115438
0.00057539
