1.49999
2.34896
3.55843
4.26144
4.76599
5.43372
6.00636
6.38321
6.99277
6.83992
5.77086
5.57560
6.18713
6.94265
8.28809
9.11172
10.26941
11.13290
12.32137
12.30041
11.02029
10.46117
9.88993
9.53848
9.11024
9.04710
9.26758
9.55918
10.48971
10.28260
8.94074
8.68466
9.47122
9.39071
8.72590
8.18594
7.74396
7.58544
7.67379
7.81505
8.15568
8.61304
9.60314
10.05350
10.23518
10.44517
10.58743
11.31418
12.28806
12.87249
13.42858
13.53436
12.89880
13.29455
14.39084
14.77561
14.47579
15.19540
16.42463
16.95298
16.27431
15.54834
15.60023
