0.00015575
0.00015575
0.00014976
0.00000000
0.00009933
0.00228171
0.00228171
0.00160126
0.00400777
0.00400777
0.00032442
0.00018529
0.00026524
0.00122587
0.00122587
0.00006585
0.00006585
0.00009869
0.00009869
0.00014424
0.00016635
0.00016635
0.00016626
0.00012936
0.00020476
0.00020476
0.00008465
0.00008465
0.00007111
0.00219401
0.00219401
0.00167674
0.00014031
0.00035230
0.00227647
0.00271869
0.00271869
0.00000000
0.00032938
0.00032938
0.00000000
0.00000000
0.00000000
0.00002276
0.00029469
0.00154998
0.00154998
0.00248367
0.00248367
0.00000000
0.00002276
0.00001298
0.00013990
0.00000000
0.00000000
0.00000000
0.00000000
0.00000000
0.00136394
0.00136394
0.00006331
0.00003901
0.00216280
0.00216280
0.00007427
0.00011198
0.00145023
0.00145023
0.00012004
0.00004462
0.00020532
0.00020532
0.00000000
0.00011232
0.00013281
0.00000000
0.00008880
0.00012389
0.00009362
0.00003600
0.00012389
0.00039009
0.00039009
0.00006699
0.00015322
0.00015322
0.00006375
0.00150648
0.00150648
0.00007267
0.00232122
0.00232122
0.00009473
0.00012576
0.00181388
0.00181388
0.00002402
0.00058820
0.00058820
0.00054416
0.00147253
0.00147253
0.00002764
0.00008192
0.00026993
0.00026993
0.00018428
0.00008416
0.00008416
0.00007535
0.00007074
0.00007074
0.00003438
0.00013720
0.00041189
0.00041189
0.00013720
0.00010701
0.00011489
0.00020259
0.00020259
0.00020024
0.00017070
0.00017070
0.00007960
0.00000000
0.00000000
0.00022146
0.00000000
0.00022146
0.00000000
0.00011918
0.00020419
0.00020419
0.00017333
0.00017333
0.00013618
0.00012433
0.00019393
0.00019393
0.00003074
0.00000000
0.00014915
0.00163668
0.00163668
0.00010537
0.00109255
0.00109255
0.00037104
0.00037811
0.00135266
0.00135266
0.00037811
0.00037104
0.00203217
0.00203217
0.00171351
0.00171351
0.00120772
0.00010278
0.00011001
0.00011083
0.00150752
0.00150752
0.00008426
0.00118005
0.00118005
0.00010021
0.00154940
0.00154940
0.00011883
0.00011883
0.00007366
0.00004247
0.00018169
0.00189975
0.00189975
0.00079040
0.00079040
0.00008200
0.00013236
0.00013236
0.00013655
0.00182723
0.00182723
0.00000000
0.00000000
0.00012690
0.00018169
0.00000000
0.00037878
0.00037878
0.00000000
0.00000000
0.00020337
0.00000000
0.00202350
0.00202350
0.00021897
0.00019283
0.00009363
0.00006483
0.00013655
0.00018622
0.00018622
0.00016694
0.00005021
0.00003930
0.00003930
0.00008628
0.00137824
0.00137824
0.00106164
0.00106164
0.00005841
0.00013515
0.00003039
0.00013506
0.00009975
0.00001335
0.00000902
0.00007346
0.00009862
0.00155182
0.00155182
0.00008076
0.00011099
0.00008435
0.00000000
0.00002393
0.00010200
0.00163038
0.00167428
0.00167428
0.00004420
0.00057229
0.00057229
0.00010628
0.00010628
0.00009513
0.00007432
0.00007309
0.00009592
0.00009592
0.00007040
0.00121944
0.00121944
0.00005634
0.00000531
0.00004882
0.00006954
0.00006954
0.00004087
0.00002444
0.00000000
0.00000000
0.00000000
0.00127334
0.00127334
0.00004735
0.00001472
0.00006375
0.00006375
0.00000589
0.00041591
0.00142183
0.00142183
0.00009005
0.00002647
0.00000478
0.00000478
0.00009807
0.00000000
0.00004548
0.00188015
0.00188015
0.00159870
0.00010168
0.00000000
0.00000000
0.00009827
0.00011387
0.00000000
0.00000000
0.00000000
0.00110835
0.00110835
0.00123104
0.00123104
0.00009827
0.00122347
0.00122347
0.00009906
0.00009997
0.00003452
0.00022490
0.00179212
0.00179212
0.00045667
0.00045667
0.00225682
0.00225682
0.00022490
0.00179337
0.00179337
0.00126975
0.00014240
0.00195509
0.00195509
0.00006945
0.00138722
0.00138722
0.00072360
0.00014020
0.00000000
0.00000000
