1.49996
2.38271
3.79022
4.65124
6.01091
6.76498
7.80026
8.65785
10.12307
10.71997
10.39230
10.39430
10.54298
10.34471
9.70043
8.96256
7.59374
7.02746
6.93009
7.20470
7.82367
8.48928
9.20633
9.90180
10.35162
10.77302
11.19522
11.91909
12.92184
13.57912
14.54892
15.41761
16.89038
17.46118
17.35085
17.21601
16.73658
16.47395
16.28707
16.26789
16.48257
16.48707
16.28588
16.28355
16.64319
16.12247
14.63495
14.24962
15.19743
15.50037
15.75752
16.07438
16.77569
17.25320
17.81725
18.47392
19.69320
20.32770
20.86789
21.74632
22.61601
23.51179
24.82329
25.19592
24.68865
24.91225
25.73846
26.50789
27.36229
27.97424
29.16562
29.07415
27.66165
27.38038
28.03086
28.63579
29.97415
30.81919
32.27977
33.16575
34.64446
35.41116
35.99943
36.34108
36.53679
36.53955
36.29362
36.14901
35.61800
36.15854
37.59149
38.47011
39.88202
40.57196
40.23080
40.77860
42.18691
43.07531
44.31851
45.12410
45.60047
45.61364
44.81480
45.08428
46.39030
47.02184
47.48014
47.82356
48.21009
48.70292
49.92735
50.21079
49.61047
49.85502
50.98746
51.47234
52.05762
52.20527
52.14116
51.89225
51.32056
51.50811
52.43529
53.23738
53.97354
54.44805
54.76981
55.40569
56.43526
56.85799
57.13443
57.26928
57.24703
56.89410
56.14977
55.46469
54.73237
54.03441
54.06208
53.80347
52.96586
52.76867
53.15921
53.02841
52.41523
51.77446
50.44014
49.57991
48.08567
47.42066
47.37099
47.27000
47.07678
47.38432
48.18989
49.08491
50.07846
50.80029
52.03291
52.76070
53.94017
54.70707
56.02172
56.77172
57.81213
58.69185
60.05488
60.45841
59.90473
59.91940
60.38799
60.30118
59.61886
59.25586
58.65370
58.31329
57.86867
57.28307
55.86678
55.57995
56.50245
56.57967
55.86097
56.30068
57.79920
58.48768
59.17151
58.93798
57.55096
57.42178
58.45816
59.20303
60.69092
61.06410
60.25479
59.83904
59.11584
58.45742
57.07343
56.35074
55.25376
55.20932
56.31098
56.51587
56.16023
55.93718
55.53470
55.14711
54.94511
54.60340
54.96209
55.52585
56.86726
57.70915
58.73403
58.89375
58.31295
57.67888
56.56635
55.80405
54.48176
54.15437
54.20594
54.28758
54.87815
55.15824
54.67214
55.15121
56.45009
57.24541
58.61422
59.29474
60.08537
60.52613
61.01656
61.22724
61.17857
61.74936
63.01001
63.79893
65.13291
65.98601
67.41373
68.23400
68.81871
69.34826
70.27565
70.97315
72.15573
72.50227
72.21232
71.97115
71.13455
71.50581
72.96303
73.74020
74.54906
74.69244
74.16828
74.09185
74.37561
74.08344
73.06871
72.47848
71.55152
71.16604
70.89115
70.81726
70.89201
71.00360
71.30674
71.54474
71.97251
72.07885
71.92795
71.54316
70.63237
70.13080
70.01867
69.88890
69.71539
69.67797
69.72641
69.75515
69.81356
69.75533
69.52398
69.37682
69.22801
69.67197
70.53696
71.13301
71.93157
72.18670
71.93241
71.34274
69.90088
69.48281
70.27658
69.95202
69.20526
69.39480
70.42462
71.12078
72.34694
72.93507
73.08495
72.84255
71.92956
71.96518
73.03778
72.92298
71.71208
71.06064
70.12244
69.70438
69.46819
68.89418
67.67795
66.85071
66.63129
66.88673
68.02430
68.73868
69.79388
70.57960
71.10383
71.29107
71.20820
70.91525
70.17086
69.78404
69.18235
68.97089
68.88015
68.86329
68.83531
69.18270
70.23287
71.12201
72.23475
72.21729
71.70410
71.45038
71.57122
71.10671
70.31454
69.85502
69.00249
69.24107
70.52897
71.27625
72.27303
73.08071
73.92730
74.28474
74.37261
74.42145
74.46937
73.84336
72.58270
71.72919
70.70584
70.43802
69.13331
68.48448
68.57056
68.61604
68.75778
69.20173
70.43004
70.75057
70.05159
70.38856
71.72611
72.47793
73.70063
74.54259
75.99417
76.73904
76.92289
77.35975
78.23305
79.05365
80.50113
81.26420
81.90985
81.48098
80.01891
79.13887
77.68747
76.80169
75.32004
74.52857
73.55255
73.17573
73.13913
72.81002
71.83034
71.61484
71.97933
72.58042
73.89305
74.76595
75.65740
76.29124
77.36046
77.98475
78.92307
79.38216
79.44475
79.40969
79.08641
78.92224
78.44207
78.87883
80.21361
80.39018
79.36766
79.05139
79.13353
79.05288
78.82192
78.76098
78.71288
79.10963
80.37949
80.82762
80.71324
81.18335
82.46430
83.02245
84.25195
85.03828
86.18712
86.38929
85.59628
85.05686
84.69761
84.35231
83.91468
83.24729
82.48227
81.79391
80.36833
79.80881
79.84322
80.31801
80.68287
80.50551
79.79819
79.41309
78.77089
78.76044
79.39043
79.83548
80.62124
81.26042
81.87494
82.35579
83.16558
83.77997
84.23747
84.56797
84.92156
84.47585
83.21444
82.99211
83.90825
84.36606
85.17688
85.54520
85.75841
85.97714
86.26178
86.62691
87.33648
87.77517
88.53030
88.97409
89.71685
90.12241
90.71372
91.15340
91.83898
92.66287
93.78158
94.57642
95.88606
96.38062
96.17419
96.29777
96.54951
96.74072
96.95154
97.46538
98.10957
98.23959
97.88187
97.63848
97.06457
96.92627
97.17558
96.94677
96.09524
95.85918
96.03594
96.04525
96.04637
95.82593
95.12231
94.66313
93.85003
93.25081
92.06360
91.56024
91.22437
91.23350
91.68511
91.97158
92.15948
92.90968
93.97301
94.07266
93.03844
92.47605
91.48835
90.97100
90.34415
90.10601
90.15958
89.79862
88.74961
88.38173
88.51276
88.47848
88.47922
88.11649
87.05174
86.35290
85.39037
84.57876
83.15897
82.31972
80.95444
80.65889
81.42661
81.75996
82.41501
82.40423
81.54818
81.33301
82.11108
82.90521
83.83611
84.20216
84.00759
84.16237
84.71443
85.03153
85.49735
85.63011
85.42558
85.35814
85.25900
85.21680
85.20994
85.20851
85.23142
85.18905
85.02377
84.95689
84.88486
84.85021
84.80589
84.79388
84.97907
84.47833
83.09761
82.25201
81.74723
81.25183
80.76843
80.56246
80.62507
80.53873
80.08686
80.70212
82.05875
82.93495
84.40115
85.27547
86.71378
87.59146
89.05517
89.86434
90.90120
91.67762
92.99044
93.77591
95.04666
95.86190
97.21036
98.03597
99.27222
99.85289
100.48832
100.56439
100.10289
99.83697
99.22473
99.28543
100.14922
100.15431
99.57023
99.04971
98.81255
98.80511
99.36115
99.30186
98.47533
98.67361
99.88208
100.60875
101.89501
102.69676
103.91952
104.73451
104.87488
104.97089
104.77194
104.95995
105.60964
106.17746
107.33808
108.16364
109.41126
109.99988
110.16162
110.80660
112.26673
113.10774
114.46709
115.30042
116.64642
117.47179
118.23650
118.42820
117.95618
118.29130
119.43983
119.99685
120.74850
120.94525
120.66970
120.41090
119.80444
119.47127
118.74534
119.05077
120.42063
121.16129
122.38118
122.94796
123.38607
124.12349
125.62156
126.13702
125.61155
125.30739
124.54607
124.78413
125.86995
126.69579
128.17234
129.04281
130.39813
131.07929
131.51776
131.34835
130.52571
129.92040
128.83407
128.00111
126.56384
125.78550
125.38736
125.13132
124.88732
124.75518
124.57329
124.48824
124.37109
124.43010
124.67883
125.07758
126.08383
126.50936
126.35791
126.00725
125.16857
124.37211
122.96211
122.29827
122.73936
122.35147
121.57614
120.97317
120.79997
120.70800
120.80975
120.86169
120.97912
120.99412
120.77628
121.15131
122.33398
122.88012
123.32341
124.08212
125.34270
126.06788
126.87756
127.30731
127.97674
127.84026
126.86002
126.71350
127.38529
127.63934
127.86004
128.12292
128.54820
128.63424
128.49426
127.95642
126.58661
125.79340
124.47571
123.78026
123.10646
122.60258
121.79019
121.29950
120.59399
119.95690
118.84677
118.57263
118.99283
119.30328
119.91166
120.17357
120.48586
120.44744
119.77415
120.28693
121.77762
122.56081
123.42896
123.99549
124.94563
125.48970
126.29263
126.85694
127.50407
128.30541
129.28129
129.66711
129.47372
129.27146
128.93421
128.87436
129.07449
129.07885
128.83603
129.05066
129.75302
130.16548
131.03983
130.84587
129.60840
128.92106
127.77263
127.13785
126.39424
125.91625
125.11447
124.86937
125.25406
125.45380
125.82366
126.22486
127.23495
127.46906
127.09178
126.89788
126.80338
126.03599
124.83696
124.45402
125.07641
125.17817
125.10966
124.98580
124.58344
124.46147
124.53231
124.25141
123.43985
122.95142
122.62503
121.83245
120.91071
120.61437
120.96788
120.68864
119.80249
119.08753
118.46623
118.28749
118.45862
118.82897
119.84275
120.37113
121.32871
121.25938
120.28113
119.48255
118.85280
118.81963
119.47691
120.21469
121.71419
122.57437
123.87255
124.75251
126.23403
126.71018
126.20312
125.96498
125.43511
125.22974
125.15110
125.26946
125.76407
126.04544
126.51984
126.86147
127.44066
127.88109
128.59544
128.81265
128.51434
128.35945
128.15359
127.62742
126.61535
125.96879
125.81576
125.12285
124.23342
123.88033
124.26126
124.28713
124.11455
124.12265
124.33523
124.27086
123.87921
123.62355
123.46824
122.68540
121.43810
120.66215
119.33165
119.18320
120.30733
120.41943
119.72721
118.96356
117.66634
117.16278
117.46801
117.54538
117.81733
117.55056
116.48032
116.08784
116.09867
116.42245
117.48863
118.18856
119.47753
120.24727
121.61021
121.93850
121.19801
121.09836
121.43917
121.55770
121.79290
121.57052
121.06297
120.36784
119.59824
119.47136
120.08377
120.30204
120.31625
120.29491
120.15238
119.98079
119.58766
119.19706
118.26693
117.83953
117.23007
117.23884
117.91842
118.19209
118.29994
118.33568
118.32754
118.12679
117.62683
117.14175
116.25063
115.62455
114.46841
113.76021
112.81007
112.03597
110.58446
109.69487
108.31793
107.47842
106.58773
106.00009
105.05799
104.49471
103.60963
103.25840
103.28158
103.35589
103.69658
103.67324
103.23177
103.20835
103.61617
103.52147
103.00565
102.47560
101.93499
101.56124
100.96050
100.66672
100.42447
100.04484
99.49979
99.93822
101.37243
101.96888
102.12649
102.25183
102.34232
102.30203
102.35726
101.63021
100.43174
99.82189
99.81499
99.50779
98.13589
97.25498
96.06307
95.33620
94.21495
94.21075
95.50273
95.94577
95.59653
95.79678
96.72025
96.44235
95.05884
94.36472
93.53149
92.92751
92.24172
91.66544
91.41761
91.86361
93.16955
93.98842
95.45290
96.02154
96.01723
96.32704
97.17802
97.56213
98.11720
98.05356
97.42677
96.78663
95.89247
95.35629
94.99968
94.87102
95.03162
94.77115
94.09958
93.92206
94.03491
94.01205
93.66999
94.12305
95.24088
95.90748
97.02936
97.20171
96.38593
96.39831
97.07647
97.58487
98.54775
98.84941
98.54160
99.24629
100.30402
100.04088
98.85934
98.22782
98.14798
98.05398
97.78120
98.38786
99.75344
100.17311
99.50200
99.59712
100.36683
100.63963
100.97076
100.46410
99.18776
98.34329
96.86475
96.13245
95.52985
95.11460
94.62042
93.95553
93.37417
92.93873
92.21537
91.96305
91.90879
91.84975
91.62553
91.96868
93.13065
93.79474
94.92483
95.53621
96.29718
96.77799
97.73117
97.65677
96.53953
95.94165
94.86830
94.54901
94.67856
94.71061
94.76438
94.89789
95.20700
95.48698
95.71404
96.01680
96.14619
96.60418
97.80625
98.46705
99.52199
100.08573
100.79979
101.35168
102.37741
103.00491
104.11675
104.47920
104.15836
104.01221
103.68400
103.85258
104.56211
104.79559
104.84042
104.91400
105.10066
104.67886
103.71471
103.14049
102.51418
101.74085
100.38266
99.57398
98.24919
97.88723
98.34456
98.47330
98.75365
98.66654
98.09053
97.82434
97.51484
97.33930
96.95554
97.21465
98.01633
98.71825
100.08323
100.68723
100.35036
100.22714
99.95310
99.59218
98.91330
98.56757
98.49444
98.33214
97.98067
97.78971
97.54696
97.26869
96.80638
96.59752
96.43372
96.61579
97.32752
97.72559
98.41115
98.47074
97.96898
97.65425
97.19926
96.61722
96.07563
95.93406
96.51082
96.64923
96.28074
95.78608
95.19285
94.45037
93.03699
92.18424
91.29503
91.10273
91.76513
91.89666
91.86884
91.61387
90.82692
90.48295
90.68608
90.73416
90.81677
90.99859
91.34364
92.11228
93.56358
94.41574
95.75537
96.19854
96.37258
96.47948
96.62966
96.74729
96.92648
97.09019
97.66462
97.59626
96.98050
96.79054
96.96922
96.46437
95.23799
95.00787
95.66050
96.04624
96.22624
96.84728
98.10888
98.65396
99.14688
99.37245
99.81473
99.41121
98.92031
98.47931
97.67643
97.51438
96.63656
96.34090
96.93112
97.05330
96.75914
97.15167
98.19403
98.87526
100.10439
100.77148
101.75197
102.39077
103.47703
104.19599
105.30086
105.16349
104.46356
104.77257
105.15378
105.40458
105.86930
106.17205
106.76322
107.43678
107.85865
108.29031
109.34584
109.50378
108.76361
108.48353
108.32441
107.83256
107.26939
106.81141
106.00092
105.99181
106.70142
106.62540
107.52736
108.24091
109.43294
110.23827
110.77367
111.30734
111.55555
111.80419
112.23025
112.46145
112.85953
112.81746
112.45326
111.78511
110.64551
109.93972
108.80695
108.10731
106.94553
106.50547
106.48506
106.41560
106.41876
106.10469
105.11031
104.82381
105.19916
105.13848
104.81143
104.43973
103.60128
103.35109
103.33029
103.61134
104.50184
105.09992
105.68828
105.17484
103.72866
103.23994
104.15616
104.48208
104.74373
104.92905
105.33685
105.19890
104.42583
104.05698
103.60500
103.25111
103.23504
102.68710
101.26181
100.50788
99.44516
98.75885
97.64291
96.81106
95.81050
94.92850
94.18603
93.64922
92.80670
92.31848
91.50171
91.25399
91.52931
91.80632
92.15014
93.00676
94.16411
94.88099
95.92168
96.47852
97.03165
97.49632
98.34878
99.06835
100.37369
101.13390
101.36074
101.56883
101.73138
101.98402
102.54702
102.50776
101.70647
101.87318
102.93623
103.58390
104.45298
104.96216
105.15927
104.73133
103.49814
102.72927
101.57885
100.74172
99.68230
98.89512
98.44435
97.81565
96.81284
96.20718
95.50802
95.38193
94.69593
93.91094
92.89062
92.36158
92.34284
92.45387
93.05187
93.18510
93.00951
92.91739
92.71927
92.59858
92.39536
92.46879
92.76721
92.69204
92.25694
91.89725
91.22397
90.68653
89.65271
89.12146
88.39123
87.92446
87.08585
86.72675
86.43423
86.15746
85.83804
85.59214
85.05252
85.07821
85.70253
85.91171
86.06841
86.16070
86.23290
86.40539
86.54368
86.93180
87.72718
88.44241
89.80643
90.27557
89.80564
89.79010
89.96955
90.09289
90.28902
90.66799
91.62697
92.32572
93.54882
94.27345
95.05140
95.28727
95.13688
94.89403
94.18829
94.62258
96.12136
96.64873
96.31862
96.12202
95.53072
96.05925
97.51386
98.15938
98.03091
98.11904
98.32273
98.40157
98.45036
98.30401
97.93032
97.75310
97.70448
97.63822
96.99569
96.77596
97.24222
97.43065
97.89341
97.58447
96.56964
95.99307
94.85821
94.30420
94.11977
93.94352
93.82978
93.68361
93.31131
93.35398
93.95334
94.27457
94.62661
94.19174
92.77189
92.31971
92.57164
92.50977
92.12128
92.45706
93.46309
93.80995
93.60456
93.61409
93.60768
93.64119
93.93104
93.68166
92.69409
92.31275
92.30310
92.82899
94.17417
94.95754
95.97674
96.48423
96.80765
97.39708
98.21711
98.78154
99.17516
99.29843
99.16518
99.13407
99.10289
99.15488
99.32886
99.54497
99.84470
100.30474
100.68526
101.39926
102.29446
102.77623
103.27226
103.29110
102.98428
102.23898
100.81391
100.33700
100.70711
100.64273
100.33251
99.92245
99.08419
98.23092
97.50914
96.61372
95.57752
95.10929
94.69361
95.03836
96.30218
97.19249
98.67166
99.38668
100.76764
101.07323
100.19931
99.85123
99.53352
99.13193
98.29275
98.28948
99.09150
98.88769
99.15087
99.05877
98.84578
98.81045
99.65956
100.16650
99.76451
99.54255
99.27249
98.73766
98.05299
97.76473
97.58336
97.40497
97.03967
96.60813
96.30753
96.22235
95.95925
95.16789
94.01712
93.16497
92.35808
91.80954
91.00365
90.48048
90.20705
90.45120
91.32516
91.84398
92.60748
93.27345
93.84060
94.55041
95.83469
96.49328
96.91358
97.19319
97.60701
97.62221
97.14661
97.22998
97.68809
98.43268
99.89810
100.50482
100.52239
100.60537
100.91279
100.35306
98.85930
98.24514
98.53396
98.35949
97.68431
97.63402
98.08277
98.45446
99.31282
99.76747
100.33868
101.02263
102.37578
103.04047
103.79340
104.24834
104.84784
105.19269
105.23308
105.11043
104.69601
104.45399
104.24263
103.91994
103.40959
102.93771
102.02147
101.28311
100.13888
100.04983
101.30447
101.94103
102.82994
103.63344
105.07747
105.57173
104.96492
104.64887
104.04501
103.44118
102.62372
102.22264
101.57979
100.68638
100.06442
99.45492
98.58025
98.44180
99.11709
99.71302
100.87774
101.70845
102.16742
102.16210
101.54454
100.97623
99.72546
98.94928
97.60935
96.74288
95.27155
94.39642
93.17244
92.46604
92.32366
92.18779
92.11480
92.02892
91.87760
91.60450
90.94869
90.46264
90.20461
89.51945
88.13531
87.25329
85.78749
85.11869
85.23127
85.23244
85.37351
85.43089
85.67016
85.22403
84.23734
83.36514
82.99121
82.64618
82.20918
81.42740
80.23806
79.56674
78.77620
78.70851
79.31078
79.77276
80.32744
80.75229
81.65509
81.63389
80.72085
80.14260
79.06024
78.41395
77.72415
77.32018
76.75549
76.43812
75.75921
76.14418
77.56737
78.00551
77.65884
77.58667
77.45851
77.71017
78.35311
78.75844
79.48727
79.77582
79.89877
80.25107
81.12867
81.70384
82.83227
83.02419
82.34529
81.96298
81.20919
80.86510
80.37350
80.50285
81.27512
81.79561
82.79639
83.08691
82.70653
82.56512
82.34510
82.17678
82.12349
81.55815
80.18589
79.36072
77.98416
77.19803
75.87849
75.57266
76.15040
76.54609
77.31089
77.67796
77.76971
77.24033
75.75971
75.21237
75.41663
75.43733
75.48365
75.48392
75.43289
75.42143
75.47189
75.33811
74.76926
74.77638
75.32106
75.65103
76.38308
76.40266
75.78805
75.29761
74.43248
73.88074
73.31039
73.01613
72.70129
72.53221
72.33559
72.14257
71.72898
71.48443
71.10227
70.79744
70.47777
69.90246
69.02934
68.66447
68.45087
68.30986
68.05000
68.18810
68.73553
68.87819
68.70432
68.69988
68.72839
69.04735
69.84488
70.37929
71.23329
71.81545
71.95258
72.29894
73.08075
73.41483
73.47384
73.60915
73.93270
73.98409
73.93362
73.53553
72.94950
72.17755
70.70448
70.03061
69.83169
69.63721
69.53002
69.08828
68.00466
67.28975
66.75252
65.92599
64.49291
63.62881
62.19599
61.78670
62.61657
62.34630
61.12477
60.67355
59.97549
59.29625
59.99631
60.66871
61.66023
62.34448
63.32627
63.97888
64.93872
65.61321
66.77922
67.06903
66.75644
66.14990
64.70730
63.81897
62.32316
61.53062
60.62713
60.14180
59.46361
59.39503
59.76760
59.41891
59.44961
59.77255
60.67100
60.55849
59.97789
59.60131
59.38506
59.19512
58.73715
59.37481
60.79935
61.66173
63.00945
63.81955
64.96002
65.78505
66.04038
66.25047
66.38984
66.47474
66.65151
66.56259
66.09826
66.34760
67.30977
67.78335
68.43410
68.81601
69.35277
69.92647
71.07188
71.96588
72.91843
73.47732
73.08269
73.75012
75.14752
75.76167
75.97800
76.33762
77.11987
77.41882
77.39776
77.82460
78.98901
79.22845
78.55854
78.96522
80.38877
81.22481
82.09365
82.98069
83.36074
84.21544
85.36743
86.12597
87.44989
87.86045
87.72204
87.41417
86.96166
86.27690
85.72145
85.29612
84.91586
84.65667
84.19300
84.15327
84.45795
85.00205
86.33870
87.07325
88.26974
88.73605
88.89591
89.16838
89.79546
90.10541
90.56132
90.01723
88.52907
87.64651
86.47366
85.67049
84.97249
84.68559
84.88027
84.71300
83.97572
84.05160
84.92536
85.46101
86.35343
87.20777
88.63177
89.44756
90.65357
90.55452
89.17487
88.40428
87.10352
86.43229
86.19422
85.96987
85.93008
85.77270
85.35672
85.15436
85.03455
84.83833
84.57821
84.40011
83.98120
84.41681
85.88445
86.20647
85.52088
84.69253
83.46871
82.67688
81.70334
81.91466
83.26478
84.02005
85.41180
85.51805
84.22748
84.15649
85.21118
85.66878
86.06672
86.82388
88.31495
88.83118
88.33428
88.20012
87.76560
88.26252
89.64632
90.50693
91.27869
91.85210
92.09136
92.78043
94.06141
94.84329
95.83653
96.48921
97.61883
98.21456
99.13210
99.28320
98.79909
98.36445
97.26876
96.91121
96.86698
96.96679
97.11312
97.78693
99.14123
99.95406
100.53496
100.29530
99.09409
98.41536
97.41058
97.13067
97.32154
97.30582
97.16178
97.17087
97.31358
97.56474
98.22228
