 0.10000	 47.69993210	 31.49625778	  9.82922459	 47.91555786	 32.57357788	  8.80802631	           0	           2
 0.10000	 47.97303009	 32.39576721	  7.92765999	 47.63868332	 30.96880341	  7.60841513	          -1	           3
 0.10000	 48.23022461	 30.30911827	  7.45084858	 49.72011948	 30.48132133	  7.42591000	          -2	           4
 0.10000	 50.08660126	 30.10059166	  8.15440655	 49.02782440	 29.61310196	  9.09844112	          -3	           5
 0.10000	 48.50889587	 29.49824524	  9.82454491	 47.70784378	 29.72350502	 11.07243633	          -4	           6
 0.10000	 46.97460556	 29.87489891	 11.57133961	 45.53650665	 30.24193764	 11.78732109	          -5	           7
 0.10000	 44.71226883	 30.15321350	 12.13656330	 43.54499435	 29.58960152	 12.89081764	          -6	           8
 0.10000	 43.07159424	 29.00151825	 13.37937546	 42.84240341	 27.72340965	 14.12936687	          -7	           9
 0.10000	 42.64741516	 26.97612762	 14.58931732	 42.35691833	 25.72578239	 15.36426544	          -8	          10
 0.10000	 42.02902985	 24.99636078	 15.77466297	 41.25586319	 23.84049034	 16.33571243	          -9	          11
 0.10000	 40.76460266	 23.19759369	 16.72816277	 39.78414154	 22.39616585	 17.53174400	         -10	          12
 0.10000	 39.65003586	 21.51238632	 17.63463211	 40.30038071	 20.28622818	 17.06592941	         -11	          13
 0.10000	 40.61030960	 19.45181847	 16.93348122	 40.94161987	 18.01730919	 16.64652252	         -12	          14
 0.10000	 41.43719482	 17.67694092	 17.31623650	 41.68558121	 18.73498154	 18.35005951	         -13	          15
 0.10000	 41.60604858	 19.38525200	 18.96703339	 40.87979126	 20.52527618	 19.61717987	         -14	          16
 0.10000	 40.68505859	 21.29004669	 20.04950714	 40.75957870	 22.64628792	 20.68577766	         -15	          17
 0.10000	 40.57680130	 23.28873634	 21.28878593	 39.98577499	 23.91273689	 22.51805878	         -16	          18
 0.10000	 39.65631866	 24.40113068	 23.19832611	 39.33667374	 25.49120903	 24.17785835	         -17	          19
 0.10000	 38.60786819	 25.39371872	 24.69677353	 37.77027130	 24.15070534	 24.75402451	         -18	          20
 0.10000	 37.09403992	 23.56853104	 24.87060738	 35.77563858	 22.85840416	 24.78438568	         -19	          21
 0.10000	 36.04556656	 22.04386330	 24.51300240	 37.50582504	 22.29890442	 24.28391647	         -20	          22
 0.10000	 37.88185120	 23.06529999	 23.99903297	 36.99877167	 24.27624321	 24.05945206	         -21	          23
 0.10000	 36.69693756	 25.05156517	 24.40234375	 36.15036011	 26.44050598	 24.55028152	         -22	          24
 0.10000	 35.93701935	 27.30879211	 24.65153313	 35.78553772	 28.79276466	 24.80843735	         -23	          25
 0.10000	 35.81988144	 29.69132805	 24.84315491	 36.17213440	 31.06479073	 25.33243752	         -24	          26
 0.10000	 35.67668152	 31.78286171	 25.11149597	 34.55712891	 31.65027237	 24.12201309	         -25	          27
 0.10000	 33.72725296	 31.51563454	 24.44316483	 33.50516510	 31.32010651	 25.91366768	         -26	          28
 0.10000	 33.87214661	 30.87363815	 26.60351753	 35.15100861	 30.09538651	 26.69696999	         -27	          29
 0.10000	 36.02502060	 30.11965370	 26.90994072	 36.54629517	 30.64890862	 28.21306038	         -28	          30
 0.10000	 36.51920319	 30.27859879	 29.03283882	 35.66562271	 29.23023796	 29.68267822	         -29	          31
 0.10000	 35.63265228	 28.39503479	 29.34913445	 36.41995621	 28.12751579	 28.10074234	         -30	          32
 0.10000	 36.47401810	 28.11098289	 27.20260620	 36.01885223	 28.41174889	 25.80536461	         -31	          33
 0.10000	 35.56111908	 29.15871048	 25.59939575	 35.25883484	 30.60329056	 25.86706543	         -32	          34
 0.10000	 34.96405792	 31.25856781	 26.40886497	 34.49818039	 32.63119888	 26.79443741	         -33	          35
 0.10000	 33.97548294	 33.34708786	 26.94916725	 32.73939896	 34.18774033	 27.07189560	         -34	          36
 0.10000	 32.01148987	 34.70803070	 26.97625351	 31.00733376	 35.68384171	 26.43837357	         -35	          37
 0.10000	 30.12027550	 35.54401016	 26.49760628	 29.48359489	 34.32863998	 27.10371208	         -36	          38
 0.10000	 28.96833420	 33.66134262	 27.41835594	 28.42007828	 32.37893295	 27.97036171	         -37	          39
 0.10000	 27.53734207	 32.55308533	 27.94881058	 27.54345703	 33.92536926	 27.34326553	         -38	          40
 0.10000	 27.33622169	 34.80071259	 27.31944275	 26.74837875	 36.03315353	 27.94025421	         -39	          41
 0.10000	 27.37798882	 36.64857864	 27.75362778	 28.30625343	 35.69069290	 27.06756020	         -40	          42
 0.10000	 29.07062531	 36.03927612	 26.74489212	 29.30465317	 37.51937103	 26.81124496	         -41	          43
 0.10000	 29.97108841	 38.08595657	 27.02270699	 31.38784790	 38.10642624	 27.51487541	         -42	          44
 0.10000	 31.93134308	 38.22262573	 28.22265625	 32.24381256	 38.37199402	 29.68208504	         -43	          45
 0.10000	 31.72336769	 38.44400024	 30.41274261	 30.23026657	 38.54957199	 30.50972939	         -44	          46
 0.10000	 29.46261024	 38.14086914	 30.74108887	 28.96553421	 36.76637268	 31.07805824	         -45	          47
 0.10000	 28.07407761	 36.68298721	 31.16880989	 26.96612549	 37.68954849	 31.26484108	         -46	          48
 0.10000	 27.14074135	 38.25812149	 30.58945274	 28.47212029	 37.74909592	 30.12228775	         -47	          49
 0.10000	 29.13314819	 37.30553055	 29.70265388	 29.75201988	 36.03301239	 29.20512199	         -48	          50
 0.10000	 30.47242355	 35.78126144	 28.72811890	 31.46282387	 36.35934067	 27.76121330	         -49	          51
 0.10000	 32.25123978	 36.45717621	 28.18397903	 32.11590195	 36.11034393	 29.63700867	         -50	          52
 0.10000	 32.19741058	 35.94623566	 30.51806259	 32.34445572	 35.42654037	 31.91742134	         -51	          53
 0.10000	 32.21127701	 35.94604492	 32.64008331	 31.85747910	 37.39247131	 32.45980835	         -52	          54
 0.10000	 31.48244858	 38.18810272	 32.64964294	 30.71566391	 39.36516953	 33.17528534	         -53	          55
 0.10000	 29.94885826	 39.74520111	 33.45338821	 28.49370766	 39.56357193	 33.76860046	         -54	          56
 0.10000	 27.63709450	 39.80899048	 33.89437485	 26.25364685	 40.38753510	 33.93011475	         -55	          57
 0.10000	 26.13416862	 41.27712250	 33.99482346	 27.07454491	 42.43954086	 33.87474823	         -56	          58
 0.10000	 27.83278656	 42.18322372	 34.28624725	 27.48700905	 40.76177979	 34.61780930	         -57	          59
 0.10000	 27.87372780	 40.03956223	 34.99022293	 29.15132523	 39.47658157	 35.53858566	         -58	          60
 0.10000	 29.35902405	 38.78189087	 36.07163239	 28.67122459	 37.69519806	 36.84361649	         -59	          61
 0.10000	 28.08798599	 37.11396027	 37.20670319	 27.07907104	 36.07992554	 37.61011505	         -60	          62
 0.10000	 26.38518143	 36.65004349	 37.54832077	 27.34181976	 37.70053864	 37.06734848	         -61	          63
 0.10000	 26.81049728	 38.42498779	 37.11991501	 25.50820541	 37.93532944	 37.68040085	         -62	          64
 0.10000	 24.90480042	 37.41155624	 38.09446716	 24.82496071	 35.99523163	 38.58184433	         -63	          65
 0.10000	 24.11091995	 35.93176651	 39.12596130	 23.53821945	 37.30635834	 39.30593872	         -64	          66
 0.10000	 22.81874275	 37.82375717	 39.14941025	 21.63229942	 38.16557312	 38.29772186	         -65	          67
 0.10000	 20.91093826	 37.81621170	 37.88857651	 20.36934853	 36.46855927	 37.51398087	         -66	          68
 0.10000	 19.69738197	 35.89733887	 37.69277191	 18.53852844	 35.68643188	 38.62139511	         -67	          69
 0.10000	 17.95167542	 35.20273590	 39.10234833	 17.26629639	 34.05513382	 39.78275681	         -68	          70
 0.10000	 16.96402740	 33.27755356	 40.11994553	 16.68873405	 31.93997383	 40.74037933	         -69	          71
 0.10000	 16.63784981	 31.15811348	 40.29767609	 17.11776924	 30.68162155	 38.95883560	         -70	          72
 0.10000	 16.49589539	 31.07514763	 38.44077301	 15.81276512	 31.85002708	 39.52835083	         -71	          73
 0.10000	 15.19430637	 32.50363922	 39.54248428	 14.46482658	 33.69545746	 38.99716949	         -72	          74
 0.10000	 14.02675056	 33.34940720	 38.29124069	 14.49703503	 31.92520905	 38.31138611	         -73	          75
 0.10000	 14.64799881	 31.05509377	 38.13835907	 14.77245235	 29.60415268	 37.77894592	         -74	          76
 0.10000	 15.33242798	 28.90277100	 37.84542847	 16.74527550	 28.68639183	 38.30037308	         -75	          77
 0.10000	 17.12076759	 28.03981400	 38.80125809	 16.43829918	 26.91768074	 39.52584839	         -76	          78
 0.10000	 16.84721947	 26.27049446	 39.99893951	 18.29903603	 26.04867172	 40.30376816	         -77	          79
 0.10000	 19.10958862	 25.66196060	 40.36095810	 20.41568947	 24.94146156	 40.20321274	         -78	          80
 0.10000	 20.75399780	 24.17817116	 39.86729050	 20.34245682	 22.93041229	 39.14366913	         -79	          81
 0.10000	 19.95309067	 22.25357628	 38.69631958	 18.89606857	 21.47788620	 37.96767807	         -80	          82
 0.10000	 18.82768059	 20.59452820	 37.80995560	 19.33074379	 19.47594833	 36.94646835	         -81	          83
 0.10000	 18.61920547	 18.93176079	 36.85964584	 17.36643791	 19.47572899	 37.47985458	         -82	          84
 0.10000	 17.29304886	 20.36934662	 37.55723953	 18.57632256	 20.79825592	 36.90979385	         -83	          85
 0.10000	 18.88928413	 21.64188385	 36.89382935	 17.90554619	 22.77380562	 36.92502213	         -84	          86
 0.10000	 17.51924133	 22.66686440	 36.11924744	 17.99053001	 21.29715157	 35.72975159	         -85	          87
 0.10000	 18.80688477	 20.91830063	 35.73017120	 19.93530273	 21.59383583	 36.45143890	         -86	          88
 0.10000	 20.60371780	 22.05110741	 36.84378433	 21.39622879	 23.16299438	 37.46468353	         -87	          89
 0.10000	 22.17694664	 23.39502716	 37.84743118	 23.43960953	 22.73648262	 38.31853867	         -88	          90
 0.10000	 24.15892792	 23.26698494	 38.42396545	 23.98219299	 24.72210884	 38.10565948	         -89	          91
 0.10000	 24.43169975	 25.47656250	 37.90913010	 25.59823799	 26.36009979	 37.57978439	         -90	          92
 0.10000	 26.47716713	 26.26955223	 37.40894318	 27.27396584	 25.01752281	 37.19105530	         -91	          93
 0.10000	 28.10474205	 25.05538559	 37.53498459	 28.39005280	 26.34572983	 38.24459076	         -92	          94
 0.10000	 29.02412415	 26.48823738	 38.86715317	 29.97618103	 25.54032135	 39.53416824	         -93	          95
 0.10000	 30.61915398	 25.37065887	 40.14043427	 31.58198929	 25.61544609	 41.26414108	         -94	          96
 0.10000	 32.17949295	 25.89121628	 41.87771988	 33.19953918	 26.55545807	 42.75404739	         -95	          97
 0.10000	 33.54846573	 27.19139099	 43.28647614	 33.61783218	 28.49389267	 44.02701187	         -96	          98
 0.10000	 33.58489609	 29.29927444	 44.42703629	 33.34157181	 30.56768417	 45.18978119	         -97	          99
 0.10000	 33.22378540	 31.38606453	 44.83442688	 32.87091446	 31.77161980	 43.42848206	         -98	         100
 0.10000	 33.69261551	 31.96393394	 43.11588287	 34.72615433	 31.59217644	 44.13740921	         -99	           0
