1.49975
2.39101
3.85369
4.73407
6.18653
7.04450
8.43294
9.28800
10.68394
11.54676
13.01301
13.86966
15.19259
16.04712
17.52590
18.40286
19.84460
20.73790
22.22997
23.12378
24.57774
25.46160
26.91352
27.78895
29.11356
29.85845
30.98077
31.64536
32.69355
33.28740
34.19535
34.81692
35.87551
36.52787
37.64361
38.28149
39.28220
39.85143
40.72696
41.28411
42.21278
42.94052
44.34652
45.10922
46.24262
46.79799
47.42673
47.84670
48.58593
49.00861
49.63840
50.25735
51.57303
52.31954
53.48583
54.27332
55.68251
56.52213
57.92606
58.76600
60.16606
61.01398
62.38495
63.24604
64.71189
65.59908
66.98059
67.75145
68.87926
69.42643
70.04936
70.44125
71.13761
71.32049
71.26379
71.00624
70.19264
69.75100
69.01723
68.67911
68.32412
68.12577
67.85250
67.70856
67.52039
67.33320
66.90114
66.65169
66.25919
65.90979
65.14116
64.73461
64.10974
63.89968
63.87700
63.78624
63.53339
63.49577
63.58504
63.80043
64.42172
64.83572
65.58977
66.15423
67.25845
67.76432
68.33557
68.66383
69.15960
69.33448
69.37125
69.56564
70.11288
70.54764
71.43197
71.96362
72.84684
73.52964
74.81802
75.66797
77.12886
77.95432
79.11471
79.71309
80.41618
80.96026
81.98652
82.62193
83.71644
84.38679
85.45271
86.14001
87.38012
87.96142
88.62551
88.88209
88.99092
89.21694
89.81979
90.13564
90.63858
90.77685
90.70868
90.71381
90.72553
90.71355
90.65290
90.67432
90.80188
90.83266
90.82066
90.82399
90.83128
90.91668
91.22121
91.26998
91.08483
91.14107
91.45898
91.75796
92.47674
92.70723
92.70928
92.87664
93.41408
93.45858
93.11677
92.84829
92.21911
92.00625
91.89474
91.96464
92.30086
92.59132
93.24047
93.53253
93.86719
94.08874
94.46967
94.76522
95.34936
95.70386
96.29052
96.79647
97.87539
98.40975
99.03697
99.41582
100.02420
100.33861
100.73688
100.92852
101.18240
101.16580
100.86283
100.70126
100.43946
100.25791
99.90958
99.72603
99.46660
99.33976
99.17842
99.05425
98.79348
98.62561
98.33081
98.06151
97.49029
97.11146
96.41696
96.09380
95.69891
95.60191
95.70090
95.76717
95.90413
95.93961
95.90565
95.90846
95.97742
95.79614
95.14481
94.82750
94.37482
94.10606
93.67714
93.41215
92.96468
92.69642
92.25898
92.02309
91.67805
91.43428
90.97734
90.65063
90.05147
89.59281
88.66444
88.11658
87.18004
86.76547
86.40625
86.14293
85.64744
85.44245
85.30747
85.00965
84.26126
83.59522
82.21782
81.37429
79.92201
79.05353
77.60538
76.73520
75.32781
74.47976
73.06733
72.19333
70.77088
69.94657
68.74598
68.09913
67.15090
66.85206
66.87550
66.91318
67.09076
67.15012
67.19365
67.19382
67.13794
67.12799
67.16735
67.07332
66.75652
66.45504
65.75450
65.45456
65.14187
64.97623
64.69717
64.75603
65.19840
65.60915
66.56809
66.96294
67.33613
67.45310
67.45098
67.34233
66.96076
66.77074
66.43743
66.51038
67.03855
67.50906
68.51859
69.10382
70.02714
70.70815
71.99505
72.76718
74.07507
74.85031
76.06937
76.73354
77.65290
78.22777
79.15225
79.75669
80.84552
81.41784
82.19030
82.67538
83.48544
84.04004
85.02100
85.63635
86.69669
87.32124
88.29883
88.89538
89.90321
90.50009
91.48465
92.08196
93.12016
93.54381
93.85311
94.07670
94.46870
94.69910
95.03408
95.30468
95.83152
96.14820
96.69538
97.09467
97.84909
98.31115
99.05707
99.58390
100.56294
101.22819
102.42234
103.12904
104.28836
105.02765
106.30683
107.12553
108.54599
109.44199
110.84516
111.67912
113.04507
113.83725
115.08938
115.82703
116.93479
117.64621
118.89024
119.61893
120.81856
121.54643
122.78968
123.47190
124.51227
124.99700
125.55952
125.77159
125.82958
126.08819
126.86294
127.14897
127.34364
127.47262
127.67266
127.82963
128.14048
128.27050
128.40403
128.52312
128.78122
128.97712
129.38347
129.55034
129.69900
129.74531
129.78323
129.55020
128.73688
128.39797
128.05123
127.85338
127.53607
127.47776
127.63678
127.60389
127.35025
127.26797
127.24987
127.12488
126.72048
126.55028
126.39699
126.34337
126.37107
126.12099
125.31124
124.81564
123.91758
123.43060
122.69390
122.27572
121.63518
121.37059
121.15725
121.01231
120.76774
120.50414
119.84108
119.55392
119.25033
119.02803
118.55902
118.56368
119.08321
119.18214
119.05479
118.89114
118.45763
118.12908
117.46914
117.11496
116.55718
116.41296
116.51311
116.57431
116.77021
116.63891
115.99322
115.80497
115.78187
115.77267
115.79385
115.70544
115.40008
115.16405
114.71495
114.42786
113.92162
113.63657
113.21696
112.76799
111.72696
111.13096
110.13548
109.66143
109.12798
108.77506
108.25016
107.67640
106.39434
105.64793
104.41067
103.64368
102.32116
101.62003
100.66216
100.13564
99.36835
98.85375
97.93711
97.45185
96.76870
96.31194
95.55477
95.14714
94.53652
94.27736
94.06521
93.77702
93.05951
92.70482
92.19248
92.07583
92.19906
92.34894
92.74933
92.98243
93.33544
93.74944
94.70696
95.41262
96.76954
97.44339
98.23839
98.89179
100.17136
100.95365
102.27150
103.11551
104.46707
105.28888
106.66665
107.48957
108.85742
109.64503
110.86223
111.63525
112.87560
113.70476
115.13270
115.99465
117.38643
118.25728
119.72872
120.57886
121.90105
122.75364
124.22247
125.10423
126.56279
127.34946
128.43346
128.90373
129.33591
129.39919
129.14336
128.92914
128.38504
128.24529
128.25465
128.51140
129.36983
129.77664
130.30262
130.66921
131.24648
131.84918
133.15896
133.95093
135.34288
136.00669
136.73375
137.11591
137.63211
137.82051
137.92465
137.93441
137.80163
137.86416
138.17113
138.40459
138.88603
139.17875
139.68490
139.96722
140.45316
140.47162
140.01419
139.91286
140.00901
139.97080
139.75596
139.76632
139.98506
140.22186
140.82162
141.09492
141.40069
141.68410
142.30457
142.63029
143.06541
143.51250
144.48295
144.93874
145.45979
145.97884
147.10837
147.76242
148.81711
149.43898
150.43208
151.11890
152.38516
153.13063
154.33732
155.06627
156.29140
157.00274
158.14740
158.80741
159.85844
160.47152
161.43125
162.03641
163.09414
163.71616
164.75001
165.22909
165.77602
166.00558
166.20576
166.32536
166.51006
166.61518
166.76250
166.95303
167.47074
167.55553
167.32184
167.13783
166.74142
166.50000
166.08344
165.88176
165.70138
165.31653
164.28079
163.71024
162.79422
162.33815
161.78165
161.30211
160.30136
159.70939
158.80670
