 0.10000	 17.04690933	 57.13027191	 43.74674988	 15.98342896	 58.14757919	 44.03669357	           0	           2
 0.10000	 16.03717804	 59.02140427	 44.24496841	 17.20664597	 59.94908524	 44.39216614	          -1	           3
 0.10000	 18.06545258	 59.68175507	 44.36400604	 18.34461975	 58.22510529	 44.14102173	          -2	           4
 0.10000	 18.65962029	 57.39642715	 43.98947144	 19.14069176	 56.00647354	 43.69736099	          -3	           5
 0.10000	 19.40883827	 55.17287064	 43.49372864	 19.82865906	 53.78662872	 43.10569763	          -4	           6
 0.10000	 20.03237724	 52.94269562	 42.87197113	 20.19841385	 51.51556396	 42.44220734	          -5	           7
 0.10000	 20.63012123	 50.73257828	 42.34386826	 21.83228874	 49.84477234	 42.47067642	          -6	           8
 0.10000	 22.25325775	 49.05376434	 42.55176544	 22.27302361	 47.57261276	 42.78740692	          -7	           9
 0.10000	 22.74236298	 46.82019424	 42.63461304	 23.78527069	 46.12509155	 41.81059647	          -8	          10
 0.10000	 24.65611267	 46.06621552	 42.02987671	 25.17136002	 46.91107559	 43.15707016	          -9	          11
 0.10000	 25.87450409	 46.56435394	 43.59902954	 26.52272224	 45.26078415	 43.23779297	         -10	          12
 0.10000	 26.24013138	 44.40917206	 43.16895294	 24.79062843	 44.03205109	 43.08727646	         -11	          13
 0.10000	 24.56772804	 43.21394730	 43.38911438	 25.55594254	 42.31835938	 44.07559586	         -12	          14
 0.10000	 26.04850388	 41.59568024	 44.28739929	 27.05332947	 40.48204803	 44.28518295	         -13	          15
 0.10000	 26.83321762	 39.61159897	 44.22521210	 25.41897583	 39.12940979	 44.09508514	         -14	          16
 0.10000	 24.68789864	 38.63800049	 43.91354370	 23.56213188	 37.76734543	 43.44090271	         -15	          17
 0.10000	 22.97959328	 37.12270737	 43.21005249	 22.19376373	 35.88248444	 42.90562820	         -16	          18
 0.10000	 21.79852486	 35.09600449	 42.72335052	 21.30196762	 33.71348190	 42.42237473	         -17	          19
 0.10000	 21.00032806	 32.87816620	 42.28152847	 20.66274261	 31.42517853	 42.12634277	         -18	          20
 0.10000	 19.97854042	 30.85351372	 42.00571823	 18.48095131	 30.93593788	 41.98958588	         -19	          21
 0.10000	 17.88879013	 30.44411087	 41.52337646	 17.98062325	 29.26876259	 40.59597397	         -20	          22
 0.10000	 18.27818298	 29.06132698	 39.77241898	 19.19533539	 29.57138634	 38.70068359	         -21	          23
 0.10000	 19.34770203	 30.33509254	 38.24964905	 19.03381348	 31.79811096	 38.35427094	         -22	          24
 0.10000	 18.27284813	 32.27698517	 38.39298630	 16.83638763	 31.85517502	 38.48529434	         -23	          25
 0.10000	 15.98017693	 31.73602295	 38.73548508	 14.76763535	 31.30688095	 39.50717545	         -24	          26
 0.10000	 14.03961372	 31.82199287	 39.62798309	 13.94739819	 33.24885178	 39.17467880	         -25	          27
 0.10000	 13.58746910	 33.92311478	 38.69964600	 12.76946259	 34.48128128	 37.57307434	         -26	          28
 0.10000	 12.50039005	 35.13529205	 37.01663589	 12.41273308	 36.50564957	 36.41318512	         -27	          29
 0.10000	 12.61465549	 37.28911972	 36.01937103	 13.31218243	 38.48989868	 35.45244980	         -28	          30
 0.10000	 14.00979996	 38.90166092	 35.06048965	 15.43383598	 38.68360901	 34.64275742	         -29	          31
 0.10000	 15.81758690	 39.26485825	 34.07287598	 15.03122044	 40.32458115	 33.35968399	         -30	          32
 0.10000	 14.86153412	 41.19657135	 33.50373077	 14.89023590	 42.07540131	 34.71891785	         -31	          33
 0.10000	 15.42510414	 42.64333725	 35.16744232	 16.84433174	 43.12169647	 35.24998474	         -32	          34
 0.10000	 17.71787453	 43.33560562	 35.28023148	 19.21236992	 43.43172455	 35.19662857	         -33	          35
 0.10000	 20.07993126	 43.60798645	 35.03537750	 21.34327888	 44.24263763	 34.53439713	         -34	          36
 0.10000	 22.19327164	 43.96974182	 34.42079163	 22.99118996	 42.70320129	 34.51582718	         -35	          37
 0.10000	 23.29756927	 41.99036026	 34.97173309	 23.16035652	 41.15136337	 36.20748520	         -36	          38
 0.10000	 23.33793068	 40.61019516	 36.90405655	 23.87515640	 39.81906509	 38.05957794	         -37	          39
 0.10000	 24.40726662	 39.20560455	 38.44720078	 25.51048088	 38.19364929	 38.35432053	         -38	          40
 0.10000	 26.05573273	 37.57135010	 38.70811844	 26.48350906	 36.62656784	 39.79168320	         -39	          41
 0.10000	 27.22892952	 36.39382553	 40.23869705	 28.67499352	 36.77233124	 40.36200714	         -40	          42
 0.10000	 29.54342461	 36.87191772	 40.57456207	 30.96638489	 36.96607208	 41.03883743	         -41	          43
 0.10000	 31.82642937	 36.95756149	 41.30202484	 33.27221680	 36.83245087	 41.68069839	         -42	          44
 0.10000	 34.05917358	 36.72372437	 42.10279465	 34.99911118	 36.44071198	 43.23684311	         -43	          45
 0.10000	 35.89794159	 36.43800354	 43.27957153	 36.99560928	 36.68162155	 42.28678513	         -44	          46
 0.10000	 37.53869629	 36.95005798	 41.62146378	 37.87946701	 37.63764572	 40.33277512	         -45	          47
 0.10000	 38.57657623	 37.79990768	 39.78753281	 40.04529953	 37.55227280	 39.61173630	         -46	          48
 0.10000	 40.91042709	 37.54633713	 39.36589050	 42.30984497	 37.67945480	 38.84352875	         -47	          49
 0.10000	 43.17428589	 37.79102707	 38.62229538	 44.64221573	 38.06385422	 38.48172379	         -48	          50
 0.10000	 45.43556213	 38.15803146	 38.06872559	 46.44147491	 38.20638275	 36.95742035	         -49	          51
 0.10000	 47.02212906	 38.15218735	 36.27249908	 47.73802567	 37.99559021	 34.96386337	         -50	          52
 0.10000	 48.51523972	 37.64795303	 34.67292786	 49.68668365	 36.92088699	 35.26354980	         -51	          53
 0.10000	 50.46631622	 36.54160690	 35.50423431	 51.75622559	 35.87754440	 35.88496399	         -52	          54
 0.10000	 52.62020111	 36.00070190	 36.10443497	 53.71912384	 37.00263596	 36.30012512	         -53	          55
 0.10000	 54.37377930	 37.56557083	 36.55337143	 55.37515259	 38.62786484	 36.89773941	         -54	          56
 0.10000	 55.68600082	 38.76235580	 37.73145676	 55.13744736	 38.02188873	 38.91496277	         -55	          57
 0.10000	 55.28817749	 37.37878418	 39.52604294	 56.05933762	 36.11751556	 39.77948380	         -56	          58
 0.10000	 56.58834839	 35.67139816	 40.35465622	 57.39026260	 35.59196472	 41.61968613	         -57	          59
 0.10000	 57.83275986	 35.88529968	 42.34622955	 58.51868439	 36.94196701	 43.16036606	         -58	          60
 0.10000	 58.24805450	 37.41639709	 43.87554932	 56.97511673	 37.65938568	 44.63079834	         -59	          61
 0.10000	 56.24123383	 37.20247650	 44.88076019	 55.85472488	 35.83061600	 44.41324234	         -60	          62
 0.10000	 55.22749329	 35.44572830	 44.93126297	 54.74109268	 36.18046188	 46.14510727	         -61	          63
 0.10000	 54.37351990	 36.50405884	 46.89998627	 53.64430237	 37.03205872	 48.09969711	         -62	          64
 0.10000	 53.82820892	 37.44169235	 48.87953568	 55.04469299	 38.00528336	 49.55210114	         -63	          65
 0.10000	 55.61363983	 38.03954697	 50.24839401	 56.15638733	 37.73924255	 51.61406708	         -64	          66
 0.10000	 56.54707336	 36.98997498	 51.92354584	 56.79089355	 35.68111420	 51.23267365	         -65	          67
 0.10000	 56.84672165	 34.83479691	 50.93209839	 56.43803024	 33.49677658	 50.39128876	         -66	          68
 0.10000	 57.05479813	 32.84460449	 50.32675171	 58.38951874	 33.18632507	 50.91983414	         -67	          69
 0.10000	 59.09748077	 32.81394958	 50.50750351	 58.79842377	 31.90051842	 49.35591507	         -68	          70
 0.10000	 59.26198578	 32.02205276	 48.59423828	 60.13525009	 33.22899628	 48.41950989	         -69	          71
 0.10000	 60.82230759	 33.74637985	 48.15505219	 62.17757797	 34.21352005	 47.71379852	         -70	          72
 0.10000	 62.73447418	 34.87721634	 47.47083664	 63.20077133	 36.29043961	 47.28334045	         -71	          73
 0.10000	 62.83853149	 37.03366089	 46.92800140	 61.42937469	 37.20760727	 46.44441223	         -72	          74
 0.10000	 61.18223953	 37.87042618	 45.88819122	 62.18389511	 38.83452606	 45.32503128	         -73	          75
 0.10000	 61.82067108	 39.46033478	 44.78999710	 60.35472870	 39.34297562	 44.49483109	         -74	          76
 0.10000	 59.57680893	 39.78904724	 44.56971359	 58.87968063	 40.93370056	 45.24313354	         -75	          77
 0.10000	 58.33960724	 41.56230927	 45.59357071	 57.43937683	 42.53262329	 46.29920578	         -76	          78
 0.10000	 56.71696472	 43.05128860	 46.16210175	 55.73662567	 43.44229507	 45.09634399	         -77	          79
 0.10000	 55.06662369	 43.63544083	 44.52767181	 53.91087341	 43.80759430	 43.58738708	         -78	          80
 0.10000	 53.19824219	 43.83474350	 43.03877258	 52.01605606	 43.49150085	 42.18180466	         -79	          81
 0.10000	 51.43737411	 44.03581619	 41.75904465	 51.12427521	 45.49977112	 41.66534424	         -80	          82
 0.10000	 51.71005249	 46.17686462	 41.75638580	 53.14020157	 45.93412781	 42.13783264	         -81	          83
 0.10000	 54.02124786	 45.78919220	 42.24869537	 55.42756653	 45.26926804	 42.28634644	         -82	          84
 0.10000	 56.24018860	 44.91671753	 42.12964630	 57.43011856	 44.20462799	 41.55834961	         -83	          85
 0.10000	 58.24781799	 44.00128555	 41.24334335	 59.67293549	 43.97595596	 40.77657318	         -84	          86
 0.10000	 60.46606064	 44.24292755	 40.44616318	 61.40863419	 45.16201401	 39.72747803	         -85	          87
 0.10000	 62.20940018	 45.52786255	 39.91366959	 63.10549164	 45.56240463	 41.11601639	         -86	          88
 0.10000	 63.88079834	 45.59819412	 41.57131577	 65.34181976	 45.41671753	 41.85818863	         -87	          89
 0.10000	 66.04502869	 45.83743668	 42.23001862	 66.47090912	 47.05361557	 42.99770355	         -88	          90
 0.10000	 66.67703247	 47.92831802	 42.95209885	 66.67786407	 49.13494492	 42.06122589	         -89	          91
 0.10000	 66.68070984	 49.90863419	 41.60209656	 66.57651520	 51.11811066	 40.72137070	         -90	          92
 0.10000	 66.70828247	 52.00593567	 40.66257095	 67.16036224	 53.24671936	 41.37320328	         -91	          93
 0.10000	 67.44543457	 54.01676559	 41.73929977	 67.95239258	 55.27816010	 42.37196732	         -92	          94
 0.10000	 68.34880829	 55.98303986	 42.76427841	 69.12763214	 57.05961227	 43.45911026	         -93	          95
 0.10000	 69.71398926	 57.66309357	 43.77585220	 70.77549744	 58.65792084	 44.13994598	         -94	          96
 0.10000	 71.65765381	 58.79648972	 44.24938202	 72.98069000	 58.08992004	 44.24689102	         -95	          97
 0.10000	 73.82088470	 58.08106232	 43.92500687	 74.87126160	 58.56995010	 42.97245026	         -96	          98
 0.10000	 75.39731598	 59.07947540	 42.44976044	 75.68556213	 60.27965546	 41.59752655	         -97	          99
 0.10000	 76.53868866	 60.56277084	 41.63922882	 77.53130341	 59.87928772	 42.53226089	         -98	         100
 0.10000	 78.21804047	 59.56352997	 43.02048874	 79.35488892	 59.02798462	 43.83936691	         -99	           0
