1.50001
2.39409
3.77463
4.65757
6.14795
6.68318
6.48734
6.27955
5.75223
5.17848
3.98281
3.09820
1.87774
2.01049
3.24693
4.09739
5.48242
6.37186
7.86861
8.68071
9.83238
10.23663
10.16648
10.37596
10.96318
11.22565
11.53019
11.24356
10.20713
9.56087
8.56368
7.79254
6.44591
5.57776
4.86571
5.09332
6.29093
7.17099
8.51783
9.36823
10.78658
11.43174
11.48520
11.82476
12.53907
12.37165
11.40731
10.64981
9.21056
8.66441
9.19387
9.60124
10.55067
10.91414
10.93856
11.57095
13.06038
13.63531
13.41838
13.87620
15.14065
16.00124
17.46628
18.28163
18.96049
19.75938
21.24820
21.83758
21.54479
22.11629
23.51588
23.81308
23.12595
22.47557
21.03494
20.64813
21.41820
21.30029
20.23354
20.35080
21.58603
22.26386
23.28316
23.77129
24.33095
24.68150
24.93469
25.78279
26.99789
27.33594
26.86380
26.51992
25.72226
25.59221
26.17752
25.75673
24.44106
23.67274
22.44790
21.84406
21.91335
22.04580
22.66972
22.65551
22.02588
21.70039
21.28459
20.82353
20.25445
19.69056
19.26687
19.17695
19.52182
19.58754
19.56338
19.32004
18.63381
18.03771
17.34752
16.89752
16.07501
16.25978
17.38698
18.04702
19.18697
19.87737
21.02150
21.70374
22.47043
23.33294
24.72463
25.55841
26.83970
27.56681
28.55151
29.24270
30.56251
30.84222
29.98600
29.86152
30.04579
30.56672
31.34677
31.53754
31.07421
31.26424
32.14202
32.74974
33.88279
34.50772
34.90073
35.22594
35.87348
35.86417
35.10177
35.07817
35.84125
35.58330
34.34407
33.50245
32.10448
31.30322
30.11921
29.57217
29.02781
28.96513
29.38927
29.64459
30.15605
30.32992
30.11707
30.22879
30.64056
31.12047
32.18484
32.67037
33.05402
32.72832
31.54915
31.21698
31.59396
31.30607
30.12616
29.92693
30.55115
30.80425
31.35801
31.02444
29.70144
29.62885
30.64819
31.52404
32.06752
32.68633
33.50417
33.18648
31.74185
31.34482
32.10981
32.39674
32.80647
33.07456
33.61084
33.64882
33.21519
33.09877
33.05637
33.14231
33.47718
33.68206
34.03810
34.19949
33.96258
34.47608
35.93339
36.40883
35.84517
35.37241
34.50075
33.64082
32.78491
32.44287
32.59930
32.71485
33.01151
33.36469
34.18049
34.43158
34.37804
34.61860
35.32265
35.79977
36.26008
36.60362
37.22984
37.26521
36.77953
36.38436
35.45017
35.25829
35.58011
35.78364
36.20507
36.44073
36.76757
37.01691
37.57330
37.58189
37.10619
36.68961
35.83120
35.35253
34.68984
34.00307
32.64421
31.80629
31.48243
30.72125
29.76161
29.20454
28.47319
28.17080
28.29165
28.35182
28.54031
28.66099
28.84572
29.08346
29.74399
29.83348
29.44524
29.40799
29.56530
29.78085
30.36945
30.46586
30.48776
29.78569
28.56433
27.78338
26.49617
25.80296
24.91287
24.23073
23.40408
22.91563
22.33256
21.78149
21.44206
20.59188
19.47018
18.90416
19.07161
19.35378
20.07630
20.41099
21.00320
20.70039
19.43154
18.79834
17.77299
17.81493
18.92589
19.60187
20.57005
21.35779
21.92025
21.84005
20.91592
20.29757
19.05273
18.48118
17.90257
17.70082
17.82782
17.55810
16.60234
16.32863
16.52813
16.62066
16.81904
17.02924
17.51633
17.85746
18.55247
18.78378
18.72350
19.08177
19.59161
20.35367
21.51469
22.22613
23.09274
23.72420
24.41604
24.70277
24.64665
24.76458
25.12127
25.16272
24.83981
25.08700
25.73796
26.62854
27.58398
28.00874
28.18641
28.18383
28.07555
27.50293
26.06991
25.28658
24.12281
23.34056
21.96012
21.14787
19.87547
19.07994
18.20322
17.56757
17.54707
17.67581
18.33908
18.27000
17.45001
16.98703
16.08058
15.91286
16.36109
16.57568
17.10787
16.83252
15.82385
15.32173
14.59760
14.48599
14.67008
15.42037
16.48114
17.22467
18.40180
19.14586
19.62529
19.42464
18.23119
17.58296
16.76640
16.31209
16.24670
16.32874
16.76407
17.05085
17.63327
17.84034
17.91026
18.11758
18.56691
19.23238
20.70677
21.33435
21.66604
22.05566
22.89369
23.27531
23.68730
23.95533
24.20174
24.87272
26.14391
26.93858
28.27695
29.08444
30.31546
31.19603
32.57666
33.16713
34.43774
35.08186
35.88221
35.78941
34.86281
34.05087
33.19465
32.69424
31.93788
31.73007
31.78519
31.77656
31.74810
31.99378
32.81242
33.30878
34.21978
34.49549
34.24247
34.19935
34.40892
33.80180
32.33185
31.76451
32.16823
32.56577
33.66499
34.06408
33.83115
34.19817
35.35981
36.04114
37.17823
37.99480
39.44240
40.28678
41.44455
41.97740
42.08629
42.51764
43.49864
44.23168
44.66412
45.39381
46.87467
47.73564
48.93231
49.70166
50.93904
51.47198
51.77052
51.46948
50.32072
49.74312
49.42445
49.31096
49.36012
49.54805
50.21476
50.24933
49.72490
49.45068
48.89877
49.31505
50.65639
51.51761
52.46633
52.43708
51.40875
50.70966
50.20186
49.49171
47.99252
47.36729
47.28011
47.15177
46.85084
47.11927
48.00281
48.68754
49.96575
50.78981
52.23811
53.09223
54.47851
55.32537
56.74793
57.44620
58.05686
58.19194
57.90202
57.68945
57.38763
56.84415
55.99428
55.38312
54.26286
53.72917
53.26654
52.86547
52.30015
51.47697
50.85023
49.95671
49.11585
48.87434
49.33846
49.34122
49.02918
48.85031
48.83155
48.53162
47.68277
47.24593
46.59764
46.18875
45.48790
45.13913
44.82490
44.69191
44.80537
44.37937
43.07878
42.64395
42.69772
42.83863
43.49242
43.38464
42.54511
42.00684
40.95513
40.65431
41.12110
41.56893
42.70944
43.25267
44.04017
44.11341
43.45742
43.29187
43.05488
43.61928
45.09903
45.90458
46.58975
47.03109
47.85971
47.64517
46.36321
45.61883
44.26902
43.70206
43.34388
43.24790
43.12039
43.83671
45.16215
45.88784
46.03079
46.64099
47.59341
48.04247
48.57822
48.41714
47.30394
47.26364
48.22300
48.52224
48.66969
48.78434
49.00009
48.99517
48.79140
48.57508
48.03130
47.74604
47.25652
47.21340
47.65698
47.63001
47.15411
47.03364
46.92969
47.44881
48.66876
49.36015
50.31143
50.89362
51.41966
51.68142
51.88917
51.98667
52.16424
51.88255
50.79766
50.46948
50.48536
50.96124
52.01399
52.88769
53.40318
53.88486
54.83941
54.67003
53.39504
52.74129
52.03512
51.43452
50.52107
49.62327
49.01037
48.20993
47.15013
46.77562
46.66442
