749
752
750
750
749
750
752
747
751
751
-1
749
749
750
747
750
748
749
752
751
749
749
749
757
749
701
749
749
749
373
690
748
748
748
750
750
750
749
748
748
748
747
749
749
749
749
750
749
751
750
750
-1
750
748
605
748
749
751
750
750
749
749
750
749
751
751
747
750
751
757
747
749
758
750
747
749
750
749
750
-1
750
750
758
748
751
750
750
748
750
749
750
750
750
750
752
750
747
747
751
750
751
749
748
748
750
750
749
749
749
750
746
750
749
750
749
749
747
749
749
749
752
749
952
750
749
749
712
750
748
749
749
658
688
751
750
749
749
750
750
749
750
749
-1
749
747
352
750
746
749
749
749
749
750
748
749
748
929
749
749
751
749
749
749
749
750
750
750
751
752
749
752
753
520
751
751
750
747
749
750
750
749
750
748
747
749
752
749
752
750
747
753
749
748
750
750
757
750
750
761
747
750
749
751
749
749
750
750
750
755
748
749
763
747
748
747
698
749
-1
751
748
747
748
749
749
752
750
749
750
749
749
750
751
751
748
746
750
721
748
750
750
749
749
750
749
707
750
749
751
750
749
717
750
751
750
750
749
733
750
748
760
750
751
606
693
750
748
747
750
748
747
749
721
750
-1
748
748
750
750
752
750
747
749
749
750
750
749
750
749
748
748
752
749
750
758
747
750
750
750
725
693
752
750
752
750
748
750
747
749
749
747
752
750
751
752
749
749
749
748
749
748
700
750
750
750
747
749
749
749
749
748
752
750
749
-1
748
751
730
749
749
749
750
756
750
750
749
748
748
750
752
749
749
747
695
752
750
749
747
749
751
701
747
753
756
747
752
749
750
747
752
751
696
750
749
747
711
751
748
748
750
699
746
748
751
749
747
747
750
750
749
748
749
749
750
750
748
748
752
749
758
747
749
749
749
750
749
609
751
751
749
968
752
751
749
750
750
693
749
750
737
750
749
752
750
746
750
750
750
750
748
749
750
747
748
739
748
751
750
751
748
749
751
749
751
752
750
780
-1
750
750
749
750
750
748
747
749
749
750
748
749
749
-1
596
750
750
749
749
757
750
750
748
745
749
750
749
747
810
750
750
751
748
748
759
748
750
749
749
749
748
749
747
747
749
748
750
750
749
-1
748
747
749
752
-1
750
750
747
749
695
747
750
750
747
750
749
750
748
747
750
749
745
750
749
748
749
750
749
749
749
760
778
750
747
749
748
749
750
749
749
750
747
750
749
749
748
749
748
750
749
748
750
751
748
750
749
749
750
747
749
751
750
749
748
749
750
749
749
758
750
749
748
750
690
748
749
749
748
747
749
748
749
748
748
747
749
748
750
749
749
750
751
747
749
693
749
694
750
749
749
749
751
749
750
700
748
749
750
748
750
749
750
749
749
750
750
749
747
749
749
747
-1
750
750
750
747
750
750
751
751
750
757
757
749
748
749
750
750
750
748
750
748
748
749
748
747
-1
748
752
748
751
749
749
747
750
749
749
698
751
750
747
750
749
749
750
749
751
748
749
750
750
750
749
749
747
747
750
694
749
748
749
748
749
749
750
749
749
751
750
749
751
749
750
750
749
750
749
749
749
720
749
747
722
693
751
750
689
749
610
750
749
747
750
749
751
751
751
748
749
752
749
750
751
750
749
749
748
750
750
749
749
749
749
749
750
750
749
750
749
749
751
918
749
748
748
748
750
747
749
749
749
-1
749
748
748
749
749
750
749
750
750
749
749
755
801
749
750
747
749
749
747
749
751
747
821
748
749
748
749
749
749
751
748
749
748
750
752
749
749
750
752
749
749
749
748
750
749
750
749
748
749
752
750
749
605
750
747
751
748
749
750
752
750
757
749
749
749
751
748
751
750
749
752
750
750
752
752
751
750
750
747
747
750
843
750
747
750
748
751
747
750
750
595
749
749
749
747
749
749
749
748
750
750
750
750
749
749
750
750
717
750
750
747
750
750
747
747
751
749
848
749
752
750
749
749
751
752
751
747
751
748
702
750
750
749
750
688
698
699
-1
750
750
759
751
749
691
750
750
749
748
748
750
539
750
752
749
-1
748
748
698
749
750
748
749
749
749
-1
975
749
750
750
750
750
751
749
748
750
749
750
699
750
750
-1
751
749
780
750
747
749
749
751
748
704
709
750
749
752
762
749
747
749
748
749
749
725
749
750
749
750
750
753
749
749
749
750
749
746
748
750
749
751
749
749
748
752
750
751
375
749
749
750
693
749
752
749
747
750
751
747
749
750
747
749
747
749
748
757
756
749
757
785
749
748
752
750
748
749
749
747
749
749
748
749
749
750
950
758
753
751
749
748
751
747
749
750
751
748
747
749
751
751
699
749
750
750
750
749
748
746
750
750
750
703
-1
748
750
750
752
693
750
756
749
747
748
750
750
749
752
758
749
749
747
749
746
749
758
751
747
752
749
751
749
749
749
750
750
750
749
751
750
750
749
749
750
750
749
752
748
749
750
750
688
751
749
748
868
750
749
749
722
749
752
749
748
747
749
750
750
749
-1
752
751
750
753
749
749
749
-1
751
750
752
748
749
756
751
750
750
745
750
749
749
749
747
749
748
750
749
750
749
749
750
750
752
544
750
699
749
749
749
749
748
699
758
749
718
749
749
751
710
749
750
750
749
749
751
750
749
748
747
294
751
749
747
748
749
750
749
759
717
751
749
752
751
749
747
879
749
748
749
749
750
751
750
748
783
749
750
748
748
750
747
749
750
761
751
749
751
751
748
751
748
749
750
749
749
749
750
747
751
750
749
750
750
749
750
748
748
749
757
751
750
747
703
751
748
748
749
750
750
749
699
-1
752
751
749
750
749
762
749
748
750
747
750
699
750
749
710
748
748
737
750
747
750
750
749
749
749
749
750
748
751
691
749
749
750
749
750
748
749
747
749
752
693
749
747
747
751
750
750
749
749
749
752
750
750
-1
747
692
747
750
753
749
749
750
749
763
752
752
746
750
749
750
747
749
698
750
748
617
712
749
748
-1
719
386
751
723
749
748
749
707
752
747
699
751
750
749
750
749
751
748
748
750
748
-1
696
747
758
761
749
758
750
749
863
751
749
749
747
750
749
749
752
749
749
750
749
750
749
747
750
748
749
752
749
747
747
749
747
749
749
748
-1
746
747
990
747
-1
749
752
749
750
751
750
749
554
694
749
699
750
749
749
748
748
748
752
749
748
749
751
752
748
750
751
749
749
748
750
748
749
750
750
748
751
751
749
717
750
749
752
750
751
749
751
749
-1
749
747
750
747
747
781
749
750
711
749
750
746
748
749
750
749
750
748
750
750
752
750
747
716
750
-1
747
749
758
746
749
750
749
751
701
723
752
748
750
748
747
747
754
748
748
-1
750
360
749
695
750
757
751
750
750
749
749
749
749
748
688
749
751
747
749
751
706
751
749
749
750
749
750
749
749
752
749
751
747
749
750
749
749
749
759
750
751
749
750
749
748
750
749
753
749
750
749
-1
748
748
750
753
749
749
748
750
750
750
750
750
749
749
746
749
749
749
750
749
751
747
705
751
752
-1
748
749
748
750
748
748
748
748
750
753
750
749
751
750
999
749
749
749
751
749
750
748
-1
749
751
752
749
749
749
747
749
750
751
747
752
750
749
748
749
749
693
751
749
748
750
750
750
748
749
750
750
750
749
749
749
749
758
748
752
748
749
-1
748
747
747
749
779
749
748
749
750
750
751
748
749
747
749
750
750
749
749
749
747
749
750
750
603
748
750
746
-1
752
750
749
750
750
749
749
752
687
-1
753
747
750
749
748
750
750
748
749
749
747
751
747
749
749
749
751
750
752
747
751
749
750
748
748
750
749
749
751
749
749
751
749
750
750
748
748
749
750
750
750
698
750
749
779
750
750
749
747
751
749
748
750
748
747
749
694
629
750
748
749
750
749
749
930
752
749
748
751
749
750
749
749
749
748
749
690
750
750
750
748
749
750
748
751
750
751
748
747
748
749
750
749
749
750
750
749
747
750
699
751
752
750
749
749
750
747
749
748
717
748
749
747
750
749
750
753
749
749
749
751
790
956
750
749
750
749
749
746
751
759
749
747
752
750
749
749
749
752
747
749
748
750
751
750
750
748
748
749
763
748
763
750
703
750
750
750
749
747
751
749
751
599
708
749
749
750
750
748
105
748
749
750
750
748
748
750
747
750
703
749
750
750
750
748
724
748
752
751
750
750
748
749
747
749
751
750
747
751
694
749
749
748
703
748
750
750
750
749
750
749
748
749
748
749
749
749
747
748
750
748
749
750
751
748
749
749
750
749
748
749
749
750
758
721
-1
749
749
716
749
749
750
751
748
750
749
750
749
750
749
750
753
748
749
751
-1
750
752
722
748
759
750
694
750
749
749
750
751
749
751
749
749
750
749
750
748
750
750
749
748
750
693
748
747
749
752
750
-1
751
750
690
749
747
747
756
750
749
747
748
749
748
747
747
749
750
749
747
749
750
752
748
751
750
749
751
749
750
749
749
747
749
749
748
748
750
752
749
751
706
749
750
749
749
749
757
749
748
751
692
723
750
752
749
751
749
749
750
752
746
721
749
749
748
759
751
751
749
709
-1
749
750
536
749
748
750
747
751
747
749
748
749
750
749
-1
750
750
750
749
751
749
752
749
749
751
749
750
750
750
747
749
969
749
17
750
749
750
749
749
749
597
749
748
750
749
748
694
747
750
749
748
749
746
750
751
711
750
748
749
749
747
747
747
751
750
750
748
749
718
750
749
752
750
750
752
750
750
749
750
749
750
752
748
748
750
747
748
749
-1
730
750
703
735
750
752
747
750
748
748
750
750
750
750
751
749
749
751
752
748
749
750
750
749
748
749
751
865
750
749
750
750
749
600
750
751
749
750
751
749
747
750
750
753
748
750
104
748
954
495
746
750
752
750
751
750
751
749
749
748
716
751
-1
747
750
750
749
749
751
749
749
690
749
748
750
749
749
594
749
747
752
698
749
749
750
747
750
749
749
750
748
756
749
748
748
750
750
750
749
749
748
749
749
757
701
750
747
-1
-1
749
751
750
750
749
748
749
752
749
748
749
751
750
750
710
761
748
747
748
760
749
751
749
750
750
750
750
751
749
690
751
751
750
748
750
750
750
748
748
752
749
750
749
749
749
748
747
722
750
698
750
749
749
750
748
749
749
747
749
749
750
749
750
752
749
751
750
748
748
750
748
719
747
750
749
747
749
749
752
750
749
751
752
748
752
750
748
749
749
756
749
748
748
748
748
749
750
748
750
747
749
749
752
748
749
750
752
749
750
750
747
748
750
750
-1
749
749
700
748
750
82
748
699
749
749
750
749
750
747
748
749
749
752
749
721
750
749
749
698
749
747
750
749
748
743
751
702
750
749
748
750
750
762
750
747
693
747
750
752
696
757
749
751
750
750
694
750
751
749
749
749
749
873
749
749
749
749
749
749
749
751
749
749
751
750
749
710
750
749
749
747
751
750
693
749
747
749
748
749
749
749
747
750
749
747
748
750
748
747
750
750
749
750
750
752
747
751
750
748
749
749
-1
706
750
750
749
750
748
751
749
751
748
749
694
749
721
750
749
751
749
750
750
749
750
749
749
751
751
747
750
749
750
749
749
750
747
694
749
748
749
749
750
751
749
746
750
749
751
750
795
750
748
747
747
748
750
748
747
748
749
752
749
759
749
747
751
748
748
749
751
756
750
747
749
750
751
749
747
752
747
749
749
749
750
748
747
750
749
750
750
749
750
747
748
749
751
749
749
751
748
750
748
749
749
749
749
749
752
747
749
753
749
750
748
750
749
749
-1
750
782
750
750
716
372
748
749
750
749
750
749
747
690
750
750
749
751
750
749
750
750
693
749
547
749
751
749
749
750
747
749
748
750
750
750
749
694
750
749
749
749
749
750
748
747
751
750
750
748
749
749
749
727
750
751
750
743
750
749
750
746
750
749
749
750
750
752
749
750
748
750
749
748
750
748
747
749
748
749
749
749
749
749
749
749
751
749
750
749
749
699
750
747
750
752
751
746
750
750
749
749
750
748
747
694
749
749
753
751
749
750
750
751
749
748
749
749
749
750
750
750
749
749
751
-1
750
750
748
751
750
750
751
750
749
749
749
-1
748
749
751
749
749
749
750
750
750
749
750
749
783
750
750
750
747
749
749
751
749
749
750
750
749
749
749
750
747
749
748
747
-1
749
749
749
749
750
749
750
748
749
749
752
749
749
749
751
751
750
749
747
748
749
719
749
749
748
749
749
694
747
748
749
751
751
752
868
750
748
752
757
750
749
751
749
749
749
730
747
750
753
750
750
749
694
748
750
749
750
750
752
749
750
750
750
750
750
748
748
750
753
747
752
751
750
750
748
748
748
749
749
721
750
749
747
749
760
748
750
749
757
750
750
747
747
-1
749
751
750
750
752
750
748
750
749
749
749
750
749
752
747
748
750
748
752
749
749
747
749
749
749
749
-1
756
749
747
750
747
701
747
748
749
749
750
749
751
750
752
750
750
750
749
750
748
749
759
749
749
750
750
-1
750
752
721
750
750
750
748
748
750
748
747
752
752
750
752
751
750
749
748
749
749
752
752
749
750
749
750
750
700
751
749
-1
750
751
752
756
748
749
755
749
749
265
750
748
750
749
-1
750
750
749
749
751
749
749
749
749
749
747
694
748
748
748
752
717
749
748
697
747
748
607
750
750
756
748
748
747
749
749
749
746
752
747
751
751
748
747
689
751
750
749
-1
701
749
-1
752
750
752
745
750
748
747
750
752
618
747
749
750
727
747
749
750
751
759
750
750
748
750
749
749
751
750
750
749
747
749
750
749
749
750
748
747
749
747
749
751
749
748
-1
749
747
749
752
748
749
749
749
749
700
762
750
893
752
747
747
751
750
750
749
750
749
749
749
748
760
750
751
748
750
749
749
859
750
749
750
747
748
749
750
752
749
956
756
750
749
750
750
700
747
751
749
693
747
749
749
749
749
748
749
749
749
748
698
-1
750
750
750
751
742
750
749
753
750
751
750
748
748
737
748
750
632
747
747
749
758
750
749
689
752
749
-1
749
-1
751
748
752
750
759
750
750
749
-1
750
750
751
751
747
751
750
750
749
747
748
751
699
752
749
749
750
750
750
747
749
746
749
750
749
748
747
749
750
749
750
749
750
750
748
750
752
747
943
749
750
759
693
749
749
749
748
748
749
750
747
747
-1
749
751
750
751
750
750
749
748
747
693
746
748
749
749
748
750
750
749
750
748
752
694
722
749
750
749
751
749
749
751
-1
750
749
749
694
723
749
748
750
750
749
748
749
747
751
751
749
748
751
693
749
751
749
748
758
750
749
749
296
694
750
749
749
751
750
750
750
749
749
750
750
640
749
747
751
749
608
747
749
749
596
749
748
749
749
945
747
750
750
749
757
748
750
748
749
747
719
722
749
751
748
747
751
749
748
748
748
756
750
-1
749
748
750
748
750
701
750
748
749
749
749
-1
726
750
749
605
750
749
751
-1
749
749
749
749
749
747
749
750
750
763
750
750
749
750
750
751
750
749
749
749
750
748
750
749
749
704
749
750
750
940
749
749
750
757
750
749
750
749
748
749
750
748
749
748
749
754
748
749
749
748
750
750
750
750
749
750
749
752
747
791
749
748
747
704
747
749
750
749
749
748
750
701
749
749
750
758
750
-1
749
750
748
749
749
749
750
749
749
749
751
747
748
980
747
737
747
750
750
720
857
750
747
750
747
750
-1
749
689
749
751
750
749
752
749
749
751
749
749
750
749
751
749
749
748
748
747
750
749
749
748
747
750
749
748
749
749
750
751
750
750
748
750
750
749
-1
748
750
746
747
749
749
750
750
751
750
749
748
750
750
-1
702
750
752
747
752
750
750
751
759
749
554
749
750
749
752
749
749
749
689
748
721
749
748
748
749
750
749
748
750
747
747
749
607
749
748
751
749
747
749
698
749
752
751
749
749
751
747
718
747
749
781
748
750
808
750
750
749
748
721
747
749
603
750
748
750
750
680
751
749
750
750
749
751
750
754
748
752
750
749
748
751
750
749
746
749
752
749
751
747
751
748
749
748
750
-1
749
749
749
749
749
749
749
749
747
750
752
749
750
-1
-1
749
748
752
749
749
749
749
749
749
750
752
747
747
750
747
749
752
747
750
747
750
755
749
749
747
748
750
764
752
749
756
749
693
749
748
747
749
748
751
749
748
750
749
750
748
749
749
747
748
748
749
750
751
749
748
749
752
752
751
748
749
749
750
750
748
750
699
747
749
750
750
749
749
748
751
748
749
749
747
749
751
820
758
749
751
749
749
748
758
750
748
750
751
749
698
752
749
750
748
749
-1
709
750
749
748
-1
749
750
749
749
750
749
749
749
698
751
748
748
750
748
748
750
749
749
749
749
749
749
748
749
751
752
749
751
749
750
700
749
781
-1
749
749
747
-1
749
750
748
751
751
748
752
749
750
751
749
750
749
750
752
749
750
750
749
745
505
748
760
749
749
751
751
750
752
750
747
749
751
751
748
752
750
749
749
758
749
750
748
748
749
752
751
751
749
751
749
750
748
500
749
749
750
747
751
710
778
749
749
750
749
749
747
749
747
749
748
752
747
752
748
748
748
748
8
752
688
749
752
748
694
747
751
749
754
749
749
750
751
748
751
750
749
750
752
748
752
750
745
751
750
751
750
753
754
750
748
721
749
747
750
746
750
751
760
747
750
751
751
750
750
747
747
748
750
749
750
751
747
749
749
750
717
749
749
748
749
-1
750
748
749
748
750
749
750
750
750
752
751
751
750
751
750
748
750
749
750
772
747
750
750
749
749
747
750
597
750
749
749
720
750
751
597
748
752
749
748
751
749
325
749
749
750
748
748
750
750
748
749
749
751
750
749
694
749
751
748
750
748
748
750
748
749
749
748
749
748
750
750
747
749
750
749
748
749
752
749
689
749
-1
750
747
-1
750
749
750
750
748
750
751
749
751
748
751
751
749
750
749
751
759
751
755
747
751
750
749
749
749
599
742
757
750
749
720
749
596
763
749
753
750
720
747
749
750
750
747
760
714
750
750
749
758
752
749
758
749
749
750
716
747
751
756
750
749
750
750
750
749
749
756
749
751
711
749
750
749
750
749
715
751
750
750
749
750
752
749
752
749
749
749
749
747
747
748
749
748
749
749
756
749
750
749
749
749
780
750
750
750
748
749
750
748
750
751
750
749
749
750
750
750
750
747
748
750
752
749
750
748
756
747
746
714
759
748
750
750
748
-1
750
749
749
749
750
748
749
748
749
747
752
750
750
749
750
748
749
750
749
750
750
749
749
749
749
596
751
746
750
748
750
747
750
748
750
699
-1
750
750
751
747
749
747
748
750
750
750
750
748
750
764
748
699
749
751
750
749
747
750
751
749
750
749
747
749
748
749
749
749
749
748
473
754
747
782
749
695
751
748
705
750
749
749
753
749
749
750
752
694
749
750
749
749
749
747
747
750
749
752
749
748
749
749
749
747
757
749
749
750
747
749
750
749
750
690
750
749
751
749
752
753
748
750
749
750
749
750
750
747
844
751
750
749
750
749
750
750
749
77
748
750
749
749
750
750
-1
749
750
747
750
750
747
748
751
749
694
748
749
-1
748
749
686
782
852
748
747
749
750
750
749
758
751
750
749
748
750
749
749
749
749
748
752
748
749
756
750
750
752
749
-1
748
748
749
748
751
749
749
720
749
749
748
748
749
748
749
-1
749
749
749
749
749
751
756
747
732
748
749
751
756
752
749
747
747
750
750
752
751
747
748
749
749
750
749
749
752
747
748
750
750
750
749
749
749
750
749
747
749
-1
749
749
757
750
748
752
747
750
750
750
748
752
750
750
749
748
751
586
747
749
748
749
748
751
749
750
749
749
750
750
749
748
751
750
747
749
751
749
750
750
747
750
750
749
612
750
749
750
745
750
748
748
750
750
750
749
701
749
748
748
747
749
749
-1
752
802
749
760
752
694
749
750
701
751
747
750
749
749
748
748
750
749
750
750
771
749
689
748
751
750
944
749
748
749
749
749
751
750
747
757
749
756
750
750
748
749
748
749
749
752
749
750
747
748
750
749
749
749
751
749
750
747
842
-1
737
749
751
749
701
747
747
749
748
752
749
752
748
751
749
748
747
750
750
749
751
-1
749
749
750
748
751
749
720
749
746
749
751
956
757
749
748
748
750
747
751
749
750
703
749
750
752
750
750
750
750
751
746
750
750
751
750
750
750
749
699
749
751
749
749
-1
698
751
750
749
750
750
749
749
749
749
750
749
749
749
749
707
641
749
750
749
749
750
751
749
749
749
749
748
763
749
748
747
750
749
750
749
749
748
749
752
827
748
751
749
752
749
751
754
749
751
749
751
750
749
751
750
748
749
749
700
749
749
749
750
748
749
749
747
752
757
749
749
752
747
-1
751
751
750
750
752
748
750
749
749
-1
750
751
597
747
856
750
749
748
749
783
742
751
697
752
749
748
755
-1
771
750
750
749
750
749
749
747
750
750
751
748
750
749
750
749
748
747
752
749
749
751
758
748
749
749
749
747
749
750
749
751
747
749
750
749
748
749
749
-1
751
707
749
750
750
757
751
752
748
705
749
750
748
749
749
747
749
749
749
749
749
751
749
750
749
749
749
748
746
750
750
748
749
749
757
752
748
748
749
750
748
748
748
749
750
750
748
747
749
747
750
750
750
752
757
749
748
749
751
750
748
747
750
701
763
750
750
750
750
749
748
750
749
750
752
750
752
749
749
749
749
752
749
707
751
750
748
748
749
686
956
749
750
750
747
750
748
751
750
751
751
747
750
750
717
748
749
750
750
752
717
749
752
750
749
747
750
749
748
749
750
706
747
731
751
750
749
749
747
749
750
749
749
751
698
757
747
751
749
748
753
748
748
748
750
701
749
750
749
749
748
747
749
749
749
749
681
749
747
749
749
749
750
750
747
748
749
717
746
750
695
749
749
749
749
750
748
749
748
752
750
750
750
748
749
751
748
749
750
747
749
-1
-1
749
748
748
749
749
749
749
749
689
749
751
750
597
751
747
749
750
749
750
749
748
749
749
751
748
750
748
749
749
693
750
752
749
723
749
749
749
717
749
752
750
749
749
749
750
749
749
747
752
750
531
749
748
748
788
751
749
750
750
751
750
750
750
751
750
749
-1
748
750
752
749
748
753
748
749
752
750
751
749
751
748
749
749
748
749
749
943
750
755
690
748
747
749
752
750
750
751
749
747
751
749
751
750
751
705
750
748
750
750
750
749
748
757
749
749
750
748
749
753
747
750
749
748
757
749
749
750
758
747
698
749
749
748
751
749
750
749
756
750
752
747
749
750
749
750
748
750
749
748
749
747
749
751
750
749
752
750
751
748
748
749
749
749
750
748
750
750
749
749
747
750
697
749
749
749
749
750
749
750
751
493
750
749
749
750
749
372
747
806
750
748
750
750
749
751
749
750
747
747
748
747
758
752
748
596
749
749
747
748
749
748
750
750
749
748
750
752
694
749
757
750
749
749
-1
750
750
-1
749
748
749
748
870
750
749
750
748
748
747
749
748
748
749
748
749
763
749
749
750
753
750
749
748
750
749
749
749
750
747
749
749
750
748
750
753
-1
748
749
750
748
748
749
752
751
749
749
749
747
747
749
750
752
697
751
747
701
748
747
748
747
707
748
747
748
750
748
745
750
749
749
750
750
750
748
749
750
749
752
705
751
750
748
749
721
749
757
747
748
956
747
749
752
749
749
749
-1
750
751
747
752
749
759
747
694
749
749
749
747
750
750
749
748
746
750
747
705
977
-1
747
751
749
748
748
747
749
750
750
749
748
749
747
747
757
750
749
750
748
748
748
749
749
748
747
699
748
749
750
751
749
747
749
747
752
749
749
750
751
747
749
752
749
749
758
751
750
747
839
749
-1
750
748
750
749
749
749
749
748
748
707
749
750
750
747
750
751
749
748
749
748
747
750
749
748
749
749
749
749
752
749
750
750
749
750
750
750
750
750
750
750
751
757
749
750
749
749
749
749
749
749
749
751
749
750
749
750
752
748
752
750
750
748
751
749
749
749
750
747
748
748
748
749
750
749
748
748
749
750
749
749
750
749
749
749
758
747
748
749
749
757
749
748
748
750
750
748
750
721
751
750
753
750
750
750
749
749
749
747
750
750
749
750
750
749
751
717
955
704
749
747
750
749
750
749
750
750
749
750
749
747
749
750
748
750
750
747
752
747
747
750
749
747
750
749
748
749
750
750
751
749
749
750
749
750
749
749
751
749
750
689
750
750
750
749
750
952
-1
751
750
749
749
759
749
750
748
694
-1
753
749
747
749
752
750
749
752
751
749
749
694
750
747
749
749
749
746
749
752
750
603
749
749
751
750
749
749
749
58
750
749
749
-1
749
748
748
-1
747
751
759
750
749
749
750
750
749
748
749
747
748
750
750
750
749
750
751
752
749
743
843
746
750
750
749
750
750
749
749
751
749
749
756
749
748
749
752
749
750
753
749
749
750
750
750
747
747
750
-1
749
750
750
750
748
752
697
748
749
750
749
748
751
750
-1
749
750
750
748
750
751
748
752
751
750
722
749
-1
748
751
747
750
748
749
752
692
757
750
749
749
750
753
750
750
750
752
750
751
749
749
828
751
749
750
748
684
-1
752
747
750
797
748
699
752
750
750
749
748
751
699
750
757
748
750
748
749
750
750
751
749
750
758
748
748
749
750
749
749
750
751
748
749
726
749
748
750
848
757
748
750
749
747
751
750
749
-1
747
747
752
749
749
749
750
750
748
748
749
749
750
750
747
749
749
749
750
748
750
801
747
751
749
693
748
749
750
749
756
749
750
748
749
748
749
749
750
-1
750
749
749
750
750
752
-1
750
749
750
751
752
751
749
750
749
749
750
751
748
748
750
750
747
749
747
749
699
750
745
748
749
750
749
694
749
751
702
747
717
751
752
747
537
750
750
748
749
749
752
750
747
750
749
749
747
752
749
749
750
747
749
750
749
749
750
748
751
749
750
749
747
748
749
749
749
750
748
750
750
750
751
747
751
749
749
750
747
748
751
750
750
750
750
751
748
749
747
750
751
747
751
751
749
750
791
748
751
748
749
747
748
748
750
749
722
751
749
749
749
749
749
752
749
712
749
750
749
751
749
738
749
749
748
749
750
750
750
-1
747
709
751
749
58
749
747
753
749
749
753
749
750
749
750
749
747
747
749
752
750
751
749
749
749
749
750
752
750
589
747
748
750
750
750
747
750
750
751
749
750
684
751
749
749
759
749
750
749
748
750
699
753
747
749
750
750
682
750
750
751
748
748
750
749
749
751
749
748
748
747
748
785
750
749
750
749
750
750
747
750
752
749
603
750
748
750
751
750
749
749
353
755
747
749
749
747
749
748
750
748
749
750
749
750
750
750
698
750
750
750
-1
749
747
711
750
747
749
750
748
750
750
750
751
750
749
752
750
749
750
749
751
752
749
750
751
750
751
748
749
752
749
749
749
432
750
749
750
750
747
756
747
750
749
759
690
750
749
751
748
747
749
720
750
750
750
750
750
748
752
750
750
749
749
748
748
750
750
-1
747
749
747
749
747
751
749
-1
751
751
750
756
747
752
750
747
749
749
749
750
750
750
749
749
699
749
750
750
751
749
749
749
746
749
749
751
750
752
752
749
748
749
749
750
748
751
749
701
750
749
749
-1
750
747
779
750
749
748
749
751
749
749
749
749
695
749
749
758
749
595
-1
-1
750
748
-1
748
749
747
749
748
753
750
750
750
747
748
751
750
750
665
750
750
750
751
751
748
750
749
748
750
751
748
692
701
749
751
752
748
748
750
749
749
745
749
-1
750
751
748
750
747
-1
750
748
749
757
750
748
750
751
750
750
749
801
746
749
750
749
-1
747
747
751
749
751
750
750
749
747
749
750
699
750
750
748
749
749
748
753
750
750
747
747
749
749
693
750
957
751
750
750
749
750
748
749
750
751
749
747
750
749
748
748
750
806
751
749
749
707
749
751
749
749
750
747
751
749
749
762
689
694
748
748
749
749
747
680
749
748
747
749
750
749
749
749
694
749
750
748
750
749
749
710
748
749
748
749
751
747
750
750
752
749
749
750
750
751
749
748
750
749
750
750
749
749
748
750
751
748
749
752
750
751
750
749
746
749
750
748
750
750
750
750
-1
750
-1
746
752
748
750
750
749
-1
749
748
717
751
694
701
749
749
750
-1
750
749
751
749
750
745
750
750
750
750
748
748
750
749
747
752
860
751
-1
698
749
748
717
747
746
751
749
747
735
751
749
751
699
749
756
750
747
750
749
747
750
749
749
747
749
749
749
750
749
749
749
748
749
748
747
749
750
581
750
750
765
752
762
748
749
751
749
750
749
749
749
749
747
748
971
747
694
750
750
751
750
751
749
-1
750
749
747
748
747
749
750
746
751
748
727
751
748
749
748
749
756
749
750
747
748
747
747
748
749
750
749
749
750
749
747
548
749
750
750
748
749
749
749
749
749
752
690
751
750
749
749
753
757
751
749
752
750
748
752
750
751
749
749
955
750
750
749
749
749
748
748
749
750
750
750
749
749
751
749
749
748
758
749
747
746
749
751
749
749
747
749
751
749
749
748
749
748
749
749
750
749
750
749
747
749
749
750
749
748
751
750
752
747
750
748
749
809
752
748
750
710
750
720
749
749
749
748
748
749
749
757
750
747
749
747
747
749
749
752
748
748
750
749
752
713
694
-1
750
752
751
749
721
750
749
749
749
751
748
750
749
749
748
725
-1
748
758
749
749
750
749
750
750
749
749
748
751
750
749
749
752
748
757
751
749
749
749
749
748
748
750
750
749
749
750
747
750
748
752
749
747
750
748
717
748
752
751
750
752
749
749
749
753
749
749
748
747
749
750
750
750
750
750
752
757
749
750
750
721
747
747
746
861
727
749
750
750
751
750
751
748
749
749
748
748
749
750
749
749
956
750
751
752
749
749
749
747
751
749
749
747
819
748
747
751
749
749
747
748
749
750
747
749
748
748
749
747
750
750
749
750
693
751
749
749
749
748
749
747
749
749
750
750
749
749
750
27
749
750
750
747
750
748
747
748
748
751
749
747
749
750
749
748
749
749
750
750
756
748
750
748
749
750
750
748
747
798
888
751
749
749
749
751
749
750
752
750
749
749
749
747
694
750
751
749
748
748
748
-1
750
750
750
750
751
748
750
750
692
749
750
756
749
748
-1
694
747
749
752
750
751
748
749
749
749
750
750
-1
762
130
748
750
748
747
750
749
750
749
706
750
748
778
878
747
749
747
758
-1
751
749
749
750
750
749
750
750
751
750
747
747
750
752
749
748
747
747
750
750
751
750
750
747
750
752
693
749
749
751
749
749
755
750
748
748
749
750
749
749
749
747
750
751
750
749
750
749
65
750
749
730
749
747
752
750
749
747
749
749
753
748
747
750
747
748
758
750
-1
747
750
750
750
749
750
749
752
749
750
749
748
750
748
749
749
750
749
749
751
749
751
750
747
749
752
748
750
749
748
750
748
750
749
749
749
731
750
749
750
750
747
750
749
693
749
750
757
750
799
749
750
750
751
749
749
743
752
752
747
751
750
757
749
750
750
749
750
749
748
750
749
750
749
749
750
750
749
751
751
749
749
750
750
749
750
750
751
749
751
749
747
750
762
749
698
750
748
748
750
749
750
750
501
757
750
849
748
721
749
750
748
749
747
-1
757
747
749
723
748
718
748
675
749
748
750
690
749
749
749
752
783
747
749
751
749
749
750
753
751
750
749
749
750
750
751
748
749
751
750
748
749
-1
748
749
750
750
750
751
750
750
740
750
748
759
750
749
750
751
749
749
706
695
749
749
749
749
750
750
749
726
750
753
749
701
750
749
751
748
749
748
750
748
751
750
750
750
750
751
749
750
-1
749
750
749
747
747
751
749
748
750
752
749
751
747
752
748
747
-1
750
749
749
-1
748
727
699
749
747
749
746
750
749
751
750
748
747
748
749
747
749
750
748
749
749
749
749
751
752
749
492
749
747
750
750
749
748
750
748
749
749
749
750
749
746
749
749
749
750
750
750
751
751
751
-1
750
749
751
750
748
747
750
749
750
747
749
749
750
751
750
717
750
749
356
749
749
749
747
701
704
750
749
749
752
750
749
750
751
749
749
749
748
747
750
750
749
747
749
749
750
759
749
749
592
751
749
747
750
749
748
750
750
750
750
749
750
749
749
750
749
750
749
749
699
749
747
750
729
748
750
748
749
749
919
750
751
-1
750
750
749
747
749
750
750
747
748
749
747
749
748
749
750
749
749
750
701
749
756
747
749
750
748
749
748
750
750
749
750
747
698
751
747
694
750
749
747
748
751
759
749
751
750
694
749
749
-1
749
749
758
749
749
748
749
750
750
749
749
751
749
748
750
749
749
749
745
749
752
862
748
749
753
750
756
749
750
749
750
751
720
749
750
747
749
749
758
750
750
748
750
747
748
748
749
750
748
752
750
749
749
750
747
749
750
750
749
747
750
749
749
750
750
816
750
750
749
748
749
747
749
750
747
750
750
749
749
748
749
749
751
750
751
750
722
-1
750
747
751
750
755
749
752
749
750
750
748
749
748
752
747
749
749
749
750
749
750
751
752
753
748
-1
749
752
243
743
763
749
747
750
750
-1
750
748
749
715
749
749
749
751
746
751
749
747
748
749
750
748
751
750
750
750
749
746
749
701
750
750
750
747
749
749
747
749
749
747
749
750
751
770
600
760
750
722
749
747
749
749
749
749
750
750
748
749
748
751
749
748
752
749
750
749
748
749
749
747
-1
747
749
751
749
750
753
-1
750
750
749
499
681
758
750
-1
748
749
749
751
748
748
749
750
699
756
747
748
750
749
749
752
751
751
783
750
747
748
748
750
750
748
748
749
749
749
747
753
750
750
688
747
750
705
757
752
750
748
749
750
747
750
750
749
750
-1
747
750
710
751
748
752
752
750
749
750
750
749
749
750
751
750
694
750
752
748
750
750
750
747
749
748
750
750
749
750
751
749
749
749
747
749
748
749
744
751
749
751
749
748
749
748
739
749
751
748
750
690
749
748
750
749
748
756
750
697
750
751
750
750
750
749
-1
749
750
750
749
749
753
752
752
747
748
749
749
749
750
758
753
749
751
749
749
746
749
752
751
749
749
750
750
747
789
749
720
750
747
747
751
748
749
750
750
750
752
748
749
750
748
750
749
749
781
749
751
751
749
748
750
853
749
749
749
750
751
749
749
749
751
748
750
749
752
749
749
749
750
748
748
750
750
750
747
750
748
748
748
751
750
746
748
749
699
969
747
747
-1
690
749
749
749
751
749
750
750
752
747
749
751
749
749
757
749
749
751
748
749
750
749
751
749
745
747
749
747
749
748
748
737
749
750
750
749
748
748
750
748
747
320
748
945
749
751
749
794
748
749
603
694
759
751
753
686
750
750
751
500
748
750
752
748
749
749
751
749
749
750
749
750
750
751
749
698
753
749
749
749
751
747
749
750
555
752
750
751
750
749
749
757
749
749
750
750
748
747
749
750
749
750
749
756
750
749
752
750
749
756
750
747
749
699
750
750
750
-1
751
749
749
752
751
749
749
749
749
752
749
748
749
749
749
753
749
750
895
703
749
747
749
750
750
750
749
749
749
689
749
758
749
748
695
751
750
749
748
752
721
750
750
749
751
748
721
783
749
700
748
747
736
757
749
747
750
750
749
750
750
-1
751
747
748
-1
693
750
750
320
747
750
747
747
748
749
719
748
750
865
752
749
751
748
748
750
693
-1
750
749
750
749
749
697
750
750
749
751
747
749
749
762
749
749
750
750
750
749
750
749
749
749
750
749
-1
749
752
747
751
748
749
750
750
750
749
750
760
749
749
781
750
749
749
750
750
749
596
749
750
752
739
-1
756
749
750
-1
694
750
749
749
750
750
747
751
749
750
748
749
750
751
749
749
749
761
750
749
704
749
750
748
750
749
747
749
750
749
749
749
750
749
750
748
750
749
747
749
749
749
750
751
752
749
748
747
749
750
748
750
749
749
748
749
748
750
746
747
749
752
750
748
749
750
750
751
751
747
750
-1
749
749
749
748
574
756
748
749
747
753
749
748
689
750
749
752
751
750
750
749
748
750
747
750
749
748
698
747
747
757
750
749
750
750
751
750
750
749
752
749
749
735
750
748
-1
896
750
749
750
750
749
749
750
749
699
749
746
748
694
749
750
750
749
750
747
370
750
752
847
750
750
748
750
749
749
749
749
750
750
750
748
749
747
749
751
750
750
750
750
749
759
747
749
690
749
747
749
749
751
749
750
749
750
750
331
750
795
749
757
751
749
748
748
720
749
748
749
749
749
750
750
747
749
748
747
749
749
750
751
750
701
749
750
750
749
751
748
748
748
750
944
750
750
750
750
752
750
749
747
749
763
749
750
757
751
749
749
734
750
748
751
748
747
750
701
758
752
711
748
733
751
749
746
749
750
750
748
749
753
751
747
751
749
750
749
749
752
749
749
752
748
750
750
749
749
753
749
752
748
752
750
749
747
750
748
748
751
749
749
749
749
672
748
749
748
749
750
749
748
749
749
748
748
745
749
747
749
-1
694
751
346
748
750
750
747
703
751
749
749
748
749
756
748
749
747
748
748
749
694
750
749
750
748
749
750
749
749
-1
750
750
749
750
747
750
748
748
750
748
748
749
695
749
749
747
750
748
749
747
749
751
748
749
749
749
748
750
749
749
748
750
748
750
749
749
752
750
748
-1
750
749
667
748
750
750
747
751
747
751
749
746
750
749
750
750
749
750
749
750
748
750
747
726
751
748
749
749
571
749
749
749
747
749
-1
749
748
750
750
747
751
749
750
750
749
749
747
748
747
750
748
747
749
750
747
748
748
753
749
749
749
750
750
748
749
749
751
751
747
750
748
750
709
749
749
750
751
749
748
748
750
750
748
750
750
754
749
750
749
751
749
748
750
750
748
750
750
749
513
750
749
747
748
750
750
750
757
748
748
749
748
699
749
750
749
750
748
748
538
747
748
749
750
751
749
748
750
690
750
749
749
496
748
749
748
747
750
756
750
750
719
761
750
750
749
710
-1
747
749
749
748
749
748
748
747
757
748
749
750
749
749
749
777
701
750
750
751
751
747
436
750
941
749
749
748
749
748
749
749
749
762
747
749
748
748
699
750
749
747
749
749
750
750
748
748
750
750
747
747
747
751
749
751
748
750
748
750
749
748
748
749
756
751
747
748
749
747
749
750
749
749
750
749
-1
748
750
748
749
642
748
749
748
747
748
750
747
748
750
749
746
746
747
747
441
747
751
750
750
750
750
749
749
759
749
747
750
752
750
755
750
747
749
746
720
749
750
743
752
750
526
747
748
750
749
750
748
749
759
749
753
747
749
750
470
750
751
717
748
750
749
749
749
748
749
749
751
752
751
749
750
752
749
748
750
747
749
750
750
748
749
749
750
749
749
749
750
749
750
749
750
749
747
748
750
751
749
-1
749
750
750
90
750
749
756
749
747
751
749
750
749
750
750
750
694
747
749
748
749
750
749
749
750
749
748
751
693
753
684
-1
747
698
749
749
749
749
750
750
748
755
750
747
749
747
749
749
749
811
749
750
746
748
750
722
749
750
615
727
-1
748
747
864
750
748
750
750
750
748
750
749
697
750
750
747
750
750
750
749
751
749
750
747
969
757
747
748
749
749
747
749
748
751
748
749
749
751
749
747
749
749
751
694
749
748
-1
709
750
749
749
750
749
754
749
749
750
706
749
747
749
747
747
747
752
749
750
747
747
750
749
749
749
752
550
737
745
751
751
749
746
749
749
749
749
749
748
750
748
-1
750
754
750
748
749
749
749
750
748
750
757
751
749
749
747
750
750
750
-1
747
749
749
749
748
747
752
747
747
698
749
750
750
750
749
749
758
-1
750
750
749
750
522
747
750
750
749
748
750
749
-1
750
750
749
751
748
747
750
751
748
746
750
762
756
726
749
751
750
749
748
749
749
749
779
749
721
751
749
771
753
749
751
747
749
750
750
748
749
750
749
750
749
750
751
749
747
759
749
694
750
749
750
749
759
749
750
749
750
749
751
747
750
749
749
749
749
751
748
692
749
749
-1
749
747
747
748
748
750
748
749
751
747
746
749
748
747
750
750
749
750
757
748
749
749
748
750
692
694
749
452
-1
750
749
837
747
750
750
747
-1
752
749
746
750
753
750
750
749
749
749
751
750
749
750
533
751
750
749
750
749
750
749
694
749
750
749
751
748
687
750
750
750
750
751
749
749
749
748
749
747
749
749
751
749
748
756
751
760
704
749
750
753
749
-1
749
862
749
747
749
930
749
750
749
748
750
749
750
747
746
751
749
748
747
749
750
747
747
748
749
749
749
-1
750
749
750
751
750
748
-1
749
749
750
749
750
749
749
749
750
750
749
749
749
747
747
750
747
750
749
759
751
747
750
748
749
704
751
752
749
747
748
750
749
748
747
748
749
750
749
748
749
749
750
748
748
752
750
749
750
748
748
748
751
750
749
748
749
752
749
750
751
749
751
748
751
750
738
757
714
749
750
749
750
750
749
750
750
749
751
749
747
749
749
751
752
752
749
750
749
747
749
749
747
748
694
748
750
749
748
750
748
750
757
750
747
750
748
694
748
749
752
757
751
749
749
750
750
750
748
750
750
750
749
749
750
750
751
749
748
748
748
750
749
749
749
749
750
700
757
748
749
748
749
749
750
747
752
749
721
749
748
749
750
749
748
688
747
748
749
703
748
747
951
750
693
748
749
750
748
749
749
750
748
747
750
749
748
747
750
749
751
750
750
747
747
750
748
683
748
703
747
719
750
750
751
749
749
749
752
749
752
693
751
756
749
746
747
749
752
750
749
749
749
748
749
748
751
749
749
747
501
750
749
749
748
747
749
749
750
750
751
749
749
748
699
749
750
750
750
749
746
750
698
750
749
749
751
750
750
924
748
749
750
750
750
750
748
750
758
749
750
751
749
750
749
749
750
749
701
749
747
748
750
748
748
750
747
749
749
748
749
750
749
747
720
748
749
749
753
750
747
750
969
749
747
751
747
747
690
701
750
749
749
748
749
748
750
750
747
748
746
721
749
748
750
749
747
-1
748
750
749
749
-1
749
750
752
755
749
749
749
750
750
721
751
749
-1
749
750
748
751
749
752
752
749
750
750
757
748
749
750
750
750
-1
748
750
747
749
752
750
749
748
749
750
751
750
748
747
747
750
748
751
750
749
749
749
750
750
748
851
750
693
749
758
749
748
749
750
749
749
749
749
750
750
750
748
758
749
750
752
750
750
748
690
749
749
842
750
751
749
750
750
750
757
748
749
748
748
748
750
747
749
748
749
752
761
750
747
748
749
753
750
750
748
750
750
747
748
751
749
750
751
749
749
747
750
749
-1
747
750
749
750
716
748
748
749
750
750
750
748
747
749
753
751
694
690
748
750
749
750
749
748
749
514
749
749
747
749
751
747
747
750
749
748
752
-1
750
750
710
749
748
751
750
757
748
750
750
749
747
752
748
747
750
700
750
749
750
749
749
748
749
757
748
750
722
682
747
750
752
750
-1
750
747
749
753
750
750
749
756
749
749
-1
749
749
749
749
748
749
748
748
748
750
750
751
748
748
752
678
751
500
749
749
749
749
749
750
749
751
747
750
751
610
748
752
748
690
750
751
749
750
783
749
749
750
748
749
605
751
750
748
749
747
558
748
749
749
749
751
750
747
746
752
749
750
749
748
749
748
748
750
749
749
748
747
749
698
749
746
690
751
749
749
747
750
749
751
747
750
750
721
750
752
694
758
749
751
748
749
699
751
955
751
693
749
748
750
750
749
752
751
750
749
749
750
750
749
-1
749
749
750
751
693
750
749
748
750
756
750
750
751
748
748
749
750
748
750
751
748
749
750
758
749
694
749
693
750
750
749
749
749
747
749
750
-1
749
750
749
749
748
749
747
765
751
749
749
751
750
605
750
748
749
749
751
748
747
748
750
749
752
750
748
750
749
748
750
747
749
751
751
749
750
747
751
749
749
694
749
769
748
748
500
749
751
750
747
750
749
751
748
750
749
751
749
750
749
748
749
749
701
747
749
753
747
749
748
750
750
747
749
750
-1
750
749
749
749
749
749
749
749
701
749
750
750
749
749
748
751
750
747
694
749
747
750
750
749
751
750
751
749
750
749
750
747
749
752
750
749
726
750
749
749
749
750
749
747
749
751
749
749
750
749
749
749
701
721
750
747
752
749
750
749
750
748
749
752
749
747
750
748
747
748
744
749
749
749
756
749
-1
749
747
749
749
748
747
747
751
749
689
749
748
749
751
752
-1
750
750
751
758
749
750
642
701
750
750
750
690
749
747
750
749
750
750
747
749
749
748
750
751
751
750
747
750
748
751
749
749
751
750
749
748
749
749
751
748
751
749
750
749
747
749
749
747
749
748
701
748
749
749
749
748
749
749
749
749
722
723
747
749
747
750
748
751
750
750
749
-1
749
750
753
750
749
748
751
750
750
750
747
747
749
749
750
861
750
746
748
748
750
338
752
749
798
751
750
748
752
748
750
747
747
750
749
721
749
750
-1
748
756
749
749
752
749
752
751
750
751
749
750
751
750
750
-1
750
918
749
752
747
750
747
749
749
977
749
750
750
756
749
750
749
756
752
749
750
748
756
754
748
750
749
748
749
750
750
749
750
747
750
747
757
751
749
749
749
749
747
750
