1.49997
2.09312
2.80154
2.29163
1.38185
1.54863
2.50774
3.11987
3.96839
3.70564
3.01510
2.13736
2.62307
1.87382
1.02182
0.95615
1.85738
2.51872
3.19221
3.78758
4.72756
4.30640
3.15184
2.74463
2.90702
2.57823
1.14854
0.96419
1.46337
2.15629
3.02953
3.24634
2.57706
2.77595
3.09173
2.57539
2.27054
2.07237
2.36460
3.23253
3.32567
3.90469
5.31042
5.29452
4.68874
4.27786
5.04900
5.85348
6.34130
6.23336
6.31792
6.97941
8.44451
8.97432
8.65186
9.40412
10.74396
11.52902
11.95195
12.67686
13.13098
13.25350
12.92599
12.76896
12.37136
12.60762
13.60850
14.04484
14.54989
14.93958
15.75596
15.86051
15.18506
15.28652
16.02847
16.38272
15.84180
16.42326
17.83870
18.18176
16.85023
16.85389
18.09922
18.27215
17.21075
16.32156
15.82951
15.40535
15.09210
14.48908
13.34839
12.98512
13.84185
14.16915
13.69058
13.76836
13.63184
13.68677
14.04957
13.63029
13.01047
12.33341
12.57246
12.61605
12.94256
12.21172
12.00646
12.19500
13.36901
14.14573
15.49624
16.36342
17.81839
17.86378
16.40391
15.64756
14.57897
13.80510
12.77124
12.11050
11.79110
12.09428
12.88225
12.45284
11.67044
11.01320
11.18582
11.11108
11.88158
12.66679
11.83472
12.58883
12.97327
12.94211
13.34245
13.72031
14.40508
15.23391
16.67321
17.53749
18.98969
19.88814
21.38561
22.28254
23.36407
23.93230
24.72684
25.03132
25.37939
25.50122
25.40475
25.63383
25.99978
26.17766
25.92387
25.12794
24.20702
23.97318
24.02095
24.80506
24.97740
25.24302
25.11954
25.25501
25.37343
25.56730
26.06138
26.20572
26.34754
25.98846
25.63543
25.06049
24.79645
24.13780
23.39109
22.77496
21.88363
21.07720
21.54679
21.58248
21.35697
21.79346
23.04046
23.52425
23.50876
23.71994
22.92029
22.16150
22.55858
22.06740
21.36735
20.69569
21.47833
22.30738
23.56094
24.42234
25.61212
26.36733
27.64190
