0.00005801
0.00005801
0.00009824
0.00015247
0.00022300
0.00022300
0.00015068
0.00003863
0.00009874
0.00010358
0.00010358
0.00003716
0.00023153
0.00033526
0.00033526
0.00028452
0.00013721
0.00013009
0.00005345
0.00011889
0.00011889
0.00009205
0.00003411
0.00003273
0.00006291
0.00009347
0.00009347
0.00004847
0.00004847
0.00004942
0.00023512
0.00039343
0.00039787
0.00039787
0.00026504
0.00007623
0.00010244
0.00010244
0.00007485
0.00002012
0.00002012
0.00004487
0.00009283
0.00010807
0.00010807
0.00006971
0.00006971
0.00004785
0.00006893
0.00006893
0.00020139
0.00043240
0.00060822
0.00060822
0.00057502
0.00029909
0.00009363
0.00007852
0.00006678
0.00005403
0.00005956
0.00005956
0.00004476
0.00008415
0.00008415
0.00008031
0.00009838
0.00009838
0.00003653
0.00004066
0.00011328
0.00013639
0.00017284
0.00017284
0.00013662
0.00010989
0.00010989
0.00008368
0.00008368
0.00008462
0.00008462
0.00008496
0.00008496
0.00012085
0.00013793
0.00013793
0.00013177
0.00003498
0.00000000
0.00000000
0.00018030
0.00010347
0.00000000
0.00000000
0.00000000
0.00018030
0.00000000
0.00004270
0.00012158
0.00012158
