1.49983
2.39789
3.89096
4.77585
6.18590
7.04566
8.42237
9.24445
10.59272
11.42391
12.82287
13.71871
15.18029
16.04003
17.29700
18.04963
19.24896
20.00629
21.17618
21.97569
23.39609
24.24154
25.64023
26.49168
27.93066
28.79431
30.24277
31.11197
32.55982
33.44055
34.86956
35.68686
36.83914
37.55005
38.70625
39.51428
40.95539
41.72885
42.74721
43.42013
44.56730
45.37953
46.83072
47.67284
49.03198
49.84891
51.21422
52.07090
53.53153
54.39640
55.81902
56.66896
58.06556
58.90244
60.17168
60.95412
62.26254
63.06083
64.38152
65.20384
66.59747
67.47578
68.96214
69.85110
71.33440
72.21574
73.67112
74.54483
76.01367
76.81185
77.86897
78.47684
79.42779
79.82820
80.15010
80.46420
81.16497
81.41562
81.51160
81.77136
82.47447
82.92682
83.77255
84.19081
84.76866
84.94929
84.89378
85.11613
85.84087
86.22307
86.80012
87.21332
88.00237
88.43197
89.05947
89.49972
90.30513
90.83897
91.83042
92.34087
93.01275
93.59745
94.76420
95.52787
96.87054
97.72066
99.12942
99.99242
101.37285
102.23253
103.68790
104.56953
105.89877
106.73045
108.15945
108.92669
109.99882
110.65350
111.76390
112.28981
112.90229
113.20388
113.54026
113.82681
114.43817
114.58855
114.48484
114.40704
114.17939
114.15575
114.28164
114.39719
114.65977
114.82771
115.12064
115.31384
115.63637
115.86532
116.32769
116.47978
116.51960
116.53296
116.45084
116.64064
117.37135
117.53700
117.34346
117.41430
117.76564
117.98708
118.46075
118.49614
118.08335
118.09332
118.42155
118.84118
119.82579
120.58249
122.00822
122.86405
124.25064
125.04609
126.29976
127.01508
128.10594
128.83807
130.07543
130.85900
132.21604
132.97925
134.14274
134.77928
135.71193
136.17026
136.67503
137.03732
137.71004
138.09055
138.63758
139.19821
140.44569
141.10479
142.07384
142.66050
143.59885
144.29502
145.54911
146.37111
147.73820
148.54984
149.89297
150.58603
151.46762
151.85794
152.23575
152.34885
152.35631
152.09588
151.29896
