0.00005589
0.00008385
0.00008385
0.00008330
0.00001314
0.00013486
0.00001988
0.00000000
0.00005179
0.00009800
0.00010794
0.00010794
0.00007623
0.00005921
0.00005921
0.00000000
0.00000000
0.00000000
0.00013486
0.00000000
0.00000483
0.00007298
0.00007298
0.00006576
0.00009017
0.00009017
0.00007085
0.00009237
0.00014464
0.00014464
0.00011173
0.00005833
0.00005833
0.00006728
0.00010473
0.00010473
0.00004552
0.00004139
0.00004270
0.00004270
0.00006702
0.00013303
0.00016645
0.00016645
0.00010504
0.00006362
0.00007707
0.00009246
0.00009246
0.00005587
0.00004995
0.00008632
0.00008632
0.00003415
0.00005309
0.00006510
0.00009304
0.00009823
0.00009823
0.00005701
0.00004388
0.00005734
0.00012129
0.00012129
0.00008832
0.00008832
0.00000000
0.00000000
0.00000000
0.00000000
0.00061961
0.00000000
0.00000000
0.00000000
0.00005778
0.00012397
0.00012397
0.00007433
0.00008562
0.00010290
0.00012006
0.00012006
0.00011027
0.00004622
0.00009334
0.00009334
0.00000000
0.00000000
0.00012099
0.00061961
0.00000000
0.00002053
0.00009269
0.00009269
0.00009055
0.00009055
0.00004571
0.00004951
0.00004951
0.00002304
