1.49999
2.22919
2.74613
3.64109
4.76455
5.56612
6.76230
7.40476
7.01148
6.28560
6.68492
6.76436
7.51551
8.07465
8.39631
8.80223
9.79963
9.72268
9.19361
9.91127
11.03348
11.81541
13.10920
13.25747
12.08435
11.55423
10.72972
10.29576
9.86827
10.50848
11.01175
11.44368
11.28240
11.19002
10.03720
10.57075
11.87708
12.14771
11.03451
10.40550
9.44221
8.59643
7.27783
6.46172
5.18956
4.53150
3.83130
3.89887
4.64054
5.36604
5.80328
6.63299
7.83701
8.73695
10.02303
10.44426
11.49604
12.10302
13.04143
13.48134
12.63511
12.22788
11.62096
10.88215
9.42572
9.09817
9.68672
10.56777
11.36430
11.13677
10.31593
9.73137
10.45081
10.41874
9.53090
9.53966
10.61158
10.70722
11.04899
11.14236
11.01646
11.08865
10.38405
9.50890
9.26863
9.63716
8.56729
9.21376
10.05908
10.24878
10.20187
9.62372
8.74737
8.79570
9.72515
10.53954
11.97921
12.17117
11.01073
10.31517
9.78110
9.26179
8.51698
8.80050
10.15103
11.01495
12.44972
13.02706
13.18230
13.57874
14.16435
15.06151
15.68772
16.05920
16.36058
16.62794
17.27698
16.84010
16.25656
16.38716
17.87741
18.35607
17.80567
17.18731
17.30254
17.77042
17.85641
18.61837
19.09967
19.11221
18.34160
18.89400
19.26955
18.38299
17.81197
17.19701
17.61235
17.50552
17.59007
17.50626
17.01004
17.71343
19.04854
18.69187
17.34688
16.58831
17.38033
17.66272
18.16876
18.54188
19.24912
19.70974
20.70773
20.54627
19.14938
19.22073
20.61537
21.32174
22.27269
22.96879
23.69340
24.36154
25.43563
26.14590
26.88061
27.14447
27.52507
27.87061
26.93978
27.35951
28.21089
28.41504
28.19603
27.89571
27.95734
27.97586
28.05942
28.58983
29.23590
30.12066
31.13379
31.33142
30.42723
29.69165
28.84249
28.91681
30.00987
30.54403
31.13182
30.50052
29.81118
29.29563
30.43576
29.93539
28.81422
27.94359
26.86678
26.18864
25.09064
