0.00023596
0.00047371
0.00047371
0.00030544
0.00016197
0.00033430
0.00033430
0.00019783
0.00044586
0.00058322
0.00067541
0.00067541
0.00050155
0.00028421
0.00028421
0.00026570
0.00026781
0.00026781
0.00038807
0.00038807
0.00040367
0.00040367
0.00025188
0.00038293
0.00049266
0.00060820
0.00060820
0.00049429
0.00049429
0.00036115
0.00036115
0.00035805
0.00046492
0.00046492
0.00037436
0.00026196
0.00040300
0.00040300
0.00032911
0.00042298
0.00042298
0.00053770
0.00053770
0.00040152
0.00043055
0.00045364
0.00045364
0.00039852
0.00039852
0.00038588
0.00029986
0.00046011
0.00046011
0.00042978
0.00040573
0.00044941
0.00044941
0.00040058
0.00040058
0.00018242
0.00016809
0.00040019
0.00061639
0.00061639
0.00037947
0.00018444
0.00014813
0.00033378
0.00033378
0.00026297
0.00028712
0.00028712
0.00028360
0.00028360
0.00021336
0.00010725
0.00018664
0.00024519
0.00024519
0.00017173
0.00007085
0.00016169
0.00021250
0.00021250
0.00035145
0.00035145
0.00021659
0.00039483
0.00055112
0.00055112
0.00038982
0.00037760
0.00037760
0.00029418
0.00024058
0.00014457
0.00017248
0.00024350
0.00024350
0.00023527
0.00011020
0.00015623
0.00030291
0.00038702
0.00038702
0.00025464
0.00020263
0.00013633
0.00013633
0.00011358
0.00015442
0.00015442
0.00011168
0.00017264
0.00032391
0.00032391
0.00040800
0.00040800
0.00034909
0.00035106
0.00047501
0.00047501
0.00051372
0.00051372
0.00029510
0.00032554
0.00032554
0.00037970
0.00037970
0.00033629
0.00031608
0.00031608
0.00026636
0.00023659
0.00026648
0.00030822
0.00030822
0.00028155
0.00019151
0.00019151
0.00030825
0.00030825
0.00020087
0.00026002
0.00032585
0.00032585
0.00024529
0.00030985
0.00030985
0.00024419
0.00052665
0.00052665
0.00038220
0.00038220
0.00035110
0.00032938
0.00021864
0.00021864
0.00020231
0.00020231
0.00016169
0.00022420
0.00028026
0.00042941
0.00042941
0.00040088
0.00025751
0.00048281
0.00048281
0.00031284
0.00026602
0.00043581
0.00062163
0.00062163
0.00046244
0.00042967
0.00024286
0.00015920
0.00015920
0.00027908
0.00048897
0.00048897
0.00046469
0.00046469
0.00034000
0.00041940
0.00057971
0.00110782
0.00135688
0.00135688
0.00104604
0.00104604
0.00084025
0.00047607
0.00034195
0.00042564
0.00073629
0.00073629
0.00050007
0.00089088
0.00142589
0.00160081
0.00160081
0.00128308
0.00046868
0.00017038
0.00032659
0.00032659
0.00026761
0.00014385
0.00018544
0.00018544
0.00016013
0.00016013
0.00016005
0.00027858
0.00027858
0.00023672
0.00018004
0.00024210
0.00024210
0.00018790
0.00018790
0.00026477
0.00036594
0.00036594
0.00022351
0.00030105
0.00036218
0.00058461
0.00107982
0.00158340
0.00158340
0.00114550
0.00049685
0.00026677
0.00022494
0.00017410
0.00052284
0.00052284
0.00052216
0.00023006
0.00020385
0.00020385
0.00042761
0.00055192
0.00062369
0.00062369
0.00052897
0.00026820
0.00023392
0.00031263
0.00033468
0.00033468
0.00021038
0.00028270
0.00028270
0.00042018
0.00042018
0.00033835
0.00019566
0.00020772
0.00031457
0.00031457
0.00036930
0.00038034
0.00038034
0.00026698
0.00031022
0.00031022
0.00032756
0.00057055
0.00057055
0.00034308
0.00022557
0.00038072
0.00052441
0.00052441
0.00057500
0.00057500
0.00028640
0.00032461
0.00032461
0.00040463
0.00040463
0.00021943
0.00021943
0.00043285
0.00043285
0.00050599
0.00050599
0.00042030
0.00025558
0.00012818
0.00010013
0.00016543
0.00020639
0.00020639
0.00021012
0.00021012
0.00016029
0.00017785
0.00024081
0.00024081
0.00021296
0.00020040
0.00024721
0.00048504
0.00048504
0.00044543
0.00025678
0.00013531
0.00013023
0.00019812
0.00023572
0.00029729
0.00041051
0.00046133
0.00046133
0.00040358
0.00025123
0.00025123
0.00014595
0.00000000
0.00253818
0.00287689
0.00000000
0.00000000
0.00000000
0.00000000
0.00000000
0.00000000
0.00287689
0.00253818
0.00000000
0.00000000
0.00000000
0.00000000
0.00000000
0.00012449
0.00008076
0.00008076
0.00012449
0.00000000
0.00003616
0.00023281
0.00041913
0.00041913
0.00031778
0.00014077
0.00019344
0.00042029
0.00042029
0.00025172
0.00019386
0.00032382
0.00032382
0.00022018
0.00019900
0.00019900
0.00040837
0.00083207
0.00107999
0.00107999
0.00092003
0.00058440
0.00023202
0.00023202
0.00025831
0.00025831
0.00041250
0.00041250
0.00029089
0.00029089
0.00023006
0.00029813
0.00031266
0.00054389
0.00054389
0.00033401
0.00026920
0.00046811
0.00050355
0.00050355
0.00037722
0.00037722
0.00029495
0.00029495
0.00032654
0.00032654
0.00025895
0.00023033
0.00029762
0.00029762
0.00028104
0.00028104
0.00025323
0.00025323
0.00025319
0.00025319
0.00040061
0.00040061
0.00025294
0.00025294
0.00031416
0.00044955
0.00044955
0.00039297
0.00039297
0.00031530
0.00027602
0.00036261
0.00036261
0.00049154
0.00052150
0.00058751
0.00058751
0.00041235
0.00041235
0.00033838
0.00033838
0.00011172
0.00029073
0.00049564
0.00079414
0.00082742
0.00082742
0.00047477
0.00035690
0.00035690
0.00034747
0.00034747
0.00030098
0.00030098
0.00037669
0.00037669
0.00028244
0.00028244
0.00046379
0.00046379
0.00040612
0.00032033
0.00032033
0.00045963
0.00045963
0.00041294
0.00028773
0.00048144
0.00048144
0.00040210
0.00042341
0.00042341
0.00039570
0.00030989
0.00033525
0.00046155
0.00046155
0.00060573
0.00060573
0.00038869
0.00009472
0.00021066
0.00050794
0.00050854
0.00060314
0.00060314
0.00044143
0.00014216
0.00024692
0.00024692
0.00019979
0.00038171
0.00038171
0.00042075
0.00042075
0.00037494
0.00041209
0.00041209
0.00040871
0.00040871
0.00031795
0.00033882
0.00048749
0.00048749
0.00030949
0.00030949
0.00026068
0.00026068
0.00023688
0.00023688
0.00015438
0.00037204
0.00023628
0.00046271
0.00046271
0.00041726
0.00022489
0.00022489
0.00018496
0.00028893
0.00028893
0.00038902
0.00041842
0.00041842
0.00035952
0.00035952
0.00038716
0.00040532
0.00040532
0.00037464
0.00037464
0.00028084
0.00035489
0.00035489
0.00028527
0.00028527
0.00027578
0.00028329
0.00070083
0.00098840
0.00098840
0.00095933
0.00064017
0.00046578
0.00045634
0.00017597
0.00039766
0.00039766
0.00037127
0.00039864
0.00039864
0.00037086
0.00035353
0.00035353
0.00029548
0.00043860
0.00052131
0.00052131
0.00042410
0.00025216
0.00031111
0.00031111
0.00026102
0.00027936
0.00027936
0.00027964
0.00038870
0.00038870
0.00038732
0.00038732
0.00034101
0.00016154
0.00016581
0.00024205
0.00028070
0.00028070
0.00024385
0.00006814
0.00012420
0.00000000
0.00013825
0.00000000
0.00014127
0.00014127
0.00021461
0.00043734
0.00043734
0.00051807
0.00051807
0.00022715
0.00023987
0.00025656
0.00035642
0.00054832
0.00057722
0.00058480
0.00058480
0.00029907
0.00041931
0.00041931
0.00028953
0.00024466
0.00024466
0.00016403
0.00025323
0.00039801
0.00039801
0.00034112
0.00023382
0.00029952
0.00029952
0.00037380
0.00066491
0.00066491
0.00039976
0.00017440
0.00011954
0.00037204
0.00013598
0.00046777
0.00046777
0.00028473
0.00021666
0.00042860
0.00051027
0.00051027
0.00034842
0.00021530
0.00038842
0.00043857
0.00043857
0.00009344
0.00034112
0.00029113
0.00029113
0.00027779
0.00035691
0.00035691
0.00039098
0.00039098
0.00045039
0.00045039
0.00053781
0.00053781
0.00041563
0.00027002
0.00040686
0.00040686
0.00038661
0.00056165
0.00056165
0.00034820
0.00021968
0.00024301
0.00034943
0.00050499
0.00050499
0.00049365
0.00038914
0.00018150
0.00023912
0.00023912
0.00021575
0.00035262
0.00035262
0.00007720
0.00012498
0.00030116
0.00044697
0.00044697
0.00026502
0.00018947
0.00022278
0.00037488
0.00037488
0.00032762
0.00046987
0.00046987
0.00045480
0.00029390
0.00029390
0.00023822
0.00033645
0.00041339
0.00041339
0.00038179
0.00038179
0.00024615
0.00017232
0.00017232
0.00009540
0.00016730
0.00026823
0.00038014
0.00047987
0.00047987
0.00045070
0.00020629
0.00035323
0.00035323
0.00033478
0.00051055
0.00051055
0.00034261
0.00017242
0.00031270
0.00046588
0.00046588
0.00045124
0.00052536
0.00052536
0.00036067
0.00020033
0.00020033
0.00017310
0.00031271
0.00035017
0.00035017
0.00017624
0.00020958
0.00020958
0.00027553
0.00032423
0.00032423
0.00012783
0.00012783
0.00000000
0.00012420
0.00054445
0.00000000
0.00000000
0.00000000
0.00000000
0.00000000
0.00000000
0.00000000
0.00022417
0.00008128
0.00000000
0.00030257
0.00030257
0.00035347
0.00035347
0.00036787
0.00036787
0.00026440
0.00026440
0.00032324
0.00032324
0.00022030
0.00019786
0.00033219
0.00033219
0.00033195
0.00038055
0.00038055
0.00005101
0.00005101
0.00022417
0.00008128
0.00022242
0.00034642
0.00057720
0.00076100
0.00076100
0.00055340
0.00033276
0.00041901
0.00017687
0.00013810
0.00013810
0.00010163
0.00041901
0.00012635
0.00032348
0.00032432
0.00032432
0.00017224
0.00013115
0.00034628
0.00061087
0.00130556
0.00207119
0.00239478
0.00263518
0.00263518
0.00209569
0.00153349
0.00072194
0.00056764
0.00056399
0.00036908
0.00023702
0.00029605
0.00029605
0.00013986
0.00015816
0.00026068
0.00034502
0.00034502
0.00013120
0.00014799
0.00014799
0.00013808
0.00028118
0.00028118
0.00025269
0.00025269
0.00021118
0.00008872
0.00019837
0.00019837
0.00016992
0.00016992
0.00022813
0.00026923
0.00026923
0.00018272
0.00018060
0.00019610
0.00025300
0.00025300
0.00019158
0.00020058
0.00025110
0.00025110
0.00017553
0.00017091
0.00015578
0.00021533
0.00024909
0.00024909
0.00029789
0.00029789
0.00027226
0.00030547
0.00030547
0.00015601
0.00017219
0.00017219
0.00013964
0.00000000
0.00054445
0.00000990
0.00010001
0.00028634
0.00036827
0.00036827
0.00029436
0.00019517
0.00017938
0.00024612
0.00040422
0.00040422
0.00020517
0.00022503
0.00038734
0.00038734
0.00022025
0.00028735
0.00028735
0.00015577
0.00029984
0.00029984
0.00036009
0.00036009
0.00034057
0.00034057
0.00012679
0.00020332
0.00025073
0.00025073
0.00023643
0.00033330
0.00035463
0.00035463
0.00041150
0.00041150
0.00031469
0.00024950
0.00026145
0.00026496
0.00027850
0.00060045
0.00062537
0.00062537
0.00052013
0.00052013
0.00044357
0.00031787
0.00031787
0.00049343
0.00049343
0.00029689
0.00027914
0.00027051
0.00027051
0.00026240
0.00026240
0.00054634
0.00061619
0.00061619
0.00057837
0.00057837
0.00036145
0.00036145
0.00030253
0.00042287
0.00042287
0.00032967
0.00032967
0.00041035
0.00041035
0.00037911
0.00036381
0.00025054
0.00048218
0.00048218
0.00022659
0.00031321
0.00038720
0.00038720
0.00024448
0.00030165
0.00030165
0.00019362
0.00020342
0.00020342
0.00018212
0.00018212
0.00016421
0.00045055
0.00045055
0.00076236
0.00120096
0.00120096
0.00101516
0.00082184
0.00058739
0.00069406
0.00069406
0.00058318
0.00078731
0.00099227
0.00099227
0.00064319
0.00053117
0.00053117
0.00035289
0.00036123
0.00062817
0.00062817
0.00045596
0.00026045
0.00028126
0.00028126
0.00020376
0.00020614
0.00033862
0.00033862
0.00029945
0.00034392
0.00059915
0.00059915
0.00051982
0.00038488
0.00038488
0.00064713
0.00064713
0.00037142
0.00040254
0.00040254
0.00042366
0.00052477
0.00052477
0.00042234
0.00011306
0.00075779
0.00023559
0.00000000
0.00000000
0.00025599
0.00025599
0.00018382
0.00018382
0.00000000
0.00075779
0.00023559
0.00037367
0.00056934
0.00056934
0.00049251
0.00049251
0.00053153
0.00062885
0.00062885
0.00041717
0.00055044
0.00055044
0.00042244
0.00016649
0.00042265
0.00042265
0.00033459
0.00032768
0.00032768
0.00032537
0.00058364
0.00058364
0.00056251
0.00035489
0.00026329
0.00038420
0.00038420
0.00037088
0.00035333
0.00066731
0.00066731
0.00042481
0.00012263
