1.50003
1.82399
0.90343
1.62393
3.01822
3.72863
3.96662
4.59269
5.35551
5.72303
5.78765
5.89970
5.97917
6.47179
7.45512
8.27412
8.42379
8.90604
9.91612
10.40694
11.57685
11.97019
10.95546
10.81347
11.85059
12.43083
12.77350
12.31576
10.82179
10.36204
10.86327
11.20142
11.84834
12.47456
12.17382
11.83107
10.91981
10.30642
11.27221
11.36910
10.89184
11.58637
12.40353
12.12875
11.20051
10.66332
10.99884
11.67550
13.05549
13.85912
15.23751
15.40843
14.08529
13.65713
14.74144
15.17999
15.38949
16.03378
17.44770
18.22803
19.38082
20.16218
21.62973
21.53665
20.08172
20.18260
21.64618
22.32202
23.29628
23.84514
23.91786
23.47981
22.19964
21.88617
22.70278
23.38358
22.46596
22.74968
23.49589
22.87357
22.03955
21.72220
22.55973
21.78557
20.94463
20.89300
22.10622
22.70225
23.75542
24.58414
26.02672
26.91565
28.20099
27.98994
26.65815
27.13419
28.45659
28.92226
29.76220
30.42304
30.27996
30.70230
31.58979
31.29053
30.44077
29.78008
28.31486
27.71385
27.60151
27.78740
28.01452
28.21666
28.68898
28.82836
28.65169
29.00171
29.98925
30.25177
29.55794
28.83079
28.10230
28.27931
28.94588
29.71762
31.07283
31.87334
32.85409
33.70764
34.16042
34.80527
36.15190
36.31074
35.07901
34.90853
36.08918
36.67200
37.25365
37.73848
38.48298
38.37755
37.40146
36.81551
35.56949
35.70083
37.04707
37.92486
38.93547
38.74329
37.43192
36.93644
37.28559
37.08181
36.21011
35.78887
35.69996
35.51543
36.11910
36.83479
36.22351
35.46617
34.26868
33.40201
32.05214
31.34327
31.04609
31.88794
32.46467
32.87734
33.59980
33.86050
34.65464
35.14104
35.92795
36.11548
35.73312
35.98021
36.80990
37.49162
38.58632
39.32240
40.74820
41.02617
39.95269
39.30932
39.85571
39.11870
38.49940
38.88148
39.55877
40.31257
39.70856
39.87835
39.77990
39.42381
38.38438
37.79219
37.86395
37.85993
37.99986
38.03121
37.95711
38.15927
38.85506
39.21282
39.06405
39.92441
40.67341
41.08103
41.03648
41.46857
42.72990
42.87753
41.95990
41.81488
42.23566
41.79186
41.43459
40.81708
40.22221
39.35460
39.29230
39.69026
40.74996
41.58157
42.89695
43.48417
44.48118
45.18290
46.46746
46.99480
46.11872
45.65834
46.62041
47.27954
48.46595
49.35294
50.77612
51.12780
49.71544
48.96775
48.30863
47.58693
46.62852
45.74781
44.41575
43.52724
42.26496
41.54602
40.33883
39.61816
39.32503
40.17661
40.39013
40.84215
41.53674
41.91084
42.81047
42.27397
41.94533
41.77855
42.44852
43.24760
42.91669
42.52855
41.91570
41.82228
42.11000
41.45192
41.04811
41.16539
41.96021
41.53457
40.72809
40.59496
40.22833
39.32964
39.68073
39.01731
37.77033
38.15640
39.46432
40.36101
41.68600
42.54659
43.88616
43.84717
42.80109
42.13816
43.16198
43.46413
42.94038
42.73070
42.53858
41.95086
41.85045
41.84252
42.28301
42.82679
44.07980
44.65884
45.49240
46.02459
46.88627
47.55934
48.80014
49.59385
50.37316
50.00597
50.04085
50.92987
50.93120
50.41493
49.13767
48.78548
49.87387
50.36337
50.66707
51.32962
51.77604
51.83165
51.61216
50.72754
49.90645
49.25200
50.09437
50.83624
52.09203
52.84946
54.05060
54.92363
55.54816
55.26177
54.59147
54.59945
54.51738
54.63564
54.98957
55.63150
57.02751
57.89157
58.15198
58.94944
58.78795
58.89005
59.19419
59.87457
59.72393
59.42116
58.25171
57.50491
56.65523
56.08662
55.28554
54.43817
54.13190
54.66609
54.85036
55.47578
56.27744
56.95135
58.17520
58.81468
60.10551
60.81191
61.91693
62.52893
63.28606
63.79992
63.08756
62.66930
63.03526
63.38582
62.93287
63.38842
63.88152
63.77680
63.47063
63.40000
63.58314
63.14820
62.81994
62.55426
62.05295
61.82013
61.43854
60.92267
59.64903
58.88296
57.77155
57.13666
57.08413
57.66328
58.57803
59.44800
60.45601
60.90513
59.62130
59.62806
61.00007
61.66619
61.26038
60.68709
59.26356
59.09694
60.54063
60.43596
58.96861
59.24210
60.69555
61.41731
62.34083
62.18040
62.79282
63.28815
63.88705
63.12290
62.53970
63.06750
64.19605
64.16259
63.11725
62.82183
62.48679
61.81963
62.34052
61.74498
60.26581
60.46063
61.93433
61.95581
60.77464
60.32653
61.67638
62.54415
63.36644
64.13724
63.87073
64.63311
65.44989
64.96156
64.19637
63.43019
62.42307
62.83890
64.21011
64.70637
65.23549
65.63464
65.61829
65.12051
65.42569
66.07098
67.05811
67.68359
67.96669
67.11379
66.83545
66.69948
66.57324
67.09413
67.35049
67.76368
68.74401
69.42760
70.25055
70.69512
69.92332
69.60526
69.53715
68.82370
67.37890
66.63875
66.13611
66.70575
67.62810
67.82511
67.07539
66.52681
66.67988
66.02881
64.62940
63.77399
62.41268
62.12211
63.45516
64.01015
63.56334
62.72835
63.13413
63.86967
65.36127
65.78982
64.47796
63.90808
63.03536
62.64346
61.79000
61.18496
61.29606
62.00710
62.55723
62.41149
63.34464
64.04014
65.11114
65.83368
65.50812
65.21500
64.99792
64.36891
63.51355
62.73256
61.89007
62.02505
63.40242
64.05176
64.31287
63.61029
62.75410
63.37018
64.34352
64.02364
63.15089
62.68503
61.26375
60.72211
61.73029
61.70529
60.64645
59.98694
59.61157
59.38731
59.25351
59.04767
58.96668
58.28835
57.21912
56.50527
55.40080
55.79694
57.07949
57.97853
59.20337
59.66118
58.57633
58.20508
57.97895
57.83738
57.86255
58.34385
58.51882
57.65333
57.41928
57.83813
58.79999
59.10909
59.70064
60.10453
60.68040
61.22052
62.42772
62.40055
60.98157
61.04873
61.04751
60.23926
60.05837
60.41373
61.72092
62.57975
63.26347
63.75467
64.97732
65.54119
66.85037
67.15127
65.94351
65.17962
65.86697
65.29375
64.83464
64.62459
64.28944
63.74062
62.65736
62.79495
64.09693
64.12382
62.91676
62.18361
61.00915
60.32525
59.02395
59.30720
60.72711
61.36339
61.69393
61.26489
60.67009
59.87643
59.71188
59.80766
60.30991
60.69118
60.86158
61.09904
61.61959
60.99433
59.90798
59.11162
58.21256
58.17676
57.98379
57.69300
57.08910
56.88620
57.23831
57.19177
56.78749
56.69099
56.68901
56.88821
57.49841
57.83322
58.44011
58.21681
57.73060
58.56358
59.05766
58.90426
57.80730
