0.00034592
0.00067332
0.00129667
0.00197086
0.00219472
0.00219472
0.00192788
0.00129384
0.00078811
0.00036147
0.00019810
0.00020092
0.00020092
0.00037070
0.00037070
0.00036130
0.00039544
0.00041857
0.00041857
0.00032013
0.00031103
0.00031103
0.00066933
0.00121097
0.00148301
0.00148301
0.00125902
0.00088877
0.00035434
0.00025718
0.00034994
0.00053484
0.00056823
0.00056823
0.00055076
0.00037089
0.00037089
0.00025870
0.00035156
0.00039060
0.00064690
0.00078336
0.00078336
0.00048762
0.00074168
0.00143933
0.00210550
0.00225315
0.00225315
0.00195948
0.00167082
0.00124212
0.00115374
0.00091822
0.00036931
0.00031387
0.00018188
0.00015674
0.00020514
0.00045464
0.00085113
0.00107909
0.00126294
0.00137730
0.00137730
0.00110384
0.00096417
0.00076577
0.00052918
0.00116450
0.00169340
0.00248796
0.00321049
0.00357795
0.00363111
0.00363111
0.00339311
0.00306907
0.00268193
0.00201502
0.00121635
0.00050467
0.00050819
0.00050819
0.00048404
0.00043738
0.00082530
0.00104795
0.00104795
0.00081465
0.00031369
0.00020272
0.00022808
0.00033203
0.00051643
0.00061212
0.00061212
0.00051416
0.00037656
0.00029193
