1.49999
2.04765
1.90896
2.58794
3.98366
4.86456
6.11432
6.76752
7.65423
7.94472
8.06826
7.91996
7.63392
7.73239
8.34211
8.83645
9.83043
10.25628
9.99696
9.94917
10.02307
9.57403
8.17646
7.79987
8.43926
8.88634
9.20255
9.98776
11.27808
12.10088
13.20040
13.99605
15.43549
16.21488
17.31308
18.02445
19.25726
19.98981
21.17512
21.97494
23.38708
23.87891
23.94796
23.38138
21.89367
21.17988
20.59403
20.26978
20.66149
20.11642
19.33521
18.67183
17.41466
16.63200
15.26866
14.77421
14.78127
14.79125
15.16818
14.57852
13.12781
13.02848
14.47061
