1.49993
2.35072
3.60687
4.34349
5.58883
5.56613
4.35419
4.10286
4.84674
5.64927
5.53618
5.78025
6.58655
6.13879
4.71472
4.22079
4.85690
4.98446
4.75624
5.41236
6.87924
7.66080
9.14400
10.01728
10.70728
11.58702
12.87040
13.39599
12.84538
12.74943
12.98050
12.38957
11.19531
11.01234
12.09669
11.71462
10.49952
9.69931
8.48636
7.85565
7.57841
7.18134
6.48466
6.71765
8.21096
8.69872
8.51995
8.36620
8.18595
8.48674
9.23192
9.84731
10.89603
11.40910
11.73722
12.07676
12.59378
12.98078
13.61070
13.79478
14.70443
15.41393
15.59996
15.76041
17.20258
17.68772
17.07039
17.34219
18.06991
18.85042
20.25769
21.02889
21.44280
21.77238
22.18706
22.23799
22.13716
21.51349
20.02527
19.51765
20.13592
20.80724
22.09017
22.73514
23.03844
23.17934
23.44928
22.81946
21.76490
21.41849
22.43635
22.93407
23.72713
24.48080
25.93476
26.72193
27.38968
27.24879
26.42078
25.81276
24.79398
24.49374
24.97328
25.13138
25.35018
25.38593
25.35803
24.92610
23.69196
22.85644
21.38148
20.73492
20.64705
20.53643
20.39953
20.52027
20.97583
20.89849
20.51764
19.79034
19.31796
18.93841
18.57408
18.16849
18.14469
18.14394
18.32520
18.37445
18.08225
18.75612
19.44335
20.33985
21.20993
21.45014
20.93242
20.10447
18.95449
18.05687
16.71523
15.95949
15.06207
14.78305
14.94465
14.84692
14.32689
15.07377
15.71837
16.33141
17.35076
18.12639
19.56918
20.43529
21.87936
22.70744
23.88168
23.88242
22.58975
22.64612
24.02006
24.24971
23.46008
23.28848
24.01787
23.53950
22.10063
21.21508
19.71530
18.98351
18.71914
18.01618
16.69031
16.02420
15.42973
15.11162
14.74313
14.57193
14.55126
14.05827
12.70263
12.01770
11.24907
10.57589
9.26053
8.42783
7.54272
6.71070
6.88761
7.38615
8.67867
9.43461
10.65939
11.45591
12.15290
12.45506
12.60022
12.42896
11.85803
11.66609
11.72050
11.44356
11.29936
11.28021
11.47612
11.59525
12.02950
11.47187
10.56317
9.85551
10.62256
11.12115
11.91128
12.49663
13.25283
14.02215
14.98801
15.68242
15.39350
15.10373
14.43934
14.72638
15.40013
16.18594
16.82123
17.37469
18.19205
18.71975
19.75152
19.63283
18.53026
17.93482
17.23474
17.07396
16.20436
15.31622
14.70865
15.20784
16.32203
16.88226
17.96019
18.49082
18.82172
18.79778
18.45834
17.92287
16.98143
16.41750
15.84613
15.85035
15.93511
15.58286
15.09306
14.67534
13.80558
13.23624
12.41523
11.90485
11.06219
11.50395
12.99502
13.67555
14.28554
14.79736
15.42168
15.92581
16.64869
16.86960
16.51206
15.61892
15.40113
14.64841
14.10872
14.57821
16.06573
16.92857
18.02114
18.89162
20.28922
20.68095
19.64120
19.60600
20.47882
20.47241
19.67008
19.42980
19.35051
19.13056
18.53793
18.20928
18.79198
18.81077
18.15889
18.85672
19.93662
20.71756
22.09864
22.44557
21.88476
21.23648
20.15661
19.55771
19.00845
18.47333
19.21111
20.02375
21.28076
21.99591
23.03892
23.46007
23.65109
23.83471
24.10318
24.36278
24.82894
25.48356
26.89793
27.58531
28.24835
28.88166
30.17849
30.77804
31.35582
31.75942
32.52361
32.55736
31.85153
31.62698
31.45274
31.49690
31.76552
31.94201
32.35201
32.26968
31.54990
31.33168
31.03809
31.58732
33.01875
33.52227
33.72605
33.04707
32.50024
32.86963
34.28812
34.66165
33.99913
33.61446
33.77064
33.89743
34.13877
34.41719
34.99666
34.82027
33.46321
32.80270
32.50299
32.37135
32.39197
32.45493
32.26277
32.98751
33.87389
34.41788
34.27773
34.83543
35.66656
36.50828
37.83537
38.68622
39.56937
39.78851
38.91948
39.30073
40.67206
41.47070
42.85808
42.77474
41.31154
40.46227
39.08791
38.20934
36.72012
36.16107
36.75165
36.36203
35.55524
34.68034
33.88194
33.26936
32.18654
31.78887
31.45380
31.91612
33.33511
33.91261
34.20395
34.04239
33.99544
33.92999
33.38271
34.09106
35.15176
35.93692
37.27141
37.97611
38.75755
39.34522
40.44859
41.08602
42.00685
42.80195
44.15657
44.11061
42.74294
42.02623
41.10718
40.48750
39.34518
39.12877
39.77433
40.53252
41.30812
41.42089
40.64303
40.70904
41.60418
41.56037
40.49516
40.71662
42.00505
42.75649
44.02800
44.82701
46.24893
46.81360
47.22956
46.60501
45.44258
44.87568
44.56322
44.08498
43.06017
43.16731
44.43408
44.86659
45.40590
46.09800
46.16382
45.53952
44.07469
43.53518
44.26393
44.29736
43.36812
42.89463
42.16949
41.54336
40.23808
39.58248
38.78372
38.13221
38.19395
38.41555
38.67058
39.18406
40.24680
40.77795
42.23162
43.01943
44.00833
44.58866
45.49588
46.06372
46.91628
47.57613
47.90794
47.61558
46.90034
46.72761
46.78835
47.37777
47.94189
48.68672
49.85963
50.34232
50.28267
50.43377
50.59833
51.27526
52.22234
52.97146
54.02885
54.69472
55.03142
55.27471
55.57555
55.15755
54.34804
53.62053
52.68662
52.17706
51.79554
51.16309
50.38107
50.10320
50.12938
50.15646
50.41816
50.13227
49.06287
49.23773
50.60932
51.34268
52.55758
53.05250
53.19120
53.82365
55.06793
55.28456
54.37756
54.20901
54.49806
54.65796
54.91975
55.37649
56.68628
56.64551
55.29197
54.58770
53.62756
52.94175
52.16803
51.99391
52.11640
51.77998
51.10870
50.34994
50.45719
50.24225
50.06232
49.43365
48.84731
48.41327
47.81699
47.95873
48.85821
49.45766
49.97697
50.30438
50.21939
50.84786
51.76978
52.61608
52.57161
52.81440
53.60377
53.88820
54.20285
53.71667
52.25566
51.89167
52.56482
53.00459
54.18607
53.90144
52.56903
51.93038
52.70735
52.05259
51.02328
50.37996
50.93125
50.82433
50.09113
50.28327
51.33964
51.32368
50.20937
49.71000
49.13453
48.84427
48.57766
48.32145
48.44068
48.75749
49.82051
50.00189
49.28491
49.78361
50.77299
51.37996
51.68586
52.18184
53.23735
53.93214
55.01762
55.28863
54.67249
54.78370
55.73754
55.47518
54.09898
53.47635
53.03157
52.21900
50.94889
50.38978
51.26096
51.48579
51.31544
51.02284
50.28121
49.68323
49.03405
49.07797
48.35320
48.38173
49.02106
49.61166
50.31536
50.84427
51.31766
51.67271
51.22824
51.48560
52.31115
51.81552
50.50776
50.02083
50.36633
50.63784
51.15240
51.38090
51.54406
51.83174
52.41107
52.71205
53.34952
52.63472
51.59017
51.44630
52.65684
52.93100
52.61100
52.06803
50.64559
50.55078
51.92599
52.16345
51.37782
50.89551
50.13560
49.62235
50.51345
50.71533
50.33195
50.04413
49.73973
49.26023
48.40867
47.64793
46.76954
45.89135
45.32798
44.43447
43.57153
42.97983
42.14466
41.47472
40.37812
39.54817
38.07078
37.53461
37.93520
37.30513
35.88594
35.47686
36.47105
37.24674
38.47656
38.96817
39.39534
38.60175
37.71151
37.21129
36.86470
36.76812
36.87252
36.89847
36.69433
36.70645
36.86094
37.22322
38.14088
38.34997
37.54847
37.34727
37.40497
37.16941
35.96826
35.30330
34.21577
33.55085
32.78429
32.13820
31.64517
30.74995
30.37126
30.02766
29.81930
29.17067
28.17612
27.47089
26.52935
25.66338
25.11356
25.64419
26.90365
26.65954
25.17704
24.30471
23.05390
22.63895
23.09650
22.52677
21.73987
20.84884
19.93190
19.67821
20.02973
20.30546
20.71216
21.38445
21.43719
22.16050
23.16545
23.57354
24.91144
25.50774
25.28932
24.58155
24.33216
24.75103
25.80146
26.58575
27.73774
28.63080
29.69710
30.43644
31.54438
32.32286
32.68278
32.92492
32.95611
33.06228
33.50466
32.96787
31.81234
31.09683
29.74345
29.97872
31.46261
32.32610
33.47440
33.89910
33.16039
32.84815
32.30184
32.17907
32.48825
32.84531
33.59437
34.34430
35.83148
36.63851
37.48889
37.96722
37.91703
37.60964
36.68063
36.27130
35.21137
34.81473
35.52916
35.51610
34.37872
34.69739
36.05275
36.37643
35.48231
34.94056
34.38339
34.56694
35.27080
36.02591
37.48936
38.29433
38.89104
39.29120
39.05404
39.04921
39.28050
38.94897
38.42400
38.48258
39.21047
39.84019
40.94034
41.32771
41.13190
40.82974
40.12432
39.46528
38.37631
38.34996
39.47741
39.97432
40.63466
40.84687
40.83077
40.63978
39.96822
39.63229
38.95875
39.22563
40.49904
41.16746
42.20727
42.83350
43.91000
44.35463
44.73012
44.76052
44.54101
43.96482
42.61065
42.25617
43.35228
43.82248
44.48542
44.83849
44.72961
45.37728
46.66885
47.40574
48.49645
48.73886
48.19351
48.23239
48.80153
49.01600
48.77362
47.95768
46.78584
46.39632
47.44183
47.62745
46.68008
46.02478
44.71443
44.52738
45.66858
46.16164
46.78998
47.37929
48.60734
49.34052
50.59666
51.21374
52.20573
51.83271
50.52468
49.73635
49.11212
48.62822
48.37341
48.96036
50.34501
50.39663
49.01201
48.25296
47.11950
46.52773
46.36559
46.15858
45.87714
45.52482
44.87672
44.36536
43.36485
42.90074
42.58179
42.57380
42.90109
43.32448
44.40847
44.86719
45.20774
45.59185
46.20515
45.87289
44.49131
44.26725
45.31269
46.21166
47.09018
47.67817
47.60780
47.89883
47.42281
47.81365
48.43873
47.95092
46.82786
46.88736
47.30286
47.92310
49.23678
50.02096
50.91821
51.24225
51.12260
50.78599
49.68537
50.10272
51.58081
52.43222
53.66247
54.45161
55.77851
56.67291
58.08614
58.47808
57.52421
57.47061
58.05635
58.34771
58.68214
59.27732
59.90046
60.68495
60.37473
60.49045
61.02994
60.61618
59.65495
59.20238
60.05988
59.61825
58.56629
58.49606
59.73202
59.66046
58.42739
58.40611
59.53067
59.66311
58.59069
58.51738
59.35090
59.85913
60.90198
61.17637
60.85999
60.88465
61.05228
61.54961
62.71005
63.55934
63.91431
64.72485
66.09177
66.60339
65.69366
65.10193
64.71272
63.84147
63.76993
62.93076
62.04954
61.38338
60.47740
60.92648
61.61607
61.90993
61.26264
60.57816
60.00034
60.39101
61.09366
61.72549
62.12608
62.29756
62.27415
62.78660
63.33111
63.38086
62.70465
62.88412
64.02492
63.58326
62.25068
61.70108
61.48160
62.29714
63.57795
64.34701
65.40735
65.94708
65.89815
65.84155
65.87186
65.05987
64.60570
64.25876
64.13800
63.44817
63.02916
62.61190
61.98771
61.36821
60.12466
59.22814
58.08197
57.87771
58.73070
58.66058
57.79384
57.24183
56.31978
55.68808
54.70140
53.85559
53.34270
52.61679
51.22037
50.94789
51.45143
51.07482
50.02940
49.63148
50.54477
50.08700
49.40728
48.69178
47.54669
46.74267
45.78610
45.07224
44.03285
43.30121
42.18483
42.04651
42.98022
43.52807
44.60807
45.05444
45.39622
45.72987
46.00032
46.78404
47.03027
46.90197
45.73481
46.07752
47.57569
48.36060
48.69749
49.49927
49.87538
50.64443
51.69576
52.17824
53.09748
53.92489
54.00742
54.38239
55.38379
55.43680
54.51990
53.91459
53.26622
52.90483
51.73516
51.86852
52.89301
53.53099
52.98152
52.23995
50.91394
50.09832
49.49862
49.11824
48.59729
48.39922
48.30535
47.67134
46.44548
46.07964
47.15645
47.57789
48.47545
48.02853
46.73597
46.00377
46.24675
46.07152
45.52253
45.30655
45.15311
45.04647
45.09272
44.86536
44.27387
44.39816
45.52488
45.30257
44.14363
43.32053
42.04630
41.88027
42.58962
43.45803
43.75161
44.58298
45.95699
46.85507
48.18498
48.78391
48.08069
47.48204
46.06508
45.29347
44.29277
43.88408
44.47484
44.48057
43.99304
44.24872
45.52367
45.27111
43.79756
42.99651
41.92061
42.10945
43.34107
44.23995
45.50476
46.19369
47.54837
48.43485
49.87277
50.55893
51.06240
50.53934
49.08285
48.26001
47.19247
47.09908
47.84105
47.33437
46.10045
45.48440
44.21903
43.44547
42.30032
41.53428
40.90511
40.34490
39.50379
39.50091
40.26878
40.65134
40.96854
41.52879
41.53658
41.04498
39.61601
38.84871
38.95438
39.45345
40.84174
41.64416
43.11256
43.24623
41.90699
41.76508
42.64429
43.20937
44.36431
44.76461
44.52718
45.02345
45.66823
45.22422
43.73428
42.95472
42.16654
42.21609
43.26036
43.52434
43.46065
43.41159
43.29609
43.12564
42.99428
42.85687
42.62897
42.25782
41.20495
41.00491
41.42317
41.67552
41.91772
42.64507
43.26258
43.21952
42.22201
41.67113
40.84930
40.36563
39.48435
39.44591
40.07837
40.76458
41.89388
41.56775
40.08074
39.62878
40.49317
40.10724
38.78383
38.17270
37.40207
36.66936
35.20407
34.82828
35.81489
36.53518
36.77180
37.15080
38.01106
38.40950
38.55456
38.60944
38.71249
38.26831
36.89872
36.44789
36.59640
36.74150
36.81329
36.92816
37.25681
37.06998
36.55736
35.66381
35.58200
34.91913
33.50227
32.94893
33.34644
33.49775
33.99370
33.70668
32.35986
32.34223
33.65802
33.60242
32.31333
31.57371
30.25470
29.71897
29.75836
28.90836
28.16593
27.33351
26.79705
26.45341
26.09355
25.94249
25.70671
26.00339
26.94788
27.37675
27.81998
28.12059
28.32691
27.92654
26.57712
25.92179
25.13194
24.69156
24.11018
23.71879
23.12610
22.91373
22.46305
22.60937
23.70558
24.44092
25.63088
26.24585
26.19861
26.40294
27.46159
26.99296
25.94495
25.10088
24.43473
24.28680
24.95945
25.22318
25.99032
26.54736
28.02310
28.40776
27.50851
27.79068
28.22879
29.10273
30.10579
30.69126
31.50024
31.66072
31.12210
30.87042
30.74946
30.37141
29.39799
28.72805
27.47695
27.29199
28.42628
28.93167
29.39407
30.27345
31.03847
31.87846
31.90360
32.17598
32.73893
33.05154
33.53697
33.82062
34.52341
34.07980
32.59465
31.71563
30.32293
29.44773
27.95756
27.06627
25.57600
24.73919
23.57321
22.88508
22.33804
21.68333
21.83937
21.48125
20.99547
20.24654
19.48858
19.09312
18.77979
18.56133
18.32607
17.74373
16.32982
16.18658
17.48916
17.42347
16.08751
15.37346
14.60982
13.76970
12.37981
12.43552
13.51351
13.15187
11.74904
11.11462
12.26655
12.95768
13.31076
12.83343
11.85622
11.55417
11.79165
12.67300
13.50730
14.34490
15.62199
16.17908
16.03032
16.12458
16.33352
16.52474
16.58170
16.38745
15.43721
15.68052
16.91679
17.79227
19.22803
20.10921
21.51091
22.17388
21.89612
21.34313
19.89556
19.06919
19.55755
19.40351
18.51156
18.14918
18.83509
19.50317
20.29445
20.85627
22.31905
22.98594
23.11487
23.87750
23.78513
24.64168
25.33915
26.13628
27.33000
28.09020
27.96505
28.20887
29.07860
28.67962
27.58907
26.85966
26.22098
25.92148
25.17852
25.06678
24.64514
24.13493
23.58819
22.72293
21.74683
21.45182
20.19173
20.27240
21.66103
22.54997
23.88917
24.47389
25.15381
25.59222
26.33192
27.09273
28.34063
29.07282
29.26697
28.50211
27.71832
27.58985
29.05234
29.65718
30.13210
29.38861
28.30976
27.54225
26.42047
25.54099
25.15741
24.27013
24.75758
24.68623
24.50585
24.11090
23.56565
23.07475
22.38483
21.78366
21.43567
21.71640
21.89469
21.92726
21.72935
22.23777
23.45517
23.69040
22.87062
22.41467
21.24215
20.85781
20.06626
19.91096
19.82911
19.55396
19.81065
19.38733
18.09277
17.85548
18.97825
19.34303
18.84352
19.02003
19.92608
20.45598
21.38252
22.27529
22.74493
22.21389
20.75733
19.91290
19.20881
18.48672
17.49589
16.62211
16.38978
15.68293
14.26868
13.79173
14.92306
15.48170
16.43626
17.00622
17.51291
18.33500
17.82065
17.81196
18.26260
17.71555
16.63792
16.05166
15.34172
15.88468
17.35525
18.24010
19.71715
20.09540
19.20257
18.74771
17.91318
17.49044
16.65879
17.14987
18.32616
19.05909
20.15414
20.60531
19.93417
19.63972
19.17349
19.00898
18.87871
19.09024
19.85988
20.06415
20.01260
19.70232
19.55162
19.25575
18.28113
18.80183
19.79125
20.62972
21.76439
22.18323
21.41272
20.85648
19.76187
19.13175
19.71260
20.17785
21.26934
22.01049
22.58100
22.45706
21.46222
21.23380
21.52602
21.50302
21.29264
21.39005
21.38392
21.98376
23.43430
23.97765
23.79047
24.32095
25.51077
25.39375
24.45898
24.81833
26.25381
26.43565
25.36596
24.69121
25.03425
25.74591
26.82714
26.98686
25.69106
25.30276
24.35328
24.18210
24.94452
25.39247
26.13271
26.89271
28.28684
28.74074
28.60845
27.99377
26.68068
26.18602
26.02852
26.60469
27.54137
27.45484
26.19924
25.43055
23.99297
23.63480
24.55407
24.94822
25.09480
25.52826
26.64972
26.98906
26.76291
26.95518
27.46498
27.46537
27.08551
26.70561
26.88022
26.45844
25.58673
25.68649
26.81071
26.99310
26.06341
26.25455
27.73996
28.18035
27.90485
27.68656
27.44808
28.14915
29.15401
29.67672
30.29301
30.64082
31.04034
31.35313
31.88690
32.47893
33.78110
34.28890
34.54738
34.70035
35.22256
34.48941
33.71933
32.98651
31.62102
30.76217
29.39676
28.63367
28.62345
28.73313
29.34320
29.77341
30.48433
31.32385
32.74833
33.62946
35.08032
35.97631
37.40003
38.03547
38.18236
39.03613
40.25280
40.40379
39.35486
38.88231
38.21384
38.62575
40.12115
40.36261
39.17362
38.74422
38.60630
37.92300
36.45538
35.86296
36.43180
36.11841
35.03151
34.19090
33.49956
32.98683
32.52014
31.79113
30.73397
30.01246
28.92688
28.84001
29.90265
29.70862
28.41121
27.69258
27.35589
27.64178
28.31953
28.47215
28.60418
28.49197
28.60690
28.39164
27.42160
27.68304
29.11308
29.66179
29.86650
29.88818
29.53219
29.76504
30.55039
30.22154
28.79841
27.93329
26.57172
26.11074
26.31406
26.79807
27.69641
27.78787
27.00858
26.57098
26.19142
25.78119
25.74434
26.44516
27.86017
28.73339
29.84880
30.51575
30.72448
31.05198
31.73011
32.07761
32.49873
32.97619
33.98249
34.69511
36.01859
36.79406
38.04142
38.39295
37.88196
38.55264
39.95168
40.83744
42.28080
42.90255
42.96865
43.03401
42.99478
42.97476
42.70230
43.17607
43.56950
43.97074
44.09744
44.12303
43.77425
44.12138
45.23302
45.88291
46.85190
47.40765
48.27642
48.58385
48.62465
48.69155
48.95524
48.56003
47.36699
46.54753
45.45925
45.02154
45.10215
44.84566
44.79020
45.54469
46.83026
47.35247
47.71262
47.92609
48.40611
47.82066
46.35419
45.59013
44.96603
45.26578
46.34174
46.41682
45.25708
45.58735
46.34542
47.16488
48.33811
49.11981
50.59800
51.14572
50.49442
50.90871
51.36681
52.15601
52.78398
52.93364
52.20518
51.35230
50.58326
50.27444
50.66621
50.96891
51.73269
51.77904
52.45014
52.01100
50.64354
50.41112
50.98858
51.24090
51.69297
52.07907
51.71192
51.15661
49.99648
49.61766
48.79973
48.31802
48.95937
49.39558
49.89321
50.62956
50.78397
51.33522
52.15490
52.64450
53.19191
53.95334
55.29685
55.33007
54.29550
53.59870
54.06951
53.84855
52.80645
52.83351
52.86859
53.61241
54.31426
54.21519
53.26210
52.41718
51.28435
50.52491
50.20359
49.95427
49.52271
49.75937
50.83440
51.40646
52.27492
52.88372
54.04711
54.47750
54.65215
54.40176
53.65633
53.90875
55.22125
55.45745
54.59599
54.76481
55.86825
56.38637
57.03625
57.35081
57.06646
56.59461
55.36105
54.58287
53.22303
52.49523
51.53822
50.87304
49.70912
49.51002
50.58096
50.78155
50.26443
50.28533
50.71388
50.98827
50.56604
50.29121
50.99126
50.93717
50.05805
49.28806
48.56672
47.79722
46.97768
46.88794
47.42008
48.11651
49.34344
50.24017
51.69963
51.94580
50.75183
50.21868
49.33764
49.16116
49.73115
50.36205
51.75177
52.33218
53.16377
53.90222
55.15683
55.91434
57.18618
57.79898
58.44869
58.57823
57.95557
57.63294
57.17773
56.53588
55.38028
54.56705
53.53893
52.92553
52.06725
51.56051
50.97666
50.12322
50.03175
50.72500
51.99688
52.58801
53.39521
53.69028
54.00335
53.27408
51.86280
51.00666
50.00183
49.29251
50.30300
50.24608
49.61047
49.84237
50.52478
51.10294
51.77636
52.11349
51.71855
51.20951
50.27759
50.44565
51.65147
51.99731
51.85632
52.44659
53.60273
54.08625
54.31030
54.07012
53.35327
52.57086
53.19505
53.06484
52.71653
52.10276
50.71766
50.17044
49.82649
50.48232
51.68038
52.44277
53.75222
54.53317
54.96644
