1.50000
2.00398
1.68758
2.21134
3.33832
3.85039
4.15677
5.01925
6.33746
7.21756
8.62507
9.41119
10.55495
10.98402
11.16664
11.28689
11.42042
11.42630
11.41218
10.98764
9.85809
9.30893
9.40721
9.35425
9.24912
9.00727
9.40026
9.62029
9.04639
9.90802
11.00176
11.27053
10.51569
10.89270
12.17281
12.95689
13.15953
13.80024
15.04763
15.10824
14.01802
13.16799
12.92956
12.24154
10.95001
10.35356
9.12231
8.23159
7.09454
6.28308
4.85547
4.74805
6.15979
7.00000
8.08892
8.25247
7.52171
7.57423
8.35116
8.08458
6.88618
6.20771
4.88336
4.00342
2.89750
2.29970
2.37253
2.92291
3.79317
4.57885
5.06805
5.47084
5.43855
5.50363
5.76827
5.85407
5.94211
5.55599
4.71184
5.13156
6.43677
7.19012
8.01009
8.29433
8.15098
8.61615
9.84156
9.91663
8.90196
8.28508
7.27670
6.85661
6.56648
6.55583
6.87231
7.04124
7.38384
7.11883
5.63745
4.87704
5.57405
5.36517
4.86795
4.60393
4.25727
4.36382
3.98018
3.88484
4.24980
3.97119
4.45494
4.56708
5.05094
5.08416
5.79371
6.32915
6.77499
7.21633
7.99128
8.67151
9.75118
10.07284
9.25655
8.68563
7.60781
7.03072
6.15077
6.15791
7.04596
7.38407
7.24788
7.25171
7.03759
7.71551
8.95407
9.55738
8.82041
8.66780
8.60465
8.83091
9.59943
9.88561
10.78109
11.05871
9.75776
9.93330
11.03018
11.42796
10.89528
10.49515
9.84549
9.15018
8.11004
7.62794
8.30573
8.96807
9.91588
10.48749
11.48212
11.19195
9.75505
8.89133
7.71901
7.79821
8.94608
9.60920
10.88647
11.11899
11.99119
12.69484
12.85935
13.09600
13.77916
13.41787
12.22078
11.51738
10.33973
10.15903
11.18611
11.71773
12.40756
12.64669
11.87750
11.96400
11.86001
12.41468
12.87654
13.68588
14.36073
14.85537
15.64700
15.60751
14.85255
14.04810
12.60335
12.00130
12.04222
12.71147
13.44524
