1.49984
2.31110
3.35765
4.14413
5.48609
6.38020
7.60081
8.38431
9.16823
9.57017
9.74499
10.56329
11.53294
12.39499
12.79278
13.47510
14.68365
15.39771
16.35798
17.23357
18.54780
19.36713
20.63846
21.38467
21.62304
21.95533
22.59664
22.90380
23.11785
23.10750
22.71534
22.82955
23.37325
24.14244
25.62693
26.35786
26.73594
27.08768
27.60209
28.06660
28.78806
28.80361
28.10579
27.73660
26.92997
27.07717
28.22468
28.84992
29.79341
30.37988
31.20532
32.08999
33.25357
34.08827
34.70250
35.26626
35.58613
35.94946
36.65495
36.89346
36.76247
36.76323
36.57818
37.18505
38.65645
39.50548
40.71174
40.88119
40.72882
41.37552
42.78386
43.62927
45.06284
45.59153
45.58125
45.03239
43.67017
42.86598
41.85253
41.12909
39.91733
39.12944
37.91421
37.07513
35.99531
35.76491
36.52947
36.89316
37.53012
37.87892
38.20613
38.79243
39.79077
40.56240
41.78532
42.37769
43.82496
44.63051
45.67514
46.41651
47.53157
48.20049
49.07792
49.92594
51.24019
52.07027
53.47728
54.05751
54.16210
53.67930
52.31231
51.43035
50.56942
49.75592
48.84658
48.24074
47.20536
46.85423
47.13245
46.63609
45.19668
44.65851
44.86949
45.11354
45.72113
46.29008
47.46194
48.16123
49.29734
49.94955
50.34472
50.50446
50.48693
50.25506
49.49346
49.06821
48.54604
48.19271
47.81769
47.31954
45.94444
45.42137
44.59567
43.94745
43.75721
44.03993
45.14345
45.61998
45.69827
45.17579
43.69203
43.13687
43.44775
43.47985
43.35790
43.80274
45.05461
45.79590
46.33462
46.62399
46.60619
46.76708
47.12865
47.56970
48.54603
49.27180
50.05828
50.87271
52.30973
53.08135
54.17675
54.35120
53.69180
53.33178
53.05135
52.68971
51.87103
51.39605
50.72068
50.08848
49.55855
48.71794
47.61003
46.74655
45.27437
44.71453
44.88982
44.93587
44.84697
45.44345
46.84086
47.66211
48.21452
48.59442
49.12710
49.32240
49.43284
49.43857
49.39818
49.01725
47.90386
47.26659
46.26220
45.51870
44.38824
43.78254
42.96773
42.78498
43.39131
43.13933
42.11201
41.52381
40.57199
40.13359
40.22081
40.77381
41.96356
42.00138
40.86077
40.13391
39.09761
38.49027
37.34897
37.58674
38.63401
38.73392
38.71152
37.95211
36.56634
36.31570
37.34260
37.29698
36.83618
37.21515
38.55312
38.66329
37.64875
37.25921
37.17427
36.63214
35.39172
35.31079
36.49230
36.52757
35.56323
34.95901
33.76190
33.17726
32.63755
32.02877
30.84179
30.23496
29.57774
28.89548
28.37890
27.56494
26.22135
25.42482
24.81618
24.41432
23.83740
23.42540
22.62274
22.28084
21.94878
21.75961
21.67296
21.04954
19.79038
19.17112
19.13623
19.38962
20.06380
20.58209
21.60509
22.21501
23.30276
23.57439
23.12593
22.66848
21.60176
20.91335
19.64391
19.27580
19.91769
20.37280
21.32160
21.96103
23.01780
23.88154
25.04728
25.48094
25.47631
25.66916
25.88097
26.69532
27.83307
28.06953
27.26574
27.15811
27.66319
27.68209
27.35937
26.97913
26.11255
25.92592
26.26349
26.59656
27.44238
27.65449
27.42780
27.11137
26.31168
25.86935
25.15971
24.79380
24.30257
24.18586
24.11017
24.80557
26.26244
26.95295
27.25186
27.86061
28.66764
29.55548
30.66668
31.54588
33.00759
33.61564
33.28212
33.35607
33.79872
33.31902
31.97525
31.22786
30.11682
29.42350
28.28603
27.57012
26.49393
26.12492
26.19451
26.23404
26.24871
26.80511
28.16449
28.92458
29.20572
29.25931
28.74574
29.07209
30.32680
31.15821
32.57838
33.29390
34.23211
34.23405
33.25408
32.90034
32.77801
32.66686
32.39032
32.66875
33.78452
34.25895
34.93533
34.73217
33.48446
33.15783
33.76356
33.38296
32.21828
31.54193
30.57215
29.95561
29.03440
28.42547
27.34396
26.73509
25.76133
25.20199
24.29130
23.80398
23.10329
22.73960
22.00825
22.44406
23.94079
24.80390
26.21244
27.05615
28.47259
29.17917
29.86565
30.60513
31.91550
32.76716
33.83838
34.01664
33.25129
32.86481
32.20160
31.70322
30.71791
30.12510
29.06626
28.86012
29.53020
30.14118
31.06603
31.87351
32.57820
32.67658
32.07458
31.72801
31.09806
30.65180
30.04988
29.73224
29.09599
29.51766
30.92025
31.52854
31.93988
31.91703
31.43310
30.89047
29.57434
29.09897
29.07339
29.69280
31.11989
32.00662
33.42231
34.28588
35.70173
36.31209
35.94513
36.11778
36.47278
37.08549
38.04765
38.50873
38.90814
39.28648
40.08053
40.29781
40.06333
39.97828
40.09236
39.40785
38.09896
37.23690
35.81972
35.03921
34.85962
34.53601
34.01247
33.69869
33.56208
32.88370
31.63082
30.76848
29.50810
29.07703
29.34991
30.02820
31.42904
32.31389
33.63053
33.78099
32.68059
31.94597
31.40665
30.58896
29.44854
29.02386
29.23764
29.54361
30.39137
30.29264
29.24798
29.20123
30.05959
30.26706
30.19400
30.31738
30.67400
30.96002
31.50838
32.05687
33.23669
33.44450
32.77767
32.15321
31.44997
30.99260
30.37217
30.05831
29.67367
29.38563
28.74727
28.71660
29.26566
29.60985
30.28575
30.71088
31.49586
31.86962
32.49088
32.27494
31.05602
30.96009
31.91282
32.34484
33.08258
33.14785
32.81708
32.03545
30.67872
29.87221
29.09192
28.58947
27.88540
28.37855
29.45730
29.92731
30.48015
31.37053
32.38953
32.88440
33.19245
33.46030
33.91052
34.28547
34.76838
35.03894
35.43642
35.41714
35.04516
34.50164
33.33233
32.45252
31.69830
31.58795
32.37466
32.30905
31.49699
30.90227
29.71485
29.09852
28.40201
28.03411
28.06927
28.16773
28.54262
28.78804
29.09185
29.77771
31.24536
31.94511
31.96707
31.65239
30.55466
29.75729
28.76311
28.71889
29.78238
30.34232
30.94040
30.65613
29.41379
28.93332
28.52943
28.81188
29.82004
30.70083
31.10081
31.94623
33.27612
34.15832
35.62867
36.50069
37.96813
38.55563
38.64149
38.85043
39.33949
39.41740
39.40531
38.75007
37.40379
36.65023
35.67417
35.57190
36.67945
37.00012
36.90729
36.21175
34.93954
34.92568
36.17656
36.40769
36.35937
36.13456
35.23961
34.74004
33.81570
33.92327
35.11416
35.49958
35.33072
35.11765
34.69452
34.33048
33.57625
33.08538
32.16852
31.64157
31.04725
30.16572
28.88047
28.17798
27.11220
26.83999
27.46960
27.02430
25.69140
25.19928
25.57748
26.03090
27.19428
27.78770
28.46033
29.15092
30.34462
31.06528
32.05835
32.94699
33.70398
33.92929
33.53795
33.56669
33.92888
34.12230
34.52642
34.44154
33.82129
33.32511
32.41377
31.64712
30.53683
29.81987
29.78437
30.04034
31.10925
31.68269
32.65601
33.04909
33.39956
33.33646
32.66741
32.41799
32.03088
32.49524
33.95320
34.40543
33.84428
33.46878
32.54067
32.05705
31.55572
30.88137
29.58345
28.93424
28.02621
28.21807
29.40785
30.27002
31.24253
31.63133
31.14677
31.54211
32.64727
32.69988
31.86129
31.50786
30.73453
31.18624
32.64521
33.26529
33.58545
33.08287
31.65266
30.92888
30.04530
29.79694
30.28810
30.82674
32.02970
32.87750
34.24032
34.92452
35.05093
35.51256
36.59174
37.30949
38.63998
39.29570
39.88056
40.30615
41.17242
41.11306
40.08177
39.94328
40.52991
40.70102
40.62224
41.12557
42.52106
42.82861
41.99815
41.82672
41.74756
42.21525
43.60765
44.07534
44.11417
43.73458
42.50537
41.84567
41.06337
40.65134
40.06324
40.09326
40.95097
40.75444
39.51026
38.75748
37.43464
36.64597
35.79320
35.53138
35.65743
36.23976
37.64927
38.45574
39.74840
40.46082
41.47136
42.04940
42.88161
43.34699
44.17604
44.12154
43.15822
42.91789
43.14636
43.09742
42.62028
42.96577
44.15605
44.84633
45.26339
45.96896
47.38910
48.26242
49.71057
50.56162
51.67725
51.65415
50.42542
49.93698
49.64533
50.15437
51.59274
52.43174
53.59752
54.00387
53.82577
54.24383
55.50113
55.94151
56.20563
55.95980
55.05446
54.56314
53.92471
53.47102
52.70964
52.39858
52.36804
51.80668
50.92013
50.67261
51.22882
51.24174
50.86987
50.72185
50.62206
50.40003
49.81883
49.43227
48.77341
48.65986
49.01667
49.11696
49.16151
49.22585
49.35515
49.30652
49.09940
48.68317
47.57473
46.97330
46.16147
45.72170
45.10628
44.94803
45.20551
45.73450
47.00367
47.44680
46.96553
47.12729
47.79376
48.42021
49.73207
50.25074
50.11025
50.03996
49.67157
49.74948
50.33387
50.64690
51.08557
51.63249
52.82443
53.62742
54.71056
55.58422
56.93365
57.53075
57.71673
58.33719
59.15599
59.95104
61.37023
62.25424
63.64336
64.49353
65.52854
66.21757
66.47935
66.73671
67.35410
66.94683
65.62670
65.08534
64.87453
64.52408
63.94268
63.73892
63.73093
63.57847
63.16670
62.82864
62.15674
62.00207
62.43323
62.31510
61.67665
61.51379
61.84088
61.60920
60.69794
60.37151
60.65498
60.75914
60.96080
61.14728
61.32408
61.85645
62.82132
63.69994
65.04448
65.89210
67.23574
67.77467
67.31400
67.48233
68.22077
68.60131
69.20439
69.46317
69.64581
69.75361
69.88845
69.96199
70.23654
69.80820
68.40692
67.96774
68.26203
68.75750
69.94446
70.83572
71.76291
72.51064
73.05765
73.60935
73.84676
74.32203
75.48792
75.87023
75.60281
76.31299
77.60291
78.35507
78.45788
78.81200
79.73277
79.76710
79.08073
78.23906
76.90417
76.15601
75.19178
74.59276
73.52875
73.26533
73.81792
73.67814
72.83880
72.73575
73.22835
73.35593
73.41111
73.34587
73.16304
72.74000
71.52651
71.30555
71.75496
72.44637
73.47689
74.28528
74.59880
75.33617
76.83208
77.66010
78.51197
79.03659
79.48284
79.33739
78.38265
78.44796
79.56309
79.92726
79.91499
79.98445
79.97601
80.38156
81.53822
81.62887
80.72390
80.29035
79.53780
79.29468
79.42448
79.12757
78.24428
78.14258
78.75678
79.27608
80.31903
80.95397
81.93288
82.77682
84.04993
84.89358
86.34174
87.09618
88.02433
88.32040
87.92653
87.97320
88.35977
88.54601
88.57248
89.23940
90.20995
91.00022
91.23373
91.93066
93.21662
94.01345
95.30506
96.07593
96.65955
97.07429
97.56085
97.86507
97.95950
97.59350
96.48220
95.84129
95.84094
95.95783
96.34053
96.85432
97.89945
98.63930
99.20185
100.01938
100.86345
101.50645
102.32746
103.19020
104.56121
105.36690
106.41785
107.08612
108.07734
108.94887
110.06162
110.83724
112.10747
112.99734
114.08880
114.40865
113.88416
113.29725
112.05405
111.30913
110.23188
110.00585
110.45422
111.02548
112.31844
113.11497
114.49564
115.17832
115.79894
116.62783
117.90723
118.65256
119.57610
119.85615
119.61410
119.91356
120.88196
121.48998
122.56401
123.26596
124.59739
124.98028
124.64706
124.25188
123.18143
122.55598
121.47654
121.05662
120.87132
120.55456
119.93193
119.32650
118.14758
117.50705
117.17306
116.91842
116.64138
116.21491
115.17341
114.57530
113.57874
112.99420
112.05372
111.55903
110.92490
110.34380
109.23423
108.34556
107.20823
106.37741
104.94077
104.14148
103.49063
102.88461
101.56060
101.43048
102.49985
103.04866
104.01049
104.25796
104.16585
103.79846
102.80245
102.41381
102.30296
101.62512
100.50550
99.85328
99.82405
99.90717
100.36370
100.81032
101.31109
101.97193
103.14423
103.40601
103.30264
102.60595
101.14643
100.29826
99.25390
98.35424
97.08688
96.99764
98.13600
98.94585
100.13850
100.79680
100.98681
101.22329
101.66604
101.76487
101.43956
101.97943
103.16468
103.94998
105.30793
105.69439
105.40882
104.61673
103.25971
102.78569
103.23502
103.64205
104.50562
104.94280
105.58957
105.11947
103.64044
102.75026
101.32285
100.49160
99.69891
99.34991
99.17458
99.09424
99.32148
98.72410
97.52457
97.00249
97.40203
97.35245
96.98910
97.00274
97.23454
97.85999
99.31706
99.99931
100.46970
100.79040
101.21365
101.70536
102.65342
103.49245
103.99414
104.39897
104.98960
105.35337
106.01692
106.20655
106.18557
105.97078
105.45376
104.68104
103.49146
102.65516
101.96370
101.75141
102.01551
101.89280
101.48585
101.09493
100.30685
99.62722
98.40578
97.54020
96.88831
96.89126
97.73579
98.16806
98.85105
99.37336
100.42001
100.98609
101.77062
102.35167
103.41223
104.19630
105.58871
106.16340
106.04669
106.56387
107.88085
108.66727
110.01004
110.78016
111.92523
112.54602
113.59508
113.54779
112.36522
111.95323
112.12564
112.18611
112.48850
112.26730
111.37812
110.65337
109.20972
108.41700
107.45250
106.56433
105.82829
105.33921
104.74705
104.32053
103.79042
103.44898
102.98426
102.36713
100.93652
100.40238
100.38700
100.57816
101.44045
101.49289
100.91802
100.30334
99.01884
98.31080
98.36984
98.45745
99.06819
99.01170
98.26777
97.93055
97.68492
97.45743
96.86864
97.05556
97.98895
98.46049
99.20126
99.32663
98.87741
98.56316
97.78132
97.70103
98.16163
98.86317
100.35433
101.20411
102.53061
102.89547
102.44026
102.48020
102.84725
103.11340
103.23395
104.03889
105.20769
106.02789
106.42971
107.19012
108.53507
109.32129
109.62425
109.72603
109.43070
109.48223
109.82297
110.20353
111.21244
111.45946
111.10786
111.30469
112.12490
112.64177
113.57556
114.23126
115.51538
115.60038
114.50871
114.01942
113.66360
113.94712
115.13450
115.50615
115.13061
114.87370
114.29767
113.83872
113.33342
112.75533
111.76095
111.82556
112.96418
113.58820
114.67449
115.32310
116.34530
117.04091
118.26150
118.95939
120.08345
120.65191
121.39379
121.82547
122.33571
123.06490
124.41496
125.15525
125.44376
125.83022
126.33308
126.65594
127.02342
127.53927
128.38472
129.23886
130.22416
131.11889
132.28329
132.51151
131.81546
131.48610
131.02181
130.47025
129.24208
128.40998
126.92279
126.03537
124.57087
123.72003
122.67356
121.99026
120.74897
120.40562
120.65752
120.92976
121.81331
121.81276
120.91396
120.74475
121.02436
121.10041
121.23852
121.02698
120.29169
120.48295
121.49370
122.12062
122.88342
123.50031
124.64193
125.38977
126.42620
127.12045
127.25220
127.82962
129.21543
129.98760
131.23028
131.85833
132.85698
132.62084
131.22647
130.55331
130.60102
130.99065
132.28185
132.84923
133.02341
133.35388
134.06102
134.52571
134.93060
135.13662
135.31773
135.44176
135.71780
135.64297
135.13317
134.85406
134.65877
134.19431
133.08387
132.52634
132.33262
132.34117
132.87768
132.58542
131.50871
131.30833
131.90215
132.49645
133.77935
134.42407
135.24565
135.67512
135.84649
136.62518
137.84611
138.63692
139.83868
140.68226
142.01514
142.83106
144.19098
144.99702
146.24671
146.95043
147.02081
147.58069
148.86638
149.72675
151.18921
151.87207
151.90124
152.01427
151.98429
152.40835
153.50282
153.99359
154.47392
154.21047
153.01201
152.47333
151.63790
151.82786
153.07685
153.79637
155.05138
155.80110
157.06355
157.46794
157.38388
157.20877
156.52674
156.49797
157.12528
157.25577
157.13289
156.88992
156.13433
155.85405
155.43922
155.90841
157.35293
157.97772
157.99413
158.06453
157.94085
158.58921
159.95922
160.58123
161.10296
161.44411
161.84699
162.42292
163.67970
164.44652
164.82818
164.60810
163.56090
162.93198
161.86648
161.17698
159.76804
159.17250
157.96288
157.13592
156.62168
156.07172
154.83177
154.13010
153.03108
152.35369
151.17857
150.70055
150.50678
150.30250
149.92316
149.70592
149.56266
149.43237
149.21788
149.09236
148.87060
148.80898
148.78699
148.91426
149.31021
149.60660
150.23429
150.08008
149.10488
148.34348
146.87829
145.99330
144.63845
144.33314
145.15166
145.17387
144.68732
144.03246
142.57221
141.88645
141.38629
140.97314
140.57921
140.04577
138.91566
138.31164
138.02199
137.55886
136.51579
136.04031
135.48280
135.26912
135.16587
135.07710
135.06786
134.56835
133.20991
132.53075
132.12707
132.17605
132.81909
133.44145
134.82724
135.50355
136.32555
136.60836
136.88179
136.30007
134.87000
134.00456
132.55794
131.78548
130.87580
130.83817
131.75886
131.91687
131.42499
131.83322
132.89244
133.55210
134.51605
135.28878
135.49256
136.13798
137.49699
138.28102
138.41744
138.34847
137.72699
137.46310
137.39205
137.54700
138.17818
138.55397
139.14710
139.77397
141.08773
141.68560
141.71982
141.99868
142.33342
143.06982
144.14350
144.54156
144.25275
144.44919
145.23960
145.54635
145.75838
146.14351
146.95155
147.74869
148.82714
149.43904
149.94878
150.31428
150.71165
151.42897
152.20122
152.80782
153.88760
154.55490
155.48266
156.37466
157.06460
156.99378
155.94878
155.41173
154.48591
154.24514
154.38650
154.99764
156.43060
157.31733
158.64987
159.23898
159.90230
159.45362
158.02696
157.15187
156.01984
155.74723
156.18721
156.52653
157.38099
157.69459
157.77734
158.14314
158.54053
159.19630
159.94166
160.34458
160.97478
160.68354
159.41343
158.58189
157.15859
156.41312
156.16161
155.48022
154.04506
153.23484
152.05034
151.59082
151.37173
151.38005
151.60408
151.93258
152.33616
152.60358
153.03408
153.26668
153.59319
153.83712
154.19731
154.64101
155.39833
156.15330
157.45634
157.92978
157.90203
157.87306
157.76279
157.43272
156.95122
156.44456
155.45969
155.32614
155.79532
156.55271
158.04725
158.62322
158.12093
158.64557
160.13331
160.94968
162.06719
162.67270
163.19103
163.54147
164.15778
164.09807
163.32800
163.06148
162.64974
162.58858
163.10957
163.06567
162.50646
162.13945
162.03008
162.00984
162.20270
162.15142
161.62851
161.96093
162.92559
163.69937
165.04749
165.64190
165.81919
166.48965
167.76477
168.34289
168.10517
167.75996
166.84401
166.16797
164.89759
164.35598
163.90702
163.67779
163.11900
162.49010
162.09717
162.01718
162.27468
162.78400
164.15649
164.49007
164.16299
163.46781
162.43322
162.33353
163.30841
163.51645
163.47805
163.06405
162.37379
161.48131
160.87308
160.12746
159.09431
158.56244
157.94841
157.65681
157.38641
157.29150
157.12071
157.03870
156.97459
156.83426
156.83038
156.16498
154.81627
154.24688
154.33571
154.04366
153.42613
152.74682
151.53003
150.84440
150.92516
150.80754
150.80884
150.14831
148.68920
148.04769
147.61380
148.18092
149.64769
150.39748
151.00976
150.78044
149.50543
149.60305
150.99493
151.64580
152.04869
151.94733
151.17939
150.72709
150.18106
149.75380
149.15887
148.36619
147.65342
146.88771
145.77586
144.90317
144.38946
144.06450
143.89288
143.75125
143.46736
143.55473
144.10992
144.40101
144.47030
145.22600
146.30745
147.11995
147.57863
147.40163
146.38267
145.53918
144.09914
143.20299
141.76661
141.07237
140.42337
140.09722
139.61212
140.18137
141.66555
142.54390
143.96738
144.56993
144.70631
144.71424
144.46123
144.22354
143.63521
143.36922
142.92062
143.13177
143.96642
144.76219
145.31433
145.84182
146.69732
147.09911
147.38205
148.05414
149.51881
150.38451
151.79562
152.64795
153.82873
154.36216
154.63055
155.28355
156.06449
156.93887
157.81491
158.26497
158.39179
158.88267
160.15410
160.55688
160.05361
159.73261
159.39088
159.18651
158.91357
158.73770
158.20353
158.65497
159.98682
160.84575
162.23982
163.13053
164.61625
165.50716
166.90766
167.67577
168.58985
169.44959
170.36241
171.05731
172.18983
173.08960
174.20216
174.66086
174.91265
174.54632
173.38940
172.84404
173.18808
172.69825
171.66261
171.09720
170.32483
169.88993
169.58495
169.27399
168.55845
168.10254
167.14446
167.21598
168.41477
168.66726
168.13294
168.28752
168.93017
169.80276
170.89037
170.97990
169.95660
169.47781
169.03192
168.46215
167.29750
166.86880
167.11087
166.48762
164.98839
164.30134
163.65837
164.14375
165.64246
166.51627
167.68833
168.40101
169.57511
170.03878
170.43319
170.09764
168.91580
168.22901
168.08643
167.96921
166.56284
166.16805
166.81105
166.89341
166.30479
166.55463
167.64055
168.36394
169.68851
170.57000
171.96266
172.60522
173.06849
173.51558
174.19954
175.00308
175.94416
175.88878
174.77405
174.07178
173.51152
173.67491
174.71896
175.09297
174.72814
175.11784
176.41918
177.14691
178.33527
178.94762
179.62531
179.99560
180.59449
180.46297
179.57652
179.10953
178.39899
177.89369
177.25484
176.61940
175.31865
174.99596
175.65518
176.39816
177.31855
177.92609
178.81128
179.37450
180.19449
180.90437
181.32242
181.52867
181.61440
181.48285
181.04306
180.40691
178.93312
178.43925
178.78847
178.83563
178.85135
178.79140
178.80469
178.15685
176.75345
175.88848
174.47890
173.65862
172.98437
172.40193
171.30720
170.71904
170.29642
169.57349
168.08576
167.23192
165.99415
165.13234
164.44263
163.58767
162.42932
161.58453
161.00045
