1.49986
2.38281
3.80281
4.68963
6.18486
7.08294
8.57512
9.47067
10.93134
11.82875
13.31164
14.18845
15.53317
16.38486
17.82373
18.63186
19.83294
20.55154
21.68682
22.49652
23.96896
24.76442
25.87088
26.55863
27.69273
28.34779
29.36877
29.84229
30.35690
30.78798
31.66298
32.18170
33.05410
33.56942
34.41115
34.85158
35.42197
35.80394
36.46704
36.99286
38.05732
38.68675
39.73698
40.31382
41.20185
41.58477
41.92839
42.19277
42.69827
43.00380
43.48800
43.79687
44.34600
44.55402
44.66839
44.80531
45.10812
45.29735
45.60799
45.82328
46.21781
46.47206
46.92293
