1.49995
2.29947
3.21186
4.04109
5.28330
5.98674
6.84830
7.51652
8.49214
9.29494
10.64154
11.30062
11.80561
11.47579
10.27668
9.65885
8.68840
8.74159
9.91477
9.95370
8.91179
8.54625
8.16722
8.40234
9.13424
9.56060
9.57785
9.88478
10.66305
11.09500
11.59842
12.11497
13.15009
13.88698
14.75782
15.57322
17.03574
17.87208
18.97625
19.58221
19.66036
19.67070
19.44245
19.22445
18.97232
18.17348
17.09344
16.25443
14.76927
13.89355
12.49889
12.40856
13.63307
14.50050
15.49879
16.22201
17.47938
18.24258
19.51528
20.34713
21.79355
22.29363
21.65774
22.00275
23.27181
24.02100
25.28601
25.75522
25.46630
25.08671
24.36706
23.82660
22.91462
22.06702
21.02479
20.23306
19.33572
19.17424
19.55362
20.31344
21.73297
22.56431
23.87888
24.44049
24.85377
24.65243
23.58213
22.96542
21.98079
21.33068
21.04179
20.93676
21.02384
21.33570
22.17239
22.93140
24.28759
25.11592
26.48213
27.35113
28.79400
29.39997
29.54364
29.75987
30.09066
30.58150
31.72898
31.87291
31.09923
30.76373
30.20659
30.10599
30.09236
30.78585
32.00796
32.75770
33.84062
34.41516
34.35545
34.27168
34.10677
33.69362
33.06093
32.56850
31.64614
31.11587
30.23536
29.83556
29.59513
28.92230
27.45657
26.94072
27.63321
27.72240
27.39328
27.33930
27.15427
26.87686
25.57383
25.29137
25.83078
26.13854
26.35638
26.56050
26.55472
27.39919
28.86376
29.65610
30.49362
30.90928
31.22125
31.05220
30.20559
29.76283
29.49432
28.84503
27.71457
27.41466
27.54271
27.88259
28.71347
29.31394
30.13996
30.71854
31.45391
31.77120
32.01232
32.18051
32.59227
32.31465
31.15424
30.46669
29.14654
28.83723
29.35192
29.79691
30.95974
31.20766
30.78855
30.67861
30.58679
30.57560
30.66571
30.63665
30.49426
30.44623
30.31632
30.58169
31.18806
31.77048
32.99618
33.78085
35.04271
35.90140
37.20637
37.90125
38.57822
39.19255
40.01682
40.53339
41.32263
41.28425
40.37255
39.85268
38.92653
38.45063
38.07003
38.35625
39.62136
39.84739
39.05658
38.88925
39.07252
39.29117
39.51662
40.03527
41.04560
41.91918
43.14529
43.85886
44.87550
44.87327
43.76126
43.58469
44.16509
44.13653
43.49896
43.47437
43.95742
44.23221
44.55348
44.90729
45.69098
46.15488
47.09274
47.07980
46.09355
45.71789
45.52883
45.18990
44.35882
43.87685
43.01132
42.80101
43.14901
43.40381
44.20466
43.94183
42.57288
41.81596
40.57999
39.94755
39.91965
39.18622
37.73009
36.88617
35.82918
34.95925
34.03810
33.92618
34.57579
35.32368
36.48149
37.18691
37.43446
37.15627
35.99398
35.13190
33.65962
33.21407
33.87641
34.19059
34.80988
35.12655
35.62637
35.28185
33.93548
33.46868
33.56724
33.81546
34.63215
34.59535
33.74171
33.36852
32.75584
32.89372
33.90007
34.41889
35.44450
35.29227
33.96691
33.12774
31.69890
30.86011
29.70151
29.09765
28.58860
28.33800
28.28856
27.82722
26.69455
26.07618
25.09420
24.68363
24.32827
24.50203
25.30130
25.78741
26.64430
27.22362
28.45280
28.40391
27.03403
26.84345
27.82326
27.91762
27.45130
26.86051
26.25164
25.41313
24.49862
23.64123
22.21891
21.95297
22.92423
23.41830
24.27352
24.78235
25.18262
25.48535
25.94623
26.37258
27.43476
27.48987
26.70044
26.12945
25.91071
25.34474
24.03873
23.41560
22.67883
22.55527
22.95876
23.24024
23.84769
24.26305
25.02239
25.56346
26.48745
27.14431
28.14857
28.13739
27.23487
26.42503
25.83291
25.14978
24.66285
23.88412
22.66864
21.82282
20.34426
19.71829
19.64587
19.44384
19.01306
18.62526
18.19319
17.92503
17.48846
17.91305
19.15495
19.65407
20.12601
19.87992
18.81098
18.31554
17.59951
18.02099
19.37012
19.78117
20.55166
21.42372
22.62495
23.51446
24.95643
25.60226
25.55242
26.20571
27.06182
27.85397
29.05097
29.83181
31.17448
31.96382
33.16835
34.03395
34.94965
35.50917
36.39304
37.19838
38.62506
39.40102
40.28558
40.34970
39.16587
38.55845
38.63466
38.35498
37.72701
37.05526
36.46446
35.87656
34.67832
34.36179
34.91489
34.89464
34.38473
33.75287
32.45329
32.20748
33.20889
33.09560
31.87218
31.71618
32.44480
32.91569
33.75569
34.33299
35.25945
36.11968
37.22780
37.96418
38.80594
38.71004
37.55950
37.09459
36.53580
36.68531
37.54646
37.86782
38.07333
38.29467
38.62357
39.24512
40.41371
40.72004
40.31495
40.34528
40.84184
40.49492
39.21389
38.98497
39.59208
39.42254
38.21189
37.96131
38.25671
39.02289
40.33822
41.12504
42.24024
43.02915
44.38213
45.23091
45.95103
46.27162
46.28771
46.77817
48.08895
48.70744
48.90338
49.26883
50.02275
50.56192
51.65840
52.02176
51.91258
51.96221
52.26133
51.89229
50.59419
49.87504
48.77176
48.20289
47.41720
47.24496
47.64671
47.64916
47.50567
46.98549
45.68029
45.16340
44.87060
44.65063
44.28705
44.15349
44.08798
43.98689
43.78591
43.52791
42.94426
42.89735
43.17542
43.80874
45.12104
45.83578
46.89355
47.62006
49.03741
49.75851
49.83539
50.46137
51.83512
52.67210
53.74092
54.56119
55.09417
55.97729
56.73331
56.92718
56.47586
56.19104
55.74760
55.02087
53.61026
52.89459
51.98467
52.03211
53.15629
53.40557
53.36361
52.80339
51.67078
50.93490
49.71719
49.01071
48.46753
48.10784
47.84353
47.07357
46.17462
45.37373
44.70722
44.89995
46.13529
46.69654
47.44506
47.68169
47.54549
47.58420
47.78396
47.76194
47.47616
47.50353
47.70458
47.91999
48.09922
48.67665
49.73307
50.50384
51.98845
52.35605
51.54096
51.16910
50.65432
49.99720
48.87195
48.16760
46.97814
46.24830
45.03593
44.92774
45.92741
46.60009
47.89752
48.55534
49.21510
49.87271
51.19104
51.63335
51.11046
50.66331
49.55890
49.12679
49.47541
48.86616
47.39137
46.90364
47.37416
47.64111
48.24102
48.71761
49.48120
49.91562
50.28814
50.48147
50.88144
50.69692
49.99604
49.61245
49.08261
48.40080
46.96098
46.27968
45.17779
44.27825
43.24384
42.60493
41.54426
41.44826
42.28327
42.72208
43.55309
43.77888
43.52852
43.47098
43.31484
43.60958
44.51259
45.19224
46.48126
47.22250
48.39538
49.15852
50.40525
51.20176
52.61073
52.96302
52.17061
52.55813
53.94001
