1.49996
2.29017
3.14326
3.79363
3.94330
4.17803
4.44610
4.84710
5.80378
6.09892
5.82936
5.94923
6.46195
6.68761
6.97321
6.96606
6.58070
6.65392
7.04119
7.54957
7.94155
8.78163
10.12836
10.54937
9.49206
8.96637
8.27690
7.40769
6.95027
7.08556
8.02860
8.89114
10.17657
11.06627
12.24814
13.06064
14.15388
14.85692
14.22766
13.85487
13.01968
12.35420
11.96702
12.21663
13.52440
13.38098
11.93086
11.35640
11.53904
10.78338
9.74731
9.53388
10.65100
10.25410
8.91884
8.42388
8.92387
9.49070
10.69611
11.08246
10.25674
9.89147
9.16321
9.28905
10.32739
10.18126
8.97767
8.43818
7.94796
7.44009
6.18974
6.43645
7.90517
8.47859
8.92969
9.60593
10.97929
11.55248
10.93186
10.04622
9.69182
9.79155
10.43712
10.42115
9.99437
9.87566
10.09088
9.47617
8.09624
7.32664
6.55170
5.90967
4.53799
4.67650
6.13881
6.96729
8.43069
8.56866
7.23137
6.73718
6.58364
7.27407
8.71121
9.47103
10.07057
10.67822
11.89348
12.54035
13.49788
14.04820
14.90540
15.21572
15.44608
16.33994
16.85541
16.40518
15.18475
14.32357
13.26265
12.56190
11.48305
11.40042
12.71746
13.19129
13.71607
13.59435
12.88311
12.67925
12.55199
12.41037
11.98611
12.84292
13.82899
14.00027
12.89126
12.92583
13.85510
14.35139
13.84665
13.75411
13.80914
13.42171
12.23676
11.68792
11.09744
10.53750
9.66030
9.36614
8.40478
8.35748
9.18240
9.80443
10.31162
10.96435
11.69237
12.28327
11.78378
12.53936
13.90857
14.28870
13.75135
12.95179
11.72905
10.98776
10.10962
9.28797
8.15468
7.59642
6.73853
7.28521
8.70505
9.45215
9.88790
10.47418
11.65073
12.46199
13.85002
14.43867
15.83741
16.57185
17.26457
17.83602
19.07144
19.00302
18.13693
17.70514
17.37647
16.51087
15.49958
14.99484
13.74119
13.73408
15.14776
15.87823
15.84774
15.48048
14.38198
13.62948
12.51428
12.64345
14.05700
13.73269
12.31017
11.61820
11.14927
10.51812
9.44581
8.77559
9.00484
9.16441
9.38995
10.28574
11.07919
11.66988
12.78972
13.51498
14.76533
15.28208
16.49716
17.29346
18.71896
19.55011
20.94257
21.81200
23.29453
23.66565
22.37816
21.90099
21.69864
21.33730
20.59071
19.89342
18.86263
18.04185
16.90848
16.52565
16.69667
17.35337
18.04048
18.25247
18.30118
18.71580
19.62271
20.15250
21.10691
21.24405
20.62992
20.39205
19.81444
20.38005
21.60971
22.49303
23.71198
24.02712
23.18827
22.62726
21.39090
20.88903
20.54276
21.26688
22.56598
23.29452
24.10014
24.79870
26.15360
26.31445
25.23716
24.70232
23.90417
24.19029
25.45535
26.11274
26.91676
27.42975
28.19967
29.06998
30.45800
30.80729
30.08933
30.14126
31.58557
32.19404
32.36865
31.58100
30.65201
29.87638
30.13756
29.79389
28.56141
27.77330
26.37923
25.51025
24.03890
23.20352
22.11287
21.37177
20.17895
19.47447
17.99778
17.76355
19.19537
19.69743
18.91704
19.13702
19.93460
20.62623
22.02208
22.71655
23.43860
24.19832
24.81331
25.17033
25.40917
25.97838
27.37161
27.82083
27.63433
27.74941
28.11446
28.01368
27.52097
27.05740
26.00687
25.39347
24.35733
24.21407
24.67120
24.39012
24.02411
23.83097
23.51482
24.06691
24.05124
23.81856
24.11996
23.77811
22.66472
22.06041
22.97935
22.98179
22.99717
23.50044
24.88116
25.35887
25.03152
25.01952
25.09861
24.90892
24.05191
24.44422
25.49505
25.55547
24.46201
23.91828
22.89610
23.10912
24.29471
24.93405
25.83545
26.35011
27.36989
27.08388
25.60855
24.81416
24.20287
23.57854
23.73099
23.49341
23.02420
22.36513
21.08018
21.22327
22.60739
23.01780
24.16880
23.53969
22.39810
22.02107
22.87834
23.28171
22.74605
22.95251
23.71300
24.22865
25.04094
25.82936
26.54076
27.05522
27.93716
28.16665
27.74592
28.40310
29.41433
30.15215
31.40239
32.26729
33.52331
34.08466
33.23219
32.88542
32.29221
31.96659
31.37254
32.02340
33.31439
33.98566
34.33737
34.37339
34.00847
33.64925
32.89707
32.22988
31.07089
30.41220
29.52812
28.94251
27.89183
27.53461
27.91198
28.04252
28.28124
27.81336
26.77629
26.22183
26.64804
27.02800
27.45328
28.29121
28.54838
28.96029
29.00349
29.72017
31.02706
31.85702
32.61390
32.50493
31.49713
30.84667
30.84138
30.72003
30.57827
30.54718
30.45763
30.83595
31.72433
32.20003
32.65029
33.50849
34.78150
35.12033
34.37628
34.45625
35.32381
35.45128
35.05422
34.78890
34.28126
34.04587
34.45402
33.74016
32.48481
32.54826
33.81080
34.50490
34.07946
34.46327
35.42277
36.16916
36.09172
36.60121
37.92216
38.32707
38.48434
37.82520
36.93728
36.55224
35.95586
35.23270
35.30226
35.57782
36.18964
36.64087
36.98076
37.55819
38.73179
39.17911
38.17416
38.06109
38.57488
38.73751
38.59744
39.08288
40.37409
40.95371
41.16040
41.30763
41.08003
40.97561
40.75890
40.72653
40.70771
41.11310
41.88746
42.65352
43.71513
44.17231
43.51345
43.08421
42.15197
41.62556
40.72597
40.54597
40.96268
40.86332
40.68147
40.01506
39.92017
39.63836
39.10458
38.82999
38.44208
38.24680
38.05467
37.74475
37.11190
36.75087
36.04985
35.78255
35.87694
35.84817
35.70000
36.19136
37.64905
37.88108
36.94297
36.72288
36.63028
37.14772
37.74309
38.27974
39.26818
39.74094
39.84184
39.31478
37.95343
37.20018
36.14812
35.55419
34.88348
34.01074
33.00017
32.35793
31.52733
30.86043
29.60809
28.92505
28.03816
27.92296
27.56735
27.45144
27.33778
27.44612
28.03552
27.85914
27.00754
26.56338
25.92073
25.63736
25.73104
25.65136
25.70884
24.91972
23.75247
22.92681
21.66094
20.91738
19.75279
19.09875
18.23273
17.64792
17.46345
17.17494
16.67866
16.40086
16.41983
16.99892
17.28071
17.74315
18.57037
19.17049
20.16318
20.53919
19.68530
19.58681
20.02332
20.33159
20.93553
21.49724
22.74242
23.00784
22.09234
22.60506
23.85315
24.68186
25.11207
25.47626
26.01558
26.49660
27.52315
28.09438
28.84017
29.63400
30.81464
31.35500
31.32207
32.21332
32.43083
32.93862
32.91045
32.70028
32.12068
31.55450
30.30400
29.61776
28.42246
28.58531
29.72254
29.71266
28.84364
28.19260
27.13040
