1.50001
2.39915
3.88343
4.40433
4.04106
3.77327
3.92306
4.43720
4.81018
5.32440
5.89290
6.48157
7.46309
7.84910
7.85665
7.73416
7.22590
6.87794
6.15564
5.96518
5.71216
6.57237
7.46730
7.15225
5.70558
5.14129
6.15366
6.51028
6.57540
7.28284
7.89433
8.50136
9.17251
9.12372
8.37029
7.85877
6.92134
6.51033
6.00093
6.68522
7.90791
8.38339
7.50517
7.94667
9.36786
10.11084
10.59400
9.98390
9.40978
9.15591
9.69273
9.37891
8.60246
8.66426
7.80327
7.78029
8.40265
7.89705
7.26146
6.98083
6.46024
5.68915
4.27868
3.40886
2.21290
2.14148
3.40156
3.67785
3.25651
3.48714
4.15094
4.77087
5.92987
6.50901
7.76410
8.00019
6.76990
7.02267
8.12302
8.79824
9.99445
10.56303
9.44113
9.10673
8.33224
8.02731
9.01719
8.59424
7.60405
7.41640
6.53747
6.65504
7.73514
8.38030
9.37521
10.18308
11.04347
11.41491
11.04148
11.83434
12.26801
12.84844
14.13783
14.01284
12.56043
11.70451
11.18531
10.88526
11.10991
11.86853
13.10247
13.92088
15.18075
15.23579
14.02530
13.77298
14.74061
14.74107
14.01907
13.31462
11.88279
11.69464
13.07827
13.56336
12.34867
11.64070
10.52398
10.11521
10.72868
11.43379
11.86261
11.22501
10.00586
9.67242
10.66904
11.47687
10.78355
11.35839
11.56793
11.17942
10.92730
11.08927
11.69546
12.24086
13.27381
14.17360
15.38677
14.86995
13.66946
13.75341
13.56623
14.41449
15.33859
16.16260
17.60698
18.09992
19.04973
19.49353
18.47910
17.89163
17.78321
17.81715
17.35059
17.55071
18.95184
19.46895
19.62901
19.75647
19.82863
20.49670
21.55323
21.24788
20.20697
19.82663
21.08103
21.88930
21.57418
21.11143
20.45909
19.63581
18.67401
18.81906
18.19349
19.02615
18.71819
18.75240
19.95662
19.87158
18.68595
18.61323
17.43551
16.87258
16.94363
17.41145
18.73523
19.35415
20.08597
20.33214
20.54962
20.46945
20.69167
21.02205
21.92814
22.61096
23.81544
24.54425
25.70805
26.55118
27.12070
27.71268
28.74652
29.32587
29.56297
29.47794
28.96630
28.26380
26.93122
26.73636
28.14551
27.93590
26.53715
26.30194
27.08557
27.84899
28.81605
29.43136
30.31580
30.52221
31.17442
31.10315
29.62206
29.52163
30.90264
31.23707
29.89265
29.46874
29.70696
30.52342
30.23797
29.50236
28.70184
29.27049
29.62312
29.40646
28.99745
29.19532
28.08048
27.74199
26.26648
26.05788
27.53405
27.74959
27.07230
26.30537
25.63284
25.04452
24.27807
24.21666
25.18828
25.38937
25.46528
24.91613
24.03517
23.38353
22.10044
22.06880
22.72743
22.57493
22.18005
21.38775
20.23608
19.76025
19.86463
19.60692
18.89172
18.47678
17.51319
17.98225
19.27487
20.09200
21.46667
22.00717
22.06675
22.68091
22.51324
22.83232
23.00463
23.45136
23.91974
24.17647
24.19052
24.48790
25.45530
26.06174
25.13008
25.20620
25.52615
25.94715
25.78741
25.45602
24.67732
24.29027
24.94787
25.42797
24.76519
25.25004
26.12845
26.89619
26.64334
26.34537
25.29242
24.45933
23.08426
22.38973
21.72322
20.94403
19.44469
19.26963
20.74285
21.53234
20.91615
21.43225
22.44664
23.16632
23.06247
22.65337
21.43008
20.74935
19.91393
19.05806
18.47487
18.32348
17.66454
17.70278
18.99083
18.77960
17.53339
17.41323
17.68637
17.63088
17.23241
16.79549
16.12790
16.94467
18.28893
18.65018
19.02639
18.70837
17.36918
16.55185
16.20429
16.72381
16.79056
17.26291
18.40052
19.03472
19.95371
20.41177
19.11874
19.50590
20.67641
20.84139
20.77591
21.02246
20.91280
20.01363
20.07410
19.51748
18.40931
18.34708
17.89956
18.48774
19.01974
18.83923
18.02664
17.70130
16.95354
17.66921
18.87029
18.99221
17.84607
17.22237
16.11863
15.56237
15.30249
15.19312
14.40459
15.22172
15.95778
16.37909
16.10160
15.46945
15.30586
14.71349
13.42116
12.70387
11.91034
12.64374
13.55977
13.64688
12.66349
11.94815
11.66034
12.44982
13.52341
13.71285
12.51109
11.92592
11.88693
12.51097
13.91451
14.79449
16.01453
16.80861
18.16290
18.96157
20.25622
21.02670
22.22412
22.42475
21.63802
21.55347
21.81805
21.89715
21.68490
21.18581
21.30359
21.06187
20.57006
19.80776
19.00752
18.52945
18.13826
17.39166
16.80424
15.96499
16.51063
16.41719
15.97204
15.50543
15.13220
15.40007
15.69042
15.68377
15.11826
15.59075
15.92047
16.75861
18.06134
18.27186
16.83579
16.50102
16.92423
17.37023
17.83438
17.78210
17.88207
18.39272
18.89701
19.44408
19.13909
18.72980
19.01277
19.61331
20.72035
21.11856
20.43612
20.53193
21.20128
21.00013
20.53469
20.14841
20.07044
20.96090
21.45890
21.80292
22.71453
23.26925
24.25273
24.76080
25.61544
25.86698
26.75520
26.60251
25.74168
26.11015
26.52861
27.19921
26.81229
26.42263
26.03717
26.51263
26.86317
26.98936
27.24973
28.02473
27.61852
27.93463
28.52308
29.25678
28.62545
28.99574
30.04443
30.91506
32.21127
32.44197
31.04784
30.76446
31.50679
32.21947
31.67389
32.05919
33.17276
32.54070
31.42962
30.55512
29.14269
28.29774
26.85180
26.23544
25.87552
25.12618
24.21898
23.73344
22.91416
22.17448
21.06770
20.45371
19.86749
19.31021
18.38334
17.89169
17.56435
18.00664
18.31077
18.27790
18.84261
19.00907
19.52583
20.00845
20.90816
21.45784
22.10426
22.81440
23.30479
23.65340
24.58074
24.30732
23.09111
22.55860
23.54252
24.10621
24.92221
25.19304
24.88978
24.15399
24.40690
24.53854
24.48731
24.46578
24.43828
24.41438
24.40431
25.20349
25.25333
24.75833
24.45863
24.73715
25.86303
26.58759
27.84299
28.68979
30.06794
30.36426
29.74685
29.04681
28.22443
27.66403
28.46052
27.80468
27.07421
27.11844
27.53698
27.74688
27.85035
28.42631
29.71346
30.48575
30.91468
31.04967
32.48963
33.34702
34.78198
34.67685
33.22068
32.67455
33.19113
33.32163
34.12671
34.56317
33.91771
33.89092
33.40849
32.55445
31.64777
31.02293
29.97783
29.33221
28.50795
28.80130
29.83676
30.47419
29.63873
29.44647
29.76495
29.97217
30.60609
30.34212
29.99470
29.22109
29.12146
28.88134
29.09411
29.38216
30.32743
29.58497
28.58509
28.45522
28.20601
28.82664
29.85363
30.58443
31.72622
32.58044
33.88386
34.40466
33.35532
34.08257
34.87362
35.59243
36.14831
36.32384
37.15087
37.69436
37.03606
36.46086
37.15615
37.43691
37.62278
37.73652
37.90134
37.91749
37.85484
37.97080
37.71344
38.06988
37.96412
38.11635
38.18967
38.70479
38.70564
37.92479
37.06735
36.42217
37.05301
37.80496
39.20287
39.76952
40.34631
39.96592
39.40910
38.99938
39.35142
39.67040
39.52076
38.77221
38.69293
38.13244
37.25926
36.99646
37.19034
36.83318
36.82492
36.99597
36.89662
37.29457
38.35396
38.93163
38.75255
39.06870
38.81533
39.05680
39.77531
39.55881
38.95159
38.76658
38.98496
39.84640
40.19913
40.68618
41.19129
41.84165
41.28804
41.52768
42.16802
42.38344
42.82367
43.61863
43.60097
44.49964
44.52991
44.13169
43.04485
43.65414
44.75926
45.09741
44.70671
44.49547
44.02290
43.72759
43.61905
42.90127
42.23782
41.86180
41.02974
40.89831
40.76175
41.19056
42.43436
42.21379
40.73974
39.95040
39.87166
39.73206
39.60351
39.68868
40.16746
40.24250
41.32071
40.75789
39.56466
39.18031
38.90365
38.98191
39.48349
40.36188
41.21657
41.21807
40.36825
40.22631
41.25874
41.28092
40.53869
40.26866
40.59446
40.96993
41.94396
42.60103
43.77151
44.58902
45.66222
46.35426
47.50735
47.96879
48.17086
48.40887
48.47134
48.65605
48.92302
49.57702
50.32339
50.95525
51.99031
52.74919
53.98156
54.32230
53.10039
52.79950
52.70724
52.80409
53.20922
53.60080
54.35947
54.59361
55.29827
55.51266
56.00291
55.59442
54.84862
54.45811
53.50734
52.66621
51.67125
52.22418
53.11277
53.36150
52.34486
51.92061
51.17744
51.21314
52.00534
52.68802
54.01005
54.21439
52.87381
52.09331
50.74967
50.09786
50.74486
51.11489
50.65533
51.40025
51.18265
50.49686
49.29929
49.89296
51.03464
51.54735
50.87379
50.23684
50.38010
50.88811
51.73201
51.88052
51.84607
50.94736
50.61983
50.56454
50.34877
50.24562
50.25223
49.78748
48.76478
48.64284
49.65013
49.66677
48.87022
48.53720
48.13861
48.68136
49.02564
49.19047
49.87880
49.07656
48.36872
48.05655
46.73469
46.99119
47.86053
47.83382
46.83034
46.94185
47.94574
48.27936
47.48153
46.92186
45.99650
45.31476
44.09258
43.61679
43.94786
43.90524
43.58333
44.05973
44.07987
44.70734
45.40990
45.49734
44.81344
44.91946
45.00299
44.73520
45.24990
45.09014
45.09358
44.20462
43.82419
43.94035
45.15115
45.67634
45.55050
45.79040
46.26604
47.07781
47.79925
47.73849
46.77371
47.27038
48.16950
48.25202
47.45468
47.14707
47.71039
47.46021
46.93666
46.80087
46.26813
45.83151
44.88074
45.36008
46.23107
46.85098
47.20800
47.54492
47.74779
47.94845
47.92851
48.80860
49.21904
48.85730
48.58687
48.41907
48.34645
48.43527
48.69001
48.85204
48.97253
49.37601
50.30742
50.45350
49.42168
49.34043
50.33785
50.87347
51.85410
52.21579
52.35830
52.29019
51.95385
51.65557
51.01154
50.90814
51.23049
51.19270
50.88139
50.74562
50.93309
50.15296
49.59594
49.19879
48.92297
48.87078
49.00292
49.20935
49.76573
50.13324
50.80900
51.15843
51.63198
52.06174
52.92997
53.56479
54.00636
53.44140
52.77650
52.74987
53.73515
54.19836
54.66117
55.46082
56.38049
56.85029
55.84659
56.03995
56.85080
57.44908
56.56865
55.80065
55.05332
54.75796
54.59056
54.51441
54.65693
54.77359
55.34974
55.65025
55.18244
54.44672
54.75173
53.98561
53.49122
54.31355
54.75173
55.05104
55.16024
55.10425
55.08892
54.75066
54.02374
53.23035
52.76361
52.29163
51.61136
51.04162
50.51257
49.89727
48.80473
48.19561
49.29030
49.90036
49.70995
49.63863
49.87405
49.29038
47.92748
47.07983
46.22037
46.41264
47.79509
47.69219
46.33998
46.05155
47.04833
47.64318
48.77846
49.46305
50.64705
51.22020
51.84113
52.24240
52.98215
52.71789
51.55238
51.20170
51.24237
51.01552
51.38641
50.72054
49.82326
48.97998
48.66786
49.10675
50.43489
50.78384
50.23944
50.63818
51.37490
51.69628
51.07712
51.72429
52.80817
53.36989
53.80564
53.68494
53.11677
52.57043
52.80415
52.11354
51.91776
52.02006
52.88002
53.69532
55.12897
55.99340
56.91898
57.29105
56.88498
56.81074
56.66150
57.00126
58.06510
57.84159
56.49235
55.71444
55.49760
54.80388
53.39305
52.75983
51.66353
50.76888
49.65201
49.43522
50.60348
51.37726
51.11676
51.98268
52.27798
52.23821
51.88255
51.66728
51.75992
52.11708
53.35311
53.82545
54.22228
54.67897
54.24271
54.15063
54.41480
54.51440
54.16665
54.57391
55.60569
56.28020
57.34970
58.19993
58.95526
59.10931
58.56376
58.61364
59.40678
59.85146
59.16929
58.30412
58.47409
59.11242
60.00218
60.61358
61.59372
62.23698
63.38603
63.93576
64.18672
64.35383
64.37089
64.52044
64.75563
64.90368
65.19667
64.89183
63.84167
64.01530
65.14962
65.93528
66.79966
66.50636
65.65293
64.99701
65.92768
65.58947
64.16023
63.31932
61.92871
61.18207
60.35768
60.68200
61.52227
60.94191
60.13058
59.57216
60.23714
59.79064
59.35990
59.71720
59.98660
60.40363
60.89427
61.66697
62.84305
63.33120
62.87270
62.62191
63.21062
63.65865
63.97319
63.91930
63.26534
62.92192
62.72704
61.89718
61.33604
60.63463
59.31727
59.18747
60.41195
61.00423
61.35271
61.80464
62.43171
62.09288
61.03463
60.45560
60.73890
60.23564
59.95798
59.46203
58.35663
57.60829
56.65453
56.39768
56.98802
57.10943
56.68314
56.29287
56.87630
56.60253
56.06741
55.87825
55.82342
56.28716
57.28378
57.53881
56.76565
56.42459
56.05630
55.85447
55.54445
55.57271
55.78668
55.65162
55.52983
56.22118
56.41816
56.45937
56.23629
56.64311
57.22567
56.95320
56.74433
56.63245
56.12278
56.59727
57.83627
58.59764
59.89654
60.50353
60.86025
61.71626
62.87243
63.51590
64.25698
64.64849
64.30761
65.18674
65.63323
66.16942
67.09510
67.75727
68.56866
69.17106
70.15770
70.82495
71.84555
72.71432
73.35834
73.12135
72.04132
71.41518
70.44687
69.94810
69.15237
68.45650
68.13768
68.24146
67.45728
66.66270
67.37486
67.81456
66.80189
67.23249
68.65722
68.58902
67.13100
67.21831
68.71540
69.31739
68.86066
68.34650
67.99326
67.65595
67.29848
68.15674
68.50953
68.32006
67.24139
67.00805
66.04318
65.58712
66.30967
66.76221
67.18304
67.90739
68.36992
67.53264
66.19723
66.05729
67.32495
68.17183
68.10261
69.00356
69.06162
69.17894
68.82086
68.48184
68.19850
69.08490
69.60247
70.24143
69.88440
69.44950
68.45271
67.60480
67.23330
67.42448
68.20031
68.06629
67.81036
68.53807
69.81132
70.61896
70.40014
69.95592
69.83104
69.27699
69.19331
68.57228
67.66972
67.31080
68.03676
68.16410
67.86002
67.31856
66.13014
65.57945
65.69053
65.60305
65.63818
64.75916
64.68162
65.07655
65.43787
65.47737
65.59418
66.26686
67.28873
68.02384
69.45698
70.35702
71.27689
71.80039
72.54069
72.77175
72.47297
72.47168
72.95400
72.25994
71.24499
71.43140
72.66326
73.39348
74.51949
75.18902
75.60985
75.73676
75.24461
75.38482
75.93620
75.57561
75.01965
75.45714
76.93431
77.40587
78.10804
78.86814
78.21360
78.10314
79.01077
79.38986
78.57597
77.95418
78.68220
79.33731
80.24754
79.80836
78.59946
77.77401
76.56850
76.09504
76.75911
76.97667
77.29109
77.32736
77.78848
78.33521
79.20971
79.17656
78.11711
78.07127
78.50626
78.71122
79.37300
78.68118
77.28803
76.66093
75.65741
75.94074
77.09365
77.52468
78.87486
78.73460
77.38946
76.60089
77.06193
77.20412
77.95774
77.89026
76.49745
76.63007
78.12449
78.24392
76.83977
76.64728
78.08562
77.80351
76.39774
75.70741
74.36340
73.89973
74.38297
75.14207
74.90929
75.36461
76.80054
76.71820
75.26457
74.69556
74.37924
73.63383
73.82625
74.47169
74.52578
74.97423
75.64564
76.01225
76.24362
76.58894
77.55695
77.21806
76.07371
75.72897
76.12500
76.00570
75.68689
75.47073
76.36513
76.79382
77.81801
78.36870
79.11794
79.90674
79.16198
79.17852
80.09751
80.78910
82.12318
82.67523
83.19428
82.82562
81.80653
81.30070
81.41184
81.49437
81.83421
81.22032
80.63046
80.39113
81.42690
81.95294
82.04347
82.73573
83.71452
84.33895
83.60202
83.08466
82.90338
82.22169
82.27804
82.56154
82.76063
83.19460
83.65983
84.14208
84.70907
85.55045
85.99472
86.61647
87.89803
88.38645
89.04766
88.42563
87.78858
87.50764
87.61880
86.90109
86.63775
87.32393
87.69569
88.06753
89.11338
89.63815
90.18082
90.84448
91.42141
91.55148
91.45826
90.91356
90.70053
90.79208
91.33244
91.56241
91.83293
91.74027
91.08660
90.96299
91.15588
91.44027
92.27030
92.54800
92.58547
92.64573
92.81775
92.58340
91.61398
91.53444
92.31127
92.62173
92.96653
93.23251
93.78168
94.51485
93.85744
93.98020
94.28532
94.73321
95.83029
96.33349
96.98717
96.19371
94.91502
95.23293
96.55453
96.96081
95.64714
94.77006
93.36255
92.86036
93.78269
94.16051
94.74285
95.14408
95.75497
96.22051
97.27399
97.02843
95.98847
95.50115
96.02222
96.00791
95.92152
95.12556
95.21652
95.00622
94.79883
94.85136
94.69340
94.93102
94.78138
94.58430
94.90073
94.14587
93.86605
93.67516
93.31869
92.72651
92.30809
91.74521
90.56741
89.99457
89.53494
90.12484
90.77026
91.44818
91.74671
91.04460
90.89176
91.14369
90.89365
90.49691
90.14669
90.00325
89.79753
89.75609
89.85191
89.90791
89.98896
90.04973
90.03665
90.03302
89.73739
90.42192
91.80193
92.69640
94.12204
94.67358
94.59992
94.99843
95.11260
95.53249
96.09628
96.45768
96.74353
96.33530
96.02602
95.63480
95.12412
95.10604
94.76601
94.81653
95.22877
95.63255
95.97222
95.63928
95.20290
95.50469
96.14220
96.84562
97.26671
97.96980
99.05997
98.55518
97.25574
96.50393
95.89734
95.47680
94.54119
93.94814
92.82090
92.48497
92.71768
93.04001
93.04447
92.19809
91.13589
91.18345
92.21049
93.00405
92.29157
92.22942
92.44022
92.71235
93.59395
93.83982
94.82058
95.40244
95.69387
95.22732
94.52288
93.97771
93.01230
92.44717
91.53934
90.81088
89.57550
89.19100
88.86003
88.11783
88.64585
89.48505
89.44382
89.39126
89.91013
90.39442
91.15545
91.76870
92.53201
93.02845
92.23796
91.89400
91.83091
91.06560
89.95888
89.07211
87.63854
87.76674
89.19597
90.01612
91.25079
92.09663
93.56889
94.35665
94.72069
95.02539
95.55433
95.63041
95.14698
95.33649
95.47087
94.76079
93.57122
93.22915
94.28442
94.75328
94.72605
94.25101
93.22365
92.70767
91.61353
90.88615
90.79665
91.37625
92.87581
93.28019
92.01384
91.64611
92.91908
93.73226
94.96436
94.97571
93.60910
93.09229
92.23211
91.63923
91.99543
91.48804
91.24454
90.50004
90.73972
91.47346
91.87342
91.60497
91.72653
91.60982
91.06636
91.01163
91.57902
91.13045
89.64338
88.88784
87.90671
87.96343
88.96691
89.70485
89.44374
88.57287
88.90082
89.50067
90.88809
91.71911
93.00885
92.74855
91.46392
90.75385
91.80052
92.21263
92.70026
93.40606
92.86650
93.08440
93.59149
93.55608
92.82798
93.28853
94.37382
94.84645
94.93121
94.84743
94.34627
95.16791
95.57515
95.86045
95.39816
95.28027
95.29653
95.00213
94.64164
94.21990
92.98155
93.51975
94.99563
95.67348
96.12545
95.32195
94.82710
94.81961
93.34225
92.45857
90.98036
90.75550
92.04098
92.66284
93.82541
93.98368
93.13462
92.77852
92.35448
92.22976
92.48235
92.38977
92.04373
91.79954
91.16950
91.42767
91.41389
92.29228
92.31859
92.94776
93.11002
92.30573
92.11494
92.26802
92.65461
92.74503
93.05097
92.56886
91.58448
91.28146
90.90790
90.40981
90.73366
91.35587
92.17870
92.10597
90.72779
89.99575
90.54670
91.32042
91.99417
91.34491
91.19709
90.94210
90.54218
90.50210
90.74224
91.57330
92.56521
93.29989
94.61418
95.04111
94.93587
94.90062
94.79613
94.73627
94.84091
94.62330
93.84123
93.69055
94.37811
93.80215
93.11625
92.89033
92.69741
93.49700
93.90814
94.19830
93.66957
93.42727
93.16371
92.97039
93.13785
92.64803
92.66439
92.60951
92.53454
93.20612
93.64237
93.46050
92.45837
91.85069
91.69494
91.36021
91.64138
91.80933
91.98388
92.15299
91.95969
92.00393
92.57267
91.75251
90.86085
91.23687
92.09661
92.87190
92.08732
91.61021
91.24277
90.84475
89.89724
89.80613
90.50186
90.88469
91.40034
91.60449
91.68938
92.00007
92.81804
93.55795
94.83079
94.57097
93.38164
92.83518
94.02729
94.82664
96.18877
97.03519
98.48621
99.36047
100.78356
101.43352
101.41052
100.86963
100.73956
101.38300
101.88016
102.31862
103.11480
103.43893
103.64197
103.39694
103.01741
102.61410
101.49145
102.03951
103.23330
102.76209
101.47191
101.29067
102.16188
102.35461
102.86269
102.90307
101.81097
102.28986
103.40928
103.60629
102.44804
101.61665
100.85427
100.40088
100.89007
100.25398
99.33062
99.76925
101.13937
101.93081
101.70837
102.17568
103.42063
104.02067
104.16065
104.39848
104.62118
105.29626
105.22332
105.54020
105.48816
104.65425
103.98820
103.31124
102.13534
101.47358
100.76537
100.47974
100.49380
100.57958
100.76110
101.38434
102.79665
103.66124
105.01180
105.77597
105.96064
106.57797
107.65013
107.60630
106.46053
105.70290
105.19607
104.65817
104.06077
103.59939
102.81358
102.19725
101.54099
101.05742
101.24363
102.14240
101.98054
101.21021
101.89807
102.56781
101.83130
101.00271
100.30402
100.81447
101.52231
100.86839
99.87982
99.78047
101.13654
101.07738
99.82801
99.15612
99.09131
98.90596
98.58936
98.27428
97.70506
98.56427
99.13209
