0.00147911
0.00243625
0.00247362
0.00272470
0.00374305
0.00374305
0.00268645
0.00294140
0.00338946
0.00338946
0.00237215
0.00258381
0.00359245
0.00394863
0.00394863
0.00345267
0.00345267
0.00316368
0.00374955
0.00374955
0.00285142
0.00377499
0.00377499
0.00253646
0.00262661
0.00310671
0.00339607
0.00339607
0.00270662
0.00256678
0.00236452
0.00289090
0.00357141
0.00357141
0.00403618
0.00428368
0.00476251
0.00479763
0.00479763
0.00458322
0.00357169
0.00275336
0.00292998
0.00399250
0.00399250
0.00334343
0.00334343
0.00261773
0.00337095
0.00337095
0.00352242
0.00486856
0.00486856
0.00373620
0.00285907
0.00347300
0.00393573
0.00522861
0.00522861
0.00444109
0.00364967
0.00398676
0.00480322
0.00480322
0.00313313
0.00241733
0.00323672
0.00378942
0.00378942
0.00280945
0.00324803
0.00396871
0.00461769
0.00485942
0.00485942
0.00329180
0.00367996
0.00535067
0.00535067
0.00402162
0.00289989
0.00282136
0.00282136
0.00288676
0.00288676
0.00207348
0.00158450
0.00213291
0.00213291
0.00206800
0.00254693
0.00254693
0.00277085
0.00407502
0.00407502
0.00399944
0.00352551
0.00282126
0.00261729
0.00292652
0.00361763
0.00361763
0.00238916
0.00204028
0.00200289
0.00261892
0.00379664
0.00379664
0.00341192
0.00341192
0.00262701
0.00227126
0.00132585
0.00198326
0.00234340
0.00234340
0.00213408
0.00242811
0.00242811
0.00199561
0.00195948
0.00233327
0.00297832
0.00297832
0.00259167
0.00265222
0.00310628
0.00366564
0.00366564
0.00336887
0.00281587
0.00270527
0.00233465
0.00185792
0.00154856
0.00142245
0.00142245
0.00141278
0.00164579
0.00219072
0.00264700
0.00264700
0.00262159
0.00217699
0.00176306
0.00200653
0.00246954
0.00300644
0.00336949
0.00336949
0.00278564
0.00245441
0.00272960
0.00333525
0.00333525
0.00292648
0.00235789
0.00190041
0.00190041
0.00182484
0.00210801
0.00255349
0.00276826
0.00326536
0.00326536
0.00260716
0.00195754
0.00152862
0.00146607
0.00168866
0.00228583
0.00291862
0.00291862
0.00279515
0.00199752
0.00139684
0.00131247
0.00131247
0.00197231
0.00219693
0.00219693
0.00132929
0.00189098
0.00301487
0.00301487
0.00294878
0.00183160
0.00165419
0.00165419
0.00217092
0.00217092
0.00168870
0.00133115
0.00209994
0.00209994
0.00182873
0.00182873
0.00144258
0.00154326
0.00186984
0.00186984
0.00114592
0.00147706
0.00206885
0.00258059
0.00258059
0.00188373
0.00204652
0.00204652
0.00146702
0.00176711
0.00249924
0.00249924
0.00244066
0.00177814
0.00174702
0.00174702
0.00136799
0.00177964
0.00205332
0.00205332
0.00212844
0.00282078
0.00310718
0.00310718
0.00270957
0.00196924
0.00197409
0.00197409
0.00136153
0.00141318
0.00198974
0.00198974
0.00132757
0.00140580
0.00140580
0.00208056
0.00209291
0.00256204
0.00256204
0.00210330
0.00168137
0.00176890
0.00180347
0.00180347
0.00187840
0.00228026
0.00228026
0.00218913
0.00183325
0.00197055
0.00197055
0.00112849
0.00159978
0.00219092
0.00219092
0.00199905
0.00189624
0.00189624
0.00156617
0.00161711
0.00207230
0.00207230
0.00161296
0.00161296
0.00171541
0.00184547
0.00184547
0.00132464
0.00126411
0.00144419
0.00174484
0.00174484
0.00163071
0.00214208
0.00218946
0.00218946
0.00192397
0.00198501
0.00247783
0.00247783
0.00235312
0.00182040
0.00159914
0.00159914
0.00201862
0.00246167
0.00246167
0.00193310
0.00145488
0.00127721
0.00165302
0.00202370
0.00202370
0.00215747
0.00215747
0.00173264
0.00229587
0.00229587
0.00209417
0.00173548
0.00173548
0.00118133
0.00146439
0.00186216
0.00197962
0.00197962
0.00141972
0.00162786
0.00201353
0.00219334
0.00219334
0.00214371
0.00183532
0.00147294
0.00138744
0.00109940
0.00098658
0.00098658
0.00095797
0.00144294
0.00144294
0.00127646
0.00127646
0.00114558
0.00109487
0.00147512
0.00147512
0.00118820
0.00104243
0.00104243
0.00099867
0.00110214
0.00110214
0.00110168
0.00101272
0.00090340
0.00079274
0.00106682
0.00106682
0.00073215
0.00082262
0.00105137
0.00112910
0.00143700
0.00143700
0.00119822
0.00086604
0.00080644
0.00098039
0.00098039
0.00087383
0.00094549
0.00094549
0.00095658
0.00126813
0.00126813
0.00113280
0.00107787
0.00102139
0.00117120
0.00117120
0.00088978
0.00105774
0.00153077
0.00168816
0.00188382
0.00240212
0.00240212
0.00222335
0.00194184
0.00163187
0.00135619
0.00137485
0.00170637
0.00177863
0.00177863
0.00128150
0.00127603
0.00184702
0.00215114
0.00215114
0.00166732
0.00161403
0.00191274
0.00191681
0.00191681
0.00149818
0.00132699
0.00153096
0.00153096
0.00122534
0.00143842
0.00157733
0.00157733
0.00112885
0.00143839
0.00201875
0.00201875
0.00179406
0.00155280
0.00131728
0.00145214
0.00186715
0.00186715
0.00179089
0.00229219
0.00229219
0.00188811
0.00137823
0.00137954
0.00137954
0.00141985
0.00205466
0.00205466
0.00201894
0.00201894
0.00197238
0.00159383
0.00159383
0.00135193
0.00106768
0.00145901
0.00170154
0.00173267
0.00173267
0.00143062
0.00141233
0.00154278
0.00220800
0.00293945
0.00302100
0.00302100
0.00238603
0.00224950
0.00224950
0.00184050
0.00184050
0.00180687
0.00151173
0.00181490
0.00181490
0.00162917
0.00164175
0.00166043
0.00166043
0.00156892
0.00153784
0.00120467
0.00148697
0.00148697
0.00134859
0.00134859
0.00128301
0.00159226
0.00171206
0.00171206
0.00143458
0.00143458
0.00146526
0.00146526
0.00132935
0.00134788
0.00153754
0.00162981
0.00162981
0.00110786
0.00154528
0.00154528
0.00149097
0.00154506
0.00154506
0.00174890
0.00198747
0.00213240
0.00213240
0.00203590
0.00164525
0.00204432
0.00243699
0.00251592
0.00251592
0.00234184
0.00194965
0.00130162
0.00144020
0.00144020
0.00143383
0.00180363
0.00180363
0.00161664
0.00164305
0.00164305
0.00156875
0.00130117
0.00133736
0.00170032
0.00170032
0.00157017
0.00160817
0.00160817
0.00171157
0.00228939
0.00230451
0.00230451
0.00219737
0.00219737
0.00180060
0.00151350
0.00151350
0.00130047
0.00187976
0.00187976
0.00142725
0.00149080
0.00149080
0.00177600
0.00177600
0.00196006
0.00196006
0.00182368
0.00162040
0.00199916
0.00227668
0.00227668
0.00226835
0.00184529
0.00131763
0.00105596
0.00124750
0.00124750
0.00126053
0.00164011
0.00218610
0.00218610
0.00149373
0.00120973
0.00167387
0.00226868
0.00252344
0.00252344
0.00205481
0.00159854
0.00125042
0.00131978
0.00155638
0.00206790
0.00206790
0.00187979
0.00142483
0.00129899
0.00157794
0.00157794
0.00196866
0.00196866
0.00181691
0.00182506
0.00182506
0.00172147
0.00208224
0.00208224
0.00199241
0.00186417
0.00248729
0.00248729
0.00196830
0.00145013
0.00148750
0.00164481
0.00164481
0.00154743
0.00154743
0.00171789
0.00171789
0.00167954
0.00136523
0.00134024
0.00132586
0.00146815
0.00146815
0.00138312
0.00138312
0.00137355
0.00127904
0.00140867
0.00151236
0.00155788
0.00172818
0.00227374
0.00230235
0.00230235
0.00195733
0.00139914
0.00109868
0.00122530
0.00177719
0.00177719
0.00151540
0.00150480
0.00150480
0.00176457
0.00176457
0.00172823
0.00172823
0.00171734
0.00148932
0.00144307
0.00142129
0.00142129
0.00133978
0.00115461
0.00142893
0.00189942
0.00189942
0.00159946
0.00159946
0.00109080
0.00085550
0.00085801
0.00108408
0.00123887
0.00129400
0.00136731
0.00173409
0.00173409
0.00215318
0.00215318
0.00155708
0.00198238
0.00198238
0.00186594
0.00251678
0.00268159
0.00268159
0.00218032
0.00144777
0.00167142
0.00240388
0.00241511
0.00241511
0.00230819
0.00167679
0.00163234
0.00104804
0.00115944
0.00115944
0.00122288
0.00163346
0.00197653
0.00197653
0.00189233
0.00186287
0.00195920
0.00236620
0.00269257
0.00269257
0.00246586
0.00244780
0.00244780
0.00197118
0.00130897
0.00093818
0.00093818
0.00098214
0.00131394
0.00146839
0.00162733
0.00162733
0.00149070
0.00149010
0.00172864
0.00172864
0.00120054
0.00120054
0.00088820
0.00136802
0.00147682
0.00169302
0.00202401
0.00202401
0.00150624
0.00135994
0.00172146
0.00172146
0.00158336
0.00157187
0.00102067
0.00146761
0.00204288
0.00289140
0.00289140
0.00234290
0.00154323
0.00171011
0.00266642
0.00266642
0.00235698
0.00208130
0.00208130
0.00145159
0.00145159
0.00154701
0.00198698
0.00269946
0.00269946
0.00224951
0.00171674
0.00147164
0.00189536
0.00207625
0.00207625
0.00206364
0.00156124
0.00187956
0.00249598
0.00249598
0.00198938
0.00242180
0.00242180
0.00225817
0.00143168
0.00120156
0.00190787
0.00190787
0.00149963
0.00142431
0.00142431
0.00139321
0.00139321
0.00131354
0.00131354
0.00150198
0.00191573
0.00191573
0.00133769
0.00161571
0.00228552
0.00228552
0.00227847
0.00149888
0.00160739
0.00160739
0.00145362
0.00145362
0.00184241
0.00184241
0.00160578
0.00129584
0.00167129
0.00167129
0.00150390
0.00161949
0.00181627
0.00205274
0.00205886
0.00205886
0.00195900
0.00151582
0.00178232
0.00178232
0.00140045
0.00119195
0.00144117
0.00167646
0.00167646
0.00171643
0.00171643
0.00185960
0.00185960
0.00204372
0.00204372
0.00132342
0.00156659
0.00156659
0.00210385
0.00210385
0.00192375
0.00192808
0.00240925
0.00240925
0.00185593
0.00180645
0.00143241
0.00121720
0.00131323
0.00141539
0.00141539
0.00128715
0.00126312
0.00180380
0.00183384
0.00183384
0.00247849
0.00247849
0.00184100
0.00114213
0.00159824
0.00165114
0.00165114
0.00151933
0.00161464
0.00161464
0.00140061
0.00168693
0.00168693
0.00172140
0.00172140
0.00157134
0.00085642
0.00126669
0.00161598
0.00191051
0.00195240
0.00195240
0.00133210
0.00141273
0.00200955
0.00200955
0.00171353
0.00118355
0.00151694
0.00169878
0.00169878
0.00142930
0.00108716
0.00142234
0.00163360
0.00163360
0.00129495
0.00135735
0.00135735
0.00158081
0.00195832
0.00224882
0.00251894
0.00260997
0.00260997
0.00233534
0.00233534
0.00258982
0.00261836
0.00296800
0.00310802
0.00329382
0.00329382
0.00317316
0.00290066
0.00246598
0.00201742
0.00167516
0.00138331
0.00121643
0.00121703
0.00121703
0.00193192
0.00193192
0.00156799
0.00165170
0.00165170
0.00159019
0.00153550
0.00144738
0.00113040
0.00109648
0.00117748
0.00118693
0.00118693
0.00082639
0.00079276
0.00096566
0.00096566
0.00095819
0.00095323
0.00131661
0.00186415
0.00186415
0.00166917
0.00126237
0.00101002
0.00096416
0.00103024
0.00103024
0.00102792
0.00112290
0.00113266
0.00113266
0.00101522
0.00102403
0.00124678
0.00126360
0.00137786
0.00147612
0.00163199
0.00163199
0.00143845
0.00120079
0.00096994
0.00122430
0.00151616
0.00154255
0.00154255
0.00123804
0.00103513
0.00100305
0.00090685
0.00098601
0.00098601
0.00099816
0.00112905
0.00149366
0.00206561
0.00206561
0.00182924
0.00165835
0.00133217
0.00133217
0.00109795
0.00148203
0.00180588
0.00180588
0.00125027
0.00117967
0.00139802
0.00139802
0.00120209
0.00118719
0.00122111
0.00144794
0.00155928
0.00155928
0.00131071
0.00142986
0.00190527
0.00215624
0.00215624
0.00224033
0.00257648
0.00257648
0.00184057
0.00157036
0.00157036
0.00132110
0.00100856
0.00109506
0.00130867
0.00134789
0.00134789
0.00115577
0.00127675
0.00152666
0.00152666
0.00140194
0.00140194
0.00137390
0.00106651
0.00088433
0.00089222
0.00110426
0.00130896
0.00152406
0.00152406
0.00123167
0.00117312
0.00142115
0.00168302
0.00212779
0.00221881
0.00221881
0.00203847
0.00203847
0.00147733
0.00105300
0.00147534
0.00180968
0.00206156
0.00206156
0.00139991
0.00133055
0.00133055
0.00148603
0.00212306
0.00278485
0.00278485
0.00244898
0.00176874
0.00135360
0.00173243
0.00173243
0.00133633
0.00101528
0.00130914
0.00198147
0.00208644
0.00238083
0.00245532
0.00245532
0.00175156
0.00143366
0.00101380
0.00076018
