158
202
157
158
158
157
159
197
157
151
152
157
158
151
157
157
152
158
200
150
158
203
156
294
157
244
156
152
157
156
-1
193
158
263
152
152
157
158
157
158
157
158
206
158
158
157
157
157
150
157
158
156
157
158
152
157
-1
157
158
158
158
158
157
158
157
157
157
158
157
153
157
158
-1
276
158
5
157
201
200
-1
158
151
185
157
158
158
157
158
157
158
157
153
157
157
151
157
158
151
151
157
-1
153
157
202
157
157
157
158
158
153
158
157
158
283
157
21
157
151
185
106
157
157
152
157
193
157
159
157
158
158
158
273
151
158
152
158
199
157
157
157
157
157
157
153
157
152
156
201
158
158
153
158
157
158
158
-1
153
158
156
157
142
158
205
200
157
203
157
152
150
157
162
193
156
157
152
158
193
201
152
-1
158
213
158
192
252
151
156
202
157
151
202
-1
206
157
204
203
157
157
157
158
157
151
151
153
208
157
226
224
199
153
152
201
152
158
158
150
198
214
152
157
157
198
158
158
155
157
151
157
158
148
157
153
157
158
195
158
157
158
153
157
154
158
158
174
157
214
158
186
203
152
194
158
159
157
158
187
157
147
158
158
157
203
151
156
208
192
158
157
157
158
158
153
158
-1
197
158
155
150
149
157
158
151
158
157
151
152
158
200
153
158
210
158
157
203
158
156
200
157
157
202
200
157
184
157
151
157
157
179
204
-1
150
-1
208
196
157
200
158
192
192
158
-1
157
202
157
150
149
157
158
152
157
214
149
150
152
158
157
-1
158
-1
158
157
152
158
-1
276
159
157
157
158
134
156
157
150
-1
157
158
158
158
152
186
158
204
234
154
200
193
151
157
152
157
157
157
157
157
191
151
157
156
157
147
200
152
261
194
193
151
157
157
203
156
194
145
158
156
198
158
158
157
265
200
157
157
158
153
158
158
158
157
158
-1
155
225
247
156
151
150
157
191
156
-1
248
147
157
150
200
184
201
151
158
200
157
148
156
152
158
158
157
157
154
158
157
158
157
157
152
152
199
157
156
158
151
157
158
157
158
156
156
158
157
158
-1
156
157
158
188
158
152
157
156
158
153
158
-1
159
-1
183
157
157
159
162
158
152
157
157
158
157
158
157
182
158
151
157
157
156
151
158
157
-1
158
157
208
157
154
152
158
156
152
158
158
157
158
151
156
157
156
157
157
192
158
-1
-1
157
158
157
158
156
158
205
153
158
158
159
158
158
157
-1
157
152
158
157
191
184
151
158
183
157
158
158
257
150
158
157
200
158
192
150
158
157
151
158
158
124
205
247
156
157
153
158
158
158
156
158
158
191
158
196
153
295
158
209
-1
158
158
205
157
158
217
157
157
158
193
152
158
151
158
152
160
157
158
156
157
209
157
159
201
158
-1
158
153
158
156
157
203
156
158
152
158
200
-1
157
152
157
201
152
158
157
157
157
189
152
201
200
280
157
157
157
158
158
195
158
243
157
158
-1
-1
158
159
158
158
208
158
151
152
158
152
-1
157
158
158
150
156
151
181
152
152
200
152
157
158
158
156
153
158
157
159
176
157
158
157
154
156
152
159
159
152
157
157
208
193
156
158
158
157
158
158
157
159
157
158
157
151
202
157
157
157
269
-1
153
149
157
226
221
150
158
158
157
158
158
157
159
157
158
152
157
158
151
186
158
164
157
158
157
157
151
153
157
152
157
192
183
156
198
158
181
158
158
192
153
-1
157
158
158
158
158
157
158
151
157
158
227
208
157
192
-1
158
151
150
158
188
157
157
157
157
158
158
158
158
150
157
158
150
193
151
158
158
199
153
206
158
157
158
158
159
157
157
153
168
254
188
157
158
-1
151
200
157
157
158
157
-1
-1
152
195
157
153
151
200
151
-1
158
158
157
152
153
203
-1
168
158
155
158
175
159
157
158
157
158
157
158
158
157
153
7
157
150
-1
158
-1
153
158
157
151
158
157
158
157
157
145
153
158
162
158
202
157
152
158
157
158
-1
152
157
201
158
205
150
152
150
157
-1
158
148
200
157
158
157
158
157
-1
153
157
157
251
174
158
201
157
150
153
152
156
153
157
158
158
158
157
273
201
153
200
158
157
152
179
158
157
155
156
198
152
157
199
151
157
158
192
153
298
157
156
157
153
157
157
148
157
149
177
192
160
158
149
158
157
153
200
158
158
157
158
158
158
157
154
152
157
158
157
157
203
157
158
203
158
158
158
158
156
157
152
158
158
208
158
152
158
201
157
200
194
151
158
150
158
154
157
158
158
158
157
156
176
158
152
157
157
202
158
155
158
208
151
75
157
158
157
-1
158
153
153
164
198
157
157
-1
203
156
151
157
153
221
158
151
157
152
157
127
158
157
151
148
-1
157
157
194
158
158
159
203
157
157
157
194
151
182
157
203
152
157
201
154
200
154
156
157
158
153
156
199
-1
158
158
200
151
150
159
157
204
158
158
157
158
157
157
157
157
158
158
157
148
158
189
157
157
158
201
181
195
151
203
156
150
155
158
200
158
157
192
157
158
158
158
158
158
157
158
157
263
153
158
32
157
158
153
158
158
157
157
157
-1
157
158
152
154
269
157
208
157
157
200
158
158
158
158
157
205
158
157
158
153
158
203
157
150
157
158
186
153
203
-1
-1
153
157
193
184
158
203
153
153
-1
150
151
206
158
157
152
157
158
158
150
192
157
-1
158
157
158
156
157
158
151
157
150
158
158
152
158
153
193
202
158
199
157
156
157
158
157
219
158
157
156
189
157
157
157
153
151
157
158
157
157
153
157
286
152
158
157
147
152
157
249
157
157
156
143
153
158
158
151
203
151
150
152
149
158
156
157
151
172
151
149
199
157
157
151
158
153
157
-1
158
157
253
157
265
152
288
158
158
157
194
157
157
157
153
158
158
200
158
157
157
158
152
158
157
151
310
152
150
159
157
157
201
149
158
161
143
203
151
150
153
158
201
200
157
157
152
159
156
158
157
158
186
157
160
158
245
151
158
196
157
298
157
158
157
204
158
158
277
200
158
-1
157
162
154
149
157
158
150
152
-1
158
158
157
157
158
159
158
157
157
157
157
157
158
-1
157
149
151
206
152
202
157
154
153
158
152
152
158
246
192
157
201
152
200
-1
158
157
150
158
157
156
-1
153
158
205
149
157
153
150
158
203
155
208
158
157
157
-1
180
158
153
157
128
158
158
197
149
158
-1
157
151
251
192
158
155
159
157
158
194
154
158
146
151
149
182
157
156
157
158
158
157
157
156
151
159
158
158
152
202
201
158
-1
158
151
157
-1
183
158
157
158
158
157
157
157
158
193
157
154
157
158
157
157
157
154
158
158
158
152
158
195
157
185
157
203
202
-1
158
157
148
156
158
200
303
160
157
157
158
158
251
158
158
-1
158
204
154
226
157
156
167
151
157
158
157
157
151
198
185
152
-1
150
157
203
-1
201
158
158
151
157
157
156
243
157
147
160
5
173
157
158
192
158
152
-1
157
194
157
206
159
151
-1
204
157
-1
203
152
157
158
158
202
157
156
158
157
158
157
158
157
178
153
158
157
158
157
150
150
158
157
156
151
150
158
157
192
158
-1
151
192
158
158
157
196
151
158
158
202
206
158
158
157
157
157
157
172
-1
158
157
208
157
158
157
158
153
156
158
238
158
157
158
157
159
159
157
158
158
158
158
157
157
158
202
157
157
152
158
175
160
158
158
157
157
157
152
-1
-1
158
148
159
251
158
158
152
157
157
151
157
-1
159
158
201
157
158
4
192
150
157
157
157
157
157
157
-1
-1
207
157
158
156
151
158
152
201
153
193
157
158
157
157
208
157
157
158
295
156
152
157
150
157
148
156
193
157
151
158
158
158
290
157
150
158
158
153
202
257
156
157
157
157
157
157
-1
157
157
157
156
149
157
157
151
156
157
153
171
158
36
158
151
154
196
183
152
157
157
157
157
157
157
158
153
203
153
157
158
157
157
151
156
157
157
184
201
158
152
148
158
157
157
154
157
-1
151
158
158
158
-1
151
158
158
157
180
157
269
152
157
157
201
158
153
154
158
196
157
157
152
158
158
158
157
158
157
193
157
155
158
159
157
152
150
-1
154
157
203
142
157
158
192
158
158
157
152
158
-1
158
158
158
193
159
157
157
158
158
158
158
202
158
204
203
157
197
157
157
158
-1
214
158
149
160
152
160
157
251
157
202
155
112
153
157
157
-1
158
154
160
158
158
198
202
157
152
159
197
159
202
145
151
152
-1
-1
157
158
157
201
-1
151
150
192
152
158
152
157
157
154
291
158
158
157
157
157
172
152
203
204
158
152
172
165
158
152
157
158
158
156
158
158
158
226
180
158
285
152
151
188
158
153
158
216
156
149
158
103
158
158
158
158
158
157
202
157
158
158
192
158
201
159
157
180
152
151
189
158
157
157
157
158
157
157
203
157
197
150
-1
149
-1
185
155
156
151
156
157
158
158
152
156
220
157
246
157
158
157
202
158
157
203
158
158
266
152
197
158
151
158
157
158
152
157
185
151
156
200
157
202
158
146
157
196
157
198
158
158
157
158
156
157
-1
161
158
157
157
205
152
151
157
150
158
157
151
201
158
200
158
156
-1
150
159
157
203
184
158
206
158
151
155
157
152
150
151
159
157
158
157
156
201
151
158
208
-1
157
-1
152
157
156
153
158
200
158
150
153
158
157
-1
157
157
153
158
156
155
157
156
158
158
157
157
152
158
155
157
155
158
185
150
152
157
157
157
158
203
158
157
157
160
157
159
158
201
158
156
158
157
156
152
152
153
159
151
158
153
152
209
153
158
157
153
198
156
156
158
158
158
157
158
158
158
152
158
158
201
155
158
201
158
157
197
158
157
157
157
157
158
158
204
149
150
158
158
158
157
157
156
152
157
156
157
158
157
158
63
179
150
153
158
157
156
200
161
157
157
200
154
149
-1
152
150
192
157
157
151
157
150
156
188
158
158
157
157
157
205
201
157
150
159
156
151
152
158
304
150
158
218
105
152
282
159
201
157
192
-1
158
157
-1
157
159
157
157
157
-1
300
157
152
157
149
157
156
157
157
185
201
279
157
157
158
156
154
158
150
157
158
153
190
157
151
-1
180
200
203
-1
152
158
33
158
157
292
159
303
160
158
157
157
151
203
150
156
147
151
158
158
156
157
157
157
157
156
202
202
160
152
160
158
158
152
152
204
199
157
158
151
158
158
157
158
158
157
158
157
192
152
151
158
152
159
158
192
157
157
165
157
157
153
158
158
150
151
152
157
276
153
157
157
151
158
200
157
202
156
158
159
156
205
158
157
-1
158
157
158
153
157
153
158
202
158
158
157
150
159
158
156
158
157
159
158
157
158
158
157
156
209
157
200
157
157
241
157
158
158
158
158
204
157
157
158
157
157
151
159
157
158
158
-1
217
199
152
153
158
188
157
206
157
200
158
4
-1
200
154
157
157
157
158
156
133
156
151
152
200
158
148
153
157
158
153
184
158
157
157
157
153
158
157
157
152
159
157
158
153
158
157
152
144
153
158
156
158
158
158
156
158
156
156
194
157
153
158
156
157
157
157
153
157
138
192
158
157
157
157
152
157
158
157
152
157
155
150
150
157
158
218
202
157
159
156
157
165
150
158
149
157
158
157
158
158
250
151
161
158
158
157
158
158
157
157
151
158
150
85
199
157
149
179
269
200
209
152
153
152
157
157
160
159
203
157
158
158
151
157
159
158
203
157
157
157
158
187
-1
151
202
241
157
158
157
192
157
152
158
159
158
158
158
201
158
159
157
157
203
157
158
162
158
201
-1
245
154
157
158
152
158
150
202
152
158
138
158
193
157
152
158
158
157
157
157
157
206
157
152
187
157
152
173
156
152
158
153
158
201
158
180
157
158
208
158
152
156
158
151
152
152
205
280
157
156
209
157
158
158
208
157
157
157
157
158
157
156
158
-1
153
156
157
158
196
158
119
157
221
185
158
157
154
156
157
156
158
158
158
193
-1
158
153
158
157
157
200
156
158
157
150
157
154
158
158
158
154
158
157
202
297
208
158
159
158
157
-1
153
153
155
23
157
158
153
158
157
159
158
209
158
157
158
158
158
157
157
158
203
155
143
140
202
209
157
156
157
158
153
156
155
157
153
158
208
-1
157
157
202
200
152
157
156
157
156
158
200
158
156
202
186
158
158
158
157
157
157
158
156
156
194
151
156
150
158
158
-1
152
158
181
152
157
157
258
203
157
158
-1
158
158
157
158
153
158
158
157
151
203
158
158
157
149
152
158
157
152
150
157
211
193
158
158
153
194
10
158
156
158
156
156
157
157
157
147
157
157
158
156
149
154
159
158
158
158
191
200
1
159
157
204
157
151
158
150
158
157
159
152
135
157
158
158
151
158
157
158
158
193
140
200
158
158
151
157
157
158
201
197
157
158
158
157
158
-1
158
154
158
157
158
206
157
158
153
203
157
159
157
158
158
157
152
153
157
152
157
158
157
151
-1
202
158
158
-1
157
158
159
158
-1
158
156
158
157
157
158
151
156
158
158
-1
158
153
158
157
158
151
157
155
151
157
157
158
157
153
158
189
157
158
157
157
157
157
157
157
197
157
158
203
203
157
157
153
158
157
157
158
187
157
203
193
157
158
200
157
185
157
158
211
160
157
143
158
157
158
151
189
202
158
158
154
205
192
157
151
157
157
157
-1
157
195
155
155
152
158
182
152
193
158
158
152
157
157
-1
-1
157
158
155
149
150
157
153
157
157
158
158
156
158
199
159
203
158
158
157
157
138
158
157
62
110
294
158
-1
158
157
154
181
157
158
152
157
173
201
157
202
151
203
156
157
157
149
158
157
157
185
153
148
158
157
158
157
150
157
157
158
200
158
155
158
157
157
198
157
153
158
158
159
158
-1
157
150
196
192
158
158
153
157
186
153
150
157
157
157
148
-1
156
157
183
157
157
156
157
157
158
157
151
158
203
151
151
158
158
-1
158
157
157
158
153
153
157
220
157
-1
158
157
157
162
157
158
158
153
157
151
162
158
152
-1
158
152
149
158
157
158
158
150
157
158
151
157
1
157
153
158
-1
152
158
158
202
153
158
150
156
158
158
135
182
157
158
158
158
-1
158
158
157
150
158
208
153
-1
157
157
192
-1
152
157
157
158
145
157
157
159
158
158
197
151
155
158
-1
201
157
157
200
163
-1
197
202
157
156
158
158
158
157
154
157
157
157
157
202
157
158
142
-1
157
157
206
152
158
158
158
158
158
158
220
159
158
158
158
157
151
157
157
157
203
158
158
157
158
158
158
157
157
156
158
-1
-1
152
206
152
162
152
158
157
205
149
201
151
-1
157
203
158
151
157
158
118
157
157
158
153
203
-1
157
158
151
158
157
157
158
157
158
157
206
157
158
158
152
202
157
158
154
157
157
157
157
157
-1
157
158
110
199
191
151
203
153
158
156
198
-1
158
157
201
158
296
158
157
157
158
154
157
158
157
157
158
158
157
-1
151
158
157
158
158
158
158
158
158
149
158
157
156
158
158
157
221
158
156
157
158
157
153
293
157
157
153
157
-1
151
156
157
159
158
158
158
-1
152
157
152
151
157
157
157
157
152
247
157
138
200
157
157
192
158
191
158
157
147
152
158
153
148
151
-1
203
157
158
158
200
158
157
152
158
158
157
158
206
156
158
158
158
157
156
157
158
158
157
151
151
158
233
158
158
158
161
199
156
158
157
151
158
157
150
156
159
157
156
152
157
191
156
208
153
150
-1
157
158
157
203
157
158
158
159
204
200
158
157
157
161
156
157
158
158
162
157
189
157
157
124
157
156
157
153
150
158
213
158
184
157
153
151
158
209
197
154
159
157
193
158
156
158
186
201
158
161
158
158
226
157
157
158
157
151
158
-1
158
151
158
157
158
157
157
157
158
157
193
158
157
157
156
200
157
150
200
158
158
157
158
157
159
158
-1
157
157
156
158
158
157
157
158
192
158
-1
218
157
155
158
202
157
196
-1
156
156
157
158
198
242
149
149
150
204
157
151
149
171
158
157
158
158
153
156
158
150
157
157
157
167
158
156
158
205
151
152
178
180
157
153
150
203
151
157
156
157
156
203
156
158
151
154
158
157
157
158
158
158
202
153
136
158
157
153
158
158
157
158
158
203
-1
-1
158
153
157
153
159
157
202
158
157
147
-1
157
156
158
158
157
150
157
-1
151
35
151
157
157
200
-1
157
-1
214
157
158
153
202
272
156
157
189
152
153
156
202
157
-1
157
158
150
193
159
158
158
158
158
158
156
157
157
158
157
158
158
203
157
157
158
157
158
282
193
158
151
158
153
158
99
157
158
151
157
175
151
150
151
158
158
157
157
214
199
158
158
158
157
157
152
158
158
158
157
153
155
157
158
157
158
158
157
158
158
201
157
156
152
157
157
157
157
-1
158
159
-1
157
157
158
179
158
149
151
158
158
157
152
158
157
154
158
-1
156
157
156
294
157
150
153
158
201
158
157
157
-1
157
181
158
158
157
152
158
199
158
150
154
158
157
210
156
193
150
157
157
157
201
202
152
157
204
157
154
157
200
158
158
205
-1
152
158
157
158
158
158
157
-1
158
157
158
157
241
157
18
195
157
158
156
158
262
158
152
157
158
158
154
159
158
151
158
157
198
157
-1
184
153
158
158
192
157
157
153
158
154
158
252
155
152
158
157
157
158
155
203
157
201
152
157
-1
158
157
158
192
157
202
157
158
157
156
208
200
158
158
151
198
157
157
157
158
157
156
158
158
153
157
158
151
160
157
149
158
158
157
-1
221
170
157
-1
156
158
158
157
158
158
158
158
157
157
157
192
158
153
205
157
151
158
200
158
157
153
157
151
157
158
151
157
158
178
210
158
157
152
221
192
157
249
-1
158
185
151
157
157
152
203
158
152
202
152
158
158
157
157
192
151
158
157
152
158
157
158
147
157
151
157
-1
151
157
151
158
158
158
150
158
161
196
157
157
158
192
158
158
158
158
157
153
152
158
157
157
161
199
151
157
157
152
156
158
158
151
157
157
157
157
205
151
-1
200
157
157
158
157
153
157
158
151
193
157
202
154
150
151
184
156
158
157
157
207
157
158
158
158
157
157
159
158
157
158
150
156
157
157
155
201
158
192
157
186
210
200
158
205
202
158
158
195
-1
154
201
150
158
157
157
157
158
-1
202
153
157
193
199
157
153
157
198
199
200
153
157
156
151
208
158
158
158
156
158
157
157
157
158
202
150
152
192
175
202
158
158
-1
151
157
205
157
157
158
158
158
-1
157
195
184
200
200
157
157
153
214
158
158
157
158
156
150
157
203
152
-1
157
185
158
157
157
158
153
158
157
158
150
156
188
152
157
158
158
151
157
158
157
157
158
151
-1
201
158
150
-1
158
158
158
191
157
151
157
158
150
-1
158
158
151
157
157
157
157
150
-1
158
157
156
152
157
157
157
307
157
158
157
150
157
156
-1
158
158
157
151
158
158
158
156
150
155
158
158
152
158
157
157
203
161
150
159
142
157
157
221
157
155
-1
158
158
159
158
155
157
167
157
158
158
152
158
157
158
158
151
157
158
202
202
192
-1
34
151
202
157
128
157
156
153
202
151
158
158
151
153
150
158
157
158
203
157
200
157
157
157
156
158
158
158
156
-1
157
157
157
231
-1
153
152
158
157
158
157
158
157
197
-1
158
-1
158
152
158
153
158
151
154
192
207
156
154
157
306
159
152
158
161
158
154
151
151
157
157
157
192
157
158
157
154
157
156
196
201
156
157
150
158
-1
158
202
157
156
149
158
153
157
156
157
158
158
158
300
205
153
152
152
158
200
153
202
202
157
209
-1
158
158
157
152
158
200
-1
157
157
153
157
143
158
159
157
157
157
153
201
157
156
157
251
157
154
248
200
157
158
158
158
158
157
153
203
157
202
204
158
157
151
150
-1
158
157
157
200
152
157
157
158
156
202
142
158
152
158
308
203
198
-1
157
250
157
158
157
160
151
157
158
157
157
158
152
156
203
158
156
179
157
156
149
166
157
156
202
157
158
160
158
-1
180
158
158
157
157
86
157
158
158
158
152
158
157
158
306
158
152
148
153
201
158
192
158
158
157
251
-1
151
158
151
202
-1
158
151
151
158
158
158
157
207
150
-1
247
157
157
158
146
192
157
157
158
159
156
158
158
202
158
158
180
194
157
156
158
157
158
154
157
150
158
159
158
158
158
157
201
159
201
150
158
158
-1
313
157
157
158
193
156
158
273
158
158
157
158
153
298
157
200
158
153
208
158
158
200
157
158
158
158
152
304
-1
158
155
157
157
151
157
152
157
150
157
151
157
159
157
157
158
-1
158
158
153
158
149
157
158
158
157
157
158
157
158
158
157
158
158
157
152
152
152
-1
157
157
199
157
153
158
158
158
158
158
152
200
158
158
152
158
157
157
202
287
158
156
40
154
157
187
152
156
157
202
150
157
158
30
191
199
158
206
158
157
157
158
157
183
158
158
200
201
158
158
-1
202
295
153
185
250
157
150
157
154
157
206
158
152
202
157
183
157
158
153
158
157
157
158
158
152
251
195
150
149
156
185
157
200
156
153
157
-1
158
161
268
157
156
159
157
201
158
157
158
158
151
158
158
158
195
202
157
153
157
158
158
80
158
157
152
157
153
159
158
158
157
277
158
158
153
151
152
-1
157
156
156
158
-1
158
157
158
159
158
157
196
158
201
182
158
153
158
157
148
157
157
202
153
193
158
157
193
208
156
157
152
158
157
158
153
157
216
158
158
158
157
151
157
158
182
158
201
157
157
152
187
158
158
158
151
157
158
158
151
150
-1
157
158
157
157
158
158
156
202
157
200
156
158
158
157
199
158
199
158
158
-1
152
153
180
205
157
158
156
157
157
158
207
158
157
157
201
202
156
158
157
157
158
157
158
159
158
158
158
-1
157
158
158
157
158
157
158
158
157
158
156
151
-1
158
158
154
158
157
158
188
151
157
154
157
152
158
158
202
155
152
157
157
158
158
159
152
204
158
-1
176
158
157
211
157
201
157
153
153
196
152
151
148
158
202
154
150
157
157
150
153
216
156
157
155
152
157
157
156
153
153
152
192
152
191
152
156
157
158
-1
157
206
158
151
158
158
221
159
207
156
158
161
157
158
200
158
156
157
157
157
273
158
182
157
158
157
157
157
155
158
152
159
201
158
-1
203
150
158
200
158
203
157
156
157
157
156
200
157
180
151
157
154
158
158
157
157
183
158
150
157
157
157
153
151
157
155
158
181
153
157
207
152
157
158
158
158
158
154
152
158
154
158
69
151
156
158
156
156
157
186
151
157
158
157
-1
151
-1
201
158
192
192
158
201
152
158
157
157
158
158
157
157
153
158
152
187
158
151
158
194
158
158
243
157
157
311
158
153
158
157
158
141
157
149
158
153
206
157
158
156
157
201
158
158
157
216
156
155
157
154
158
198
159
157
151
157
-1
153
157
158
157
152
157
157
158
157
157
-1
157
159
160
158
156
157
158
152
158
158
156
160
157
157
233
151
158
159
157
158
300
158
156
157
157
157
153
147
202
154
157
188
158
200
158
153
157
158
154
157
153
157
152
150
219
192
156
204
158
149
152
208
157
150
158
261
158
153
157
156
-1
157
158
156
157
157
200
203
156
158
156
158
153
148
158
152
192
158
152
158
158
157
158
201
158
156
157
158
151
158
149
177
151
157
157
199
157
157
152
153
202
157
196
157
151
148
157
151
156
157
157
157
-1
152
152
147
199
158
158
158
158
158
200
-1
154
157
158
180
158
198
153
157
157
157
158
157
157
-1
156
157
157
128
149
157
157
156
157
158
157
158
158
200
158
157
159
203
205
157
187
149
201
157
260
152
152
148
264
158
158
158
158
157
157
221
-1
158
157
197
151
292
209
158
201
153
152
157
158
158
157
158
151
158
158
160
157
157
157
158
157
157
157
201
192
199
200
157
160
159
158
158
157
152
158
158
157
158
158
157
157
-1
148
205
286
157
158
192
194
157
158
152
153
157
176
158
157
204
158
157
151
153
158
157
158
153
156
158
158
156
200
157
157
158
150
156
157
157
158
158
154
151
151
206
158
154
157
157
152
156
152
157
157
157
151
152
158
158
157
156
152
152
157
152
156
208
192
157
152
157
203
158
158
158
157
158
150
158
158
157
177
158
200
-1
184
200
157
158
159
157
158
152
158
157
157
158
152
157
159
176
158
158
-1
152
192
156
158
157
157
158
157
160
222
157
201
157
151
157
158
181
-1
156
201
157
157
157
157
153
149
157
199
149
157
157
157
157
150
158
157
157
158
157
153
158
203
157
157
157
152
205
152
158
157
157
157
195
157
158
158
149
192
151
150
157
156
152
203
-1
158
152
84
158
158
144
202
157
157
158
153
193
158
152
158
158
159
203
150
157
111
157
156
205
158
157
158
-1
152
158
192
276
-1
159
157
143
157
152
251
202
162
153
-1
157
154
158
47
167
156
154
157
193
158
157
149
158
157
157
158
157
157
158
157
158
152
112
158
158
294
159
158
155
158
214
157
-1
157
158
157
158
242
194
158
158
151
158
157
158
158
158
157
158
158
158
202
200
203
153
158
-1
158
157
200
159
158
157
157
156
158
163
202
157
158
157
157
157
156
204
151
153
154
156
158
158
157
157
-1
158
157
158
151
157
157
158
203
225
157
-1
157
153
152
151
158
157
158
158
151
158
202
157
158
200
157
154
158
157
157
154
157
207
155
157
157
150
157
203
156
-1
157
201
-1
156
284
199
156
153
157
157
180
158
150
129
157
157
156
153
150
153
151
157
157
159
157
152
158
158
-1
151
-1
158
157
152
157
158
292
158
-1
156
156
153
158
157
151
157
150
154
152
156
157
194
201
158
158
158
156
157
158
-1
158
158
157
157
154
151
158
158
157
149
157
192
158
152
192
152
162
157
150
158
203
241
153
158
158
158
158
158
202
-1
158
158
157
158
158
286
157
153
137
158
151
201
160
184
157
195
156
153
150
199
158
-1
156
158
158
151
158
157
157
209
-1
158
158
158
150
202
283
196
171
157
156
201
158
157
150
157
153
154
196
158
157
71
157
157
158
160
205
207
152
157
158
157
150
153
154
157
157
150
158
158
158
158
-1
152
157
199
158
158
-1
-1
157
202
158
-1
157
-1
157
157
158
151
158
158
160
157
255
158
174
158
150
152
160
-1
-1
158
157
153
157
152
205
158
158
158
157
157
152
158
151
-1
157
158
156
-1
153
158
158
153
157
205
150
156
153
202
158
158
201
157
157
-1
209
157
170
158
157
152
157
156
151
247
159
158
158
152
158
157
156
184
157
-1
149
202
157
305
157
201
201
201
158
157
192
151
158
152
157
157
157
157
157
153
157
157
152
153
157
157
196
158
156
152
158
158
165
158
158
151
157
157
157
157
158
157
157
157
152
158
153
149
180
-1
158
158
184
152
208
-1
156
214
157
157
200
158
158
157
144
157
158
157
154
158
158
154
156
202
158
209
158
158
157
143
155
157
158
157
158
157
154
157
157
-1
157
199
183
191
-1
157
158
151
158
157
157
151
157
157
153
157
192
185
158
153
157
150
-1
152
183
157
150
76
152
157
156
151
158
157
158
184
157
158
151
150
158
202
201
-1
149
158
157
157
158
153
158
158
154
192
157
157
157
151
157
158
202
157
157
203
157
158
158
157
200
151
158
232
197
158
150
152
-1
152
157
154
158
157
158
-1
157
157
157
158
158
157
157
158
156
157
150
200
158
154
158
203
153
158
158
158
158
149
200
149
202
157
157
158
152
157
156
194
156
158
157
158
158
158
156
152
226
153
200
158
159
149
148
-1
151
198
151
151
280
270
157
153
157
158
157
205
159
-1
157
158
217
157
200
157
194
157
158
157
151
157
157
155
153
150
195
158
149
153
151
156
171
157
148
158
-1
158
195
152
158
158
158
157
158
157
202
151
158
151
150
182
151
157
158
156
158
158
202
158
157
151
173
157
157
157
194
151
158
157
149
154
157
159
152
152
207
157
157
-1
157
157
163
157
153
151
153
158
190
158
157
158
149
158
150
151
175
-1
157
158
156
204
192
158
157
152
157
151
157
157
201
157
158
158
152
158
156
158
158
153
158
-1
157
157
156
157
157
152
149
158
153
280
151
-1
158
158
154
158
157
193
157
158
152
157
158
157
158
152
152
157
158
201
157
157
157
157
157
158
157
152
158
157
157
149
158
158
283
157
157
156
158
157
158
158
155
154
152
9
156
151
-1
155
157
203
160
-1
158
150
150
150
158
157
158
151
157
157
158
157
158
201
157
157
157
158
182
203
152
195
158
151
158
158
191
157
157
157
157
209
281
157
158
157
157
201
158
158
157
157
158
158
200
157
157
158
149
188
158
157
158
156
150
158
156
157
158
149
157
149
158
203
157
157
152
158
158
173
158
158
157
158
-1
203
-1
194
180
158
158
152
157
158
158
156
261
157
154
152
150
157
202
158
151
158
157
157
157
-1
158
157
158
158
157
112
156
157
151
151
152
197
156
149
183
156
153
157
17
156
157
158
158
153
-1
157
157
158
158
206
150
187
158
158
159
157
158
151
157
156
158
157
157
149
158
158
157
39
193
156
199
201
158
156
148
152
185
157
153
157
152
152
158
153
201
157
158
-1
157
151
157
156
152
226
152
151
200
158
200
157
158
157
157
157
153
157
158
158
157
228
152
157
157
111
158
202
158
158
157
158
206
157
153
-1
158
158
158
157
157
158
184
247
156
158
158
156
158
157
151
157
192
312
156
-1
152
158
158
158
158
214
217
195
158
198
189
158
157
154
152
156
157
158
158
158
157
158
156
157
199
158
150
242
206
158
153
157
158
158
157
200
156
150
159
158
158
157
157
152
158
158
157
152
156
215
203
158
152
151
158
157
171
152
157
157
-1
200
158
192
201
198
152
154
158
156
203
157
154
158
157
152
203
196
157
157
157
150
152
199
159
157
157
158
158
-1
270
157
158
158
150
158
152
203
158
160
158
158
151
157
157
-1
158
151
153
177
157
157
193
150
195
150
158
242
151
157
200
144
157
158
158
-1
158
158
157
158
157
157
159
158
158
-1
152
158
-1
158
157
157
157
158
151
-1
153
158
152
159
251
157
156
158
157
158
157
158
158
99
157
158
153
157
157
158
151
158
157
158
157
203
153
158
156
202
157
157
158
200
158
153
151
157
157
157
157
159
158
158
157
156
150
157
157
152
158
306
193
157
157
202
158
156
158
159
158
151
-1
154
152
156
150
158
158
158
153
155
157
265
157
157
156
118
158
157
151
151
152
-1
158
153
157
157
157
158
157
157
158
157
157
151
157
151
-1
157
157
-1
151
158
155
46
157
150
200
158
156
158
157
202
151
157
153
158
157
158
158
157
206
157
154
153
157
255
157
156
158
157
198
152
157
159
158
157
152
156
-1
159
157
151
151
157
158
153
154
157
192
158
158
157
152
157
158
150
158
157
158
156
158
158
150
-1
153
201
152
-1
159
203
151
157
153
180
157
158
157
156
152
158
189
-1
151
158
-1
160
150
151
156
158
156
195
156
202
157
158
297
157
158
156
157
200
-1
158
157
171
156
158
153
196
158
157
158
267
153
158
157
157
157
199
188
143
158
157
157
158
158
158
157
202
157
157
157
206
152
208
158
202
152
151
157
153
157
158
157
158
151
157
157
202
157
153
152
157
153
157
156
158
158
150
203
157
158
158
202
192
158
157
205
157
157
158
157
194
157
158
152
157
157
157
150
201
153
196
157
158
158
157
157
151
158
157
185
157
157
152
158
149
157
158
157
157
158
152
157
286
153
-1
-1
152
161
158
157
158
158
158
157
203
158
152
195
158
180
158
152
192
159
157
202
-1
157
267
151
152
158
199
157
200
158
157
153
151
150
152
153
157
157
157
153
193
157
149
158
158
157
158
157
158
157
157
161
157
157
157
157
157
206
157
158
158
157
157
159
-1
151
157
157
158
158
158
158
157
154
157
153
158
151
157
158
161
64
158
199
157
158
192
158
191
157
157
158
158
158
158
156
157
157
157
195
158
152
158
152
157
-1
157
158
155
158
-1
152
157
158
246
184
158
158
282
200
158
158
-1
158
158
158
157
158
209
151
158
158
158
157
198
158
158
152
158
151
147
158
298
242
158
156
157
156
157
156
157
157
200
158
158
155
157
156
-1
158
156
208
158
157
153
157
154
157
158
158
152
158
158
157
156
157
220
156
186
149
157
-1
157
-1
150
156
153
157
157
158
250
158
154
154
208
200
152
151
157
260
-1
203
157
156
157
153
158
157
158
158
156
214
203
151
158
304
180
158
157
155
158
192
158
158
150
157
152
148
158
204
157
188
157
157
280
157
204
158
157
157
158
157
167
157
-1
180
157
150
157
157
158
159
159
157
157
153
158
-1
156
157
158
153
158
156
158
202
156
159
158
156
158
156
157
157
153
158
157
158
158
157
-1
150
151
158
151
157
158
157
156
152
31
158
157
-1
151
162
158
-1
157
158
203
158
-1
158
158
157
157
158
158
142
158
158
158
157
192
152
205
-1
157
157
200
156
202
156
197
135
157
158
151
208
180
158
157
157
176
151
184
157
-1
192
157
158
158
158
158
157
158
200
157
152
161
157
157
158
152
156
158
157
157
158
156
157
157
152
158
153
158
157
158
150
157
157
158
158
157
158
157
305
157
153
157
157
151
151
157
-1
158
196
151
157
207
158
222
158
157
157
157
201
153
155
158
157
158
158
159
158
157
151
158
158
158
-1
158
157
300
148
156
152
158
151
157
221
200
158
157
208
154
156
158
158
160
151
157
159
158
156
157
-1
215
157
158
200
153
157
157
158
157
153
157
158
153
188
158
150
158
158
156
157
148
154
157
157
157
157
152
-1
158
158
159
155
-1
152
199
153
157
157
138
157
151
157
157
203
158
158
158
158
156
151
200
151
158
157
158
193
156
156
160
157
153
157
201
157
158
157
150
200
157
158
158
156
157
149
201
156
153
-1
158
158
86
208
153
157
159
158
157
158
157
158
153
158
153
158
158
203
157
157
153
157
158
147
157
158
157
152
157
157
157
161
149
156
156
-1
152
157
204
157
158
158
201
200
157
157
-1
185
198
152
150
157
152
156
158
158
157
157
156
157
158
157
157
157
156
158
157
156
158
157
159
151
157
156
157
157
-1
157
156
156
196
152
157
156
202
157
183
152
156
159
113
156
153
152
152
204
-1
157
157
281
157
31
152
152
157
157
153
156
283
151
158
158
151
158
158
158
157
157
157
157
-1
158
158
159
152
151
151
159
157
152
158
158
306
158
158
150
158
-1
200
202
158
199
157
157
158
157
184
157
-1
157
157
-1
157
150
150
156
157
277
192
153
154
158
245
199
152
157
158
157
158
157
150
153
-1
158
157
158
-1
157
158
157
-1
-1
159
158
202
157
155
158
155
199
158
149
207
181
194
159
-1
157
158
157
8
151
154
158
157
200
158
198
157
155
158
158
158
199
151
202
158
152
159
183
200
156
158
153
152
157
157
158
152
159
157
157
142
157
247
157
158
208
-1
158
151
157
64
157
147
151
157
151
158
203
156
158
152
157
150
157
156
189
152
151
158
152
194
158
156
170
158
210
157
151
151
158
150
203
-1
144
33
158
158
157
157
138
152
157
158
152
158
151
202
151
175
157
151
203
158
153
157
204
-1
158
152
157
151
153
157
157
156
165
158
181
158
157
157
157
192
157
158
153
206
151
157
152
158
158
151
158
158
158
153
158
157
306
152
240
158
158
151
154
157
151
157
158
158
158
157
158
157
157
158
202
251
158
152
158
158
159
166
157
153
157
157
157
199
158
214
153
157
175
155
-1
158
180
159
151
157
157
48
153
151
158
152
152
-1
158
193
157
156
157
151
152
158
201
-1
203
-1
108
242
161
157
157
158
153
157
158
155
157
158
151
158
157
145
200
150
196
158
158
193
157
158
157
157
157
153
157
206
150
157
157
151
192
156
158
161
151
158
155
156
157
156
158
157
304
158
157
157
157
158
158
150
158
157
157
36
152
149
199
155
152
158
157
-1
151
153
158
157
200
157
209
192
157
151
158
158
157
202
154
157
155
206
156
158
157
183
157
158
158
158
158
147
157
194
158
158
152
158
152
143
157
158
152
158
161
157
156
208
149
157
147
-1
158
153
158
157
158
157
158
192
156
152
314
204
202
192
157
157
158
157
201
151
150
158
157
156
153
158
180
143
157
203
157
158
173
200
192
157
157
157
152
198
208
208
157
153
158
158
156
157
152
158
149
158
157
66
157
158
157
157
157
157
149
195
158
158
158
153
153
158
153
154
157
150
150
148
158
158
158
184
158
201
157
158
151
157
157
157
151
157
158
152
201
158
157
157
157
158
157
151
158
158
158
158
157
157
220
157
157
150
151
157
157
151
158
154
-1
157
158
158
158
156
158
158
157
157
158
156
152
155
197
158
151
157
157
153
192
158
158
194
204
158
153
158
157
157
209
150
158
262
157
156
198
-1
157
151
315
158
208
152
158
158
157
157
200
158
157
157
158
150
157
250
157
158
157
154
206
151
157
248
158
158
158
157
157
157
152
157
160
157
157
157
191
156
157
214
151
158
158
157
157
157
157
153
200
152
156
151
152
157
158
158
134
158
182
151
158
158
151
221
158
157
158
158
157
138
158
205
192
153
157
161
157
158
158
156
153
156
158
158
-1
-1
158
-1
158
158
157
157
158
158
158
158
184
153
208
305
154
157
154
-1
158
215
146
152
157
175
151
157
158
203
157
158
160
-1
157
200
158
251
158
153
153
158
202
152
157
157
158
157
160
157
158
158
157
157
156
196
153
158
157
160
221
157
-1
159
158
152
191
158
158
158
154
122
152
157
157
158
157
157
158
158
201
158
-1
-1
157
157
151
159
153
157
157
158
157
158
205
158
158
153
157
157
-1
157
151
206
156
152
158
152
156
156
152
184
154
200
201
158
158
158
-1
158
158
151
-1
158
151
161
157
157
151
157
157
162
157
213
193
157
157
157
149
158
145
-1
157
156
151
157
157
157
159
152
157
-1
108
157
158
155
158
197
158
151
-1
-1
192
157
159
195
158
157
198
203
191
152
153
159
199
158
157
158
158
157
182
157
154
157
157
157
158
157
153
154
202
231
192
158
202
-1
158
157
153
156
158
157
156
158
174
155
157
151
157
192
157
151
157
153
157
156
155
152
196
159
158
152
157
-1
198
202
298
156
158
193
153
157
158
152
152
152
160
191
158
218
158
156
157
158
158
153
156
157
150
151
151
193
157
152
151
-1
158
141
160
159
200
154
152
158
153
145
158
152
153
150
157
158
158
157
158
158
157
154
152
157
152
156
158
197
151
159
208
158
157
192
157
203
184
158
158
202
161
201
157
145
157
158
157
158
193
158
158
157
157
154
157
200
153
158
156
301
158
157
158
157
158
156
158
-1
-1
157
151
152
-1
157
157
152
157
161
156
158
157
157
196
158
158
157
157
156
158
157
153
192
157
158
159
158
157
286
158
158
157
158
157
158
157
201
202
203
158
152
157
152
152
150
199
158
157
152
156
158
152
203
151
152
152
158
158
157
-1
158
157
157
157
156
157
157
158
158
192
159
192
158
158
157
157
158
158
157
158
159
157
157
193
158
189
158
157
158
151
157
157
202
158
158
151
159
158
158
157
157
152
150
158
291
152
158
158
158
158
257
152
158
274
202
200
279
158
161
149
151
158
158
-1
156
154
158
201
157
158
158
157
158
158
157
158
158
181
157
158
151
192
158
157
157
-1
309
156
158
158
152
-1
157
152
157
157
153
152
157
157
157
158
151
203
276
158
158
158
151
157
-1
143
158
202
208
312
184
158
203
157
158
158
152
151
158
157
158
158
154
150
158
157
157
158
158
154
158
157
137
186
150
183
157
157
158
152
157
158
158
193
152
208
157
158
157
157
153
159
158
157
150
153
159
-1
151
158
156
158
158
158
203
158
157
-1
158
207
157
157
157
158
157
201
154
157
158
157
203
154
158
158
157
156
157
156
156
149
154
158
201
156
158
151
193
157
149
158
162
145
157
158
202
152
157
157
193
157
157
284
158
157
157
103
160
157
157
-1
203
157
158
159
158
157
157
157
158
209
157
153
203
206
156
150
157
157
157
147
158
157
201
157
157
34
158
157
201
157
156
158
158
157
151
157
158
157
204
152
203
157
157
200
202
157
156
150
158
151
157
158
152
152
157
158
157
158
151
-1
157
158
151
157
276
157
266
152
157
158
-1
147
225
157
152
158
157
158
157
151
158
200
257
158
158
150
157
158
151
154
208
158
157
158
157
151
267
158
152
157
157
201
157
151
157
158
157
158
284
158
-1
155
204
162
157
152
157
158
149
151
152
157
192
157
157
150
156
158
151
158
151
153
157
159
151
-1
153
154
151
200
158
157
158
180
158
158
156
157
158
158
150
158
157
149
138
192
157
152
152
200
183
-1
158
156
158
152
158
152
158
159
153
158
152
158
157
157
-1
157
158
-1
158
158
157
158
-1
158
158
179
194
151
157
158
152
151
157
157
157
157
153
157
158
157
206
107
158
153
157
-1
157
157
158
183
157
157
148
198
157
150
157
158
153
151
156
157
151
158
159
157
157
156
208
158
205
158
275
197
265
153
158
158
157
158
151
157
158
158
198
158
200
157
147
194
158
158
158
153
157
158
158
151
185
157
158
157
154
159
192
157
158
157
157
203
158
157
158
-1
158
159
157
189
154
158
157
158
157
158
160
159
157
158
192
142
158
152
151
154
157
158
157
-1
152
158
157
157
152
158
158
202
153
158
158
158
157
157
157
158
157
-1
156
200
152
157
150
150
151
157
158
158
157
158
158
152
156
157
158
185
159
157
151
192
157
156
157
150
157
158
158
158
158
156
153
158
157
202
158
158
157
158
158
155
157
156
158
153
153
158
157
198
156
257
157
158
158
158
158
143
153
152
286
154
157
220
158
158
152
156
214
151
156
157
108
158
158
158
156
-1
151
157
151
157
153
305
158
208
222
157
157
154
158
281
153
268
157
151
150
259
158
156
157
158
192
158
-1
158
158
156
157
158
153
202
157
158
193
112
157
157
-1
158
157
151
158
251
157
157
157
157
298
155
156
158
135
157
154
156
157
158
152
157
220
154
193
158
157
157
157
154
156
157
157
158
157
205
151
158
158
152
158
156
157
158
158
157
157
152
158
201
157
158
205
-1
157
209
157
159
157
150
-1
264
-1
158
157
208
157
157
157
203
158
159
158
156
250
157
201
159
157
158
157
158
193
152
158
157
157
201
159
157
152
157
157
196
201
157
157
152
157
-1
150
159
158
196
158
157
157
154
158
159
153
157
157
152
158
157
158
158
201
157
155
157
157
158
148
157
157
156
158
207
157
151
209
157
158
157
157
151
157
158
157
157
158
157
153
157
158
157
158
152
158
158
157
157
153
149
185
158
157
158
157
151
158
279
158
153
152
157
-1
158
158
158
156
157
151
208
158
-1
-1
158
158
158
158
158
157
151
157
193
158
158
206
158
151
143
157
158
158
259
157
158
157
180
158
158
157
157
157
157
145
158
193
158
194
158
158
246
158
157
157
152
158
157
183
157
151
152
153
151
157
152
202
157
153
275
158
158
160
152
201
158
158
157
157
142
151
-1
158
158
150
157
174
157
157
242
153
158
157
200
157
159
157
-1
152
158
159
193
157
153
158
157
156
153
157
203
157
156
156
150
202
151
152
158
157
157
200
159
150
277
202
158
-1
-1
158
153
156
152
158
157
158
-1
158
163
157
149
208
157
247
153
157
276
153
153
157
-1
300
158
201
192
195
157
151
1
157
203
157
151
157
154
191
157
231
158
158
158
158
153
274
158
157
-1
158
148
159
153
158
158
202
129
154
158
200
203
298
157
158
157
158
158
158
156
157
157
161
157
200
158
158
157
157
158
200
158
73
151
201
309
158
157
157
193
157
144
149
206
158
191
157
158
157
150
154
151
151
158
158
157
157
201
157
156
191
203
158
157
158
152
154
157
158
158
151
155
174
156
158
156
158
157
157
157
294
157
158
157
158
157
157
158
158
157
153
157
151
158
157
158
157
150
202
158
158
158
152
157
185
157
158
158
173
158
157
152
157
183
158
-1
157
157
157
159
158
158
157
152
149
158
156
169
158
157
193
158
153
157
157
157
158
151
152
159
156
158
150
158
158
150
153
157
157
158
-1
159
202
157
153
157
158
152
163
157
150
301
201
151
202
157
157
158
-1
153
152
199
158
152
158
157
157
-1
153
158
230
157
158
191
156
-1
154
157
151
157
148
158
157
156
157
156
156
157
158
157
152
158
157
157
158
157
161
154
157
157
157
158
159
157
156
157
150
157
157
157
158
158
157
159
193
193
155
158
151
157
157
158
156
-1
158
248
152
202
158
158
193
225
154
158
150
158
158
157
198
251
157
305
-1
158
158
157
203
157
158
192
264
197
158
158
202
200
157
153
-1
158
201
150
203
185
157
152
151
152
153
-1
156
155
157
214
157
156
158
155
157
-1
157
157
-1
157
158
157
151
157
158
157
159
157
197
158
157
158
181
157
158
157
157
154
151
158
157
158
157
158
153
159
157
155
154
201
150
158
158
157
158
200
157
205
158
157
-1
156
157
156
159
153
157
201
157
152
158
158
192
157
158
166
151
153
158
157
153
157
158
158
158
151
158
158
158
158
157
158
151
153
158
158
153
186
157
157
145
195
151
-1
179
152
157
168
188
158
-1
198
279
306
150
159
158
157
158
156
157
158
158
221
151
154
152
151
156
158
150
158
157
159
156
157
121
156
151
151
153
158
203
153
245
157
157
149
157
157
201
158
156
158
202
157
157
174
195
157
96
152
157
-1
152
158
158
158
158
150
157
