0.00045331
0.00097981
0.00167373
0.00236849
0.00271488
0.00293998
0.00293998
0.00254899
0.00248513
0.00229122
0.00218771
0.00188307
0.00214690
0.00276802
0.00335681
0.00380158
0.00380158
0.00366281
0.00303661
0.00245332
0.00203517
0.00163165
0.00171881
0.00183466
0.00221576
0.00274499
0.00284338
0.00293649
0.00293649
0.00264855
0.00264855
0.00247916
0.00235166
0.00243056
0.00305876
0.00340379
0.00342491
0.00342491
0.00344990
0.00344990
0.00320531
0.00315856
0.00315856
0.00308285
0.00276843
0.00261923
0.00244466
0.00195825
0.00217665
0.00234635
0.00261384
0.00305194
0.00334879
0.00339296
0.00339296
0.00332723
0.00293804
0.00252879
0.00275322
0.00284427
0.00318556
0.00347852
0.00347852
0.00335826
0.00306270
0.00268033
0.00268033
0.00260469
0.00260469
0.00239348
0.00230836
0.00245445
0.00280571
0.00291278
0.00291278
0.00299520
0.00305692
0.00305692
0.00286708
0.00308042
0.00317229
0.00317229
0.00297678
0.00280602
0.00294667
0.00315658
0.00315658
0.00315113
0.00284637
0.00286649
0.00286649
0.00296028
0.00296028
0.00279277
0.00231618
0.00201281
0.00176423
0.00153341
0.00115725
0.00063540
