0.00005615
0.00007846
0.00030321
0.00007969
0.00023225
0.00004766
0.00011182
0.00009538
0.00005888
0.00035738
0.00012135
0.00011783
0.00032695
0.00017957
0.00011196
0.00004917
0.00004707
0.00013695
0.00008112
0.00003776
0.00004201
0.00005695
0.00026392
0.00032695
0.00060165
0.00029601
0.00004815
0.00039665
0.00012370
0.00020328
0.00010858
0.00011459
0.00027091
0.00017258
0.00007597
0.00007510
0.00023727
0.00014961
0.00009017
0.00009854
0.00003997
0.00007673
0.00007057
0.00005770
0.00004651
0.00003556
0.00017575
0.00008552
0.00006880
0.00003485
0.00004651
0.00005594
0.00006447
0.00005153
0.00012029
0.00006838
0.00004908
0.00003952
0.00003195
0.00009734
0.00010649
0.00011778
0.00012018
0.00011420
0.00007789
0.00004927
0.00006815
0.00006387
0.00010138
0.00003952
0.00006948
0.00012018
0.00019399
0.00004256
0.00006824
0.00002154
0.00005199
0.00007190
0.00019682
0.00011200
0.00018861
0.00007869
0.00007858
0.00010659
0.00016568
0.00012029
0.00035366
0.00005462
0.00011812
0.00055448
0.00019891
0.00039604
0.00027165
0.00008443
0.00003357
0.00100463
0.00044600
0.00038966
0.00012714
0.00006117
0.00108581
0.00042441
0.00009512
0.00005180
0.00015247
0.00012687
0.00009926
0.00005412
0.00007092
0.00051251
0.00010737
0.00021924
0.00039835
0.00031866
0.00013059
0.00004386
0.00056093
0.00018266
0.00036454
0.00054131
0.00027475
0.00076348
0.00007493
0.00004469
0.00017084
0.00015787
0.00011426
0.00046831
0.00188785
0.00024263
0.00050172
0.00020034
0.00021027
0.00006900
0.00025523
0.00009586
0.00084015
0.00029529
0.00005814
0.00010702
0.00042061
0.00010565
0.00008409
0.00061728
0.00035960
0.00008549
0.00024892
0.00060165
0.00016810
0.00026696
0.00012150
0.00008362
0.00020328
0.00089815
0.00019425
0.00075659
0.00015659
0.00028051
0.00010958
0.00009324
0.00023899
0.00008017
0.00051720
0.00022123
0.00017500
0.00035204
0.00037783
0.00044600
0.00011556
0.00047770
0.00027810
0.00128445
0.00054324
0.00043319
0.00021027
0.00028230
0.00039646
0.00012690
0.00015827
0.00037472
0.00039019
0.00035136
0.00038426
0.00101408
0.00035752
0.00035491
0.00042061
0.00041666
0.00014521
0.00013350
0.00025731
0.00084525
0.00019068
0.00011200
0.00008375
0.00007134
0.00020334
0.00003631
0.00022844
0.00030321
0.00047770
0.00008486
0.00007089
0.00006190
0.00007435
0.00006881
0.00014904
0.00007656
0.00021820
0.00023502
0.00126559
0.00060255
0.00157270
0.00100463
0.00042305
0.00016808
0.00036766
0.00025523
0.00057569
0.00019490
0.00037574
0.00088045
0.00013164
0.00026922
0.00003492
0.00005197
0.00003919
0.00005317
0.00007509
0.00015133
0.00022479
0.00015413
0.00010066
0.00009148
0.00022977
0.00007029
0.00015413
0.00006583
0.00015172
0.00013360
0.00010428
0.00006131
0.00012731
0.00005788
0.00005759
0.00015511
0.00021760
0.00011027
0.00007766
0.00012343
0.00033500
0.00035127
0.00073429
0.00021881
0.00014694
0.00012958
0.00016045
0.00051424
0.00026820
0.00003534
0.00016163
0.00014407
0.00008384
0.00006256
0.00005263
0.00009305
0.00009596
0.00023985
0.00028164
0.00027464
0.00017002
0.00025278
0.00021902
0.00110487
0.00008957
0.00043884
0.00066588
0.00084525
0.00034265
0.00008272
0.00020660
0.00005282
0.00029406
0.00012346
0.00010137
0.00008719
0.00006178
0.00078354
0.00078354
0.00009458
0.00011884
0.00002307
0.00005003
0.00004734
0.00012370
0.00013451
0.00024185
0.00012201
0.00045082
0.00072391
0.00029312
0.00073429
0.00024649
0.00024305
0.00035905
0.00011804
0.00054324
0.00009084
0.00149498
0.00061390
0.00054400
0.00039426
0.00062730
0.00101408
0.00051424
0.00034265
0.00034000
0.00010439
0.00003913
0.00013564
0.00039901
0.00027815
0.00012537
0.00005055
0.00009666
0.00013281
0.00024536
0.00016434
0.00011130
0.00032293
0.00004684
0.00009447
0.00011749
0.00010232
0.00012690
0.00008640
0.00006426
0.00089155
0.00020719
0.00014711
0.00010812
0.00029291
0.00020421
0.00004419
0.00006232
0.00006659
0.00016633
0.00023899
0.00018451
0.00010025
0.00009048
0.00021460
0.00004933
0.00006357
0.00011671
0.00025376
0.00012128
0.00021774
0.00004402
0.00004035
0.00034289
0.00025175
0.00141194
0.00048389
0.00025754
0.00024021
0.00047490
0.00013912
0.00121546
0.00235825
0.00036819
0.00189217
0.00039019
0.00085812
0.00038631
0.00039101
0.00047358
0.00035914
0.00012658
0.00034738
0.00012887
0.00010061
0.00007115
0.00021460
0.00013568
0.00014795
0.00066511
0.00043563
0.00008456
0.00026289
0.00007281
0.00008212
0.00011878
0.00017383
0.00016361
0.00006087
0.00011520
0.00008311
0.00006631
0.00009649
0.00020521
0.00011086
0.00018036
0.00029151
0.00048389
0.00124523
0.00080007
0.00008280
0.00004819
0.00044642
0.00015439
0.00018926
0.00013668
0.00003680
0.00005495
0.00004395
0.00010459
0.00030374
0.00009875
0.00038875
0.00034794
0.00235825
0.00039614
0.00033707
0.00037420
0.00008251
0.00005722
0.00006929
0.00009812
0.00005370
0.00008212
0.00007012
0.00009953
0.00009953
0.00006466
0.00016633
0.00010831
0.00028877
0.00012647
0.00037420
0.00035740
0.00004991
0.00153210
0.00050319
0.00035752
0.00073322
0.00158006
0.00053287
0.00041666
0.00026200
0.00033306
0.00158006
0.00012356
0.00152443
0.00108091
0.00316148
0.00024900
0.00070873
0.00153210
0.00086577
0.00152239
0.00005727
0.00006345
0.00072129
0.00345742
0.00099270
0.00057841
0.00029634
0.00235589
0.00023520
0.00043700
0.00015152
0.00036191
0.00046254
0.00062591
0.00151026
0.00025278
0.00129856
0.00071570
0.00345742
0.00096446
0.00096446
0.00012148
0.00034029
0.00008716
0.00013551
0.00068671
0.00030140
0.00062050
0.00134841
0.00034442
0.00062591
0.00018214
0.00014410
0.00017282
0.00024279
0.00035737
0.00077077
0.00052531
0.00031245
0.00043320
0.00281633
0.00041962
0.00050107
0.00041365
0.00061803
0.00123287
0.00189217
0.00011929
0.00268708
0.00181789
0.00105447
0.00019145
0.00094327
0.00046961
0.00038221
0.00072517
0.00076413
0.00198925
0.00043206
0.00281633
0.00198925
0.00019098
0.00017341
0.00268708
0.00017301
0.00053120
0.00004077
0.00041442
0.00007068
0.00012561
0.00028201
0.00089155
0.00003097
0.00016311
0.00009383
0.00005049
0.00019676
0.00006569
0.00009309
0.00006990
0.00016083
0.00044391
0.00027543
0.00051467
0.00037803
0.00011961
0.00034861
0.00021204
0.00022085
0.00008643
0.00004604
0.00007205
0.00019999
0.00024318
0.00031637
0.00004816
0.00023902
0.00026598
0.00004240
0.00010357
0.00018221
0.00011012
0.00035248
0.00028802
0.00039702
0.00009201
0.00008331
0.00024072
0.00021571
0.00102897
0.00177921
0.00063608
0.00084709
0.00021354
0.00027873
0.00094830
0.00004724
0.00034738
0.00094327
0.00031857
0.00044391
0.00020522
0.00027824
0.00041001
0.00147318
0.00065532
0.00019179
0.00154740
0.00105938
0.00042729
0.00074238
0.00054276
0.00064062
0.00013154
0.00006981
0.00024522
0.00007411
0.00028177
0.00009861
0.00008077
0.00012381
0.00004902
0.00014256
0.00004298
0.00009513
0.00007366
0.00006923
0.00017971
0.00006963
0.00011398
0.00006720
0.00022463
0.00006986
0.00013958
0.00018200
0.00006001
0.00044642
0.00010218
0.00010967
0.00021036
0.00015506
0.00022686
0.00035248
0.00058269
0.00009706
0.00004131
0.00024679
0.00015382
0.00006200
0.00034181
0.00008758
0.00014225
0.00007667
0.00007989
0.00004926
0.00013857
0.00010143
0.00006951
0.00009902
0.00010272
0.00011927
0.00009567
0.00009242
0.00025888
0.00006725
0.00020913
0.00016214
0.00026781
0.00005510
0.00007652
0.00016214
0.00015562
0.00031591
0.00039101
0.00014488
0.00016000
0.00014694
0.00042713
0.00057481
0.00017518
0.00026356
0.00011917
0.00058269
0.00010644
0.00027168
0.00117675
0.00031464
0.00050419
0.00102897
0.00052242
0.00117675
0.00031679
0.00066379
0.00016896
0.00014798
0.00017126
0.00016969
0.00007507
0.00011260
0.00016389
0.00071236
0.00081287
0.00024425
0.00015701
0.00015701
0.00020499
0.00081383
0.00007411
0.00044226
0.00046213
0.00007007
0.00015224
0.00018751
0.00032464
0.00011304
0.00061675
0.00013158
0.00018751
0.00017182
0.00008903
0.00009690
0.00021598
0.00007610
0.00015172
0.00015172
0.00005686
0.00006282
0.00009159
0.00013238
0.00010669
0.00006740
0.00008431
0.00013509
0.00007581
0.00008340
0.00005442
0.00031083
0.00006853
0.00013850
0.00006929
0.00010776
0.00007971
0.00008340
0.00005479
0.00010194
0.00008506
0.00005716
0.00006415
0.00004559
0.00008376
0.00007426
0.00005016
0.00007563
0.00007165
0.00012635
0.00005687
0.00005819
0.00003403
0.00006364
0.00009589
0.00010168
0.00015360
0.00009196
0.00025578
0.00012541
0.00017196
0.00009812
0.00006321
0.00011691
0.00034966
0.00009589
0.00015018
0.00025578
0.00010027
0.00026823
0.00008632
0.00016816
0.00021913
0.00006870
0.00027552
0.00025579
0.00041051
0.00014044
0.00021775
0.00060532
0.00015104
0.00019880
0.00071236
0.00011305
0.00041079
0.00100080
0.00033593
0.00081383
0.00128321
0.00054852
0.00031815
0.00055491
0.00010299
0.00033661
0.00009720
0.00008552
0.00004959
0.00013008
0.00020959
0.00023118
0.00044541
0.00054276
0.00054953
0.00031245
0.00021764
0.00084872
0.00057470
0.00034206
0.00004812
0.00002669
0.00009198
0.00003602
0.00021913
0.00077722
0.00007419
0.00015788
0.00014258
0.00011000
0.00020993
0.00064741
0.00033402
0.00027478
0.00007539
0.00003447
0.00017341
0.00027478
0.00007648
0.00007979
0.00010215
0.00043734
0.00020705
0.00008080
0.00012776
0.00006477
0.00003435
0.00004522
0.00025354
0.00002608
0.00007528
0.00004522
0.00009763
0.00011430
0.00015511
0.00014695
0.00003463
0.00011426
0.00013344
0.00013215
0.00004965
0.00016473
0.00015701
0.00027858
0.00027622
0.00020192
0.00014627
0.00007820
0.00006853
0.00002291
0.00010711
0.00003046
0.00006382
0.00003477
0.00011867
0.00009187
0.00010909
0.00010640
0.00007141
0.00037907
0.00037907
0.00017432
0.00041953
0.00015479
0.00037744
0.00023930
0.00017558
0.00005725
0.00004775
0.00007399
0.00015047
0.00006529
0.00009872
0.00020263
0.00058598
0.00019082
0.00005615
0.00033402
0.00007139
0.00014989
0.00014873
0.00012865
0.00040677
0.00021340
0.00016441
0.00016801
0.00009143
0.00015247
0.00007045
0.00016969
0.00055516
0.00017261
0.00019707
0.00036595
0.00030968
0.00009100
0.00010854
0.00016038
0.00018903
0.00010597
0.00003529
0.00009248
0.00004505
0.00005988
0.00008676
0.00010466
0.00004803
0.00012335
0.00006094
0.00004677
0.00008051
0.00008081
0.00007466
0.00004694
0.00002655
0.00031027
0.00019456
0.00018902
0.00007851
0.00012798
0.00008210
0.00005643
0.00004537
0.00018902
0.00010619
0.00012095
0.00008193
0.00005982
0.00004223
0.00007020
0.00008193
0.00004206
0.00004206
0.00063733
0.00007422
0.00012893
0.00016849
0.00012674
0.00034719
0.00012335
0.00020187
0.00030523
0.00034660
0.00030641
0.00010608
0.00063733
0.00049081
0.00049081
0.00025652
0.00015449
0.00007118
0.00010241
0.00012095
0.00017466
0.00008902
0.00020575
0.00007807
0.00003830
0.00007233
0.00009435
0.00005826
0.00004725
0.00006102
0.00007248
0.00009280
0.00014675
0.00026620
0.00018585
0.00014257
0.00019881
0.00025579
0.00011689
0.00009339
0.00006886
0.00009548
0.00025094
0.00054953
0.00030467
0.00038645
0.00016682
0.00058598
0.00068020
0.00086616
0.00068020
0.00157270
0.00049290
0.00010196
0.00152443
0.00027717
0.00056595
0.00011328
0.00065781
0.00058740
0.00016039
0.00067081
0.00055516
0.00036454
0.00031821
0.00028549
0.00027403
0.00013904
0.00034627
0.00054807
0.00104817
0.00015079
