 0.10000	 71.30175781	 12.41167927	 63.07073212	 72.65795898	 12.27722073	 62.44432068	           0	           2
 0.10000	 73.01374054	 11.87625313	 61.72151947	 72.34061432	 11.04558277	 60.66952133	          -1	           3
 0.10000	 72.10381317	 10.55467033	 59.95353317	 71.91275787	  9.76327801	 58.69379425	          -2	           4
 0.10000	 71.46710205	  9.35706520	 58.02588654	 70.23641968	  9.03297424	 57.23211288	          -3	           5
 0.10000	 69.82495117	  8.37582493	 56.77524185	 69.88550568	  6.88782978	 56.59590530	          -4	           6
 0.10000	 69.85440826	  6.46143627	 55.80395508	 69.90648651	  7.07833290	 54.43769836	          -5	           7
 0.10000	 69.63020325	  7.43703938	 53.66000366	 68.71298218	  8.03029060	 52.63211060	          -6	           8
 0.10000	 68.29772949	  8.78151989	 52.36179733	 68.13017273	 10.25031090	 52.61576462	          -7	           9
 0.10000	 67.70008850	 10.89271450	 53.07648468	 66.82315826	 11.30349159	 54.22198868	          -8	          10
 0.10000	 66.15623474	 11.15641022	 54.80807877	 65.13883209	 10.10344791	 55.13386917	          -9	          11
 0.10000	 64.76384735	 10.18818569	 55.94753265	 65.27551270	 11.25984669	 56.86387634	         -10	          12
 0.10000	 65.42461395	 12.09943771	 57.15157318	 65.70507812	 13.56686211	 57.01753998	         -11	          13
 0.10000	 65.34703827	 14.20363903	 56.49189758	 64.35839844	 14.04262924	 55.37538528	         -12	          14
 0.10000	 63.59369278	 14.26994133	 54.95890808	 62.31701279	 15.04371643	 54.81280136	         -13	          15
 0.10000	 61.43070221	 14.88823128	 54.82411957	 60.53829193	 13.68763447	 54.93416214	         -14	          16
 0.10000	 59.88940811	 13.38993359	 55.48204041	 59.29605865	 13.54044914	 56.85137558	         -15	          17
 0.10000	 58.88499069	 14.18525410	 57.32578278	 58.65868759	 15.65731335	 57.14810181	         -16	          18
 0.10000	 58.34691238	 16.45651054	 56.87683868	 57.74225235	 17.52507401	 56.01544189	         -17	          19
 0.10000	 57.23547745	 18.06967545	 55.50960541	 56.11894989	 18.64510727	 54.69007111	         -18	          20
 0.10000	 55.74094772	 19.25555992	 54.14824677	 55.63953781	 20.48361969	 53.29334259	         -19	          21
 0.10000	 55.67681503	 21.27443695	 52.86633301	 56.07022476	 22.62135887	 52.33683395	         -20	          22
 0.10000	 55.97692108	 23.47651863	 52.07354736	 55.40139771	 24.83766937	 51.81743622	         -21	          23
 0.10000	 54.81805420	 25.49824524	 51.63590622	 53.43268967	 25.99360085	 51.34397888	         -22	          24
 0.10000	 53.11029816	 26.82880974	 51.25263596	 53.79871750	 28.15897369	 51.33403778	         -23	          25
 0.10000	 53.66809082	 29.04880714	 51.36524582	 52.52367401	 30.01208496	 51.47607422	         -24	          26
 0.10000	 53.10366821	 30.63459969	 51.76992798	 53.91801834	 31.86590576	 51.50410080	         -25	          27
 0.10000	 54.79512024	 31.80518150	 51.69601059	 55.70454407	 30.74237061	 52.23757172	         -26	          28
 0.10000	 56.31170273	 30.18667984	 51.87371063	 56.86869431	 29.84016609	 50.52480316	         -27	          29
 0.10000	 56.56964874	 29.57225800	 49.71946335	 55.27817535	 29.19934464	 49.05396652	         -28	          30
 0.10000	 54.55611801	 29.70812416	 48.88153076	 54.46141815	 31.17580032	 49.17629242	         -29	          31
 0.10000	 53.75075150	 31.39656067	 49.68234253	 52.96313477	 30.20303154	 50.13528061	         -30	          32
 0.10000	 52.36679077	 30.52338791	 50.72822189	 52.58044815	 31.62468910	 51.72388458	         -31	          33
 0.10000	 52.76545334	 31.97025108	 52.53387451	 52.52962112	 32.91904068	 53.67139435	         -32	          34
 0.10000	 52.11491776	 33.59838486	 54.09106445	 51.06370926	 34.64366913	 54.31929779	         -33	          35
 0.10000	 50.60058212	 35.18183136	 53.76635361	 50.63997269	 35.35995102	 52.27754974	         -34	          36
 0.10000	 50.27170944	 35.19954300	 51.47222900	 49.30733109	 34.58118057	 50.50391006	         -35	          37
 0.10000	 48.52288437	 34.92611694	 50.22815323	 47.22222900	 35.65256500	 50.40360260	         -36	          38
 0.10000	 46.82323456	 36.26183701	 50.93274307	 47.36381912	 37.21896744	 51.95336533	         -37	          39
 0.10000	 47.36805344	 36.97616959	 52.81990433	 46.91364288	 35.59967041	 53.20539856	         -38	          40
 0.10000	 46.89836121	 34.70497131	 53.11042404	 47.07901001	 33.42054367	 52.35710526	         -39	          41
 0.10000	 47.64687729	 33.44204712	 51.65937805	 48.38777924	 34.65804672	 51.18792725	         -40	          42
 0.10000	 48.80853653	 35.41176987	 50.93383408	 50.06065369	 35.93418884	 50.29430008	         -41	          43
 0.10000	 50.83741379	 36.23419952	 49.95338058	 51.97439194	 36.97837830	 49.31837463	         -42	          44
 0.10000	 52.86702347	 37.00154877	 49.20742035	 54.13904572	 36.31126404	 49.60142136	         -43	          45
 0.10000	 54.77677536	 35.69572830	 49.75674820	 55.27064514	 34.31941223	 50.09092331	         -44	          46
 0.10000	 55.97639084	 33.89128494	 49.73246384	 56.88457108	 34.31349564	 48.61589050	         -45	          47
 0.10000	 57.44341278	 34.75835800	 48.06874084	 58.11609268	 35.94871902	 47.45214844	         -46	          48
 0.10000	 58.70628738	 36.50905991	 47.06836319	 59.77619934	 37.40810013	 46.52351379	         -47	          49
 0.10000	 60.58110428	 37.16984558	 46.19906616	 61.16562653	 35.79139328	 46.10927963	         -48	          50
 0.10000	 61.45160294	 34.94653702	 45.99043655	 61.83229065	 33.50114441	 45.86506653	         -49	          51
 0.10000	 61.29197693	 32.83076477	 45.60329437	 59.85598373	 33.12093735	 45.28122330	         -50	          52
 0.10000	 59.29238510	 32.51339340	 44.93036270	 59.57842636	 31.07344055	 44.62289429	         -51	          53
 0.10000	 59.41778564	 30.41545868	 44.03039551	 58.91016769	 30.01993942	 42.67553711	         -52	          54
 0.10000	 58.44238281	 29.63943672	 42.00766754	 57.44491577	 28.92910385	 41.14157867	         -53	          55
 0.10000	 56.73032761	 28.51744843	 40.78167343	 55.33834076	 27.96768951	 40.68214798	         -54	          56
 0.10000	 54.86645889	 27.44379044	 40.12302780	 54.86989975	 26.85618401	 38.74297333	         -55	          57
 0.10000	 55.32657623	 26.10933876	 38.53439331	 56.19116211	 25.39952469	 39.53366089	         -56	          58
 0.10000	 56.94371796	 25.19745064	 39.98380280	 58.36128235	 25.49188232	 40.37587357	         -57	          59
 0.10000	 58.79724884	 25.57663727	 41.15853500	 58.33869171	 25.42969513	 42.57912827	         -58	          60
 0.10000	 58.56613922	 25.87213707	 43.32905197	 59.40966797	 27.10144424	 43.49382782	         -59	          61
 0.10000	 59.74783325	 27.46332741	 44.24520874	 59.73530960	 27.30926514	 45.73716736	         -60	          62
 0.10000	 59.71176147	 26.57849884	 46.26187515	 59.56449127	 25.13838196	 45.86914062	         -61	          63
 0.10000	 59.53990555	 24.37853432	 45.38772202	 59.62414932	 23.59986877	 44.10853577	         -62	          64
 0.10000	 59.57616425	 23.14849472	 43.33162689	 59.19563293	 22.54893875	 42.01045990	         -63	          65
 0.10000	 59.54584122	 22.17387199	 41.27119064	 60.87776947	 21.93934059	 40.62251282	         -64	          66
 0.10000	 61.31446838	 21.26318169	 40.22005844	 61.16982651	 19.78359032	 40.02069473	         -65	          67
 0.10000	 61.28908539	 19.05578613	 39.50513458	 61.61897659	 18.32510185	 38.23746490	         -66	          68
 0.10000	 61.94258881	 17.88115692	 37.52476120	 62.86104584	 17.47677422	 36.40997314	         -67	          69
 0.10000	 62.70468903	 16.67585182	 36.03054428	 61.44351578	 15.96960926	 36.43119812	         -68	          70
 0.10000	 61.39184189	 15.30996895	 37.04119492	 62.46988297	 14.92107105	 38.00889206	         -69	          71
 0.10000	 63.19282150	 14.73628139	 38.51193237	 64.57649994	 14.97458172	 39.03979874	         -70	          72
 0.10000	 65.04566956	 14.26225758	 39.32696533	 64.34433746	 12.94400024	 39.18450928	         -71	          73
 0.10000	 64.61791992	 12.11824894	 39.41517639	 65.91452789	 11.69121265	 40.03662109	         -72	          74
 0.10000	 65.98569489	 10.81813717	 40.24298096	 64.92015839	  9.78983593	 40.00389481	         -73	          75
 0.10000	 64.06504059	  9.71662617	 39.73340988	 63.09738541	 10.74695015	 39.23140717	         -74	          76
 0.10000	 62.36590958	 11.26110172	 39.12927628	 61.10705566	 12.05307007	 39.32389069	         -75	          77
 0.10000	 60.40863037	 12.61945248	 39.35890198	 59.35259628	 13.65861607	 39.59305954	         -76	          78
 0.10000	 58.95927048	 14.13036823	 38.93529892	 59.36267853	 13.94346714	 37.50274277	         -77	          79
 0.10000	 59.20100021	 14.08779335	 36.62938309	 58.40238190	 14.46958923	 35.41852188	         -78	          80
 0.10000	 58.20127487	 14.97641850	 34.70264435	 58.21382523	 16.09380722	 33.70208359	         -79	          81
 0.10000	 58.61716843	 16.86966133	 33.48967361	 59.70455551	 17.78545761	 33.96789932	         -80	          82
 0.10000	 60.30660248	 18.40618896	 34.21686935	 61.15653992	 19.56915474	 34.63520813	         -81	          83
 0.10000	 61.92923355	 19.73069000	 35.06723785	 62.89358139	 18.89143562	 35.85186386	         -82	          84
 0.10000	 63.78926086	 18.97854805	 35.85373306	 64.66151428	 19.89740753	 35.05076599	         -83	          85
 0.10000	 65.38821411	 20.22650146	 34.63430786	 66.73712158	 20.19772339	 33.97905731	         -84	          86
 0.10000	 67.15188599	 20.96076393	 33.74339294	 66.50838470	 22.30640793	 33.90111542	         -85	          87
 0.10000	 66.22261810	 23.00127983	 34.39611053	 65.82272339	 23.51299286	 35.74800873	         -86	          88
 0.10000	 65.60092163	 23.89462280	 36.53174591	 65.27501678	 24.53690910	 37.84718323	         -87	          89
 0.10000	 65.10852051	 24.91628456	 38.64543533	 64.93614960	 25.51720047	 40.00865936	         -88	          90
 0.10000	 64.62346649	 25.96772766	 40.72176361	 63.86034012	 26.58768654	 41.85443115	         -89	          91
 0.10000	 63.42352676	 27.36508751	 41.73326111	 63.46485519	 28.19240189	 40.48276901	         -90	          92
 0.10000	 63.42982864	 27.96175766	 39.61350632	 63.45598602	 26.56102562	 39.07758713	         -91	          93
 0.10000	 63.56734467	 25.66956902	 39.02492905	 63.77348709	 24.35000229	 39.70761871	         -92	          94
 0.10000	 64.27770996	 23.61913872	 39.85361862	 65.53363800	 22.80642891	 39.74453735	         -93	          95
 0.10000	 66.33888245	 22.44471359	 39.56987381	 67.64743042	 22.29892731	 38.85138702	         -94	          96
 0.10000	 68.38514709	 21.87938118	 39.15093994	 68.72660828	 21.24929810	 40.46861649	         -95	          97
 0.10000	 68.41127777	 20.76945114	 41.16157913	 67.20025635	 20.04414368	 41.66889191	         -96	          98
 0.10000	 66.38288116	 20.36324692	 41.86834717	 65.85734558	 21.73594284	 41.56962204	         -97	          99
 0.10000	 65.49494934	 22.53705406	 41.76011658	 65.05921173	 23.72683144	 42.56247711	         -98	         100
 0.10000	 64.99212646	 24.54189110	 42.93677139	 65.22051239	 25.94761848	 43.40665054	         -99	         101
 0.10000	 65.43529510	 26.76778793	 43.70649719	 65.91422272	 28.10056496	 44.19984436	        -100	         102
 0.10000	 66.40654755	 28.78662872	 44.50950241	 67.51478577	 29.57031250	 45.14746857	        -101	         103
 0.10000	 68.12439728	 30.21417427	 44.99462509	 68.69259644	 31.13263130	 43.95379257	        -102	         104
 0.10000	 69.13562775	 31.66207504	 43.37657928	 69.76341248	 32.34490585	 42.19781113	        -103	         105
 0.10000	 70.48569489	 32.87652969	 42.27249146	 71.16416931	 33.21237946	 43.56738281	        -104	         106
 0.10000	 71.46685791	 33.03618240	 44.39625931	 71.53182983	 32.18021011	 45.62626648	        -105	         107
 0.10000	 71.27937317	 31.36730576	 45.91841125	 70.60145569	 30.24505234	 45.18979645	        -106	         108
 0.10000	 70.14788055	 29.55745506	 45.55219650	 69.77259064	 29.11039352	 46.93392181	        -107	         109
 0.10000	 69.59413910	 29.26267052	 47.80265045	 69.56472015	 30.28693199	 48.89800262	        -108	         110
 0.10000	 69.53827667	 30.84255600	 49.60522842	 69.49965668	 31.72880745	 50.81461334	        -109	         111
 0.10000	 69.57218170	 32.45667267	 51.33847427	 69.92873383	 33.84061050	 51.79353714	        -110	         112
 0.10000	 69.78965759	 34.69767380	 52.02938843	 68.96296692	 35.94837189	 52.07427979	        -111	         113
 0.10000	 68.81141663	 36.64391708	 52.62474060	 69.26462555	 37.21197891	 53.93685532	        -112	         114
 0.10000	 69.16411591	 37.36363220	 54.81803513	 68.53574371	 37.18741989	 56.16846466	        -113	         115
 0.10000	 68.12300873	 36.80299377	 56.86946487	 67.39849091	 35.76055527	 57.66821289	        -114	         116
 0.10000	 67.00051880	 35.04124832	 58.03401184	 66.60656738	 33.71815872	 58.62057114	        -115	         117
 0.10000	 66.01631927	 33.19725037	 58.18450165	 65.51736450	 33.43869019	 56.79067230	        -116	         118
 0.10000	 65.14293671	 34.19074249	 56.46807861	 65.30417633	 35.50611877	 57.17072296	        -117	         119
 0.10000	 64.72419739	 35.89312744	 57.73957825	 63.63756180	 35.15918732	 58.46793747	        -118	         120
 0.10000	 62.75197601	 35.31861496	 58.47991180	 62.01375580	 36.23171234	 57.54655075	        -119	         121
 0.10000	 61.16883469	 36.47869873	 57.73345184	 60.45292282	 35.92842484	 58.93120575	        -120	         122
 0.10000	 59.90472031	 36.34631348	 59.50965500	 59.29132843	 37.67569351	 59.83588791	        -121	         123
 0.10000	 59.69136047	 38.46561813	 59.67513275	 61.08177567	 38.44630814	 59.11281586	        -122	         124
 0.10000	 61.45093155	 38.76854324	 58.35800171	 60.97597504	 39.29826355	 57.03754425	        -123	         125
 0.10000	 60.69279099	 39.64675522	 56.25782776	 60.27066803	 40.29755783	 54.97406387	        -124	         126
 0.10000	 59.45536423	 40.43471909	 54.61876297	 58.08976746	 40.24626923	 55.20999146	        -125	         127
 0.10000	 57.45820618	 39.60655212	 55.25104141	 57.15513611	 38.17527008	 54.92010117	        -126	         128
 0.10000	 57.63768005	 37.41874695	 54.85222626	 59.10753632	 37.15356445	 54.99001312	        -127	         129
 0.10000	 60.00332642	 37.07110977	 54.96939468	 61.49630356	 37.03121948	 54.83061218	        -128	         130
 0.10000	 62.04308319	 37.73874283	 54.72900391	 61.63566208	 39.18107605	 54.66996002	        -129	         131
 0.10000	 61.39864731	 40.04043198	 54.54765320	 60.67229843	 41.30169296	 54.18548965	        -130	         132
 0.10000	 60.66388702	 42.20112991	 54.17564011	 61.32196426	 43.51055527	 54.49407196	        -131	         133
 0.10000	 61.73522568	 44.29169464	 54.65986252	 62.56554413	 45.51022720	 54.93232346	        -132	         134
 0.10000	 62.97179413	 46.28559113	 55.13699341	 63.50185013	 47.63390350	 55.52391815	        -133	         135
 0.10000	 63.84891510	 48.40521622	 55.82944107	 64.25064850	 49.70374298	 56.46329880	        -134	         136
 0.10000	 65.03853607	 50.03149414	 56.74838257	 66.40941620	 49.42302322	 56.76313782	        -135	         137
 0.10000	 67.30157471	 49.38299942	 56.87253571	 68.75545502	 49.61858749	 57.15552139	        -136	         138
 0.10000	 69.56936646	 50.00016785	 57.19205475	 70.62567902	 51.03780746	 56.95311356	        -137	         139
 0.10000	 71.37055969	 51.51071167	 57.12874222	 72.61328888	 51.95823288	 57.83919907	        -138	         140
 0.10000	 73.20429993	 52.33530426	 58.40290070	 73.88792419	 52.95137787	 59.58723831	        -139	         141
 0.10000	 74.09056854	 53.60475922	 60.17167664	 74.17956543	 54.95441437	 60.81989670	        -140	         142
 0.10000	 73.60722351	 55.61670303	 61.02847290	 72.16043854	 55.91775513	 60.77186584	        -141	         143
 0.10000	 71.26493835	 55.83666611	 60.80151749	 69.94126892	 55.16206741	 61.00757980	        -142	         144
 0.10000	 69.27066803	 54.60560226	 61.23150635	 68.69523621	 53.35088730	 61.81832504	        -143	         145
 0.10000	 67.82106781	 53.14025879	 61.85188293	 66.75874329	 54.10606003	 61.41757202	        -144	         146
 0.10000	 65.99021912	 53.72391129	 61.14697647	 65.93703461	 52.22994995	 61.02408218	        -145	         147
 0.10000	 65.54309845	 51.43094635	 61.15098953	 64.74710846	 50.24787903	 61.61640549	        -146	         148
 0.10000	 64.07872009	 50.25130463	 62.21887207	 63.52548218	 51.46692276	 62.90155792	        -147	         149
 0.10000	 63.35695648	 52.05894089	 63.55792999	 63.79544449	 52.78867340	 64.79286194	        -148	         150
 0.10000	 63.16461945	 53.23822021	 65.25096130	 61.79143143	 53.10171890	 64.66310120	        -149	         151
 0.10000	 61.01721954	 53.50799561	 64.87587738	 60.41530228	 54.51688385	 65.80842590	        -150	         152
 0.10000	 60.51507187	 55.17037964	 66.41883087	 61.34751511	 56.03865051	 67.31488037	        -151	         153
 0.10000	 62.23526001	 56.16777802	 67.38568115	 63.31196976	 55.42118073	 66.65551758	        -152	         154
 0.10000	 64.07887268	 55.55753326	 66.20500946	 64.98509216	 56.59763336	 65.61616516	        -153	         155
 0.10000	 65.53902435	 56.96821976	 65.01174927	 66.26984406	 57.32782745	 63.75225067	        -154	         156
 0.10000	 66.73413849	 57.05360413	 63.03182220	 67.51967621	 56.02968979	 62.26743698	        -155	         157
 0.10000	 67.13349152	 55.29999161	 61.90938568	 65.68370819	 54.99966431	 62.14945984	        -156	         158
 0.10000	 64.84608459	 54.67520142	 62.09910583	 63.47942352	 54.07884598	 61.93716049	        -157	         159
 0.10000	 62.68299866	 53.97922897	 61.53044891	 61.60488510	 54.09038925	 60.49358368	        -158	         160
 0.10000	 61.35121536	 54.72327042	 59.90630722	 61.96472931	 56.07794952	 59.71055603	        -159	         161
 0.10000	 61.91713715	 56.68708420	 59.04988480	 61.31188202	 57.00221252	 57.71412277	        -160	         162
 0.10000	 61.02821732	 56.64506531	 56.93842316	 60.87317657	 55.26160812	 56.38004303	        -161	         163
 0.10000	 60.61057663	 54.78998566	 55.66009903	 60.05965042	 54.69422531	 54.26834488	        -162	         164
 0.10000	 59.74265289	 54.62911606	 53.42873383	 59.32349014	 54.90903091	 52.01600647	        -163	         165
 0.10000	 58.93810272	 54.24288177	 51.54949188	 58.76267624	 52.89183426	 52.17695999	        -164	         166
 0.10000	 58.67807007	 52.30490494	 52.85377884	 58.74971390	 52.12245560	 54.34082031	        -165	         167
 0.10000	 58.77362061	 52.05456543	 55.23767471	 58.88009644	 52.19588089	 56.72705841	        -166	         168
 0.10000	 58.68614197	 52.12582397	 57.60289383	 58.01219177	 51.96673965	 58.93340302	        -167	         169
 0.10000	 57.56000137	 51.35015106	 59.40787888	 57.04992676	 49.94777298	 59.25634003	        -168	         170
 0.10000	 56.66901016	 49.13261795	 59.24833298	 56.20174789	 47.70735931	 59.25981903	        -169	         171
 0.10000	 55.35879135	 47.43342972	 59.10432816	 54.29115295	 48.41323853	 58.71698761	        -170	         172
 0.10000	 53.40081406	 48.36068726	 58.83669281	 52.49259567	 47.38867188	 59.52960968	        -171	         173
 0.10000	 51.73742676	 47.08256149	 59.91130447	 50.37290573	 46.94740677	 60.51913071	        -172	         174
 0.10000	 49.51222229	 46.89338684	 60.77592468	 48.05246735	 47.18104553	 60.96614075	        -173	         175
 0.10000	 47.47750854	 46.51337051	 61.14919281	 47.97705078	 45.10906982	 61.31727982	        -174	         176
 0.10000	 48.19181824	 44.26529694	 61.09008789	 48.73722839	 43.16704178	 60.22626877	        -175	         177
 0.10000	 48.58666992	 42.56623840	 59.57356644	 47.63122940	 42.04887009	 58.53953934	        -176	         178
 0.10000	 47.16767502	 41.58247375	 57.92531586	 46.69674683	 40.47415924	 57.03103256	        -177	         179
 0.10000	 45.96297455	 40.57549286	 56.52006149	 45.29491806	 41.91828537	 56.49861145	        -178	         180
 0.10000	 44.44684982	 42.21129227	 56.56731415	 43.07800293	 41.71884537	 56.93263245	        -179	         181
 0.10000	 42.28433228	 41.39891815	 57.21049118	 41.12384415	 40.64924240	 57.79419708	        -180	         182
 0.10000	 40.34183502	 40.33423996	 58.10806656	 38.99781799	 39.99320221	 58.67977142	        -181	         183
 0.10000	 38.10263824	 39.91742706	 58.62968826	 36.81162643	 39.96208572	 57.86743164	        -182	         184
 0.10000	 36.05691528	 40.35515213	 57.57489777	 35.08987045	 41.46080399	 57.27151871	        -183	         185
 0.10000	 34.73757553	 42.27890778	 57.39894104	 34.72052002	 43.57527542	 58.15314865	        -184	         186
 0.10000	 34.76809692	 44.44651413	 58.37277222	 35.18193817	 45.88516235	 58.46640015	        -185	         187
 0.10000	 34.92845535	 46.73704910	 58.32549286	 33.99683762	 47.76104355	 57.74814987	        -186	         188
 0.10000	 33.11027908	 47.86939621	 57.63850021	 32.01035690	 46.90122223	 57.95893478	        -187	         189
 0.10000	 31.12421989	 47.03195953	 57.87230301	 30.21618271	 48.14223480	 57.43340683	        -188	         190
 0.10000	 29.99572563	 48.94670486	 57.09558105	 30.42328644	 50.27297211	 56.54053116	        -189	         191
 0.10000	 30.58224297	 51.06267929	 56.13954544	 30.89882088	 52.35187531	 55.44127655	        -190	         192
 0.10000	 30.73279953	 52.97130585	 54.80992126	 29.78618240	 53.35134125	 53.71018600	        -191	         193
 0.10000	 29.95629501	 53.99993134	 53.10992050	 31.22962379	 54.78934479	 53.18367004	        -192	         194
 0.10000	 31.41704369	 55.32025909	 52.48156357	 30.53533554	 55.36739731	 51.26900864	        -193	         195
 0.10000	 30.15589142	 55.67580414	 50.51359177	 29.62899780	 56.44232941	 49.33695984	        -194	         196
 0.10000	 29.31773949	 57.01161957	 48.71347809	 28.66861725	 57.97637177	 47.76595688	        -195	         197
 0.10000	 28.93389511	 58.82603836	 47.63316727	 29.94638062	 59.62551498	 48.39841461	        -196	         198
 0.10000	 30.13471413	 60.23262024	 49.03541565	 30.76761055	 60.16373444	 50.39353561	        -197	         199
 0.10000	 31.10381126	 60.17729187	 51.22810364	 31.82381821	 60.22770309	 52.54299164	        -198	         200
 0.10000	 31.43322182	 60.10319138	 53.34420013	 30.01365089	 59.65354538	 53.52469254	        -199	         201
 0.10000	 29.19808578	 60.03368759	 53.53872681	 28.63842773	 61.33560944	 53.04720688	        -200	         202
 0.10000	 28.40971756	 62.19280624	 53.19755173	 28.25126648	 63.34429550	 54.14559937	        -201	         203
 0.10000	 28.84348679	 64.02080536	 54.18482590	 30.11134529	 63.97338104	 53.38471603	        -202	         204
 0.10000	 30.79870987	 64.48524475	 53.11030960	 31.29401207	 65.89910126	 53.03680801	        -203	         205
 0.10000	 32.14798355	 66.13835144	 52.88415527	 33.23759842	 65.13984680	 52.62829208	        -204	         206
 0.10000	 34.12617493	 65.19938660	 52.75685501	 35.03073120	 66.30239868	 53.22035217	        -205	         207
 0.10000	 35.63448334	 66.33454132	 53.88679504	 35.92760086	 65.33350372	 54.96461105	        -206	         208
 0.10000	 36.45206070	 65.20082092	 55.68362045	 37.60124969	 65.69263458	 56.51261902	        -207	         209
 0.10000	 37.91699982	 65.97016907	 57.30824661	 37.62908554	 66.35823059	 58.72821426	        -208	         210
 0.10000	 37.81349564	 66.72187805	 59.53035736	 38.34024429	 67.37575531	 60.77326965	        -209	         211
 0.10000	 39.11088562	 67.83818817	 60.81838989	 40.10531616	 68.00804901	 59.70838165	        -210	         212
 0.10000	 40.25914383	 68.14235687	 58.83195114	 39.53588867	 68.40252686	 57.54389191	        -211	         213
 0.10000	 39.22482300	 67.81356049	 56.93875885	 39.15180969	 66.31762695	 57.01969528	        -212	         214
 0.10000	 39.06241608	 65.42517090	 56.94971085	 38.90122986	 63.93490219	 56.89899063	        -213	         215
 0.10000	 38.96773148	 63.05904388	 56.70428467	 39.41147614	 61.73035049	 56.16828156	        -214	         216
 0.10000	 39.39350128	 60.95787430	 55.70718384	 38.90737534	 59.75703812	 54.95120621	        -215	         217
 0.10000	 38.77829742	 59.62896347	 54.06990433	 39.04644394	 60.60068512	 52.95917130	        -216	         218
 0.10000	 38.66143799	 60.86499023	 52.18996811	 37.39351654	 60.68421173	 51.40927124	        -217	         219
 0.10000	 36.84137726	 60.95092010	 50.75074387	 36.51857376	 61.88463974	 49.62218094	        -218	         220
 0.10000	 35.83168411	 62.19866562	 49.13301086	 34.34848785	 62.17893982	 48.91065216	        -219	         221
 0.10000	 33.45362091	 62.21225357	 48.82301712	 31.95465088	 62.24693680	 48.86355209	        -220	         222
 0.10000	 31.05543518	 62.28098297	 48.85828400	 29.58203697	 62.48461914	 49.05194473	        -221	         223
 0.10000	 28.93931770	 62.19861221	 48.49069595	 29.18244934	 61.69091034	 47.10030746	        -222	         224
 0.10000	 29.22817421	 60.81985855	 46.87880325	 29.08002472	 60.09788513	 48.18521881	        -223	         225
 0.10000	 28.83596230	 59.37720108	 48.66567993	 27.37888527	 59.02449417	 48.71487045	        -224	         226
 0.10000	 26.57095337	 58.62854004	 48.69889069	 25.42142677	 57.80166626	 48.20423126	        -225	         227
 0.10000	 24.76637650	 57.31708145	 48.58624268	 24.43805313	 56.85444641	 49.97476578	        -226	         228
 0.10000	 23.88171768	 56.92023087	 50.67902374	 22.78299332	 57.48777771	 51.52787399	        -227	         229
 0.10000	 22.29353142	 58.23772812	 51.43906784	 22.33590889	 59.27121735	 50.35281754	        -228	         230
 0.10000	 22.37818336	 59.98921204	 49.81211853	 22.46517181	 61.29174042	 49.07340622	        -229	         231
 0.10000	 23.09558487	 61.56568146	 48.49251938	 24.27353477	 60.69683456	 48.16467667	        -230	         232
 0.10000	 24.80845261	 61.09035492	 47.55734253	 24.40266418	 62.44205475	 47.04959869	        -231	         233
 0.10000	 24.26420975	 63.24890900	 46.67676163	 23.93190956	 64.59049988	 46.09460831	        -232	         234
 0.10000	 23.90483665	 65.43902588	 45.79785538	 24.12048912	 66.87422180	 45.42031479	        -233	         235
 0.10000	 24.35761452	 67.70150757	 45.15915298	 24.95492554	 69.00912476	 44.73184204	        -234	         236
 0.10000	 25.32028770	 69.69659424	 44.28108978	 25.93602753	 70.45603943	 43.14369583	        -235	         237
 0.10000	 26.18878937	 71.30801392	 43.00204468	 26.14929199	 72.63034058	 43.70913696	        -236	         238
 0.10000	 26.59885979	 73.28347015	 44.13586426	 27.74719810	 74.00752258	 44.77422333	        -237	         239
 0.10000	 27.72646904	 74.54358673	 45.49882889	 26.43563461	 75.10694122	 46.01540756	        -238	         240
 0.10000	 25.79594421	 75.74041748	 45.99618912	 25.45091248	 77.14593506	 45.60130310	        -239	         241
 0.10000	 25.44529724	 78.03734589	 45.47386932	 25.99645615	 79.42486572	 45.61933899	        -240	         242
 0.10000	 25.78309631	 80.11824036	 45.08679199	 24.83102036	 80.06694794	 43.92886353	        -241	         243
 0.10000	 24.38479042	 80.02338409	 43.14867401	 23.59620285	 79.80921173	 41.89089203	        -242	         244
 0.10000	 22.95031166	 79.36698151	 41.44708252	 21.97026825	 78.23190308	 41.41881561	        -243	         245
 0.10000	 21.15135002	 78.00729370	 41.71668625	 19.99497032	 78.63893890	 42.43340683	        -244	         246
 0.10000	 19.73794365	 78.52410889	 43.28815079	 20.31538963	 77.70523834	 44.40437698	        -245	         247
 0.10000	 21.04627991	 77.57608795	 44.91330719	 22.50804329	 77.90500641	 44.98351669	        -246	         248
 0.10000	 23.23750496	 78.42152405	 44.87876511	 24.06416893	 79.63641357	 44.57772827	        -247	         249
 0.10000	 23.89510155	 80.21772766	 43.91192245	 22.85547447	 80.08148193	 42.83934021	        -248	         250
 0.10000	 22.18792725	 80.14234161	 42.23895645	 20.84997940	 80.12837219	 41.56100845	        -249	         251
 0.10000	 20.51787949	 80.47006989	 40.79754257	 21.03750038	 81.28763580	 39.65234375	        -250	         252
 0.10000	 21.32087708	 81.84782410	 39.00769424	 21.68591690	 82.95859528	 38.06818008	        -251	         253
 0.10000	 22.50023079	 83.21310425	 37.78188705	 23.82338905	 82.59586334	 38.12550354	        -252	         254
 0.10000	 24.69233513	 82.55011749	 38.35487366	 26.11556816	 82.79731750	 38.75880814	        -253	         255
 0.10000	 26.62350655	 83.13148499	 39.42226410	 26.76995468	 83.90271759	 40.70037842	        -254	         256
 0.10000	 26.14992714	 83.93705750	 41.35177612	 24.85929108	 83.20005798	 41.14933395	        -255	         257
 0.10000	 24.01586914	 82.91214752	 41.27405930	 22.68028259	 82.77233887	 41.94229507	        -256	         258
 0.10000	 22.03833961	 83.40051270	 41.99900436	 22.11471939	 84.71691132	 41.28401566	        -257	         259
 0.10000	 22.06967735	 85.47204590	 41.77149963	 21.98453712	 85.33084106	 43.26236725	        -258	         260
 0.10000	 22.43544388	 85.75727081	 43.91407394	 23.49003220	 86.81885529	 44.01767349	        -259	         261
 0.10000	 24.37491798	 86.80431366	 43.85465622	 25.26530647	 85.67536163	 43.42744827	        -260	         262
 0.10000	 25.52902794	 85.42124176	 42.60544205	 24.95851326	 85.90747833	 41.30619049	        -261	         263
 0.10000	 25.17896080	 85.83620453	 40.43661880	 26.35457611	 85.51378632	 39.56259155	        -262	         264
 0.10000	 26.28644753	 84.78929901	 39.03321075	 24.99046135	 84.03493500	 38.99709320	        -263	         265
 0.10000	 24.75009918	 83.33165741	 39.50462723	 25.59875107	 82.82284546	 40.63193130	        -264	         266
 0.10000	 25.71296501	 82.28577423	 41.34484100	 25.75211525	 80.90647888	 41.93276978	        -265	         267
 0.10000	 25.49182320	 80.05179596	 42.03930664	 24.67847633	 78.86624146	 41.61194229	        -266	         268
 0.10000	 24.10746765	 78.17237091	 41.56621170	 22.89441299	 77.29414368	 41.64989853	        -267	         269
 0.10000	 22.60034370	 76.50672150	 41.97093582	 22.95143890	 75.27523041	 42.75170135	        -268	         270
 0.10000	 23.42560196	 74.72850800	 43.28596497	 24.70127106	 74.59222412	 44.06255341	        -269	         271
 0.10000	 25.44190025	 74.45362091	 44.55310059	 26.81389999	 74.21872711	 45.11071014	        -270	         272
 0.10000	 27.35325623	 73.67359924	 45.58140564	 27.57132149	 72.32196045	 44.96858597	        -271	         273
 0.10000	 27.74766922	 72.07975769	 44.11998749	 27.80991554	 73.07698059	 43.00130463	        -272	         274
 0.10000	 27.87973213	 73.73806763	 42.39486694	 28.03657532	 75.17455292	 41.99279785	        -273	         275
 0.10000	 27.93408394	 75.38829041	 41.12463379	 27.57287216	 74.31043243	 40.14612961	        -274	         276
 0.10000	 27.53642464	 73.87964630	 39.35701370	 27.82143211	 73.37497711	 37.97359467	        -275	         277
 0.10000	 27.78809357	 72.97973633	 37.16596222	 27.49277687	 72.38468933	 35.82115936	        -276	         278
 0.10000	 27.15519714	 71.60588837	 35.52245331	 26.55468178	 70.40266418	 36.18694687	        -277	         279
 0.10000	 26.52445602	 69.54628754	 36.46151733	 27.20866394	 68.24957275	 36.77823639	        -278	         280
 0.10000	 26.95076180	 67.44460297	 37.08714294	 25.74319267	 66.86473846	 37.76203918	        -279	         281
 0.10000	 25.25522232	 66.25724792	 37.31172943	 25.56542778	 65.94633484	 35.87751770	        -280	         282
 0.10000	 25.69300652	 65.70903778	 35.01897049	 25.89212990	 65.21350098	 33.61733627	        -281	         283
 0.10000	 26.37180519	 65.60949707	 32.96699524	 27.13796043	 66.89425659	 33.07723618	        -282	         284
 0.10000	 27.61691284	 67.65410614	 33.02372360	 28.17039299	 69.04103851	 32.88305664	        -283	         285
 0.10000	 29.01823425	 69.27837372	 33.06916046	 30.00937271	 68.38848877	 33.75878143	        -284	         286
 0.10000	 30.68821335	 67.95299530	 33.35949707	 30.71971321	 67.87767792	 31.86174202	        -285	         287
 0.10000	 31.45051193	 67.52763367	 31.47010612	 32.55997086	 67.04715729	 32.35789108	        -286	         288
 0.10000	 33.41376495	 66.83144379	 32.54304886	 34.83765030	 66.46049500	 32.25197601	        -287	         289
 0.10000	 35.30424500	 67.22531128	 32.34040451	 35.80295181	 68.61655426	 32.08372116	        -288	         290
 0.10000	 35.93869019	 69.04599762	 32.86280060	 36.03810501	 68.61363220	 34.29560089	        -289	         291
 0.10000	 36.10837555	 68.80758667	 35.17143631	 35.91478729	 69.59279633	 36.43466949	        -290	         292
 0.10000	 36.60405350	 69.70281219	 37.00271606	 37.88481140	 68.96142578	 36.75794983	        -291	         293
 0.10000	 38.63809204	 69.43029785	 36.60763931	 38.52776718	 70.91573334	 36.43130493	        -292	         294
 0.10000	 38.95370865	 71.62998962	 36.08755493	 40.13436127	 72.33047485	 35.48323059	        -293	         295
 0.10000	 40.39041519	 72.33800507	 34.62052536	 39.73420334	 71.59737396	 33.49328995	        -294	         296
 0.10000	 39.64417267	 71.11466980	 32.73923874	 39.63359833	 70.29576111	 31.48259163	        -295	         297
 0.10000	 40.22894287	 69.65792084	 31.26231956	 41.45989609	 69.47407532	 32.09953690	        -296	         298
 0.10000	 41.70281982	 68.61506653	 32.21408844	 40.85623169	 67.49754333	 31.68096352	        -297	         299
 0.10000	 40.07686234	 67.11881256	 31.43841362	 38.61127090	 67.34281921	 31.21131516	        -298	         300
 0.10000	 37.76623535	 67.46623993	 30.92766953	 36.33639526	 67.91902924	 30.91009140	        -299	         301
 0.10000	 35.54381943	 67.49433899	 30.87381172	 35.61158752	 66.08738708	 30.35831642	        -300	         302
 0.10000	 35.23358917	 65.77551270	 29.60353470	 34.51641083	 66.18492889	 28.35135078	        -301	         303
 0.10000	 34.32042694	 67.03825378	 28.14296913	 34.68204117	 68.13716125	 29.09772110	        -302	         304
 0.10000	 35.07729721	 68.78881836	 29.57611847	 36.00627136	 69.73703766	 30.27438354	        -303	         305
 0.10000	 36.70783615	 69.60903168	 30.82318497	 37.52473068	 68.45863342	 31.33217621	        -304	         306
 0.10000	 37.33330536	 67.77996826	 31.89139557	 35.96601868	 67.21450806	 31.64470100	        -305	         307
 0.10000	 35.76273346	 66.39717102	 31.96155930	 35.64212036	 66.46939850	 33.45494461	        -306	         308
 0.10000	 35.07645035	 66.88983154	 34.01456833	 34.05098724	 67.97129822	 33.84535217	        -307	         309
 0.10000	 33.42475510	 68.58940887	 33.65726471	 32.29840469	 69.38058472	 33.06126022	        -308	         310
 0.10000	 32.27826309	 70.20556641	 32.70261383	 33.45817566	 71.12477112	 32.58975601	        -309	         311
 0.10000	 33.56377792	 71.88072205	 32.11310959	 32.76554489	 72.68751526	 31.13243103	        -310	         312
 0.10000	 32.27523804	 73.17609406	 30.55745697	 31.32842827	 73.81508636	 29.58530235	        -311	         313
 0.10000	 30.72583008	 74.41466522	 29.28998375	 29.87225342	 75.62044525	 29.54966927	        -312	         314
 0.10000	 29.29826164	 76.05588531	 29.01035118	 28.84753799	 75.87073517	 27.59173393	        -313	         315
 0.10000	 28.53149033	 75.83353424	 26.74998283	 27.94816017	 75.96694183	 25.37454987	        -314	         316
 0.10000	 28.05818367	 75.27677155	 24.80759811	 28.77586746	 73.99487305	 25.11050987	        -315	           0
