0.00006290
0.00028921
0.00028921
0.00025632
0.00044065
0.00044065
0.00017201
0.00019608
0.00031926
0.00056876
0.00103441
0.00121099
0.00121099
0.00107044
0.00085326
0.00091681
0.00116799
0.00140442
0.00140442
0.00119790
0.00102506
0.00102506
0.00082775
0.00038678
0.00000000
0.00027545
0.00139549
0.00000000
0.00000000
0.00014191
0.00022473
0.00022473
0.00017933
0.00017933
0.00016510
0.00012577
0.00000000
0.00000000
0.00000000
0.00000000
0.00000000
0.00139549
0.00000000
0.00000000
0.00007075
0.00011603
0.00016219
0.00021425
0.00021425
0.00016042
0.00022893
0.00041564
0.00068639
0.00074190
0.00074190
0.00062331
0.00036168
0.00032597
0.00030261
0.00024104
0.00017186
0.00032397
0.00054804
0.00098696
0.00098696
0.00097818
0.00060122
0.00035450
0.00019227
0.00023665
0.00052190
0.00071895
0.00071895
0.00052524
0.00021347
0.00015251
0.00036558
0.00041012
0.00041012
0.00019698
0.00019698
0.00031402
0.00051376
0.00111096
0.00174739
0.00259778
0.00286897
0.00289754
0.00289754
0.00235260
0.00163379
0.00150405
0.00201884
0.00220971
0.00224136
0.00224136
0.00184970
0.00139080
0.00083072
0.00043508
