 0.10000	 84.62437439	 20.51448250	 79.26923370	 83.16388702	 20.17391396	 79.24165344	           0	           2
 0.10000	 82.35677338	 20.09354591	 78.85207367	 81.50975037	 20.32255936	 77.63549805	          -1	           3
 0.10000	 80.93310547	 20.05085373	 77.00031281	 80.21947479	 18.93217659	 76.30091858	          -2	           4
 0.10000	 79.45448303	 18.68518829	 75.89647675	 78.05374146	 19.15354538	 75.63465881	          -3	           5
 0.10000	 77.36978149	 19.00198746	 75.06998444	 76.98111725	 18.25405693	 73.82929993	          -4	           6
 0.10000	 76.53237152	 17.73487473	 73.24731445	 75.53668976	 16.86028099	 72.54496002	          -5	           7
 0.10000	 75.29134369	 16.01470375	 72.35939789	 75.58448792	 14.56276989	 72.59535980	          -6	           8
 0.10000	 75.70835876	 13.67639256	 72.68862915	 75.95652008	 12.23623943	 73.02649689	          -7	           9
 0.10000	 76.03320312	 11.44206905	 72.61036682	 75.89415741	 10.96507645	 71.19515991	          -8	          10
 0.10000	 76.17717743	 10.31783009	 70.63777161	 77.05629730	  9.11423492	 70.46968079	          -9	          11
 0.10000	 77.66645813	  8.51909256	 70.18141174	 78.73945618	  7.66986465	 69.56722260	         -10	          12
 0.10000	 79.55097961	  7.65675783	 69.17900085	 80.71570587	  8.48185539	 68.71832275	         -11	          13
 0.10000	 81.35884094	  9.03300095	 68.41529083	 82.31111908	 10.06968403	 67.89775848	         -12	          14
 0.10000	 82.57923889	 10.91110992	 67.72608948	 82.41854858	 12.40226173	 67.73665619	         -13	          15
 0.10000	 82.30490875	 13.29420757	 67.70716858	 82.03994751	 14.75863838	 67.52068329	         -14	          16
 0.10000	 81.71507263	 15.52400303	 67.86442566	 81.05349731	 16.18886566	 69.03479767	         -15	          17
 0.10000	 80.63990784	 16.76538849	 69.58802032	 80.06876373	 17.89572334	 70.39166260	         -16	          18
 0.10000	 79.33499146	 18.39706039	 70.53266907	 77.90745544	 18.58288956	 70.11180115	         -17	          19
 0.10000	 77.16795349	 18.97067451	 69.77654266	 76.24755096	 19.97398186	 69.14721680	         -18	          20
 0.10000	 75.79522705	 20.20877075	 68.40561676	 75.60137177	 19.81369972	 66.97164917	         -19	          21
 0.10000	 75.13964844	 19.95911598	 66.21320343	 74.09383392	 20.62693596	 65.37071228	         -20	          22
 0.10000	 73.41467285	 21.16313934	 65.12440491	 72.35190582	 22.20597267	 65.30480957	         -21	          23
 0.10000	 71.68040466	 22.80434608	 65.32550812	 70.63037872	 23.87505341	 65.29932404	         -22	          24
 0.10000	 69.74770355	 24.04854393	 65.31713104	 68.39691925	 23.40104675	 65.39428711	         -23	          25
 0.10000	 67.49810791	 23.36041451	 65.38834381	 66.04938507	 23.73968315	 65.30554962	         -24	          26
 0.10000	 65.17470551	 23.93309402	 65.22232819	 63.76357269	 24.36960220	 64.96179199	         -25	          27
 0.10000	 62.87947845	 24.21371460	 65.02393341	 61.86328888	 23.23859596	 65.54006195	         -26	          28
 0.10000	 60.97166824	 23.14423370	 65.46328735	 59.86725616	 23.78462601	 64.67583466	         -27	          29
 0.10000	 59.06625366	 24.18963814	 64.73999786	 57.97796631	 24.63272476	 65.67221069	         -28	          30
 0.10000	 57.63437653	 25.40942574	 65.96952820	 57.98513794	 26.86740494	 65.93976593	         -29	          31
 0.10000	 57.88377380	 27.73943901	 65.74324799	 57.38940048	 28.97345924	 65.04894257	         -30	          32
 0.10000	 57.05617905	 29.73443985	 64.70428467	 56.34886169	 30.93912697	 64.15886688	         -31	          33
 0.10000	 56.13282394	 31.79823303	 64.00331116	 56.13280869	 33.29643250	 64.07116699	         -32	          34
 0.10000	 56.15002441	 34.19580841	 64.07093048	 56.40632248	 35.67355728	 64.06674957	         -33	          35
 0.10000	 56.03484726	 36.49026871	 63.99810791	 54.69271851	 37.13366699	 63.81231689	         -34	          36
 0.10000	 54.37036133	 37.96788788	 63.71281052	 54.91183472	 39.36669540	 63.70615768	         -35	          37
 0.10000	 54.72955322	 40.19870758	 63.41586685	 53.84756851	 41.12117767	 62.62790298	         -36	          38
 0.10000	 53.21451950	 41.54659653	 62.15061188	 52.06174469	 41.82492828	 61.23232651	         -37	          39
 0.10000	 51.24166489	 42.19495392	 61.23514175	 50.24103165	 42.82163620	 62.15995407	         -38	          40
 0.10000	 49.59365845	 43.22352982	 62.63757324	 48.53922653	 43.88203049	 63.47621155	         -39	          41
 0.10000	 47.92485046	 44.41483307	 63.85965347	 46.91708755	 45.44838715	 64.26567078	         -40	          42
 0.10000	 46.55214691	 46.22680664	 64.52907562	 46.36841965	 47.63162994	 65.02067566	         -41	          43
 0.10000	 46.45259476	 48.52326202	 64.93805695	 46.92559814	 49.73964691	 64.19933319	         -42	          44
 0.10000	 47.29892731	 50.47111893	 63.83277512	 48.05254364	 51.63820267	 63.26790619	         -43	          45
 0.10000	 48.69429016	 52.17587280	 62.93909836	 50.05562973	 52.59313965	 62.46784210	         -44	          46
 0.10000	 50.59342575	 53.26166534	 62.19688797	 50.76047897	 54.72655487	 61.92157364	         -45	          47
 0.10000	 51.12979889	 55.50129700	 61.65139389	 52.13420486	 56.51124573	 61.18136215	         -46	          48
 0.10000	 52.28241730	 57.19469833	 60.61516953	 51.70738602	 58.01159668	 59.49639511	         -47	          49
 0.10000	 51.50648499	 58.64592361	 58.89080048	 51.22034836	 59.78955841	 57.96355438	         -48	          50
 0.10000	 51.31867599	 60.61827850	 57.62742233	 51.93368912	 61.98512268	 57.57249451	         -49	          51
 0.10000	 52.19091797	 62.83526611	 57.42968369	 52.36037445	 64.30652618	 57.19264984	         -50	          52
 0.10000	 52.86886978	 64.90070343	 56.74778748	 54.05515671	 64.98875427	 55.83438492	         -51	          53
 0.10000	 54.60124969	 65.16181946	 55.14109039	 55.26639557	 65.50583649	 53.84185791	         -52	          54
 0.10000	 55.43287277	 65.54319763	 52.95915222	 55.25648880	 65.27523041	 51.49439621	         -53	          55
 0.10000	 55.14355850	 65.34031677	 50.60515976	 54.86537552	 65.76797485	 49.19525146	         -54	          56
 0.10000	 54.76721954	 66.00762177	 48.33468628	 54.73599243	 66.38567352	 46.88402939	         -55	          57
 0.10000	 54.60301971	 66.75010681	 46.07299805	 54.19664383	 67.40749359	 44.78776932	         -56	          58
 0.10000	 54.05733109	 68.22152710	 44.43117905	 53.92287445	 69.66780853	 44.80508804	         -57	          59
 0.10000	 54.39634323	 70.39514160	 45.04295731	 55.78121948	 70.78870392	 45.46365738	         -58	          60
 0.10000	 56.57688904	 71.17211151	 45.63533020	 57.86285782	 71.88107300	 45.94093704	         -59	          61
 0.10000	 58.59616852	 72.22259521	 45.54666138	 59.18193054	 72.47249603	 44.18863297	         -60	          62
 0.10000	 59.74094772	 72.41539001	 43.48587036	 60.73514175	 71.83277893	 42.52582550	         -61	          63
 0.10000	 61.47541809	 71.82476807	 42.01461029	 62.82355881	 72.24945068	 41.51294327	         -62	          64
 0.10000	 63.37102509	 72.72889709	 40.98401260	 63.69047928	 73.81136322	 39.99630737	         -63	          65
 0.10000	 63.73916626	 74.39620972	 39.31460190	 63.59450150	 75.18689728	 38.04840469	         -64	          66
 0.10000	 63.10766220	 75.76187897	 37.55702209	 61.83124924	 76.53711700	 37.42020416	         -65	          67
 0.10000	 61.17172623	 77.12843323	 37.26619339	 60.25221252	 78.29230499	 37.04611206	         -66	          68
 0.10000	 59.55315399	 78.80690765	 36.81248474	 58.23973846	 79.26765442	 36.25494385	         -67	          69
 0.10000	 57.51940536	 79.76567078	 36.05281448	 56.50695419	 80.85715485	 35.87433624	         -68	          70
 0.10000	 55.86948013	 81.47302246	 36.02400208	 54.92883682	 82.41185760	 36.71852875	         -69	          71
 0.10000	 54.19331741	 82.80322266	 37.05625153	 52.76783752	 83.03273773	 37.46112442	         -70	          72
 0.10000	 52.08038330	 83.43643188	 37.87690735	 51.34177780	 84.41790771	 38.73709106	         -71	          73
 0.10000	 50.87346649	 84.95656586	 39.28417206	 50.22695541	 85.78700256	 40.35266495	         -72	          74
 0.10000	 49.52063370	 86.28599548	 40.60049438	 48.18852615	 86.83963013	 40.19018936	         -73	          75
 0.10000	 47.39592361	 87.26106262	 40.24715042	 46.22774506	 88.04195404	 40.77112198	         -74	          76
 0.10000	 45.37847900	 88.33359528	 40.82122040	 43.91609955	 88.40509796	 40.49710846	         -75	          77
 0.10000	 43.08348465	 88.72299957	 40.37912369	 41.92008972	 89.65490723	 40.21700287	         -76	          78
 0.10000	 41.08768082	 89.97417450	 40.32939148	 39.69092941	 90.07750702	 40.86412048	         -77	          79
 0.10000	 38.83754349	 90.23503113	 41.09505081	 37.41038513	 90.62034607	 41.34331512	         -78	          80
 0.10000	 36.56551743	 90.69850159	 41.63686752	 35.24617767	 90.57221222	 42.33691406	         -79	          81
 0.10000	 34.43146133	 90.54611969	 42.71339417	 33.05351257	 90.62178040	 43.29884720	         -80	          82
 0.10000	 32.23872757	 90.42427826	 43.62194824	 30.95491028	 89.78662872	 44.06180573	         -81	          83
 0.10000	 30.37388992	 89.15567017	 44.33143997	 29.72035599	 87.84613037	 44.65879059	         -82	          84
 0.10000	 29.90198326	 87.02187347	 44.97018814	 31.03162384	 86.10939789	 45.34548569	         -83	          85
 0.10000	 31.78440094	 85.93117523	 45.80493164	 32.86025620	 86.51448822	 46.67205048	         -84	          86
 0.10000	 33.59876633	 86.52983856	 47.18571091	 34.79156113	 85.95661926	 47.89163208	         -85	          87
 0.10000	 35.45451355	 86.24044037	 48.42979431	 36.05844879	 87.43507385	 49.10647964	         -86	          88
 0.10000	 35.99581146	 88.28253174	 49.40219498	 35.17704010	 89.53839111	 49.44887543	         -87	          89
 0.10000	 34.47505569	 90.08930206	 49.56433487	 33.01214218	 90.34400177	 49.77562714	         -88	          90
 0.10000	 32.35599518	 90.94145203	 49.92410660	 31.85075951	 92.33502960	 50.15246582	         -89	          91
 0.10000	 31.57296753	 93.18115997	 50.28026581	 31.16994667	 94.58695221	 50.61357880	         -90	          92
 0.10000	 31.28078842	 95.43264008	 50.32682419	 31.96091652	 96.22157288	 49.24758911	         -91	          93
 0.10000	 32.45469284	 96.70468903	 48.67111969	 33.39853668	 97.43634033	 47.76373672	         -92	          94
 0.10000	 34.16424942	 97.56636047	 47.30950165	 35.59392548	 97.30560303	 46.93838882	         -93	          95
 0.10000	 36.20477676	 96.84841919	 46.46139908	 36.50233459	 95.77054596	 45.46175003	         -94	          96
 0.10000	 36.84915161	 94.99128723	 45.17538071	 37.49270630	 93.64388275	 45.31601334	         -95	          97
 0.10000	 37.84314346	 92.82616425	 45.18303680	 38.44122696	 91.53627777	 44.70555878	         -96	          98
 0.10000	 38.42565918	 90.67201233	 44.45629883	 37.75701141	 89.36894989	 44.13292694	         -97	          99
 0.10000	 37.56284332	 88.50384521	 43.98054504	 37.43884277	 87.01031494	 43.92066193	         -98	         100
 0.10000	 37.66712570	 86.31302643	 43.39969635	 38.37113190	 85.85300446	 42.15767288	         -99	           0
