0.00018677
0.00018677
0.00011734
0.00020659
0.00020659
0.00020621
0.00020621
0.00016228
0.00016118
0.00022797
0.00030105
0.00043761
0.00043761
0.00036068
0.00036068
0.00028585
0.00028331
0.00020082
0.00020082
0.00023655
0.00031053
0.00033730
0.00033730
0.00026031
0.00033456
0.00033456
0.00011938
0.00013515
0.00015776
0.00036818
0.00060182
0.00060182
0.00059291
0.00045930
0.00015386
0.00014469
0.00025612
0.00030128
0.00070549
0.00090921
0.00090921
0.00083334
0.00067203
0.00067203
0.00053218
0.00024042
0.00021132
0.00029075
0.00031669
0.00038594
0.00038594
0.00065223
0.00095615
0.00126147
0.00131336
0.00131336
0.00096429
0.00043610
0.00024282
0.00024282
0.00020192
0.00032549
0.00035794
0.00047891
0.00051498
0.00092002
0.00106705
0.00124734
0.00124734
0.00107511
0.00099383
0.00086835
0.00068598
0.00051754
0.00065729
0.00098420
0.00140812
0.00199655
0.00217890
0.00217890
0.00212428
0.00151462
0.00089157
0.00035766
0.00028900
0.00028900
0.00024677
0.00024677
0.00026568
0.00031237
0.00031237
0.00025934
0.00025934
0.00024963
0.00025915
0.00047095
0.00047095
0.00037363
0.00037363
0.00015029
