1.49992
2.34376
3.52233
4.35757
5.54236
6.43814
7.63122
8.51766
9.64996
10.46280
11.88087
12.45389
12.71546
13.02149
13.51417
14.15830
15.25118
15.80598
16.26879
16.57982
17.13900
17.11354
16.47372
16.13370
15.61267
15.15426
14.27144
13.82728
13.33557
12.78431
11.67072
11.12014
10.31614
10.43018
11.51984
12.16934
13.14985
14.00234
15.26880
16.14709
17.43771
18.05974
18.66761
19.16291
20.05701
20.69942
21.54476
22.22808
23.46096
24.23411
25.58785
26.25744
26.72037
27.51309
28.92362
29.62808
30.19719
30.48447
30.45789
30.82551
31.86714
32.51385
33.71203
34.23653
34.72937
35.05646
35.45661
36.13577
37.56351
38.23518
38.47662
39.14714
40.60519
41.49670
42.89277
43.69985
44.41341
44.93845
45.79956
46.42776
47.63031
48.24822
49.00897
49.46675
50.02409
50.28790
50.61845
50.59731
50.06321
50.21900
51.16806
51.53981
51.75470
52.33942
53.67054
54.46175
55.78792
56.44424
57.08978
57.61895
58.70336
59.04036
58.83562
58.96558
59.43622
59.76579
60.31118
60.82847
61.95096
62.59410
63.61040
64.35064
65.67932
66.51313
67.42706
67.62582
67.09875
66.96340
66.82425
66.99558
67.65798
67.77417
67.48586
67.50205
67.65589
68.14549
69.43449
70.25528
71.62741
72.49243
73.54865
74.29281
75.59809
76.34886
77.44878
78.18594
79.46663
80.08082
80.76925
81.16571
81.67796
82.04638
82.66942
83.01031
83.41573
83.98474
85.16906
85.81251
86.69697
87.28071
88.14520
88.82842
90.16169
90.75464
91.28517
91.73144
92.64107
93.01422
93.32892
93.59534
94.17248
94.35234
94.43836
94.20922
93.51944
92.70490
91.24525
90.50561
89.98945
89.39235
88.03713
87.68493
88.01594
88.59619
89.99218
90.76338
91.70527
92.48285
93.76050
94.52649
95.73533
96.41541
96.98609
97.27727
97.64044
97.49175
96.67546
96.16487
95.50996
94.82435
93.39231
92.62468
91.49659
90.93042
90.39938
89.90346
88.86896
88.43673
88.23691
