1.49998
2.25823
3.08142
3.55667
3.97779
4.59789
4.90181
5.37846
6.51341
6.36320
4.98415
5.17366
6.56953
7.33691
8.11031
8.31107
7.75087
8.60603
9.29204
10.03377
11.33278
12.12946
13.45007
14.25924
15.20513
15.88143
15.67715
16.09376
17.08175
17.79684
19.09704
19.88592
21.08908
21.80758
22.83958
23.34980
23.92313
24.08858
24.32785
23.61076
22.18233
22.02197
23.43084
24.17745
25.61641
26.24236
25.78071
25.21350
25.24256
24.47259
24.46574
23.80733
23.13496
23.80212
25.30068
26.16671
27.34056
28.16311
29.46119
29.54408
28.37827
27.89923
27.58000
26.74422
25.88718
25.10063
24.04849
24.47775
25.94637
26.84212
28.32970
29.17350
30.27623
31.05295
31.29034
31.30418
30.66176
30.98877
32.13644
32.84883
33.33148
33.38019
32.65826
33.14653
34.61770
35.22313
34.97897
35.49071
36.89384
37.76272
39.24882
40.11226
41.46658
41.89599
41.12586
40.93935
40.96263
40.61251
39.79905
39.32360
38.75947
39.43259
40.67583
41.44697
42.43267
43.13330
44.45113
44.95347
45.02449
45.19695
45.58927
45.19947
43.93230
43.15699
43.06327
43.04527
43.40589
43.29074
42.52106
42.52413
43.33060
43.09743
42.18878
41.73658
41.43384
40.75449
39.71986
38.97555
38.10815
37.53228
38.15580
38.29551
38.99722
38.41401
37.13790
36.88484
37.59328
38.20762
39.03417
39.09301
38.76534
37.93331
37.55524
36.91230
36.12700
36.08822
37.17730
36.94688
35.51436
35.04974
35.20948
35.68597
36.77359
37.39554
38.22425
39.06722
40.29028
40.98630
41.58511
42.46020
42.96914
42.97802
42.39041
41.52947
40.29617
40.08843
41.28196
41.31081
40.29913
39.92317
39.56900
39.35259
39.02915
38.86751
38.65813
38.92529
39.44214
39.98057
40.62695
40.81327
40.84938
40.59571
40.39120
40.54300
41.07503
41.84746
42.15142
42.46825
42.66676
43.38383
43.29120
44.06744
44.57320
45.16093
46.10462
46.65497
45.92153
46.14395
47.15861
48.04795
49.17262
49.55407
49.14600
48.74244
47.94316
47.87464
48.79539
48.41053
47.02966
46.39560
46.69149
46.21494
45.15829
44.52140
43.43576
42.89231
42.09873
42.35562
43.39829
43.56942
42.56305
42.46857
43.09756
43.30267
43.10140
42.94770
42.49241
42.40638
42.67090
42.52895
41.79376
41.75787
42.26064
42.66300
43.01492
43.49741
43.99424
44.34714
44.87674
45.19927
45.31673
45.83516
46.78064
47.67642
48.59562
48.80822
49.41898
49.08284
48.07964
47.65142
47.99367
47.36390
47.20453
46.78932
46.18773
45.81499
45.29675
45.70889
46.93761
47.66670
48.84738
49.65706
51.12365
51.39615
50.31738
50.63590
51.79228
52.36437
52.81042
52.77564
51.74396
51.00682
50.87017
51.75609
53.14705
53.32868
53.38840
53.94345
55.39290
55.48255
54.12643
53.31281
52.45077
51.90311
51.25572
50.93809
50.96355
51.63241
52.92217
53.67446
54.22676
53.64036
52.24273
51.87629
51.79300
51.59649
52.29865
52.54244
52.75813
53.14731
54.06902
54.08322
53.15482
52.77456
52.44153
52.53711
53.17788
53.21311
52.44699
53.07761
54.28312
54.92380
55.24828
55.19425
54.58133
54.32231
53.52302
53.36464
53.72559
53.95951
54.09558
54.93697
55.84665
56.52690
57.44899
58.31964
58.46010
58.90563
59.33687
59.79496
60.55815
60.68345
60.53421
59.90473
58.97926
59.23950
60.59673
60.88483
60.05718
60.20317
61.35144
60.90213
59.63795
58.73956
58.39782
57.82122
57.37843
56.80130
55.69594
55.82142
56.55442
56.22096
55.45410
54.76676
53.56606
53.17244
53.28423
53.62325
53.77717
54.53556
55.87109
56.30581
55.57485
56.07698
56.93495
57.14689
56.60884
56.17424
55.16056
54.86523
55.06446
55.50648
55.98634
56.58605
57.75556
58.42095
59.59755
60.48994
61.75175
62.31774
62.81122
62.89256
62.82453
62.09124
61.16871
60.69729
59.31148
58.65478
58.84753
59.61093
60.20838
60.39146
60.76585
60.32109
59.05488
58.49497
58.31804
57.91302
57.14842
56.86048
57.50704
56.87285
55.63821
56.07047
57.20910
57.98869
58.99990
59.42272
59.52920
59.34600
58.67376
58.01600
57.55699
57.29094
56.57102
56.25143
57.48673
57.62013
56.69581
56.07334
56.73959
57.09115
57.70669
58.23789
58.91909
59.35238
59.42772
59.80194
59.78454
59.83630
60.12748
60.69782
61.79802
61.81370
60.54111
60.63686
61.98678
62.81130
64.08485
64.83999
65.29388
65.59532
65.92592
66.01016
65.77427
65.84973
66.39869
66.12369
65.51601
64.99315
63.83400
63.68505
64.56753
64.67970
64.16046
64.33259
65.11251
65.75576
67.09928
67.56456
67.81682
67.34995
66.43169
66.07066
65.67851
66.14471
67.02356
67.84625
69.25389
69.90502
69.73665
70.28543
70.90456
70.74566
69.53565
69.25839
69.62965
70.50153
71.48150
71.45950
70.23766
69.72292
69.12923
68.29278
67.41488
68.05496
69.24484
70.09945
70.92420
71.77584
72.56739
72.62625
72.09135
71.25633
70.73372
70.21823
69.03622
68.22964
66.82972
66.57462
67.57569
68.21749
69.33308
70.09488
71.43683
71.85162
70.82217
70.93105
72.09659
72.44057
72.13490
72.12292
72.01057
72.61778
73.78509
74.56148
75.28613
76.04694
77.10309
76.95468
75.58509
74.91513
74.13628
73.28668
72.10529
71.34679
71.00147
71.60319
72.92481
73.56400
73.78288
74.02631
73.98044
74.38864
75.48945
76.14682
76.74888
77.16821
78.01431
77.86476
76.72165
76.21417
75.59006
75.37743
75.57202
75.42508
74.80523
74.79762
75.42100
75.46856
75.07860
74.79990
74.18839
73.86931
73.33795
73.35062
73.96451
74.07787
73.78460
74.09483
75.26079
75.56081
75.43885
75.14363
74.48481
74.72613
75.86611
76.43378
77.31234
77.36030
76.61548
75.86080
74.39708
74.42820
75.82884
76.49755
75.79689
75.96921
76.94428
77.42821
78.14624
78.48088
78.89407
78.81758
78.17822
78.18773
77.55912
76.89950
77.47577
78.12171
79.25335
79.43842
78.92590
78.06685
77.23575
76.74583
77.55426
78.34018
79.42240
80.03752
81.05201
81.04790
79.96653
79.46129
78.51805
78.94890
80.37863
80.94580
80.59156
81.33954
82.71776
83.54969
85.01182
85.53724
84.76760
83.97737
82.52158
82.45471
83.87272
84.32883
85.10294
85.40497
85.58963
84.87806
83.50288
82.61543
81.19975
80.69995
81.62922
81.97930
82.58927
82.63969
82.29066
82.05927
82.20573
82.03751
81.05962
80.85567
81.19488
81.74325
81.78185
81.47696
80.65805
79.94912
79.10316
78.77907
78.95078
78.70400
78.49649
78.22264
78.16348
77.86814
76.55807
76.57883
77.99685
78.48496
78.32060
78.17044
77.65727
78.19879
79.43513
80.30260
81.59000
81.99984
81.23595
80.49298
79.06423
78.65245
79.17509
79.01394
78.11534
78.09617
78.79811
79.22049
80.23606
79.89850
78.64140
78.06790
78.83325
78.83208
78.40280
77.86412
76.76092
76.11757
75.05762
74.48999
73.50626
73.58122
74.65740
75.21471
74.91933
75.58335
77.04764
77.13036
75.71550
74.91023
73.79300
73.18492
73.18023
72.73504
71.52658
71.56614
72.84939
73.46511
74.16559
74.46262
74.37663
75.15298
76.23062
76.86920
77.47954
78.33743
79.31985
79.74670
79.08479
79.49781
80.25001
80.89844
80.36609
80.76719
82.05890
82.82419
83.79363
83.32756
82.09771
81.42305
82.05875
82.72526
84.09936
84.95349
86.42667
87.17931
88.04041
88.60611
89.56521
90.12829
91.03859
91.60014
92.53048
93.15813
93.89409
94.76495
95.54901
95.99881
96.40794
96.79309
97.47812
97.64349
97.46139
97.08210
96.24410
95.42903
95.06930
94.55128
93.55990
93.14771
93.19101
92.42755
92.16425
91.41928
90.38785
89.56821
88.21582
87.70532
88.10053
87.57740
86.37191
86.07565
87.11130
87.55083
88.23085
89.10610
89.88779
89.60014
88.28178
88.00457
88.97903
89.69023
89.72193
90.11518
90.97456
91.48623
91.78449
92.39859
92.91699
93.67924
93.48132
93.67097
94.02603
94.46474
94.47517
94.41532
93.87295
94.48591
95.89069
96.77518
98.22231
99.08170
100.12409
100.56973
100.77134
100.61978
99.89731
99.34097
98.11059
97.79046
98.23936
98.47471
98.92391
98.68033
97.76497
97.82306
98.95345
98.81482
97.47029
96.83774
95.80433
96.11756
97.61479
98.37733
99.44589
99.58283
98.69967
98.83647
99.83826
100.07666
99.22199
99.19859
99.90124
100.13863
100.28248
100.38867
100.66590
100.38710
99.27414
99.20607
100.17597
100.69730
101.30035
101.73097
102.39609
103.00206
103.52175
103.91930
104.56564
105.00898
105.52731
106.29299
107.63611
108.49779
109.80384
110.35731
110.06557
110.00006
109.75673
110.12472
110.42648
110.87765
111.62581
112.15233
113.02747
113.56256
113.63992
113.47098
112.85384
112.53756
112.04838
111.93255
112.02512
112.20484
112.72041
113.09605
113.88433
113.95298
113.25238
112.84447
112.21016
111.78036
112.08031
111.90975
111.42484
111.42372
111.79150
112.24101
112.50594
112.80282
113.17847
113.71995
114.80877
115.63842
115.85899
116.61733
118.09227
118.54051
117.96443
117.88798
117.75759
118.25045
118.70923
119.31124
120.55634
121.15922
121.73343
121.95745
121.64484
121.47466
121.12742
121.03019
121.03474
121.27838
121.26588
122.05086
123.50467
123.67104
122.74363
121.84471
120.89677
120.72958
121.83729
121.46602
120.11254
119.54129
119.92332
120.38900
121.80654
122.70101
124.01162
124.67276
125.07954
124.80374
123.84105
123.19109
122.17547
121.41843
120.25886
119.42400
119.01027
118.96569
119.63157
119.49366
118.53317
117.95317
117.22801
116.60483
115.45124
114.95291
114.57131
114.43396
114.22559
113.41202
112.25474
112.51592
113.51000
114.24184
115.33356
115.58021
114.59945
113.79523
112.42594
111.94052
112.05298
112.34500
112.34316
112.73745
113.82702
113.74409
113.51165
113.59399
112.70538
113.36873
114.44406
113.97058
112.57806
112.08242
111.97899
112.51415
113.55312
114.16721
115.03727
115.56149
115.47601
115.62050
115.73613
116.01825
116.34142
116.71123
117.25642
118.13338
118.75546
119.37436
120.41412
120.38215
119.23933
118.79166
118.64868
117.95097
117.12541
116.39092
115.00748
114.14510
112.89415
112.40666
113.51352
114.01498
114.91612
115.15373
114.89406
114.61588
113.87965
113.57024
113.19932
113.43769
114.49605
115.16925
116.38089
117.18479
118.52638
118.78247
117.74571
117.50923
117.81297
118.16249
119.13629
119.44854
119.47369
119.72600
120.67452
120.31978
118.91145
118.57969
119.56569
120.26641
121.57075
122.07380
121.92468
122.77924
123.26927
123.79032
124.64535
125.31068
126.31329
126.43916
125.68377
125.77217
126.53406
127.18703
127.59211
127.22480
126.20149
125.94864
126.58459
127.42240
127.94569
128.58711
129.90342
130.68659
131.81952
132.64400
132.86417
133.12097
133.15465
134.03903
134.44729
135.34657
136.08110
136.57761
137.05344
137.61719
137.31559
137.29464
137.31731
137.06451
136.26797
135.84558
135.15943
135.14967
136.05484
135.52156
134.21417
133.51000
132.84999
132.11577
130.80041
130.67383
131.82550
132.04285
131.71195
131.52477
131.18826
130.74953
129.66229
129.45437
130.12645
130.95942
131.99478
132.51971
133.50756
134.19215
134.19557
134.03818
134.18861
133.92473
133.32035
133.25940
132.59943
132.08655
131.33657
130.63644
130.46907
130.41955
130.69163
131.17858
131.56889
131.13096
129.65461
128.81193
127.33528
126.93044
128.23359
128.86574
130.27142
131.15351
132.48760
133.04334
134.45882
135.22675
136.15705
136.92407
136.71526
136.65788
135.57037
135.41698
136.38273
135.88299
134.67451
135.00518
136.38292
136.68238
135.66520
135.12884
134.17985
133.47416
132.37485
131.53957
131.44227
131.47274
132.04922
132.09566
131.45436
131.94852
133.44531
134.25358
135.05140
134.93080
133.87545
133.05358
131.56893
130.72394
129.45407
129.63614
130.93460
131.49474
132.56607
133.42099
133.91631
133.32834
132.31685
131.75674
132.19763
132.34656
132.84042
133.24480
133.33275
133.68830
133.90711
133.14418
132.12665
132.02039
132.77230
133.27478
133.26801
133.45301
134.17169
134.28876
134.43401
135.18894
135.79706
135.76918
135.88584
136.10564
136.99850
137.09009
136.20324
135.53729
134.32285
133.88857
134.11396
134.94328
135.78196
135.51936
134.75190
134.89135
135.72284
136.43914
135.83563
136.18639
137.34497
137.68421
136.86403
136.67052
136.94915
137.69017
138.89398
139.30583
139.25381
138.81177
138.62787
137.92426
137.83397
136.96870
136.25553
135.77880
135.11930
134.69682
134.90134
134.33543
133.02896
132.13508
130.89874
130.12743
128.84946
128.74281
129.94488
130.71464
131.91341
132.53725
131.67676
131.59952
131.87993
132.14182
132.18557
132.59547
133.36300
133.66769
133.88823
133.77678
132.99879
133.34577
134.44285
135.20681
136.46337
136.66525
135.78334
134.90294
133.86957
133.06333
131.59310
131.38808
132.36845
133.17436
134.59889
134.63379
133.16143
133.03029
134.33936
134.32440
133.10830
132.35556
130.94228
130.68701
131.85805
131.96546
131.17413
130.41215
129.15653
128.28056
127.17445
126.89107
127.30170
127.25843
127.16251
126.32875
125.31920
124.45908
122.97304
122.25605
121.95700
121.71787
121.46418
121.12943
120.71715
120.04758
118.60489
117.72347
116.24951
115.95954
117.18157
117.09833
115.88342
115.51728
115.68001
116.03906
116.86807
116.61434
115.23915
115.21385
116.48747
117.15668
118.26981
118.76310
119.21140
119.30372
119.21295
118.80857
118.23924
117.84567
117.21625
117.06129
117.20368
117.80606
117.80981
118.49002
119.31532
119.87246
119.44205
119.63687
119.31499
118.87953
118.45715
117.68042
117.57873
116.92207
116.86072
116.86166
116.99078
116.73911
116.68777
117.36630
118.48069
118.60150
119.19868
119.94679
121.13428
121.94803
122.88498
123.54985
124.56143
124.67283
123.73160
123.29135
122.67169
122.54418
123.10090
123.41894
123.83306
123.14077
121.93033
121.45639
120.58029
120.62041
121.65980
122.08972
122.58967
122.71377
122.56881
122.34797
121.96403
122.03471
122.60813
122.74245
122.54149
122.79348
123.23965
124.09607
125.09464
125.85682
127.24934
127.79508
128.05175
127.70228
126.40031
125.78838
124.99647
124.82096
124.29382
123.98841
124.35673
123.83050
123.07957
122.20262
122.37339
122.09973
121.58331
121.90142
123.01635
123.84065
123.39551
122.70136
121.24256
120.42314
119.38318
119.05362
119.49295
120.21590
121.56637
122.29429
123.66272
124.13632
124.94252
125.10697
124.15793
123.91921
124.10165
123.60247
122.76508
121.95711
121.44338
121.24018
120.97794
120.94568
120.67301
120.92710
121.42460
121.77577
121.88142
122.63769
123.58191
123.23653
122.09203
122.01897
122.72369
123.38507
122.99245
122.82390
122.37589
122.65229
122.76144
122.84776
123.19019
123.27190
124.16544
123.73948
122.57487
121.71939
120.43472
119.57327
118.35500
117.65487
117.32262
117.06522
116.87057
116.34424
115.55298
115.59852
116.64142
116.98583
116.76728
117.10493
118.07379
118.40499
118.75038
119.29222
119.00423
118.94371
119.25461
119.95552
120.52821
120.73530
119.93340
120.12329
121.36848
121.95620
121.80246
120.94442
120.21491
119.67693
118.24493
117.36491
115.99449
115.29556
114.58528
114.32463
114.25200
114.37362
114.61769
114.83905
114.86483
114.67585
114.30194
113.65071
112.50142
111.86716
111.27507
111.19437
111.72468
112.03172
112.55184
112.96497
113.45921
113.95545
114.97541
115.68876
116.98030
117.32392
116.94897
117.09842
117.45170
117.63740
117.82108
117.51030
116.76773
116.49479
116.53561
116.59084
116.77072
116.98634
117.07458
117.92356
118.73795
119.18183
119.21681
119.60697
120.59498
121.19431
122.21678
122.89586
123.87918
124.77537
125.91383
126.55742
126.56783
126.73161
126.70811
126.78929
126.93376
127.40751
128.73435
128.82503
127.67432
127.06127
126.00893
125.42990
124.54749
124.06198
123.31293
123.06844
123.14090
123.15212
123.20751
123.15709
122.95150
122.81946
122.52931
122.51942
122.86686
122.75538
122.29807
122.04613
121.49492
121.92471
123.21277
123.91961
124.34582
124.72105
125.17431
125.37288
125.32944
125.77194
125.39221
126.12245
127.12052
127.09086
125.95944
125.84332
125.02460
124.65539
124.49275
124.12670
123.12700
122.61217
122.26090
121.43156
121.31055
121.01566
120.50190
120.62165
121.66270
121.32745
120.12173
119.41563
119.84399
119.75514
119.36826
119.23439
119.16230
119.14563
119.18411
119.18414
119.15762
119.09452
118.98522
118.56566
117.43738
116.61664
115.56486
114.91454
115.59355
115.85089
116.41219
116.40926
115.90842
115.28616
113.85408
113.11208
112.12623
111.63738
111.13944
110.59921
110.02837
110.42384
111.70456
112.14283
110.92285
111.27813
112.49239
113.32163
114.41991
114.88208
114.79074
115.18947
115.35484
115.51734
115.54964
115.57017
115.50915
115.77786
115.55787
115.42706
115.44857
114.70928
113.33649
112.57045
111.76576
111.15027
110.23808
109.99500
110.78715
111.16983
111.32229
111.04678
109.96120
109.36228
108.25103
108.12497
108.79198
108.56012
107.48715
107.58278
108.79648
108.75412
107.44537
107.12665
107.74249
108.21994
108.45022
109.33800
109.91283
110.73150
112.21507
113.08420
114.35759
115.07440
116.00398
116.26984
115.74377
115.65973
115.65655
115.95681
116.23741
116.48183
116.29038
116.25657
116.29210
116.35859
116.52944
116.56297
116.14350
116.89910
117.76389
117.62625
117.76614
117.93855
117.79284
117.75130
118.67092
118.39565
117.33574
117.78087
119.25953
119.81945
121.13258
121.86351
122.45262
122.71913
122.83421
122.93080
123.07308
123.24515
123.58242
123.87571
123.86138
123.84983
123.69966
123.59949
123.42305
123.35410
123.33810
123.28360
122.98710
123.43174
124.49509
125.05021
125.66110
126.29583
127.58366
128.17039
128.48906
129.15884
129.39273
130.14890
130.19142
130.26261
130.45203
129.61170
128.47476
127.94628
126.77358
126.28460
125.40928
125.15436
125.41290
125.31290
124.70135
125.02991
125.85485
126.34930
126.89963
127.36823
128.69265
128.51682
127.03311
126.27062
125.68145
125.98769
126.17763
126.48272
126.93153
127.18906
127.32935
127.86265
128.08264
128.33712
128.26434
128.60987
129.11427
129.38971
129.57034
130.08541
130.34057
129.65094
128.23243
127.34491
125.90131
125.28964
126.06563
125.54628
124.46828
123.75526
122.72955
122.15633
120.85687
120.10091
119.18752
118.83153
118.53805
119.00058
120.32893
121.03432
120.69658
121.43063
122.71844
123.29802
122.49847
122.11373
121.46868
120.92128
119.72197
119.24350
119.14573
119.47207
118.80036
118.80329
119.02146
119.37138
120.00074
120.38616
120.94724
121.34373
121.59281
121.05266
119.94162
119.08914
117.89461
117.10334
116.02340
116.11184
117.21528
117.79837
118.84906
119.15950
118.96502
118.95006
119.06301
119.09846
119.10159
119.04902
118.87698
119.27177
120.61715
120.74736
119.50659
119.14522
119.20647
119.69872
120.58142
121.17189
121.38661
121.74603
122.53196
122.97923
123.66214
124.31705
125.71918
125.99730
124.98029
124.88335
125.70417
125.66410
124.83490
124.31090
123.13968
123.33856
124.61783
125.49285
126.84444
127.64832
128.99745
129.41793
129.09151
129.50124
130.89765
130.78942
129.33593
128.52716
127.30387
126.89321
126.93045
126.63653
126.32880
126.90968
128.40587
128.84938
127.94678
127.61297
127.23932
127.16996
127.42972
127.67602
128.30589
128.58486
128.83406
128.77797
128.50430
127.77024
126.31005
125.50748
124.49082
124.84837
126.18055
126.25259
124.87314
124.54308
123.90712
124.62641
125.59780
125.21421
123.75947
123.55233
124.02762
124.38243
125.14893
125.44851
125.43080
125.96240
126.55193
126.95013
127.97348
128.15068
127.53237
127.64489
128.51578
128.50328
127.68800
127.14811
126.20659
126.08922
126.88395
127.08755
126.94680
127.13955
127.68400
127.94079
128.32051
128.11475
127.13359
127.17040
127.88198
128.73243
128.98479
129.07413
128.78220
128.60618
128.27003
128.02772
127.58017
127.37159
127.65500
127.26803
126.36643
125.47160
124.85597
124.08275
123.23972
123.28444
124.04274
124.87786
124.81552
125.10283
125.75516
125.81828
125.41715
125.29637
125.53422
126.05936
127.37412
127.53626
127.04534
126.80919
126.84109
126.00017
125.22969
124.98755
125.26289
125.88689
127.10210
127.83595
128.90032
129.57967
130.70212
131.47365
132.30212
133.09310
134.52412
135.34203
136.36574
136.95339
137.83432
138.36763
139.31981
139.12163
138.55969
138.77858
139.82887
139.95528
138.79606
139.36822
140.41832
140.59120
139.96753
139.54730
138.61788
138.29083
138.71658
138.58476
137.99751
137.42761
136.18670
135.50739
134.50194
