0.00011925
0.00011925
0.00011338
0.00016563
0.00025592
0.00025592
0.00022739
0.00022739
0.00020608
0.00017806
0.00023658
0.00023658
0.00019181
0.00016926
0.00016926
0.00020108
0.00041002
0.00088346
0.00116625
0.00116625
0.00095822
0.00051121
0.00018993
0.00011918
0.00012326
0.00012326
0.00013539
0.00013539
0.00015013
0.00018150
0.00034495
0.00042492
0.00042492
0.00039962
0.00023401
0.00030258
0.00030258
0.00022598
0.00018492
0.00027862
0.00027862
0.00024288
0.00014558
0.00018150
0.00028093
0.00028093
0.00036192
0.00036222
0.00036222
0.00023196
0.00038755
0.00102629
0.00160726
0.00173857
0.00173857
0.00148356
0.00121500
0.00121500
0.00128385
0.00128385
0.00101324
0.00076493
0.00079089
0.00079089
0.00095959
0.00095959
0.00076721
0.00062302
0.00047261
0.00047261
0.00046376
0.00037804
0.00033628
0.00033628
0.00023244
0.00023884
0.00023884
0.00014786
0.00017016
0.00028523
0.00028523
0.00029937
0.00071236
0.00083822
0.00083822
0.00073772
0.00049306
0.00049306
0.00082942
0.00126095
0.00126095
0.00110494
0.00073220
0.00035757
0.00039136
0.00041929
0.00041929
0.00021308
0.00021308
0.00015056
