1.49995
2.37517
3.75782
4.43352
5.02943
5.41324
5.91311
6.23440
6.65132
6.86882
7.12949
7.25784
7.42296
7.25340
6.59756
6.01584
4.80064
3.94395
2.52354
2.05701
2.76285
3.42956
4.75666
5.55940
6.73778
7.31983
7.76286
8.00070
8.29232
8.00201
6.83940
6.29614
5.73354
5.54624
5.65812
5.83966
6.31711
6.77945
7.77204
8.36724
9.39353
9.80846
10.20145
10.01700
9.03517
8.61669
8.47918
8.51096
8.75646
9.21511
10.28946
10.72710
10.93651
11.02259
10.96941
11.00301
10.96948
11.50384
12.93993
13.43361
13.41171
13.52522
13.80910
13.82053
13.61309
13.37652
12.80998
12.35437
11.54881
11.12768
10.73125
10.33959
9.52111
8.96764
7.97023
7.85901
8.62678
8.91966
9.13534
9.45579
10.08863
10.82841
12.28107
13.10344
13.87921
14.16999
13.97639
14.23907
15.08041
15.65470
16.69747
17.38540
18.24866
18.74389
19.41769
19.93991
20.93314
21.51264
22.16981
22.27082
21.72474
21.97331
23.10769
23.62172
24.30454
24.63512
24.99834
25.33867
26.06707
26.50366
27.11659
27.79479
29.21279
30.03456
31.32141
32.12385
33.27762
34.01243
35.26572
36.01654
37.20711
37.99906
38.89168
39.50763
40.51450
41.27878
42.68575
43.55142
44.66243
45.33838
46.43682
46.92015
47.42757
47.48390
47.21100
46.67974
45.33649
44.63966
43.74667
43.04224
41.75436
40.85497
39.59761
39.02787
38.64327
38.32866
37.83914
37.32297
36.30208
35.96266
35.99017
35.96164
35.79182
36.17880
37.29964
38.17611
39.53087
40.34910
41.34585
41.98032
43.05788
43.38439
43.27109
43.05976
42.47389
42.20179
41.80690
41.78499
42.07927
42.42862
43.21987
43.94344
45.19412
45.94514
46.95598
47.82188
49.02437
49.86242
51.30191
52.16032
53.56473
54.45443
55.94542
56.82483
58.12657
58.88138
59.59283
60.24252
61.24281
61.93320
63.16973
63.92111
65.10767
65.97999
67.04853
67.58313
67.87075
68.20099
68.88365
