0.00027755
0.00037805
0.00037805
0.00022622
0.00042986
0.00042986
0.00021467
0.00022009
0.00022009
0.00021531
0.00050852
0.00050852
0.00023658
0.00016220
0.00040130
0.00043791
0.00043791
0.00027189
0.00027189
0.00029760
0.00047401
0.00047401
0.00045926
0.00045926
0.00042491
0.00042491
0.00041532
0.00020198
0.00018016
0.00035151
0.00035151
0.00021393
0.00026418
0.00026418
0.00026392
0.00020644
0.00034717
0.00063344
0.00063344
0.00046711
0.00046711
0.00020900
0.00044725
0.00044725
0.00023603
0.00000000
0.00000395
0.00000000
0.00023785
0.00029917
0.00029917
0.00029716
0.00048130
0.00048130
0.00038386
0.00035278
0.00035278
0.00039673
0.00039673
0.00009001
0.00008557
0.00026020
0.00036209
0.00036209
0.00021761
0.00037719
0.00037719
0.00029504
0.00023136
0.00023136
0.00028418
0.00033288
0.00033288
0.00024053
0.00057066
0.00057066
0.00034590
0.00034590
0.00024977
0.00024977
0.00029622
0.00029622
0.00033151
0.00033151
0.00029921
0.00029921
0.00020426
0.00020426
0.00026132
0.00035384
0.00035384
0.00025585
0.00016018
0.00024275
0.00024275
0.00014240
0.00019006
0.00019006
0.00024956
0.00024956
0.00035766
0.00035766
0.00023544
0.00023544
0.00017757
0.00017757
0.00015682
0.00023033
0.00037117
0.00037117
0.00032510
0.00032068
0.00016870
0.00025585
0.00020280
0.00020280
0.00019037
0.00030851
0.00030851
0.00025271
0.00050259
0.00050259
0.00022311
0.00024402
0.00024402
0.00021244
0.00021244
0.00002454
0.00014427
0.00000976
0.00000000
0.00023342
0.00023342
0.00023408
0.00038500
0.00038500
0.00020614
0.00042911
0.00076434
0.00077573
0.00077573
0.00045126
0.00034225
0.00025188
0.00028075
0.00060551
0.00060551
0.00045176
0.00020885
0.00023347
0.00026056
0.00026056
0.00027637
0.00032357
0.00032357
0.00044296
0.00044296
0.00040736
0.00029047
0.00029047
0.00038024
0.00038465
0.00038465
0.00027800
0.00034399
0.00034399
0.00029094
0.00024529
0.00024529
0.00278559
0.00278559
0.00029094
0.00009081
0.00022436
0.00055194
0.00007202
0.00000000
0.00006208
0.00027675
0.00045685
0.00045685
0.00030683
0.00042023
0.00042023
0.00040412
0.00026120
0.00034229
0.00034229
0.00033171
0.00033171
0.00025911
0.00029798
0.00029798
0.00024885
0.00024885
0.00015491
0.00029140
0.00029140
0.00031832
0.00038428
0.00038428
0.00034166
0.00022950
0.00037543
0.00037543
0.00034898
0.00024720
0.00035820
0.00043859
0.00043859
0.00028203
0.00042899
0.00042899
0.00044332
0.00047884
0.00047884
0.00043747
0.00044154
0.00044154
0.00015470
0.00023042
0.00023042
0.00031305
0.00031305
0.00022480
0.00043936
0.00043936
0.00046443
0.00046443
0.00036394
0.00037772
0.00037772
0.00039827
0.00039827
0.00039557
0.00039557
0.00027055
0.00023685
0.00046368
0.00046368
0.00036059
0.00022379
0.00034285
0.00034285
0.00019467
0.00041979
0.00045048
0.00045048
0.00030820
0.00030820
0.00010634
0.00034882
0.00034882
0.00035161
0.00035161
0.00021373
0.00021373
0.00008035
0.00011737
0.00038728
0.00038728
0.00061742
0.00081429
0.00096213
0.00096213
0.00078124
0.00043251
0.00025556
0.00058557
0.00058557
0.00043122
0.00042768
0.00042768
0.00039899
0.00039899
0.00036749
0.00028127
0.00029294
0.00042876
0.00047643
0.00049436
0.00049436
0.00037904
0.00014804
0.00023827
0.00031187
0.00031187
0.00027428
0.00034494
0.00038091
0.00038091
0.00039152
0.00039152
0.00030909
0.00030601
0.00049494
0.00049494
0.00026280
0.00029690
0.00055697
0.00078508
0.00078508
0.00070333
0.00041332
0.00017286
0.00016907
0.00024912
0.00024912
0.00026861
0.00047306
0.00047306
0.00042836
0.00042836
0.00023266
0.00029799
0.00029799
0.00024746
0.00026708
0.00042925
0.00042925
0.00037609
0.00041247
0.00041247
0.00022573
0.00031390
0.00031390
0.00045731
0.00045731
0.00059002
0.00093116
0.00453553
0.00453553
0.00000000
0.00009449
0.00023236
0.00023236
0.00021923
0.00034534
0.00034534
0.00036244
0.00050693
0.00050693
0.00026667
0.00031947
0.00031947
0.00019191
0.00015611
0.00000000
0.00025135
0.00066045
0.00000000
0.00001080
0.00027148
0.00048290
0.00048290
0.00023954
0.00001253
0.00000000
0.00015326
0.00057303
0.00000000
0.00024430
0.00000000
0.00004987
0.00004987
0.00037657
0.00044293
0.00044293
0.00034207
0.00028295
0.00010052
0.00039281
0.00048600
0.00060215
0.00060215
0.00041290
0.00046020
0.00046020
0.00016940
0.00043399
0.00043399
0.00029764
0.00034474
0.00034474
0.00017431
0.00037748
0.00037748
0.00028093
0.00031659
0.00031659
0.00036960
0.00039422
0.00069146
0.00069146
0.00032617
0.00035024
0.00035024
0.00041661
0.00041661
0.00011466
0.00037528
0.00033531
0.00027107
0.00000000
0.00027544
0.00034211
0.00034211
0.00019570
0.00020739
0.00029256
0.00046006
0.00058940
0.00061910
0.00061910
0.00036727
0.00031783
0.00046142
0.00054664
0.00054664
0.00046700
0.00053873
0.00053873
0.00044558
0.00030577
0.00030577
0.00016217
0.00020983
0.00041589
0.00041589
0.00034017
0.00038291
0.00050603
0.00050603
0.00028979
0.00037528
0.00033531
0.00027107
0.00021284
0.00021284
0.00029952
0.00041118
0.00041118
0.00038954
0.00038954
0.00036166
0.00036166
0.00032221
0.00032221
0.00038154
0.00038154
0.00024370
0.00040987
0.00040987
0.00027494
0.00019801
0.00021044
0.00030237
0.00030237
0.00027391
0.00040336
0.00040336
0.00037802
0.00042221
0.00042221
0.00028658
0.00025244
0.00040852
0.00043190
0.00043190
0.00024676
0.00018302
0.00025479
0.00025479
0.00041519
0.00041519
0.00038223
0.00038223
0.00037844
0.00041143
0.00041143
0.00038234
0.00021715
0.00021715
0.00025740
0.00036060
0.00056147
0.00079883
0.00079883
0.00050375
0.00042150
0.00042150
0.00034580
0.00028047
0.00033031
0.00033031
0.00037475
0.00037475
0.00032586
0.00032586
0.00039078
0.00063335
0.00063335
0.00038480
0.00022898
0.00022898
0.00049391
0.00077295
0.00077295
0.00071756
0.00052344
0.00041373
0.00022806
0.00022806
0.00035328
0.00035328
0.00011256
0.00024802
0.00033812
0.00034654
0.00037261
0.00054951
0.00054951
0.00028108
0.00010196
0.00031404
0.00035213
0.00000000
0.00022817
0.00031404
0.00035213
0.00000000
0.00014214
0.00037452
0.00041714
0.00052123
0.00070926
0.00070926
0.00049662
0.00059915
0.00074527
0.00074527
0.00039721
0.00035239
0.00035239
0.00042050
0.00042050
0.00036098
0.00033477
0.00018398
0.00062167
0.00120650
0.00120650
0.00070147
0.00034772
0.00034772
0.00035722
0.00042807
0.00042807
0.00038760
0.00049708
0.00049708
0.00021898
0.00025365
0.00042299
0.00042299
0.00029313
0.00049528
0.00049528
0.00051204
0.00051204
0.00033065
0.00030570
0.00041288
0.00048968
0.00048968
0.00030754
0.00042715
0.00042715
0.00014325
0.00057651
0.00057651
0.00042516
0.00042516
0.00027175
0.00027175
0.00029911
0.00029911
0.00054820
0.00054820
0.00032707
0.00058440
0.00078610
0.00078610
0.00048181
0.00048181
0.00031122
0.00056258
0.00056258
0.00047997
0.00038444
0.00094544
0.00119214
0.00119214
0.00064603
0.00064603
0.00027074
0.00042551
0.00042551
0.00047878
0.00047878
0.00044242
0.00044242
0.00022089
0.00022089
0.00032435
0.00032435
0.00032243
0.00024330
0.00024330
0.00059358
0.00079480
0.00079480
0.00032729
0.00060847
0.00060847
0.00069893
0.00069893
0.00049070
0.00038033
0.00035196
0.00035196
0.00017287
0.00037160
0.00042582
0.00101285
0.00101285
0.00098843
0.00098843
0.00075519
0.00038662
0.00050497
0.00054389
0.00054389
0.00041220
0.00067753
0.00067753
0.00050073
0.00027545
0.00027545
0.00042500
0.00043675
0.00043675
0.00036584
0.00043554
0.00049771
0.00066292
0.00066292
0.00036324
0.00037965
0.00037965
0.00045446
0.00045446
0.00044492
0.00024449
0.00025312
0.00025312
0.00035496
0.00035496
0.00029951
0.00029951
0.00025224
0.00028956
0.00033584
0.00035688
0.00035847
0.00038256
0.00038256
0.00048530
0.00048530
0.00027984
0.00031923
0.00031923
0.00057303
0.00033102
0.00000000
0.00000000
0.00000000
0.00000000
0.00267671
0.00267671
0.00025567
0.00025951
0.00025951
0.00019126
0.00045759
0.00045759
0.00029185
0.00030734
0.00030734
0.00019640
0.00043116
0.00043116
0.00030841
0.00028232
0.00051046
0.00051046
0.00034916
0.00034916
0.00026815
0.00041763
0.00041763
0.00028869
0.00028869
0.00039148
0.00046869
0.00046869
0.00046318
0.00046318
0.00046340
0.00061483
0.00061483
0.00039498
0.00037020
0.00037020
0.00009910
0.00032118
0.00032118
0.00043968
0.00043968
0.00043072
0.00027294
0.00025790
0.00043507
0.00050732
0.00050732
0.00020808
0.00050808
0.00050808
0.00040421
0.00001018
0.00000000
0.00000000
0.00066045
0.00043000
0.00000000
0.00000000
0.00001034
0.00030954
0.00033875
0.00033875
0.00039478
0.00000000
0.00029170
0.00033212
0.00033212
0.00020961
0.00023655
0.00062836
0.00062836
0.00029102
0.00029102
0.00053814
0.00057160
0.00057160
0.00041533
0.00024977
0.00024437
0.00030959
0.00030959
0.00023587
0.00041120
0.00041120
0.00024424
0.00052987
0.00052987
0.00036010
0.00058293
0.00058293
0.00040953
0.00011129
0.00037494
0.00037494
0.00037489
0.00037489
0.00021962
0.00023871
0.00026615
0.00032098
0.00032098
0.00028129
0.00028129
0.00017153
0.00029790
0.00029790
0.00044002
0.00044002
0.00025540
0.00037475
0.00037475
0.00028032
0.00028032
0.00041901
0.00054008
0.00054008
0.00028343
0.00023790
0.00011412
0.00000000
0.00000000
0.00075432
0.00041394
0.00000000
0.00000000
0.00000000
0.00018869
0.00020500
0.00030854
0.00030854
0.00030734
0.00029221
0.00029221
0.00025562
0.00000000
0.00000000
0.00000000
0.00041394
0.00075432
0.00000000
0.00000000
0.00040489
0.00040489
0.00034753
0.00059893
0.00074816
0.00074816
0.00038607
0.00038607
0.00040536
0.00040536
0.00034612
0.00034612
0.00034846
0.00034846
0.00044667
0.00044667
0.00044239
0.00044239
0.00039044
0.00039044
0.00033936
0.00036785
0.00037575
0.00042644
0.00042644
0.00039993
0.00039993
0.00028818
0.00052490
0.00067358
0.00067358
0.00055151
0.00055151
0.00036595
0.00055462
0.00055462
0.00051919
0.00045288
0.00048833
0.00048833
0.00033484
0.00015351
0.00041900
0.00054284
0.00054284
0.00041663
0.00021992
0.00047546
0.00047546
0.00048491
0.00068178
0.00068178
0.00067264
0.00044027
0.00029845
0.00029927
0.00029927
0.00038361
0.00038361
0.00043126
0.00043126
0.00038790
0.00024903
0.00030288
0.00030288
0.00038160
0.00038160
0.00034787
0.00043523
0.00063653
0.00063653
0.00063510
0.00049695
0.00049610
0.00048618
0.00024761
0.00011819
0.00000000
0.00011369
0.00027639
0.00033832
0.00033832
0.00034140
0.00034140
0.00042751
0.00074790
0.00090377
0.00090377
0.00096503
0.00096503
0.00079937
0.00061757
0.00037416
0.00038474
0.00052631
0.00052631
0.00032584
0.00017509
0.00022160
0.00031517
0.00031948
0.00031948
0.00022321
0.00022276
0.00017227
0.00032277
0.00032277
0.00033254
0.00033254
0.00078962
0.00078962
0.00070547
0.00047865
0.00052612
0.00052612
0.00039204
0.00032982
0.00045399
0.00045399
0.00022843
0.00011782
0.00023307
0.00023307
0.00036556
0.00036556
0.00019870
0.00024187
0.00045948
0.00048279
0.00048279
0.00026242
0.00021261
0.00021261
0.00020143
0.00042722
0.00058876
0.00058876
0.00019879
0.00036547
0.00036547
0.00025656
0.00022091
0.00019051
0.00019051
0.00017212
0.00034055
0.00034055
0.00005440
0.00012577
0.00012577
0.00005050
0.00022401
0.00022401
0.00031410
0.00031410
0.00021749
0.00014085
0.00013053
0.00021355
0.00030487
0.00039263
0.00039263
0.00029539
0.00019422
0.00012639
0.00012639
0.00012266
0.00035664
0.00035664
0.00029600
0.00029600
