1.49985
2.39883
3.88970
4.58380
4.89582
5.20161
5.58211
6.19978
7.33452
8.19053
8.97182
9.35963
9.38275
10.19456
11.50353
12.33921
13.56222
14.42328
15.80709
16.41901
16.45289
16.73972
17.42215
17.87407
18.69333
19.28579
20.40225
21.09232
22.13579
23.02215
23.82560
24.39128
24.47827
24.68076
24.91576
25.59291
26.91751
27.69524
28.03363
28.18816
28.10922
27.83671
26.99450
26.59171
26.07732
25.86296
25.74074
25.90161
26.46484
26.64360
26.51019
26.90990
27.91372
28.07370
27.53173
26.93467
25.80022
25.03073
23.68599
22.81380
21.51949
20.62487
19.54808
18.77948
17.98481
17.10085
16.07805
15.25444
14.98666
14.59527
13.60347
13.75067
14.95278
15.83393
16.81645
17.41517
18.35366
18.36554
17.47919
17.55394
18.66141
19.13650
19.46288
20.03468
21.28326
21.91681
21.97059
22.47242
23.69176
24.41907
25.27880
25.44653
25.35639
25.53335
26.05522
26.56623
27.56665
28.19249
27.37889
27.55708
28.64572
28.89721
28.56577
28.64978
29.05162
29.49587
30.20428
30.77335
31.74130
32.37927
33.49417
33.88050
33.62544
33.17625
32.09881
31.25338
31.06633
30.47436
29.16559
28.53348
27.90274
27.26406
26.27027
25.65749
24.63844
24.20729
23.67550
24.41208
25.81777
26.65340
27.75188
28.06794
27.92290
27.98062
27.32237
27.56732
28.69136
29.52350
30.98805
31.86912
33.19351
33.62220
33.40442
33.51821
33.93784
34.00052
33.80057
33.79262
33.91070
34.03663
34.12708
34.82378
36.26604
37.09579
38.32672
39.12855
40.48395
41.25838
42.37511
42.75689
42.55767
42.95663
43.77637
44.54228
45.36548
45.54389
44.90641
45.35460
46.83699
47.59858
48.76218
48.85475
47.73282
47.93841
49.31917
50.17809
51.29311
51.81406
52.00935
51.85622
51.25429
50.88724
50.69739
50.96129
51.99211
52.76169
54.20856
55.04737
56.39906
57.01628
57.72447
57.55298
56.30836
55.99059
56.18911
56.28332
56.65005
56.36162
55.17574
54.58575
53.83905
53.06085
51.57381
50.79462
50.07310
49.75628
49.34415
49.98376
51.41332
52.08608
52.32672
52.54218
52.90931
52.89362
52.62803
52.15328
51.40356
51.61982
52.94369
53.26343
52.57692
52.12988
51.19244
50.44757
49.10829
48.27201
46.86625
46.44757
46.82912
47.52404
48.98045
49.68549
50.42208
50.24942
48.95481
48.80358
49.82512
49.54475
48.10017
47.28543
45.97179
45.14096
44.22233
43.68951
42.97737
42.46736
41.44600
41.10926
41.00457
41.21714
41.97606
42.39818
43.32133
42.95783
41.47578
40.96593
41.01713
41.34622
42.69052
43.29800
43.65675
43.87864
44.19867
44.46889
45.12538
45.04066
44.13725
43.80749
43.81623
43.03791
41.77630
40.97304
39.63139
39.25300
39.72022
40.06947
40.83250
41.08113
40.97986
41.51742
42.99442
43.45136
42.97688
43.17579
43.97269
44.50393
45.52214
45.63702
44.83271
44.29315
43.47598
42.77525
41.55624
40.68435
39.28304
38.62090
38.45866
38.81615
39.97786
40.25638
39.90869
39.98311
40.38894
40.85269
41.95397
42.21634
41.99463
42.14796
41.60460
41.09787
40.79292
40.38950
39.38681
39.16976
39.66295
40.00267
40.58346
41.02849
41.81628
42.35983
42.90723
42.56756
41.21023
40.43192
39.20831
38.48378
38.29765
38.28353
38.78804
38.58124
37.67660
36.84339
35.36357
34.91861
35.63536
35.69017
35.33129
35.23424
35.15188
35.35824
36.10857
36.43689
36.58799
37.21766
38.25240
38.90736
39.90282
40.72101
42.09169
42.90831
44.21463
44.33022
43.19120
42.83132
42.53082
42.85401
43.76997
44.61361
45.07851
45.51896
46.35921
46.39629
45.67824
45.05666
43.79622
43.34731
43.41245
43.02225
42.38019
41.82790
40.63715
40.39319
41.03923
40.95116
40.17495
39.78675
39.38187
38.69553
37.72582
37.43079
37.62662
37.87280
38.55632
38.76689
38.54395
38.41003
38.04416
38.02384
38.31575
38.44821
38.61800
38.46315
37.71774
37.64560
38.16284
38.24403
37.94845
38.23187
39.27473
39.55134
39.15514
39.48570
40.71676
41.11097
41.20907
41.45640
41.82780
42.00087
42.34427
41.95089
40.71605
39.91003
39.54954
39.52678
40.04286
40.47522
41.52607
42.08560
43.31329
43.95058
44.40586
44.77522
45.35711
45.80940
46.67800
46.99076
47.81919
48.16791
48.80596
48.77422
48.11051
47.61161
46.66652
46.36646
46.34217
47.02765
48.04710
48.34345
48.87142
49.20952
49.95839
49.80036
48.63183
48.07310
47.53256
47.18417
46.74028
46.27611
45.77423
45.81991
46.43336
47.06705
48.16603
48.85081
49.82916
50.71214
51.34104
52.05510
53.45215
54.22376
55.29577
56.02176
57.23019
58.08572
58.81623
59.70192
60.61076
61.11213
61.39063
62.25714
63.30571
63.94421
64.65275
65.10585
65.82367
65.74413
64.71745
64.66155
65.28156
66.13221
67.20335
67.80351
68.52927
68.38583
67.42573
66.64771
65.82304
65.28001
64.29866
64.28300
65.30358
65.86832
66.96452
66.83760
65.64232
64.85207
64.14921
64.31260
65.30936
66.02268
67.03116
67.45730
67.66321
68.01647
68.71614
69.42861
70.73621
71.09582
70.23334
70.41654
71.51987
72.30434
73.72762
74.50849
75.06107
75.49152
76.28252
76.43413
76.08562
76.00962
76.00094
76.00380
76.00370
76.18691
76.79632
77.07845
77.47522
77.47145
77.05018
76.78700
76.41508
75.85561
74.63067
74.06032
73.72002
73.03108
71.82831
71.07918
69.86324
69.08267
68.06391
67.32314
66.81542
66.60807
66.57080
66.76413
67.03606
67.79645
68.97646
69.67725
70.63266
71.14138
70.94464
71.21745
72.08389
72.19582
71.64676
71.63114
72.08140
72.10857
71.94387
71.37902
69.89454
69.64417
70.76162
71.13194
71.20178
71.24322
71.20334
71.22867
71.18818
71.67753
73.07377
73.42365
72.89176
72.87369
73.23166
73.36780
73.53347
73.39207
72.79380
72.39559
71.97155
71.81029
71.64192
72.01705
73.32998
73.57037
72.83047
72.43525
71.70825
71.14809
70.06929
69.28894
67.81205
67.50810
68.48597
68.89181
69.51828
69.65579
69.44203
69.35510
69.06912
69.41052
70.44109
71.15304
72.43678
72.92476
72.61603
72.09345
71.15542
70.66065
70.02831
69.69908
69.39297
69.18442
68.94553
68.51982
67.56504
67.50480
68.12096
68.94400
70.06685
70.84276
71.06263
70.53958
69.20395
68.73615
68.64804
69.31024
70.75576
71.64457
73.14177
73.86332
74.40836
74.73063
75.13759
75.37017
75.72562
75.92754
76.20489
76.26311
76.16871
76.04575
75.73415
75.53347
75.46358
75.45192
75.53548
75.59149
75.59760
75.74690
76.00003
76.77775
78.13733
79.00794
80.08554
80.84534
82.12447
82.92232
83.99663
84.70254
85.77397
86.46814
86.98953
87.40342
88.10386
88.52907
89.24167
89.55872
90.08648
89.76494
88.59001
88.16024
87.86383
88.19647
89.43051
89.68706
89.22316
88.88051
88.09294
87.63968
86.98191
86.30415
85.08684
84.79568
85.66470
85.86018
85.58340
85.63495
86.01466
85.98411
85.64951
85.10940
83.84977
83.26189
82.52904
82.75904
84.04503
84.84553
86.23436
86.45367
85.46038
85.26824
85.80060
85.57227
84.54707
84.77000
86.16866
87.02013
88.51593
89.11788
89.01666
89.21557
89.78360
90.00351
89.95437
90.28666
90.82515
91.49087
92.86418
93.68489
95.09980
95.71937
96.26406
95.95015
94.81405
94.20694
93.18401
93.15207
94.02803
94.86399
96.20769
97.05422
98.44313
99.19393
99.70910
100.02955
100.37733
100.77394
101.89085
101.77056
100.49111
99.59309
98.51684
97.80935
96.74393
95.95277
95.29032
94.42933
93.11652
92.28360
90.87421
90.17319
89.37376
88.97100
88.69380
88.03630
87.01716
86.28769
84.96187
84.25589
83.42329
82.66811
81.93745
82.02167
83.19700
83.38217
82.91670
82.24293
80.86681
80.64458
81.61940
82.36302
83.83589
84.49650
84.62108
84.54767
83.97925
83.83044
83.63901
84.29888
85.67260
86.27947
86.43415
86.86630
87.78509
88.29792
89.06508
89.54837
90.29904
90.93894
91.99169
92.50562
92.83232
93.26976
93.97104
94.81606
95.87677
96.42909
96.67232
96.89514
97.46331
97.11957
95.92263
95.07381
93.81958
93.53162
94.08867
94.27483
94.16621
94.16168
94.26865
93.96220
93.09126
92.57886
91.99478
91.62255
91.11974
90.60215
89.52107
89.05265
88.70044
88.48033
88.31569
87.75624
86.35864
85.74808
85.21717
84.98968
84.83458
84.87729
85.20355
85.35585
85.56167
85.66253
85.76802
85.86464
86.09882
86.09412
85.81714
85.85289
86.20780
86.40750
86.77149
86.89964
87.00719
86.86145
86.29020
85.84683
84.78805
84.68257
85.40722
85.90720
86.70628
87.20801
88.07958
88.48898
89.16476
88.89750
87.72952
86.86830
86.42349
86.23913
86.61656
86.69394
86.82309
86.44960
85.51677
84.92177
83.91435
83.20745
82.04662
81.66120
82.06095
82.20510
82.53919
82.37213
81.59156
80.93014
79.47818
79.16953
80.04972
80.13037
79.73297
79.34769
78.42795
78.05566
78.17535
78.57656
79.77540
80.39833
81.31041
81.72426
81.76268
82.55824
83.83710
84.44795
84.73420
84.99131
85.18555
85.89661
87.01557
87.08305
86.00225
85.34311
84.10047
83.33314
82.30401
81.49093
80.61516
80.40538
80.29053
80.37143
80.22135
79.98970
79.06195
78.77082
79.45154
78.96064
77.46975
76.71378
76.35746
76.42959
77.10489
77.36650
77.57249
77.38627
76.80895
75.93091
75.10490
74.37771
73.83126
74.15566
75.49321
76.23773
77.46087
78.13798
79.27022
79.40159
78.59422
78.20449
77.66367
77.17109
77.03977
76.42556
75.06064
74.28303
74.09722
74.48274
75.83636
76.72299
78.13327
78.86361
79.80850
80.19227
80.00185
79.73365
79.12301
78.97521
78.81147
79.49551
80.97701
81.49381
81.16038
81.29846
82.01427
82.61462
83.78189
84.49639
85.14553
86.00642
87.38990
87.77958
87.01669
87.37333
88.72519
89.56142
90.75426
91.11413
90.84624
90.82649
90.75418
91.09618
91.90992
92.29746
92.69669
93.20663
94.35383
95.01633
96.02280
96.63701
96.73616
96.86413
97.11451
96.75626
95.42356
95.05546
95.27582
95.49848
96.06953
96.07915
95.62524
95.10210
94.01960
93.13131
91.77998
91.03260
90.02867
89.41480
88.42550
87.99973
88.21432
88.01617
87.26153
87.15065
87.62509
87.81935
88.04001
88.36860
89.15819
89.55351
90.03326
90.53652
91.64774
92.08450
92.15789
92.52130
93.54025
93.79214
93.43343
93.30729
93.39640
92.68346
91.47294
90.58381
89.20207
88.48941
87.67691
87.22550
87.08354
86.94750
86.77687
86.64488
86.41410
86.17956
85.60315
85.63409
86.17193
86.81710
88.22368
89.07885
90.20641
91.02750
91.20815
91.87233
93.36935
93.83329
93.16594
93.39046
94.37664
94.90587
94.87460
95.19634
95.98217
96.55780
96.94504
97.73303
99.17105
100.02505
101.22448
102.12164
103.37206
103.98794
104.43988
104.51894
104.18662
103.93089
103.24639
103.20289
103.68576
104.10702
104.56445
105.44266
106.34643
107.23033
108.55917
109.40497
110.32192
110.97841
112.16214
112.74225
113.34631
114.05436
115.48110
116.35004
117.82509
118.55234
119.77043
120.40399
120.79520
120.35720
118.97514
118.44116
118.82103
119.22490
120.51693
121.28272
121.89131
122.11819
122.01775
121.91171
121.88612
121.18654
119.87021
119.03762
117.68349
116.84284
115.37686
114.83022
114.91467
114.81004
114.56690
114.42394
114.36571
114.50004
115.07001
115.24479
115.35521
115.16635
114.34741
114.27291
114.73359
115.26104
116.38070
117.00821
117.69998
118.14981
118.79359
119.44750
120.66871
121.37777
122.49051
123.27340
124.73317
125.37288
125.52432
126.23630
127.72538
128.22926
127.83793
127.58239
128.06580
128.62609
129.41475
129.16332
127.96457
127.08954
126.55803
126.51481
126.91894
127.15072
126.77407
126.53172
126.43337
126.40355
126.42846
126.53758
126.66416
127.18672
128.53964
129.32331
130.63873
131.26671
131.57471
131.72075
131.58897
132.05214
133.44956
133.95374
134.09926
133.94714
133.18554
133.12744
133.60053
133.91849
134.26082
134.23798
133.78878
133.55556
133.14130
133.08025
133.14405
133.71350
135.04575
135.78531
136.90519
137.33149
136.82841
136.90027
137.37555
137.80337
138.64023
139.43193
140.37192
141.21232
142.49512
143.30762
143.46402
144.11661
144.77458
145.44545
146.73243
147.46895
147.87856
148.06892
148.13105
148.01726
147.47712
147.42181
147.82146
147.76961
147.21961
147.15508
147.31769
147.98956
149.36601
150.21534
151.07410
151.48654
151.93983
151.69031
150.65926
150.72204
151.86859
152.52496
153.68372
154.33092
155.32236
155.92780
156.77285
157.63955
158.43603
159.13360
160.43361
161.26733
162.75711
163.33017
163.20914
163.15000
163.03843
162.57820
161.81289
161.32895
160.80746
160.54153
160.79934
160.40601
159.39142
158.73590
157.48170
157.15038
157.70488
157.21498
155.75257
154.92154
153.60311
153.17530
153.77436
153.45015
152.09001
151.86915
152.64999
153.26870
154.52875
155.12764
155.39961
155.68714
156.21635
156.57386
157.21991
157.72020
158.89107
158.84015
157.65378
156.82294
156.04094
155.32386
154.05497
153.28086
152.32016
151.94089
152.12806
151.44696
150.06328
149.22684
147.92460
147.16752
146.14508
146.10415
146.92574
147.79427
148.83903
149.50147
150.04952
150.90968
152.23004
152.74787
152.62230
153.05287
153.94710
154.77444
156.21606
156.99166
157.43031
157.77170
158.37711
158.27402
157.24494
157.24634
158.20934
158.71482
159.57237
159.68840
159.18383
158.71882
157.64357
156.98360
155.76162
155.32263
155.28151
155.18758
155.05414
154.99810
155.17923
154.78794
153.66406
153.14674
153.21171
153.53443
154.62556
155.01500
154.68547
154.43599
153.98437
153.27371
152.04456
151.71785
152.14424
152.37041
152.79613
153.34140
154.71171
154.89813
153.83404
153.38286
152.87198
152.16211
150.75214
150.39181
151.25567
150.92247
149.55024
149.08447
149.22139
149.17431
148.88261
149.19210
150.00948
150.22686
150.25822
149.70634
148.62737
148.05145
147.96275
147.34018
145.91901
145.08959
143.69637
143.08064
142.82015
142.39098
141.61174
140.73727
139.81558
139.03332
137.77193
136.89032
135.44929
134.66243
133.56161
133.18241
133.20077
133.14044
133.22105
132.63389
131.15580
130.56897
130.77040
130.20242
128.75475
128.28463
128.92216
128.88958
128.40245
128.09699
127.47863
127.41687
127.72950
128.52789
129.88757
130.54727
131.02052
131.27264
131.23253
131.90246
133.39490
134.28885
135.73650
136.56084
137.78396
138.49272
139.50782
140.23112
140.84387
141.71091
143.00561
143.83291
145.16933
146.00638
147.29909
148.08573
148.65105
149.19329
150.14798
150.86001
151.48564
151.81654
152.32150
151.96457
150.67178
150.31904
150.74482
150.66897
150.33041
149.67429
148.19255
147.31676
145.93010
145.18779
145.26865
144.87101
143.95866
143.06952
142.12895
141.47780
140.26331
140.26979
141.53147
141.73606
140.93678
140.56752
140.09405
139.56854
138.49018
137.86760
136.79895
136.47639
136.63617
136.69147
136.72265
137.08071
137.84916
138.64949
140.13444
141.01063
142.39541
143.18370
144.31370
144.76992
144.94199
145.41937
146.66218
147.16991
147.37320
147.72672
148.27966
149.13667
150.18137
150.76351
150.64894
150.53295
149.83000
150.26930
151.76284
152.56412
153.52490
154.19960
155.22939
155.61010
155.46156
155.92254
157.00101
157.76804
157.98522
158.33572
159.14907
159.12541
158.28280
157.64807
156.26309
155.91962
156.56861
156.47196
155.68904
155.40457
155.06806
155.38912
156.68164
157.04136
156.82100
156.48499
155.47270
155.06355
154.63292
154.57782
155.10048
154.64424
153.17001
152.36441
151.13417
150.63466
150.38813
150.06244
149.24157
149.27241
150.14128
150.47703
150.53670
151.25433
152.52788
153.34677
154.77139
155.05973
154.33540
153.86076
153.22734
152.81826
152.19403
151.96081
152.05426
151.52534
150.31814
149.43958
148.13294
148.11161
149.40560
150.03614
151.03410
151.55514
152.27441
152.63187
153.00444
153.45713
154.34916
155.14924
156.43777
156.58695
155.56191
155.26083
155.38392
155.35548
155.26452
154.96057
153.75292
152.89732
151.50350
150.60589
149.43226
148.54708
147.77513
147.30110
147.17845
146.45679
145.21021
144.62809
144.38750
144.27908
144.12511
144.69136
146.17760
146.64002
145.95311
146.42703
147.69734
148.35815
149.10115
149.35741
149.07484
149.51426
150.71429
151.27143
151.13058
150.67426
149.29428
148.68170
148.04597
148.06460
148.93685
148.79866
147.86167
147.06658
146.64401
146.17014
145.48035
144.59598
143.98090
143.08181
142.38556
141.66755
140.42691
139.73406
139.70971
138.93486
137.77460
137.14268
136.67994
136.01016
134.66199
133.80615
132.49910
131.85937
131.02596
131.08109
132.08596
132.61250
133.37943
133.87113
134.58944
135.19542
135.94369
136.25664
136.29430
136.26720
136.01686
136.06504
136.33708
136.84146
137.99693
137.93947
136.67905
136.04898
135.08703
134.50309
133.48632
133.09900
133.10295
132.51254
131.39631
130.54344
129.28500
128.44346
127.63654
127.04071
125.85687
125.83271
126.99267
127.32577
127.27250
126.63606
125.14805
124.26213
122.86166
122.13744
121.54442
121.59150
122.43885
122.89514
123.57619
123.98774
124.49576
124.11159
122.81212
121.92175
120.56261
119.68831
118.28714
117.68462
117.88450
117.98572
118.33511
118.28533
117.59048
117.95251
119.36439
120.23682
121.73375
122.62926
124.12652
124.88442
125.54923
126.03327
126.73952
127.28999
128.44916
128.59343
128.62326
128.74818
129.05428
129.91598
130.99485
131.36627
130.81923
131.15016
132.37824
132.77271
132.76347
132.94376
133.35748
133.78119
134.38623
134.45714
134.05837
133.64673
132.67167
132.44313
132.97121
133.08994
132.86393
133.37925
134.72584
135.42953
135.39656
136.07800
137.53408
138.27933
139.04381
139.64308
140.11049
140.54623
141.27195
142.08265
143.49180
144.19011
144.26883
144.39610
144.48880
144.66832
145.07570
145.54376
146.19458
146.85193
147.29705
147.38372
147.23636
146.58802
145.63603
144.89507
143.75572
143.42798
143.93006
143.71083
142.96709
142.07600
140.76931
139.94142
139.00244
138.20183
136.86490
136.09058
135.11149
134.49879
133.59797
132.87751
132.05778
131.40013
130.18492
129.75082
129.76669
129.48316
128.56548
128.66506
129.73782
130.28258
131.05017
130.88376
129.73801
128.87058
127.48506
126.74281
126.65830
125.97977
124.75680
124.02030
123.67222
123.18647
122.05187
121.76765
121.85178
122.45656
123.56053
123.99220
123.56767
124.11312
125.53398
126.05668
125.78096
125.91618
126.28217
126.76466
127.33232
127.45250
126.98648
127.47006
128.94649
129.53075
129.27445
129.41706
130.31168
130.82553
131.58876
132.36788
133.67048
134.53535
136.03300
136.70056
136.76255
137.15561
138.07329
138.74218
140.04764
140.73658
141.83962
141.93786
141.08439
140.38872
138.90373
138.53482
139.45767
139.03320
137.56816
136.92386
136.59519
136.12866
135.08852
135.22819
136.39745
137.27742
138.73314
139.04337
138.17378
137.35826
135.96821
135.17269
134.36734
133.66811
132.53518
131.76774
131.48087
131.62678
132.60503
132.39455
131.03059
130.27405
129.01142
128.20076
126.77407
126.04966
125.37593
125.06971
124.88016
124.64304
124.07508
124.03831
124.40000
124.61500
125.22426
125.18231
124.40786
124.52640
125.56166
126.13537
127.16550
127.56671
127.66847
128.12953
129.37471
129.83143
129.94035
130.01302
130.10281
129.86215
128.92562
128.71683
128.89954
129.21628
130.01680
130.66005
131.67424
131.98537
132.14448
131.47768
130.09003
129.26742
128.60652
128.19218
127.54226
127.50930
128.17849
128.16909
127.57433
127.68148
128.53154
128.99562
129.85856
130.06306
129.85781
129.49501
128.82088
127.92715
126.95857
126.89949
127.84427
128.47040
128.98239
129.20984
129.36871
129.10718
128.19680
127.56444
126.82950
126.05677
124.57387
123.71005
122.27750
121.76033
121.74972
122.43228
123.87683
124.74602
125.88748
126.66298
127.37338
127.75500
127.36342
127.76610
129.17479
129.36483
128.41781
127.83498
127.34858
127.62905
128.95899
129.57285
130.34912
130.66204
130.72752
130.68007
130.36447
130.21746
130.11260
129.68434
128.49778
127.83597
126.94015
126.60036
126.47705
126.47728
126.50040
127.08942
128.53665
129.32840
130.49158
131.11083
131.89511
132.55715
133.63277
134.51700
135.70827
136.10564
135.81173
136.17523
137.44228
137.73573
137.31685
137.10842
136.95949
136.85358
136.87116
136.47231
135.38436
134.80156
134.06230
134.07921
134.92192
135.13272
135.09068
134.70415
133.62090
