 0.10000	109.68490601	  9.78188896	100.93413544	110.79874420	 10.71052742	101.31687164	           0	           2
 0.10000	111.37433624	 11.36701298	101.53270721	112.14533234	 12.60938358	101.86511230	          -1	           3
 0.10000	112.50839996	 13.42896748	101.92839050	112.89818573	 14.86895275	101.77978516	          -2	           4
 0.10000	113.17623901	 15.72295475	101.77584839	113.70511627	 17.12010574	101.89896393	          -3	           5
 0.10000	113.97678375	 17.97348976	101.96248627	114.32017517	 19.43088341	102.03170013	          -4	           6
 0.10000	114.65166473	 20.23193741	102.26516724	115.36746216	 21.35117722	102.95916748	          -5	           7
 0.10000	115.83596802	 22.00608253	103.35620880	116.69298553	 23.01837730	104.05464172	          -6	           8
 0.10000	117.21888733	 23.71296310	104.27323151	118.02287292	 24.97814941	104.29653168	          -7	           9
 0.10000	118.69316864	 25.57117844	104.21532440	120.02204132	 26.14567375	103.82524109	          -8	          10
 0.10000	120.74476624	 26.67894745	103.85899353	121.76099396	 27.67378044	104.33417511	          -9	          11
 0.10000	122.13764954	 28.45168686	104.58075714	122.22165680	 29.90703583	104.93148041	         -10	          12
 0.10000	122.49607849	 30.73199081	105.15863800	123.28638458	 31.95750427	105.50685883	         -11	          13
 0.10000	123.46811676	 32.76527786	105.85533905	123.28803253	 34.04677582	106.61190796	         -12	          14
 0.10000	123.22717285	 34.86223221	106.98247528	123.14479828	 36.26050186	107.51602936	         -13	          15
 0.10000	123.03954315	 37.14153290	107.65197754	122.73625946	 38.60519791	107.54160309	         -14	          16
 0.10000	122.78372192	 39.50138474	107.52393341	123.26526642	 40.92070389	107.52217102	         -15	          17
 0.10000	123.33152771	 41.81512451	107.55286407	123.12717438	 43.29551315	107.66527557	         -16	          18
 0.10000	122.94960022	 44.17383575	107.70964813	122.58026123	 45.62553024	107.75472260	         -17	          19
 0.10000	122.09974670	 46.38263321	107.78650665	120.94690704	 47.33846283	107.84159088	         -18	          20
 0.10000	120.22811127	 47.87360764	107.88207245	118.93489075	 48.62401581	107.98251343	         -19	          21
 0.10000	118.24998474	 49.19859314	107.91051483	117.29529572	 50.31338882	107.60847473	         -20	          22
 0.10000	116.73866272	 50.93334579	107.27663422	115.90389252	 51.89020920	106.48121643	         -21	          23
 0.10000	115.34691620	 52.36301422	105.96121216	114.36925507	 52.98512650	105.01129150	         -22	          24
 0.10000	113.73377228	 53.21001053	104.41977692	112.64076233	 53.34122467	103.40322113	         -23	          25
 0.10000	111.93959808	 53.23573303	102.85404968	110.75984192	 52.71085358	102.09362030	         -24	          26
 0.10000	110.04255676	 52.54991913	101.57971191	108.86880493	 52.48247910	100.65065002	         -25	          27
 0.10000	108.12029266	 52.57252884	100.16472626	106.83586884	 52.97908020	 99.50852203	         -26	          28
 0.10000	106.08723450	 53.09776306	 99.02852631	104.90879059	 53.07331085	 98.10304260	         -27	          29
 0.10000	104.18402863	 53.24341965	 97.60228729	102.96807861	 53.78715515	 96.91532135	         -28	          30
 0.10000	102.39763641	 54.18666840	 96.34936523	101.79809570	 54.97846603	 95.22697449	         -29	          31
 0.10000	101.31841278	 55.35318756	 94.56771088	100.40350342	 55.78866196	 93.46344757	         -30	          32
 0.10000	 99.75112915	 56.13293457	 92.95231628	 98.56101990	 56.83310318	 92.36957550	         -31	          33
 0.10000	 97.72202301	 57.06493759	 92.15143585	 96.22653198	 57.11381149	 92.06843567	         -32	          34
 0.10000	 95.33244324	 57.17654800	 92.03228760	 93.83850861	 57.29291534	 92.03655243	         -33	          35
 0.10000	 92.94415283	 57.36192322	 92.02487183	 91.44668579	 57.41550446	 92.00050354	         -34	          36
 0.10000	 90.61177826	 57.72974014	 91.90250397	 89.44406891	 58.62471008	 91.61650848	         -35	          37
 0.10000	 88.92963409	 59.34181976	 91.45365143	 88.49896240	 60.75599670	 91.20800781	         -36	          38
 0.10000	 88.18429565	 61.58156204	 91.05400085	 87.60912323	 62.93879318	 90.78542328	         -37	          39
 0.10000	 87.26718140	 63.75192261	 90.62525940	 86.70211029	 65.11469269	 90.36360931	         -38	          40
 0.10000	 86.25750732	 65.86602783	 90.15978241	 85.34734344	 66.98347473	 89.74999237	         -39	          41
 0.10000	 84.81056213	 67.66065979	 89.50980377	 83.87156677	 68.75534058	 89.10260010	         -40	          42
 0.10000	 83.53417206	 69.56072235	 88.89549255	 83.42163849	 71.03822327	 88.67062378	         -41	          43
 0.10000	 83.24076080	 71.85695648	 88.35066223	 82.80158234	 73.04609680	 87.55130005	         -42	          44
 0.10000	 82.60977173	 73.78078461	 87.07373047	 82.39331818	 75.02372742	 86.26530457	         -43	          45
 0.10000	 82.25821686	 75.76798248	 85.78309631	 81.99296570	 76.99057770	 84.95806122	         -44	          46
 0.10000	 82.06130981	 77.79494476	 84.56636810	 82.58701324	 79.12983704	 84.13295746	         -45	          47
 0.10000	 82.68483734	 79.99452209	 83.91347504	 82.53284454	 81.46689606	 83.67886353	         -46	          48
 0.10000	 82.36955261	 82.31800842	 83.44698334	 81.97924805	 83.66626740	 82.92201996	         -47	          49
 0.10000	 81.58874512	 84.43136597	 82.66313171	 80.68593597	 85.56851196	 82.29199219	         -48	          50
 0.10000	 80.16555023	 86.29778290	 82.24240112	 79.33932495	 87.53459167	 82.42618561	         -49	          51
 0.10000	 78.89541626	 88.25598145	 82.72303772	 78.29544830	 89.32717896	 83.58283234	         -50	          52
 0.10000	 77.93421173	 90.10643005	 83.84371948	 77.38291931	 91.50012970	 83.83061981	         -51	          53
 0.10000	 77.13063812	 92.34943390	 83.97403717	 76.84439850	 93.74765778	 84.43123627	         -52	          54
 0.10000	 76.73540497	 94.63031006	 84.55020142	 76.64371490	 96.12553406	 84.50934601	         -53	          55
 0.10000	 76.78108978	 97.01178741	 84.48900604	 77.33103943	 98.40542603	 84.45899963	         -54	          56
 0.10000	 77.64478302	 99.23439026	 84.32005310	 78.20938110	100.54843140	 83.87247467	         -55	          57
 0.10000	 78.31413269	101.42230988	 83.69768524	 78.11749268	102.90194702	 83.56420135	         -56	          58
 0.10000	 77.84414673	103.75234985	 83.47970581	 77.10326385	105.04830933	 83.34804535	         -57	          59
 0.10000	 76.66194153	105.82692719	 83.28799438	 75.84676361	107.08261871	 83.22209930	         -58	          60
 0.10000	 75.61072540	107.94636536	 83.16746521	 75.67781830	109.43954468	 83.06037903	         -59	          61
 0.10000	 75.66720581	110.33316040	 82.98458099	 75.65888977	111.82371521	 82.83062744	         -60	          62
 0.10000	 75.53775024	112.71149445	 82.78507996	 75.08248901	114.13938141	 82.77526855	         -61	          63
 0.10000	 75.10184479	115.03559875	 82.82162476	 75.59623718	116.44397736	 82.95767212	         -62	          64
 0.10000	 75.90780640	117.25793457	 83.17283630	 76.53739166	118.48345947	 83.76304626	         -63	          65
 0.10000	 76.73784637	119.30479431	 84.06528473	 76.71348572	120.74932098	 84.46501923	         -64	          66
 0.10000	 76.95004272	121.55060577	 84.79436493	 77.66316986	122.68693542	 85.46315765	         -65	          67
 0.10000	 78.20365143	123.34644318	 85.74544525	 79.25717926	124.38791656	 85.97541046	         -66	          68
 0.10000	 80.02171326	124.77246857	 86.24887085	 81.40104675	124.86638641	 86.82868195	         -67	          69
 0.10000	 82.13491058	125.17375183	 87.24577332	 83.17373657	125.95253754	 87.99518585	         -68	          70
 0.10000	 83.57939911	126.53668213	 88.54383087	 83.82707977	127.65782166	 89.50757599	         -69	          71
 0.10000	 83.83506012	128.22982788	 90.19952393	 83.54090881	128.93769836	 91.48750305	         -70	          72
 0.10000	 83.45024872	129.54217529	 92.14463806	 83.39501190	130.75997925	 93.01634216	         -71	          73
 0.10000	 83.43238831	131.49595642	 93.52770996	 83.61492920	132.75836182	 94.31396484	         -72	          74
 0.10000	 83.75885010	133.44412231	 94.87375641	 84.06968689	134.43753052	 95.95162201	         -73	          75
 0.10000	 84.20186615	135.14811707	 96.48278809	 84.38072968	136.45353699	 97.19654846	         -74	          76
 0.10000	 84.24581909	137.28338623	 97.50888824	 83.64266205	138.63087463	 97.76561737	         -75	          77
 0.10000	 83.28815460	139.44293213	 97.90303040	 82.66240692	140.79370117	 98.07205963	         -76	          78
 0.10000	 82.27971649	141.60160828	 98.14187622	 81.62023926	142.94375610	 98.23780060	         -77	          79
 0.10000	 81.21989441	143.73884583	 98.12509155	 80.54020691	144.97477722	 97.61845398	         -78	          80
 0.10000	 80.26949310	145.82090759	 97.49108124	 80.03845215	147.29922485	 97.57560730	         -79	          81
 0.10000	 80.08170319	148.19325256	 97.51650238	 80.46012115	149.62071228	 97.26169586	         -80	          82
 0.10000	 80.71076202	150.48031616	 97.21021271	 81.19062042	151.89817810	 97.27812958	         -81	          83
 0.10000	 81.47286987	152.74751282	 97.33177948	 81.94928741	154.16197205	 97.46477509	         -82	          84
 0.10000	 82.21113586	155.01498413	 97.55892181	 82.58083344	156.44944763	 97.78686523	         -83	          85
 0.10000	 82.97521973	157.25158691	 97.70324707	 83.87478638	158.35133362	 97.22589874	         -84	          86
 0.10000	 84.24373627	159.07969666	 96.85289001	 84.52941895	160.32641602	 96.07152557	         -85	          87
 0.10000	 84.93524170	161.02041626	 95.67239380	 85.92073059	162.02079773	 95.14845276	         -86	          88
 0.10000	 86.46155548	162.64064026	 94.79010010	 87.29582977	163.69448853	 94.12738037	         -87	          89
 0.10000	 87.85588837	164.33691406	 93.84774780	 88.87441254	165.40110779	 93.57276154	         -88	          90
 0.10000	 89.40463257	166.10714722	 93.41529083	 90.15652466	167.38029480	 93.17254639	         -89	          91
 0.10000	 90.58098602	168.15640259	 93.02701569	 91.25211334	169.47528076	 92.79286194	         -90	          92
 0.10000	 91.63648224	170.25096130	 92.55926514	 92.23703766	171.50895691	 92.00961304	         -91	          93
 0.10000	 92.58009338	172.27536011	 91.69364929	 93.09577179	173.58898926	 91.18895721	         -92	          94
 0.10000	 93.53437042	174.29052734	 90.84091949	 94.49045563	175.25106812	 90.20093536	         -93	          95
 0.10000	 94.90905762	175.97160339	 89.86717987	 95.31043243	177.33871460	 89.40206146	         -94	          96
 0.10000	 95.63453674	178.16218567	 89.25060272	 96.28793335	179.51124573	 89.23324585	         -95	          97
 0.10000	 96.53331757	180.37535095	 89.22974396	 96.68872070	181.86651611	 89.21608734	         -96	          98
 0.10000	 96.81060791	182.72283936	 89.46067810	 96.98078156	183.97875977	 90.26210785	         -97	          99
 0.10000	 97.36638641	184.68397522	 90.66534424	 98.39918518	185.64311218	 91.17771912	         -98	         100
 0.10000	 98.84013367	186.30622864	 91.59600067	 99.31045532	187.47529602	 92.40942383	         -99	           0
