 0.20000	 56.48379135	 79.89487457	 61.53074265	 57.37673187	 81.08163452	 61.32081985	           0	           2
 0.20000	 58.25722885	 81.19706726	 61.17529297	 59.30443573	 80.12719727	 61.08337402	          -1	           3
 0.20000	 60.00745773	 79.58272552	 60.94615936	 61.07434845	 78.59513092	 60.57739639	          -2	           4
 0.20000	 61.96440125	 78.48578644	 60.50388336	 63.19316864	 79.31117249	 60.74587250	          -3	           5
 0.20000	 64.06345367	 79.19862366	 60.54690170	 64.98524475	 78.20464325	 59.90510178	          -4	           6
 0.20000	 65.34614563	 77.69521332	 59.25720978	 65.36019135	 77.03847504	 57.90876389	          -5	           7
 0.20000	 65.98988342	 76.81097412	 57.30741882	 67.09838867	 75.83742523	 57.57812500	          -6	           8
 0.20000	 67.50419617	 75.43264771	 56.88451385	 66.82769775	 75.72213745	 55.57746506	          -7	           9
 0.20000	 66.59730530	 75.34423065	 54.79396439	 66.39407349	 74.33101654	 53.70682907	          -8	          10
 0.20000	 66.91078949	 73.63888550	 53.45450592	 68.19345856	 73.05928802	 53.97286606	          -9	          11
 0.20000	 68.92669678	 73.33269501	 54.41696548	 69.32802582	 74.63285065	 55.04797363	         -10	          12
 0.20000	 69.60689545	 75.36344910	 55.49295807	 70.33104706	 76.61924744	 55.87805939	         -11	          13
 0.20000	 70.10245514	 76.52120209	 56.74303055	 68.88788605	 76.38515472	 57.61260223	         -12	          14
 0.20000	 68.25553131	 77.02227020	 57.55047989	 68.19021606	 78.44245148	 57.07241821	         -13	          15
 0.20000	 67.43450928	 78.92302704	 57.15975571	 66.09816742	 78.92261505	 57.84087372	         -14	          16
 0.20000	 65.69734192	 78.16798401	 58.12337875	 66.76187897	 77.14310455	 57.86615753	         -15	          17
 0.20000	 67.40065002	 76.54283905	 58.06987762	 68.43515015	 77.41771698	 58.71337891	         -16	          18
 0.20000	 69.31946564	 77.31629181	 58.84442139	 70.54167175	 76.45130157	 58.93117523	         -17	          19
 0.20000	 71.00539398	 75.68907928	 59.04636765	 71.19139862	 74.22028351	 59.28593826	         -18	          20
 0.20000	 70.89081573	 73.37338257	 59.32930374	 69.79222107	 72.35243988	 59.34666443	         -19	          21
 0.20000	 69.07688904	 72.00881195	 58.92246628	 68.30951691	 72.00399780	 57.63368988	         -20	          22
 0.20000	 67.52959442	 72.43814087	 57.52021027	 66.89059448	 73.26335907	 58.59751892	         -21	          23
 0.20000	 66.54309845	 74.08007050	 58.74579620	 66.53752136	 75.53231812	 58.37075806	         -22	          24
 0.20000	 65.82745361	 75.75446320	 57.86468887	 65.19954681	 76.30946350	 56.62075424	         -23	          25
 0.20000	 64.62776184	 76.68949890	 56.03923035	 63.26792526	 76.95492554	 55.46474075	         -24	          26
 0.20000	 62.55647659	 77.06816101	 54.92558289	 61.35385513	 77.15430450	 54.03330994	         -25	          27
 0.20000	 61.44137955	 77.11435699	 53.13853073	 62.78877258	 76.96412659	 52.49679184	         -26	          28
 0.20000	 63.53123856	 76.78507996	 52.02093124	 64.67790985	 76.36083984	 51.15197372	         -27	          29
 0.20000	 65.51522064	 76.10092163	 51.35441971	 66.22623444	 75.92041016	 52.66272736	         -28	          30
 0.20000	 66.70893860	 75.85305023	 53.41906357	 67.42961121	 75.82074738	 54.73403549	         -29	          31
 0.20000	 67.85852814	 76.02727509	 55.49750900	 68.61670685	 76.80528259	 56.53169250	         -30	          32
 0.20000	 69.24386597	 77.38134766	 56.82216263	 70.74154663	 77.45249176	 56.86224365	         -31	          33
 0.20000	 71.24724579	 77.22595978	 56.15316391	 70.56458282	 77.37619781	 54.82603836	         -32	          34
 0.20000	 70.49379730	 76.58469391	 54.40356827	 70.56417847	 75.34517670	 55.24526978	         -33	          35
 0.20000	 71.45218658	 75.22801208	 55.33407593	 71.93463135	 76.51765442	 54.73926544	         -34	          36
 0.20000	 72.21275330	 77.16246033	 54.17672348	 72.21939850	 78.02819061	 52.95195389	         -35	          37
 0.20000	 72.21659851	 78.56000519	 52.22618866	 72.53354645	 79.56729889	 51.16098785	         -36	          38
 0.20000	 71.69353485	 79.55511475	 50.83847046	 71.24019623	 78.22116089	 51.35328674	         -37	          39
 0.20000	 70.47318268	 78.16174316	 50.88646698	 70.01572418	 78.86170197	 49.64122772	         -38	          40
 0.20000	 70.63175964	 79.38182831	 49.24137878	 71.79507446	 78.99810791	 50.10701370	         -39	          41
 0.20000	 72.48851013	 78.65686798	 50.56787491	 73.29489136	 77.65969849	 49.78977585	         -40	          42
 0.20000	 72.66760254	 77.08578491	 49.49473572	 71.42224121	 77.78928375	 49.94625473	         -41	          43
 0.20000	 70.53900146	 77.61903381	 49.97097015	 69.15955353	 77.44266510	 50.53311157	         -42	          44
 0.20000	 68.44445038	 77.79338074	 50.11436081	 68.68390656	 78.71116638	 48.95244598	         -43	          45
 0.20000	 68.77252197	 79.26478577	 48.24878311	 69.13323975	 80.22607422	 47.15552902	         -44	          46
 0.20000	 69.29232788	 80.51200104	 46.31753922	 69.39495087	 80.48982239	 44.82139969	         -45	          47
 0.20000	 69.63703918	 80.21731567	 43.99886703	 70.21322632	 79.30624390	 42.95603943	         -46	          48
 0.20000	 70.71878815	 78.84584808	 42.37118912	 71.74825287	 78.30737305	 41.42245865	         -47	          49
 0.20000	 72.42053223	 77.71002960	 41.45104599	 73.01280975	 76.84684753	 42.52526855	         -48	          50
 0.20000	 73.58053589	 76.21935272	 42.83106613	 74.74938965	 75.27970123	 42.85034943	         -49	          51
 0.20000	 74.98951721	 74.41282654	 42.86611557	 74.52878571	 72.98593140	 42.82866669	         -50	          52
 0.20000	 74.11882019	 72.18695068	 42.77202606	 72.96889496	 71.24088287	 42.59154510	         -51	          53
 0.20000	 72.98972321	 70.34089661	 42.59850693	 74.14069366	 69.38913727	 42.73889542	         -52	          54
 0.20000	 74.73920441	 68.78126526	 43.02787018	 75.93666077	 68.12479401	 43.64868927	         -53	          55
 0.20000	 75.93418884	 67.31154633	 44.03535843	 74.88668823	 66.25863647	 44.24617386	         -54	          56
 0.20000	 74.20092010	 65.68343353	 44.34754562	 72.77104950	 65.92498016	 44.73183441	         -55	          57
 0.20000	 72.50623322	 66.65563202	 45.18838120	 73.44606781	 67.82447052	 45.21768570	         -56	          58
 0.20000	 73.51752472	 68.51209259	 44.63922501	 74.04872894	 69.82160187	 44.13550949	         -57	          59
 0.20000	 73.70757294	 70.62319946	 43.90677643	 72.23931122	 70.77876282	 44.17155075	         -58	          60
 0.20000	 71.46375275	 70.82501984	 44.62645721	 70.50726318	 70.93754578	 45.77657318	         -59	          61
 0.20000	 70.33360291	 70.67112732	 46.61899567	 71.11639404	 69.97595978	 47.69336319	         -60	          62
 0.20000	 70.71320343	 69.35974121	 48.21115875	 69.29171753	 68.90338898	 48.06638336	         -61	          63
 0.20000	 68.54817963	 68.79941559	 47.57033920	 67.93612671	 69.27561951	 46.28646088	         -62	          64
 0.20000	 67.80963135	 69.04860687	 45.42505264	 68.09405518	 68.02523041	 44.36611557	         -63	          65
 0.20000	 68.68476105	 67.66115570	 43.79336548	 70.12583923	 67.59802246	 43.38251114	         -64	          66
 0.20000	 70.77007294	 67.32409668	 42.81727600	 71.06414795	 66.45585632	 41.63005447	         -65	          67
 0.20000	 71.86907959	 66.78675842	 41.40106201	 71.94844055	 67.84553528	 42.46058273	         -66	          68
 0.20000	 72.31602478	 68.48403931	 42.97730255	 73.58039856	 69.14917755	 43.43430328	         -67	          69
 0.20000	 73.13975525	 69.78358459	 43.89600754	 71.83424377	 69.86412048	 43.16189575	         -68	          70
 0.20000	 71.03383636	 69.50527191	 43.36337280	 70.51898956	 68.41495514	 44.25553513	         -69	          71
 0.20000	 69.91515350	 67.94457245	 44.72840500	 68.60743713	 67.50064087	 45.31360626	         -70	          72
 0.20000	 68.35249329	 67.11830902	 46.08725357	 68.79631805	 66.98941040	 47.51424408	         -71	          73
 0.20000	 69.16646576	 66.17274475	 47.43727112	 68.77832794	 65.94924164	 46.00571442	         -72	          74
 0.20000	 69.51731110	 65.84204865	 45.50326157	 70.74559021	 66.22775269	 46.27288818	         -73	          75
 0.20000	 71.54533386	 66.52045441	 46.56300735	 72.76444244	 67.24250031	 47.05494690	         -74	          76
 0.20000	 73.66019440	 67.31252289	 47.10171890	 75.14600372	 67.13725281	 46.99482346	         -75	          77
 0.20000	 75.14398956	 66.42711639	 46.44198990	 73.71173096	 66.24868774	 46.03354263	         -76	          78
 0.20000	 73.91423798	 66.45291901	 45.17953491	 73.05648804	 67.04417419	 44.09999084	         -77	          79
 0.20000	 72.36537170	 67.57965088	 44.32442093	 72.49519348	 68.31254578	 45.62696075	         -78	          80
 0.20000	 72.99082184	 67.74506378	 46.12229156	 72.67422485	 66.27959442	 46.07027054	         -79	          81
 0.20000	 72.16007233	 65.80287170	 45.50468826	 71.49593353	 66.25473022	 44.23778152	         -80	          82
 0.20000	 70.84426117	 66.00543213	 43.66876602	 70.05327606	 64.76198578	 43.38852310	         -81	          83
 0.20000	 69.86077881	 63.90771103	 43.59710693	 70.45323944	 62.87136841	 44.50548553	         -82	          84
 0.20000	 69.84549713	 62.25522995	 44.75253677	 68.47290802	 62.49064636	 44.19546127	         -83	          85
 0.20000	 67.57339478	 62.49133682	 44.17642975	 66.13133240	 62.68944168	 44.53821945	         -84	          86
 0.20000	 65.34570312	 62.30062485	 44.74171066	 64.90437317	 60.87038422	 44.83891296	         -85	          87
 0.20000	 64.67761993	 60.04296494	 45.11021423	 65.32520294	 58.93712997	 45.88968658	         -86	          88
 0.20000	 65.83001709	 58.19858170	 45.98749924	 66.71220398	 58.48150253	 47.16716766	         -87	          89
 0.20000	 67.27321625	 59.16051102	 47.35178375	 67.46320343	 60.41355896	 46.54953384	         -88	          90
 0.20000	 67.22458649	 61.19678116	 46.17633438	 66.19518280	 62.17572021	 45.69511795	         -89	          91
 0.20000	 65.71788788	 62.89064026	 45.42945480	 65.43004608	 64.33764648	 45.15910339	         -90	          92
 0.20000	 64.58710480	 64.18565369	 44.88280106	 64.59272003	 62.69596863	 45.05766296	         -91	          93
 0.20000	 64.29813385	 61.84729767	 45.10808182	 63.85787201	 60.41371155	 45.13405609	         -92	          94
 0.20000	 63.74901962	 59.53041458	 45.26691818	 62.88501358	 58.40750122	 45.75925827	         -93	          95
 0.20000	 63.50092697	 57.76609802	 45.89946747	 64.53182983	 58.68804550	 45.31876755	         -94	          96
 0.20000	 65.36732483	 58.61418915	 44.99218369	 66.70920563	 57.94411087	 45.01628113	         -95	          97
 0.20000	 66.38690948	 57.10412979	 44.99258423	 64.99575806	 57.54316711	 45.34185028	         -96	          98
 0.20000	 64.42100525	 56.94824219	 44.98750687	 65.12770844	 55.89137650	 44.19165802	         -97	          99
 0.20000	 65.09378815	 55.57308960	 43.35060883	 64.70680237	 56.16634750	 42.02839279	         -98	         100
 0.20000	 64.25426483	 55.48488235	 41.65317154	 64.20798492	 54.40597534	 42.69416809	         -99	         101
 0.20000	 64.12351990	 53.65790558	 43.18706512	 63.75401306	 52.41712570	 43.94454193	        -100	         102
 0.20000	 64.48544312	 52.09782410	 44.36041641	 65.50471497	 53.15054703	 44.03970718	        -101	         103
 0.20000	 66.35955048	 52.87396240	 43.98983383	 67.05094147	 51.56156540	 44.21207428	        -102	         104
 0.20000	 66.50035858	 50.95040894	 43.84708405	 65.48219299	 51.89489365	 43.28025818	        -103	         105
 0.20000	 64.70856476	 51.48513031	 43.48962402	 65.15982819	 50.39533615	 44.41640854	        -104	         106
 0.20000	 65.61929321	 49.76271439	 44.86297226	 67.05912018	 49.34945297	 44.78234482	        -105	         107
 0.20000	 67.14037323	 48.60049438	 45.28794479	 65.64760590	 48.74251938	 45.31772995	        -106	         108
 0.20000	 65.62695312	 47.84664917	 45.41426468	 67.11213684	 47.68721008	 45.27759933	        -107	         109
 0.20000	 67.99173737	 47.75049210	 45.09902191	 69.32069397	 48.18436050	 44.55552292	        -108	         110
 0.20000	 69.29046631	 49.07812881	 44.65637589	 68.01584625	 49.19838715	 45.43801880	        -109	         111
 0.20000	 67.77128601	 49.94705582	 45.00230408	 67.67920685	 49.79911041	 43.51242447	        -110	         112
 0.20000	 67.72182465	 50.02958298	 42.64345169	 68.04463196	 50.35689926	 41.21566772	        -111	         113
 0.20000	 67.55680847	 50.92218781	 40.71325684	 66.45451355	 51.77426529	 41.26892853	        -112	         114
 0.20000	 65.56248474	 51.67981339	 41.33942413	 64.65551758	 50.49900055	 41.15802383	        -113	         115
 0.20000	 63.93190384	 49.96432114	 41.15894699	 62.63302994	 49.23202133	 41.32064056	        -114	         116
 0.20000	 61.80742264	 48.87729263	 41.27715302	 60.40737534	 48.41927719	 40.99488068	        -115	         117
 0.20000	 59.52431488	 48.38387680	 40.82575989	 58.15225601	 48.95946884	 40.63613892	        -116	         118
 0.20000	 57.44166565	 48.54399109	 40.27235794	 57.39411926	 47.15019608	 39.72016907	        -117	         119
 0.20000	 57.13069916	 46.38053131	 39.33564758	 56.66864777	 45.13453674	 38.64015579	        -118	         120
 0.20000	 55.97779083	 44.63503647	 38.35221481	 54.50070953	 44.46810150	 38.15192032	        -119	         121
 0.20000	 53.62799835	 44.50250244	 38.36822128	 52.49290085	 44.88581467	 39.27061081	        -120	         122
 0.20000	 51.77635956	 45.12226105	 39.76072693	 50.57761383	 45.69887924	 40.45375443	        -121	         123
 0.20000	 50.06164551	 45.61975479	 41.18669128	 49.53562546	 44.77128601	 42.30615997	        -122	         124
 0.20000	 50.10385132	 44.78148270	 43.00395584	 51.08879089	 45.64870071	 42.27742386	        -123	         125
 0.20000	 51.63692093	 46.36227417	 42.29224777	 52.23368073	 47.73139191	 42.43085480	        -124	         126
 0.20000	 52.02119064	 48.27720261	 43.11410522	 51.02087402	 47.84778976	 44.14598465	        -125	         127
 0.20000	 50.49292374	 47.70083618	 44.85968399	 49.45805740	 47.42984772	 45.91110611	        -126	         128
 0.20000	 49.73767853	 47.25037003	 46.74747467	 51.22417068	 47.18555450	 46.93722153	        -127	         129
 0.20000	 51.98558426	 47.41395950	 47.35884476	 53.05408478	 48.05548859	 48.19346619	        -128	         130
 0.20000	 53.05787277	 48.88981247	 48.53059769	 52.08422852	 50.02732086	 48.44157791	        -129	         131
 0.20000	 51.24324799	 50.09515381	 48.12864304	 50.51231384	 48.92335892	 47.54340363	        -130	         132
 0.20000	 49.80117798	 48.71641541	 47.03229523	 48.60037231	 49.07270813	 46.20717239	        -131	         133
 0.20000	 48.15445328	 49.49887466	 45.55205154	 47.89181519	 50.62270737	 44.59401321	        -132	         134
 0.20000	 48.22586060	 50.74901962	 43.76803589	 49.34315491	 49.98011780	 43.12751007	        -133	         135
 0.20000	 49.50257111	 49.50010681	 42.38323212	 48.86299515	 48.83849716	 41.19873810	        -134	         136
 0.20000	 48.46202850	 48.40375519	 40.52055740	 47.45034027	 47.90723801	 39.53068542	        -135	         137
 0.20000	 47.65452576	 47.12459564	 39.13625336	 49.00220490	 46.56796265	 39.48804092	        -136	         138
 0.20000	 49.38997269	 45.93750381	 39.99987411	 49.11441803	 45.04394913	 41.17263794	        -137	         139
 0.20000	 48.93355560	 44.35709381	 41.72495651	 48.95918655	 43.45276642	 42.92124176	        -138	         140
 0.20000	 49.21742630	 42.84651566	 43.53382874	 50.14461899	 41.96201706	 44.31331253	        -139	         141
 0.20000	 50.72888184	 41.48818588	 44.80676651	 51.72293091	 40.77106094	 45.67120743	        -140	         142
 0.20000	 52.55431366	 40.60765457	 45.97415161	 53.97238159	 41.09324265	 45.91811371	        -141	         143
 0.20000	 54.69885635	 40.62145615	 46.16209412	 54.84478378	 39.13346863	 46.28129196	        -142	         144
 0.20000	 54.16827011	 39.24085236	 46.87396240	 54.11239624	 40.69287109	 47.24642181	        -143	         145
 0.20000	 53.87010574	 41.10086441	 48.01147461	 53.71044540	 41.59741211	 49.41789627	        -144	         146
 0.20000	 54.06603241	 41.42822266	 50.22713852	 54.79616165	 40.32848358	 50.93946075	        -145	         147
 0.20000	 55.61308289	 40.60627747	 51.19494247	 56.03798294	 41.96881104	 50.73365402	        -146	         148
 0.20000	 56.13895035	 42.71986389	 50.24847794	 55.68163681	 43.57074356	 49.10104752	        -147	         149
 0.20000	 55.71290588	 44.32574463	 48.61256790	 56.14688873	 45.70684052	 48.22027969	        -148	         150
 0.20000	 56.51900482	 46.49229813	 47.98727036	 57.60278702	 47.44538116	 47.57875061	        -149	         151
 0.20000	 57.17735291	 48.22651291	 47.71607208	 55.85988235	 47.61619949	 48.09267807	        -150	         152
 0.20000	 55.39009476	 47.81888580	 48.83299637	 55.05640793	 48.25287628	 50.22950363	        -151	         153
 0.20000	 54.67013168	 49.03013611	 49.99114609	 54.95640182	 49.18317795	 48.52670288	        -152	         154
 0.20000	 54.62905121	 48.47962952	 48.07068634	 54.36856842	 47.61878967	 49.27108765	        -153	         155
 0.20000	 54.11635971	 46.80805588	 49.56921005	 53.08693695	 45.78550339	 49.18911362	        -154	         156
 0.20000	 52.85884094	 44.91798782	 49.26089096	 53.38622284	 43.63315964	 49.82744980	        -155	         157
 0.20000	 52.96892166	 42.84028244	 49.74377060	 51.67511749	 42.51680374	 49.05731964	        -156	         158
 0.20000	 50.92502975	 42.37092972	 48.58215332	 49.55939484	 42.33291245	 47.96289062	        -157	         159
 0.20000	 49.67218018	 42.51942062	 47.08971024	 51.07442474	 43.01628876	 46.89778137	        -158	         160
 0.20000	 51.67055130	 42.36362076	 46.72872543	 51.07324982	 41.01541901	 47.00332260	        -159	         161
 0.20000	 50.87590027	 40.14766312	 47.13644028	 50.51171875	 38.73210907	 47.47297668	        -160	         162
 0.20000	 50.33032227	 37.86225891	 47.33106613	 50.33183670	 36.51484680	 46.67206192	        -161	         163
 0.20000	 49.76317596	 36.21676254	 46.04154205	 48.52560425	 36.92464828	 45.57547379	        -162	         164
 0.20000	 48.46089554	 37.36339569	 44.79245377	 49.58897400	 37.77346802	 43.89292908	        -163	         165
 0.20000	 50.33586502	 37.56613922	 43.43591690	 51.35891342	 36.48616028	 43.24412537	        -164	         166
 0.20000	 52.13889694	 36.05922318	 43.10633850	 53.43734741	 35.38270187	 42.78050232	        -165	         167
 0.20000	 54.12878036	 35.85174179	 43.11494064	 53.59072113	 37.15507507	 43.62664413	        -166	         168
 0.20000	 53.72094727	 37.35565567	 44.49423599	 54.25532913	 36.32694626	 45.44610596	        -167	         169
 0.20000	 54.34679031	 35.70869446	 46.09346008	 53.85630035	 34.59844971	 46.97469711	        -168	         170
 0.20000	 54.43133163	 34.11088562	 47.46615219	 55.92613983	 34.23464584	 47.47448730	        -169	         171
 0.20000	 56.57736206	 34.81761551	 47.26023483	 56.41532898	 36.14272308	 46.57639694	        -170	         172
 0.20000	 56.99032211	 36.82268524	 46.44651413	 58.45365906	 36.96020126	 46.74584198	        -171	         173
 0.20000	 58.74617386	 37.79378891	 46.91749191	 57.81364441	 38.96854401	 46.93173218	        -172	         174
 0.20000	 57.05593872	 39.42134094	 47.10668182	 55.64982986	 39.54852676	 47.61325455	        -173	         175
 0.20000	 55.12647629	 38.81745148	 47.57184601	 54.25145721	 38.21253967	 46.51427841	        -174	         176
 0.20000	 54.22598648	 37.83768463	 45.69651413	 55.37468719	 36.87651062	 45.61594391	        -175	         177
 0.20000	 55.89456177	 36.16392136	 45.43806839	 56.61069489	 34.86291122	 45.22789764	        -176	         178
 0.20000	 57.06770325	 34.15564346	 44.91071320	 58.05237579	 33.43630981	 44.03733444	        -177	         179
 0.20000	 57.68986893	 32.61323166	 44.07184601	 56.44149399	 32.99390030	 44.81124878	        -178	         180
 0.20000	 56.23920441	 32.97481155	 45.68795776	 57.25182343	 33.12221527	 46.78467560	        -179	         181
 0.20000	 57.38153458	 32.47548676	 47.39685440	 56.68975449	 31.15355492	 47.24269104	        -180	         182
 0.20000	 56.76340103	 30.36299515	 47.66632080	 57.52400208	 29.89656448	 48.87205505	        -181	         183
 0.20000	 57.75638199	 29.02782822	 48.83777618	 57.40983582	 28.26926041	 47.59104156	        -182	         184
 0.20000	 57.14776993	 27.94322014	 46.79425049	 56.54867172	 28.03596497	 45.42229462	        -183	         185
 0.20000	 56.21571350	 27.65750122	 44.67678833	 55.58160019	 26.63315964	 43.78319550	        -184	         186
 0.20000	 55.95304108	 25.85997963	 43.51107407	 57.30042648	 25.32612038	 43.89753723	        -185	         187
 0.20000	 58.05247879	 24.93457794	 44.19881058	 59.25011063	 24.42554855	 44.94462204	        -186	         188
 0.20000	 59.83269119	 23.85360909	 45.32303238	 60.57621002	 22.82178307	 46.11825180	        -187	         189
 0.20000	 60.48915100	 22.15295601	 45.52241135	 59.46276474	 22.83807373	 44.66964722	        -188	         190
 0.20000	 59.94347382	 22.96119118	 43.91885757	 61.27018738	 22.53565216	 44.47447586	        -189	         191
 0.20000	 62.10952759	 22.81583023	 44.63826752	 63.00490952	 23.98711395	 44.91440964	        -190	         192
 0.20000	 63.51554108	 24.72804642	 44.92100906	 64.19036102	 26.06584930	 44.85194397	        -191	         193
 0.20000	 64.48749542	 26.54489136	 44.15045547	 64.38594818	 26.04255676	 42.74071503	        -192	         194
 0.20000	 64.63485718	 26.76206779	 42.26079941	 64.90523529	 27.89297676	 43.20834351	        -193	         195
 0.20000	 65.17649078	 28.49265289	 43.82203293	 65.84767914	 29.31190681	 44.88421631	        -194	         196
 0.20000	 65.64585114	 28.97481537	 45.69392014	 64.91940308	 27.66314888	 45.65227127	        -195	         197
 0.20000	 64.20860291	 27.53763008	 45.11471558	 64.11166382	 28.67800903	 44.14514160	        -196	         198
 0.20000	 63.43085861	 29.07576370	 43.71141434	 61.93283463	 29.12917519	 43.65805054	        -197	         199
 0.20000	 61.04204178	 29.21304703	 43.56287384	 59.55541611	 29.38519478	 43.46240234	        -198	         200
 0.20000	 58.70719910	 29.28642082	 43.17882538	 57.51904297	 28.82567978	 42.38780594	        -199	         201
 0.20000	 56.83614349	 28.46115303	 41.92916107	 55.72408676	 27.85965919	 41.12211227	        -200	         202
 0.20000	 55.48442078	 27.02467155	 40.88721466	 56.18331528	 25.72400093	 41.15116119	        -201	         203
 0.20000	 55.93356705	 24.86033821	 41.19074249	 54.77936935	 23.90905762	 41.07761765	        -202	         204
 0.20000	 53.90904999	 23.71708679	 41.20275116	 52.57573318	 24.24991035	 41.63659668	        -203	         205
 0.20000	 51.74389648	 24.51593590	 41.85331726	 50.36937714	 25.02592278	 42.16990280	        -204	         206
 0.20000	 49.53458786	 25.28120613	 42.38766479	 48.11119843	 25.64800453	 42.68616104	        -205	         207
 0.20000	 47.40892792	 25.78286362	 43.23235703	 46.76576614	 25.68306351	 44.58372498	        -206	         208
 0.20000	 46.27069473	 26.11201477	 45.20080948	 45.79099655	 27.47042084	 45.61856842	        -207	         209
 0.20000	 44.96561813	 27.70331955	 45.89121246	 43.81198502	 26.74729729	 45.96278763	        -208	         210
 0.20000	 42.94972992	 26.99219704	 46.04283142	 42.24068832	 28.31375504	 46.06824112	        -209	         211
 0.20000	 42.23212433	 29.21238899	 46.11529922	 43.12183762	 30.41472816	 46.00287247	        -210	         212
 0.20000	 43.39233398	 31.04935265	 46.58075714	 43.45705414	 31.27247810	 48.06260681	        -211	         213
 0.20000	 42.87480927	 31.44384956	 48.72700500	 41.38011169	 31.46361923	 48.85059357	        -212	         214
 0.20000	 40.50648880	 31.53363609	 49.05425262	 39.03884506	 31.61237907	 49.35356903	        -213	         215
 0.20000	 38.35940170	 32.02259064	 49.77771759	 37.80148697	 33.29338455	 50.34663773	        -214	         216
 0.20000	 37.77580643	 33.04710007	 51.21197510	 38.17196274	 31.60505104	 51.09579849	        -215	         217
 0.20000	 39.04703522	 31.39483452	 51.10301208	 39.94238281	 32.57311249	 50.85818100	        -216	         218
 0.20000	 40.58902359	 33.19850540	 50.83627701	 41.70046616	 34.19841385	 50.95743179	        -217	         219
 0.20000	 41.85734177	 35.06336594	 51.14976501	 41.50339508	 36.50190353	 51.38478088	        -218	         220
 0.20000	 40.71900177	 36.42813110	 51.81964493	 40.51727295	 34.94184113	 51.80857468	        -219	         221
 0.20000	 40.19668579	 34.16360092	 52.12675476	 39.67971802	 33.03439331	 52.96774292	        -220	         222
 0.20000	 39.40575409	 32.49237061	 53.63168335	 39.12853622	 32.05887222	 55.04059601	        -221	         223
 0.20000	 38.71857071	 31.36365318	 55.43859100	 38.17821884	 29.98446846	 55.20238876	        -222	         224
 0.20000	 37.47246552	 29.88197517	 54.65356064	 36.97850037	 31.09283638	 53.91887283	        -223	         225
 0.20000	 36.51905060	 31.70900536	 53.45081329	 35.54253387	 32.59413147	 52.73470306	        -224	         226
 0.20000	 35.61589050	 33.45380402	 52.47890854	 36.91957092	 34.19545364	 52.46173096	        -225	         227
 0.20000	 36.68423843	 34.93255234	 52.92138290	 35.34226608	 34.43764114	 53.37338638	        -226	         228
 0.20000	 34.48618698	 34.53166962	 53.63567734	 33.37306213	 33.76801682	 54.28981018	        -227	         229
 0.20000	 32.81467056	 34.40523529	 54.59336472	 33.26251221	 35.79832077	 54.26377106	        -228	         230
 0.20000	 33.90018463	 36.31918335	 53.90032959	 34.84684753	 35.30061340	 53.33803177	        -229	         231
 0.20000	 35.49416351	 35.29277802	 52.71284866	 36.21994019	 36.60002518	 52.83175278	        -230	         232
 0.20000	 36.47219849	 37.42810059	 52.58625412	 36.82358932	 38.86694336	 52.34968185	        -231	         233
 0.20000	 37.25457382	 39.65628052	 52.31848526	 38.45903397	 40.54146576	 52.44352341	        -232	         234
 0.20000	 38.03163147	 41.33133698	 52.38584137	 36.57497787	 40.97707367	 52.33582306	        -233	         235
 0.20000	 35.82346725	 40.80257797	 51.87267685	 35.27847672	 40.21770477	 50.60356903	        -234	         236
 0.20000	 34.73447037	 40.15999222	 49.88919449	 33.67962265	 40.55097580	 48.89719009	        -235	         237
 0.20000	 33.10147476	 40.73377609	 48.23246002	 32.27374268	 41.12302399	 47.04372025	        -236	         238
 0.20000	 31.63602829	 40.92251968	 46.44135284	 30.67787743	 39.93966675	 45.83662415	        -237	         239
 0.20000	 29.89878464	 39.52811432	 45.65402222	 28.44656563	 39.15575409	 45.70024109	        -238	         240
 0.20000	 27.70466423	 38.70945358	 45.94537354	 26.79066467	 37.75020218	 46.64835739	        -239	         241
 0.20000	 26.27975082	 37.53798294	 47.35805893	 25.21074677	 36.75404358	 48.05988312	        -240	         242
 0.20000	 25.08977318	 35.87372971	 48.20203018	 25.62046814	 34.47393799	 48.29616165	        -241	         243
 0.20000	 26.44625664	 34.63027191	 47.97418976	 26.32138634	 36.11440659	 47.79629517	        -242	         244
 0.20000	 26.04272842	 36.47372437	 47.01972198	 25.10483551	 37.49656677	 46.45052338	        -243	         245
 0.20000	 24.31625938	 37.92147827	 46.36439896	 22.84758568	 37.97521210	 46.66445541	        -244	         246
 0.20000	 22.37392616	 38.58047104	 47.13270950	 22.78312111	 39.78557587	 47.92652893	        -245	         247
 0.20000	 22.97240639	 40.53326797	 48.39000702	 23.24938774	 41.61219025	 49.39451981	        -246	         248
 0.20000	 23.62600708	 42.25478745	 48.88933182	 23.63649559	 41.64954758	 47.51689148	        -247	         249
 0.20000	 23.68488121	 41.46297455	 46.63760376	 23.72519684	 40.85867691	 45.26530075	        -248	         250
 0.20000	 23.62177467	 41.43959045	 44.58557892	 23.21715164	 42.80090332	 45.06833649	        -249	         251
 0.20000	 23.81456566	 43.30759811	 45.51174927	 25.28518486	 43.60141754	 45.54465103	        -250	         252
 0.20000	 26.10466194	 43.57684708	 45.17296982	 27.47156334	 42.96265411	 45.10657883	        -251	         253
 0.20000	 27.47660637	 42.06649780	 45.19148636	 26.14216423	 41.39581299	 45.33115005	        -252	         254
 0.20000	 25.30531120	 41.71892929	 45.25661850	 24.73197174	 43.01363373	 44.76144028	        -253	         255
 0.20000	 24.51656151	 43.88770676	 44.73934174	 24.10841179	 45.31390762	 44.96213531	        -254	         256
 0.20000	 23.55200958	 45.93407440	 45.30318832	 22.36506653	 46.30871582	 46.14046860	        -255	         257
 0.20000	 21.81976509	 47.00529099	 46.30759048	 21.45723915	 48.44761658	 46.11122894	        -256	         258
 0.20000	 21.14965248	 49.15314102	 45.64410019	 20.92480850	 50.03208542	 44.44949722	        -257	         259
 0.20000	 20.24901390	 49.85969543	 43.88051987	 19.41098404	 48.62783051	 44.05466843	        -258	         260
 0.20000	 18.72555161	 48.04915237	 44.12773132	 17.43604851	 47.33776855	 44.41244125	        -259	         261
 0.20000	 16.82283401	 46.74286652	 44.69506454	 16.02357674	 45.56761551	 45.17449951	        -260	         262
 0.20000	 15.99630260	 45.04005051	 45.90299988	 16.81248856	 44.73911667	 47.12498093	        -261	         263
 0.20000	 17.05581474	 45.21191025	 47.85098648	 17.01788902	 46.61898422	 48.36917114	        -262	         264
 0.20000	 16.62921715	 47.34320068	 48.00267792	 15.99554443	 47.15539551	 46.65614700	        -263	         265
 0.20000	 15.58147049	 47.95450974	 46.65987396	 16.09632683	 48.47935867	 47.96732330	        -264	         266
 0.20000	 15.82531929	 48.71232605	 48.79321671	 14.74021816	 48.43592834	 49.79124451	        -265	         267
 0.20000	 14.15106678	 48.59916687	 50.45159912	 13.38418484	 49.33222198	 51.51193237	        -266	         268
 0.20000	 12.59888744	 49.58994293	 51.86795807	 11.13032055	 49.52388000	 51.56983566	        -267	         269
 0.20000	 10.75681114	 49.91227722	 52.29061127	 11.95279312	 50.35717392	 53.07909775	        -268	         270
 0.20000	 12.16203022	 50.30401993	 53.95282745	 11.67644787	 49.56980515	 55.16734314	        -269	         271
 0.20000	 11.50224018	 49.15824127	 55.94837570	 11.23568249	 48.62701035	 57.32555389	        -270	         272
 0.20000	 11.29900837	 47.80890274	 57.69511414	 11.89115047	 46.56645584	 57.09869003	        -271	         273
 0.20000	 11.52834511	 45.74628448	 57.17334366	 10.20486259	 45.36431885	 57.76699448	        -272	         274
 0.20000	  9.43835354	 45.02830887	 58.09779358	  8.17272854	 44.59885025	 58.77868652	        -273	         275
 0.20000	  7.44796753	 44.06876755	 58.71889877	  6.76625633	 43.06452179	 57.83767700	        -274	         276
 0.20000	  6.18840837	 42.44141388	 57.54163742	  5.09024286	 41.42291641	 57.46054459	        -275	         277
 0.20000	  4.53307533	 40.88031006	 57.00777435	  3.92128778	 40.36099625	 55.74053955	        -276	         278
 0.20000	  3.64115739	 39.71552658	 55.17956161	  3.49191809	 38.32883835	 54.62767029	        -277	         279
 0.20000	  3.24403715	 37.48156738	 54.45293045	  2.55379200	 36.15562820	 54.57704163	        -278	         280
 0.20000	  2.56127334	 35.27952194	 54.37162018	  3.23545790	 34.10567093	 53.72547913	        -279	         281
 0.20000	  3.58424139	 33.38561630	 53.31348801	  4.12534761	 32.21318436	 52.55029297	        -280	         282
 0.20000	  4.65104151	 31.61693382	 52.12839508	  5.68326092	 31.02563286	 51.21472549	        -281	         283
 0.20000	  6.16972542	 30.49074936	 51.75057983	  5.38426018	 30.61748886	 53.02221298	        -282	         284
 0.20000	  5.87206125	 30.74896049	 53.76700592	  7.36538506	 30.86089325	 53.68072510	        -283	         285
 0.20000	  7.82647371	 31.61688423	 53.51994705	  7.04300499	 32.79623795	 53.02462006	        -284	         286
 0.20000	  7.49690580	 33.57335663	 53.02151108	  8.79942513	 34.02176285	 53.61511612	        -285	         287
 0.20000	  9.37113094	 33.33685684	 53.49622726	  8.50708103	 32.25817490	 52.91332245	        -286	         288
 0.20000	  8.19329929	 31.55336571	 52.45000076	  7.62530756	 30.56225395	 51.47786331	        -287	         289
 0.20000	  7.64705515	 29.79152298	 51.01375961	  8.28124619	 28.49079132	 50.61896896	        -288	         290
 0.20000	  8.63352394	 27.78778648	 50.18130875	  9.21427250	 26.84887314	 49.16593552	        -289	         291
 0.20000	  9.31768513	 26.14519882	 48.61459732	  9.02584743	 24.68567657	 48.42868042	        -290	         292
 0.20000	  8.26009083	 24.31871605	 48.72685623	  7.18657970	 25.01823616	 49.50675201	        -291	         293
 0.20000	  7.43680716	 25.81116676	 49.85115433	  8.87139702	 25.90737915	 49.42375183	        -292	         294
 0.20000	  9.73555660	 26.15855408	 49.41424561	 10.85230827	 26.82993317	 50.15724945	        -293	         295
 0.20000	 11.54331017	 27.38504219	 50.31300735	 12.44122601	 28.58656311	 50.31483078	        -294	         296
 0.20000	 12.94999790	 28.86800385	 49.62789536	 12.89247513	 28.18954277	 48.29133224	        -295	         297
 0.20000	 13.45214558	 28.33115005	 47.60092545	 14.64875603	 29.20436668	 47.36524582	        -296	         298
 0.20000	 15.47488213	 29.48892403	 47.14976501	 16.84675407	 30.01828384	 46.85367584	        -297	         299
 0.20000	 17.24804688	 29.21519470	 46.79064941	 16.05981445	 28.34085083	 47.06189728	        -298	         300
 0.20000	 15.47973824	 27.66705704	 47.20115662	 14.25650978	 26.82623482	 47.41722488	        -299	         301
 0.20000	 14.66494656	 26.02875137	 47.50233841	 15.99880314	 26.71039581	 47.42372131	        -300	         302
 0.20000	 16.46598816	 25.98695183	 47.16222382	 15.34616280	 25.01154709	 46.95127487	        -301	         303
 0.20000	 14.54525089	 24.63359070	 47.11121750	 13.23320580	 24.86417007	 47.80061722	        -302	         304
 0.20000	 12.68297100	 25.12755585	 48.46224594	 12.26360512	 25.79628944	 49.73771286	        -303	         305
 0.20000	 12.59738159	 26.24138260	 50.44517517	 13.94663143	 26.87092018	 50.62733459	        -304	         306
 0.20000	 13.91180515	 26.94857407	 51.52322769	 12.57637215	 26.33885956	 51.83117294	        -305	         307
 0.20000	 11.81601334	 25.85887909	 51.79336548	 10.62789059	 25.21735191	 51.14007568	        -306	         308
 0.20000	 10.90402889	 24.81307602	 50.38476944	 12.37446022	 25.01162529	 50.16475677	        -307	         309
 0.20000	 12.74140739	 24.23793411	 49.88785172	 11.99629307	 22.93973541	 49.98523331	        -308	         310
 0.20000	 11.21873093	 22.88297462	 50.43485260	 10.52082157	 24.14426804	 50.84969330	        -309	         311
 0.20000	 11.01192856	 24.48259354	 51.52370071	 12.18193626	 23.54496384	 51.56716537	        -310	         312
 0.20000	 12.57382202	 23.37455750	 52.35923386	 12.29671574	 23.76864433	 53.77972031	        -311	         313
 0.20000	 12.19875622	 23.98588753	 54.64743042	 11.96762848	 24.36371231	 56.08044434	        -312	         314
 0.20000	 11.89873409	 24.88063622	 56.81377029	 11.94954205	 26.10864449	 57.67358017	        -313	         315
 0.20000	 11.68638229	 26.76078987	 58.23514557	 10.86354923	 27.64886856	 59.12067795	        -314	         316
 0.20000	 10.37218094	 28.27115059	 59.54635239	  9.54136181	 29.39863968	 60.08343506	        -315	           0
