0.00016604
0.00045722
0.00045722
0.00055256
0.00087448
0.00117999
0.00135373
0.00135373
0.00098580
0.00057554
0.00028670
0.00019575
0.00042983
0.00060493
0.00060493
0.00040386
0.00026085
0.00021773
0.00021773
0.00024180
0.00025375
0.00025375
0.00026820
0.00026820
0.00022374
0.00075336
0.00156438
0.00229713
0.00274705
0.00274705
0.00260855
0.00207271
0.00095281
0.00032387
0.00039676
0.00039676
0.00068720
0.00140530
0.00239955
0.00302957
0.00302957
0.00279052
0.00222391
0.00155490
0.00071225
0.00042861
0.00042861
0.00047490
0.00047490
0.00048129
0.00082091
0.00116836
0.00143066
0.00213906
0.00251621
0.00273949
0.00273949
0.00247699
0.00199302
0.00133465
0.00045514
0.00026953
0.00027251
0.00031655
0.00031655
0.00050301
0.00057726
0.00106805
0.00161034
0.00182939
0.00194206
0.00194206
0.00162331
0.00162331
0.00145067
0.00108005
0.00051189
0.00020624
0.00020624
0.00027606
0.00027606
0.00027784
0.00027784
0.00050585
0.00128958
0.00200980
0.00229824
0.00237514
0.00237514
0.00197880
0.00129190
0.00056009
0.00070492
0.00075251
0.00076267
0.00134073
0.00168320
0.00168320
0.00150094
0.00144486
0.00144486
0.00157559
0.00157559
0.00140201
0.00140201
0.00114409
0.00108204
0.00171132
0.00199100
0.00199100
0.00177226
0.00202258
0.00202258
0.00157562
0.00085775
0.00083543
0.00053378
0.00026040
0.00027628
0.00070436
0.00083704
0.00131525
0.00131525
0.00134659
0.00157873
0.00157873
0.00127469
0.00079674
0.00038299
0.00047046
0.00061229
0.00064632
0.00097429
0.00112641
0.00112641
0.00081450
0.00049534
0.00049534
0.00051097
0.00051097
0.00047873
0.00042779
0.00053114
0.00053114
0.00031640
0.00034815
0.00038506
0.00041927
0.00041927
0.00041303
0.00023777
0.00049246
0.00058859
0.00058859
0.00047993
0.00047993
0.00032258
0.00043314
0.00059204
0.00059204
0.00052249
0.00039106
0.00039106
0.00025831
0.00047068
0.00058819
0.00058819
0.00058233
0.00032296
0.00035081
0.00066550
0.00089658
0.00100409
0.00100409
0.00080009
0.00054530
0.00042634
0.00039527
0.00049750
0.00049750
0.00049397
0.00062701
0.00062701
0.00049902
0.00037085
0.00051084
0.00063460
0.00096755
0.00144916
0.00175664
0.00175664
0.00160045
0.00127406
0.00072330
0.00033243
0.00030203
0.00017765
0.00017765
0.00030776
0.00039463
0.00062062
0.00062062
0.00050518
0.00064831
0.00068047
0.00099923
0.00099923
0.00095046
0.00060074
0.00055921
0.00049177
0.00019333
0.00035154
0.00035154
0.00069284
0.00094148
0.00094148
0.00073727
0.00053099
0.00034192
0.00034192
0.00039028
0.00039028
0.00036197
0.00066176
0.00066176
0.00061894
0.00041199
0.00041199
0.00062066
0.00062066
0.00050095
0.00050095
0.00039231
0.00066157
0.00066157
0.00135472
0.00174977
0.00175335
0.00175335
0.00119538
0.00074786
0.00055991
0.00049760
0.00032740
0.00041979
0.00041979
0.00042564
0.00081751
0.00116532
0.00116532
0.00157298
0.00172151
0.00177991
0.00177991
0.00142966
0.00085070
0.00091814
0.00091814
0.00063202
0.00057806
0.00047632
0.00052839
0.00052839
0.00046429
0.00094550
0.00112312
0.00112312
0.00080855
0.00037245
0.00046255
0.00046255
0.00049082
0.00059702
0.00085461
0.00092998
0.00092998
0.00118422
0.00118422
0.00166907
0.00251443
0.00283023
0.00283023
0.00258304
0.00194233
0.00163229
0.00184899
0.00184899
0.00150639
0.00098429
0.00076469
0.00080521
0.00080521
0.00072743
0.00072743
0.00052042
0.00052042
0.00051833
0.00051833
0.00072446
0.00135247
0.00180138
0.00188914
0.00188914
0.00161016
0.00079685
0.00052114
0.00038509
0.00040846
0.00054557
0.00054557
0.00042168
0.00035640
0.00056515
0.00056515
0.00034576
