 0.10000	 85.13622284	 59.96849060	 50.21198273	 85.20336914	 58.90220642	 51.26477432	           0	           2
 0.10000	 85.42527008	 58.21584320	 51.80265045	 86.03755188	 56.98287964	 52.39819336	          -1	           3
 0.10000	 86.71607208	 56.67972183	 52.90552521	 87.93695068	 57.15703201	 53.63429642	          -2	           4
 0.10000	 88.66045380	 57.44407654	 54.08514786	 89.81495667	 58.06432343	 54.81423950	          -3	           5
 0.10000	 90.51712799	 58.42867279	 55.24237823	 91.73110199	 58.90023041	 55.98627472	          -4	           6
 0.10000	 92.24143219	 59.61239243	 56.19110870	 92.43466949	 61.08147812	 55.95863342	          -5	           7
 0.10000	 92.54027557	 61.96976089	 56.05448151	 92.53353119	 63.40456009	 56.49120331	          -6	           8
 0.10000	 92.70027924	 64.23353577	 56.79824448	 93.34907532	 65.43466949	 57.41947556	          -7	           9
 0.10000	 93.25440216	 66.28623199	 57.69395447	 92.27742767	 67.41207886	 57.86005783	          -8	          10
 0.10000	 92.17383575	 68.29930115	 57.96820450	 92.81771088	 69.63323212	 58.20405960	          -9	          11
 0.10000	 92.90512085	 70.44432068	 57.82496643	 92.59927368	 71.22071075	 56.57885361	         -10	          12
 0.10000	 92.45864105	 71.76182556	 55.87459564	 92.25238800	 72.67389679	 54.70240021	         -11	          13
 0.10000	 91.98011017	 73.15354919	 53.99262238	 91.32125854	 73.83650970	 52.83163071	         -12	          14
 0.10000	 90.83735657	 74.15379333	 52.14356232	 89.81215668	 74.38642120	 51.07415390	         -13	          15
 0.10000	 89.49962616	 74.89965057	 50.40504837	 89.62443542	 76.14226532	 49.57477188	         -14	          16
 0.10000	 89.57438660	 76.78310394	 48.94573212	 89.38562012	 77.64583588	 47.73360443	         -15	          17
 0.10000	 89.29554749	 78.33402252	 47.16152573	 89.30618286	 79.69171906	 46.52442169	         -16	          18
 0.10000	 88.87361145	 80.37329102	 46.12720108	 87.65344238	 81.13333130	 45.69937515	         -17	          19
 0.10000	 86.84423065	 81.17042542	 45.30806732	 85.75909424	 80.39696503	 44.61970139	         -18	          20
 0.10000	 84.89617920	 80.22811127	 44.42906570	 83.43078613	 80.52325439	 44.55254745	         -19	          21
 0.10000	 82.63741302	 80.09941864	 44.57561111	 82.06288147	 78.71395874	 44.57749557	         -20	          22
 0.10000	 81.41788483	 78.08682251	 44.57092285	 80.13758850	 77.30936432	 44.64828110	         -21	          23
 0.10000	 79.30163574	 77.23085022	 44.32476807	 78.31958771	 77.87218475	 43.38993454	         -22	          24
 0.10000	 77.62679291	 78.06810760	 42.85050583	 76.46494293	 78.26145935	 41.92200470	         -23	          25
 0.10000	 75.66269684	 78.12644196	 41.53803635	 74.37362671	 77.43954468	 41.19772339	         -24	          26
 0.10000	 73.49937439	 77.25062561	 41.29432678	 72.18000031	 77.37983704	 41.99588776	         -25	          27
 0.10000	 71.37106323	 77.13996887	 42.30789948	 70.12384796	 76.36875916	 42.62269211	         -26	          28
 0.10000	 69.58398438	 75.74504852	 42.98184967	 69.19564819	 74.61601257	 43.88976288	         -27	          29
 0.10000	 68.94264221	 73.75319672	 43.85551071	 68.75782776	 72.72315216	 42.78094864	         -28	          30
 0.10000	 68.61937714	 71.83460999	 42.75054932	 68.38056946	 70.66696167	 43.66126251	         -29	          31
 0.10000	 68.66525269	 69.89568329	 44.02676773	 69.74601746	 68.89304352	 44.30274582	         -30	          32
 0.10000	 70.36917877	 68.29605865	 44.55712509	 71.33195496	 67.33885193	 45.19482040	         -31	          33
 0.10000	 72.15425110	 66.99234009	 45.07932281	 73.33588409	 67.16770935	 44.17227936	         -32	          34
 0.10000	 73.97671509	 66.81026459	 43.65169907	 74.67317200	 65.71314240	 42.90289688	         -33	          35
 0.10000	 74.91757965	 64.95925140	 42.47729492	 75.06332397	 63.57780838	 41.91173172	         -34	          36
 0.10000	 74.69673920	 62.83526993	 41.55998230	 73.47265625	 62.07602692	 41.14204025	         -35	          37
 0.10000	 72.74737549	 61.60505295	 40.89385986	 71.50005341	 60.96927643	 40.35565186	         -36	          38
 0.10000	 70.81745148	 60.45190048	 40.63150406	 70.33171082	 59.77919006	 41.88102341	         -37	          39
 0.10000	 69.86919403	 59.33382797	 42.51128387	 69.07044983	 58.56905365	 43.52460098	         -38	          40
 0.10000	 68.27667236	 58.25376511	 43.80765533	 66.81987000	 58.06058121	 43.50772095	         -39	          41
 0.10000	 65.94207764	 58.16395950	 43.67498398	 64.72200775	 58.72094727	 44.34612274	         -40	          42
 0.10000	 64.04009247	 59.09492874	 44.79776764	 63.09334564	 59.88698578	 45.64953995	         -41	          43
 0.10000	 62.43133926	 60.10330963	 46.21870804	 61.32060242	 60.07704163	 47.22612762	         -42	          44
 0.10000	 60.58217239	 59.84870529	 47.68656540	 59.45574951	 58.94539642	 48.09253693	         -43	          45
 0.10000	 58.62844849	 59.02890396	 48.43617249	 57.67729950	 60.11029053	 48.85506439	         -44	          46
 0.10000	 56.98791885	 60.61828995	 49.13086319	 55.71505737	 61.27445602	 49.57658005	         -45	          47
 0.10000	 55.19698334	 61.95677185	 49.85084915	 54.86478806	 63.39032364	 50.14051437	         -46	          48
 0.10000	 54.71840286	 64.09767151	 50.67650223	 54.66896820	 64.85178375	 51.97185516	         -47	          49
 0.10000	 54.74921417	 65.24498749	 52.77666092	 55.12454605	 65.68975830	 54.15881729	         -48	          50
 0.10000	 55.20975113	 65.99326324	 55.00116348	 55.27683258	 66.50794983	 56.40822601	         -49	          51
 0.10000	 54.87886429	 66.84014893	 57.14352036	 53.65208817	 67.42227173	 57.78049469	         -50	          52
 0.10000	 53.01471710	 67.26303101	 58.39530945	 52.35535431	 66.17899323	 59.19519424	         -51	          53
 0.10000	 52.31457520	 65.86249542	 60.03651810	 52.93621445	 66.10692596	 61.37949371	         -52	          54
 0.10000	 53.34296036	 65.84924316	 62.13958740	 54.03315353	 65.00238037	 63.16730118	         -53	          55
 0.10000	 54.55848694	 64.31271362	 63.40829086	 55.45278168	 63.19606781	 62.95752335	         -54	          56
 0.10000	 55.63426590	 62.31567764	 62.99880981	 55.36633682	 60.94234848	 63.53912354	         -55	          57
 0.10000	 54.81231689	 60.23696518	 63.46789551	 53.55211258	 59.78112411	 62.79442596	         -56	          58
 0.10000	 52.74676514	 59.50178146	 62.50750732	 51.30556870	 59.25150681	 62.17679977	         -57	          59
 0.10000	 50.57528687	 58.83826828	 61.85323715	 49.72468185	 57.79751587	 61.18830490	         -58	          60
 0.10000	 49.10356140	 57.27914429	 60.79581070	 47.97280121	 56.57299423	 60.10915375	         -59	          61
 0.10000	 47.26262283	 56.08035278	 59.86075211	 45.95812607	 55.34927368	 59.74673080	         -60	          62
 0.10000	 45.65939713	 54.50616074	 59.65147400	 46.22509766	 53.11930466	 59.57557678	         -61	          63
 0.10000	 46.36195374	 52.23846436	 59.45720291	 46.41693115	 50.76868820	 59.16495132	         -62	          64
 0.10000	 46.49038315	 49.89312363	 58.97456360	 46.72647858	 48.44590378	 58.66077042	         -63	          65
 0.10000	 46.58117294	 47.63194275	 58.30731201	 45.89273453	 46.56639481	 57.50754929	         -64	          66
 0.10000	 45.53312683	 45.85819244	 57.08560181	 45.07900238	 44.56231689	 56.48245239	         -65	          67
 0.10000	 44.43313980	 44.08797455	 56.07340622	 43.00946426	 44.13459396	 55.60361862	         -66	          68
 0.10000	 42.44702148	 43.70286179	 55.04955292	 42.31800461	 42.56957245	 54.07556534	         -67	          69
 0.10000	 42.23969650	 42.02386856	 53.36461258	 42.28456879	 41.45584106	 51.97725296	         -68	          70
 0.10000	 42.20086288	 40.72728348	 51.45635223	 41.97885513	 39.24986267	 51.32653427	         -69	          71
 0.10000	 41.67591095	 38.40405273	 51.29422760	 40.93021393	 37.10652161	 51.38694000	         -70	          72
 0.10000	 40.42444229	 36.42719650	 51.68716812	 39.51757812	 35.61526871	 52.56236267	         -71	          73
 0.10000	 39.06259537	 35.02079773	 53.05865097	 38.45584869	 33.89210892	 53.83660507	         -72	          74
 0.10000	 38.10652542	 33.35742188	 54.46805954	 37.66815567	 32.70825577	 55.74626541	         -73	          75
 0.10000	 37.15267181	 32.43901825	 56.43096924	 35.95446396	 32.30121994	 57.32142258	         -74	          76
 0.10000	 35.36273956	 32.10462952	 57.96821594	 34.58503342	 31.59172440	 59.14288712	         -75	          77
 0.10000	 34.09800720	 31.50031281	 59.89260483	 33.33959579	 31.58560753	 61.18334579	         -76	          78
 0.10000	 32.88116837	 32.02736282	 61.81829071	 32.29988861	 33.27153397	 62.42076874	         -77	          79
 0.10000	 31.93509865	 34.04367447	 62.70270920	 31.37866592	 35.42974854	 62.83816528	         -78	          80
 0.10000	 30.99339485	 36.10214615	 63.29489899	 30.35394669	 36.68808365	 64.51850128	         -79	          81
 0.10000	 30.13664436	 37.31875610	 65.12220001	 30.20879936	 38.65427399	 65.80097198	         -80	          82
 0.10000	 29.86435318	 39.26445389	 66.36534882	 28.80524063	 39.87902832	 67.23146057	         -81	          83
 0.10000	 28.31035805	 39.81684113	 67.98014832	 27.94737625	 38.94786072	 69.14729309	         -82	          84
 0.10000	 27.66804123	 38.53913498	 69.89801788	 27.25332451	 37.89611816	 71.18767548	         -83	          85
 0.10000	 26.79707718	 37.66019058	 71.92543030	 25.75780296	 37.56517410	 73.00218201	         -84	          86
 0.10000	 25.14615822	 37.47471619	 73.65484619	 24.13717079	 37.18380737	 74.72542572	         -85	          87
 0.10000	 23.49421120	 37.46461105	 75.28807831	 22.67787170	 38.56404114	 75.89954376	         -86	          88
 0.10000	 22.04144669	 39.18015289	 76.05513763	 20.90789986	 40.14361572	 75.86553955	         -87	          89
 0.10000	 20.17223167	 40.65489960	 75.78528595	 18.85357857	 41.36941147	 75.79113007	         -88	          90
 0.10000	 18.20392609	 41.73287201	 75.28581238	 17.72337723	 42.00016785	 73.89041138	         -89	          91
 0.10000	 17.37712860	 42.19005966	 73.08204651	 16.72401047	 42.57686996	 71.78840637	         -90	          92
 0.10000	 16.71999931	 42.48180771	 70.89363098	 17.45641899	 41.96588898	 69.69304657	         -91	          93
 0.10000	 17.46908188	 41.27050018	 69.12204742	 16.81004906	 39.94015884	 68.90816498	         -92	          94
 0.10000	 16.73524094	 39.06955338	 68.69322205	 17.10495377	 37.65410233	 68.36212158	         -93	          95
 0.10000	 17.08682442	 36.77473068	 68.17228699	 16.66924477	 35.39313507	 67.76412201	         -94	          96
 0.10000	 16.64697266	 34.52779388	 68.00997925	 17.08722687	 33.56659698	 69.07400513	         -95	          97
 0.10000	 16.79736900	 32.94903183	 69.66073608	 15.63267708	 32.30894089	 70.35613251	         -96	          98
 0.10000	 14.92632675	 31.80766678	 70.59990692	 13.72649097	 30.90764046	 70.60313416	         -97	          99
 0.10000	 13.02598667	 30.41525269	 70.87967682	 11.95013714	 29.74374199	 71.68052673	         -98	         100
 0.10000	 11.50706959	 29.13776588	 72.17675018	 11.13034439	 27.93240547	 72.98612213	         -99	           0
