0.00048265
0.00086673
0.00098309
0.00117090
0.00137788
0.00137788
0.00126448
0.00127063
0.00165693
0.00180910
0.00199659
0.00212736
0.00212736
0.00211524
0.00198867
0.00155700
0.00134580
0.00124194
0.00115157
0.00115044
0.00144820
0.00173361
0.00210040
0.00237435
0.00237435
0.00208164
0.00207017
0.00209591
0.00209591
0.00183260
0.00162912
0.00141460
0.00123849
0.00159926
0.00159926
0.00142569
0.00131985
0.00164321
0.00194989
0.00194989
0.00177487
0.00171058
0.00207372
0.00236831
0.00247976
0.00247976
0.00206101
0.00195787
0.00194381
0.00186366
0.00150728
0.00156049
0.00164214
0.00164214
0.00156403
0.00159226
0.00163128
0.00173539
0.00236333
0.00236333
0.00200988
0.00159997
0.00135015
0.00145756
0.00188768
0.00220531
0.00220531
0.00172329
0.00152001
0.00165803
0.00205166
0.00211596
0.00211596
0.00172446
0.00157875
0.00112727
0.00103087
0.00141496
0.00160710
0.00176764
0.00176764
0.00143352
0.00149549
0.00173416
0.00191632
0.00239339
0.00305126
0.00305126
0.00305149
0.00305149
0.00220846
0.00164491
0.00146730
0.00192101
0.00206258
0.00206258
0.00190953
0.00173588
0.00211681
0.00259958
0.00259958
0.00240818
0.00154090
0.00152042
0.00152042
0.00156059
0.00164744
0.00186404
0.00234954
0.00234954
0.00196669
0.00157204
0.00157204
0.00142354
0.00157303
0.00193083
0.00199162
0.00199162
0.00210747
0.00210747
0.00195683
0.00195683
0.00167297
0.00146128
0.00172484
0.00172484
0.00198673
0.00198673
0.00193860
0.00215433
0.00225270
0.00270948
0.00274311
0.00274311
0.00213044
0.00236501
0.00312894
0.00312894
0.00280375
0.00214699
0.00155764
0.00117717
0.00189226
0.00228190
0.00317588
0.00366498
0.00366498
0.00317905
0.00317905
0.00258986
0.00197416
0.00197416
0.00188582
0.00183245
0.00232373
0.00232373
0.00218897
0.00218897
0.00165176
0.00165176
0.00148748
0.00203811
0.00203811
0.00175484
0.00144452
0.00166988
0.00212693
0.00235550
0.00235550
0.00179415
0.00224056
0.00224056
0.00169151
0.00122463
0.00115678
0.00176279
0.00248041
0.00248041
0.00179666
0.00229271
0.00298353
0.00298353
0.00265873
0.00255261
0.00173718
0.00154007
0.00215915
0.00215915
0.00214713
0.00195146
0.00132027
0.00127385
0.00131539
0.00153488
0.00217427
0.00217427
0.00178859
0.00170880
0.00136773
0.00165107
0.00245920
0.00288027
0.00306383
0.00306383
0.00206576
0.00179918
0.00179918
0.00147941
0.00147941
0.00146690
0.00192284
0.00207754
0.00207754
0.00173236
0.00127865
0.00138728
0.00146394
0.00148064
0.00148064
0.00134641
0.00188143
0.00259864
0.00306898
0.00306898
0.00241945
0.00197034
0.00155671
0.00161537
0.00212433
0.00226924
0.00284422
0.00284422
0.00248396
0.00192021
0.00157924
0.00156608
0.00168390
0.00200204
0.00290343
0.00290343
0.00227402
0.00146457
0.00142019
0.00142019
0.00119266
0.00082833
0.00079986
0.00150826
0.00150826
0.00160476
0.00225306
0.00225306
0.00185572
0.00144102
0.00117529
0.00155442
0.00182483
0.00182483
0.00231043
0.00231043
0.00198823
0.00198823
0.00168799
0.00233210
0.00233210
0.00276182
0.00276182
0.00242564
0.00181604
0.00181604
0.00152678
0.00197186
0.00225740
0.00225740
0.00227843
0.00227843
0.00179232
0.00179232
0.00172652
0.00172652
0.00165788
0.00146882
0.00146882
0.00124527
0.00126518
0.00188194
0.00232604
0.00232604
0.00227276
0.00227276
0.00216037
0.00246725
0.00246725
0.00215342
0.00145376
0.00113957
0.00140986
0.00154996
0.00156950
0.00156950
0.00129338
0.00150613
0.00159949
0.00191864
0.00223653
0.00223653
0.00203953
0.00166991
0.00213718
0.00213718
0.00190372
0.00141737
0.00120459
0.00169430
0.00169430
0.00202002
0.00202002
0.00167167
0.00164529
0.00164529
0.00157710
0.00198291
0.00198291
0.00225966
0.00297621
0.00342232
0.00342232
0.00265934
0.00213705
0.00173643
0.00173643
0.00165635
0.00209805
0.00209805
0.00204480
0.00223547
0.00290571
0.00290571
0.00291895
0.00291895
0.00282767
0.00244983
0.00236956
0.00172000
0.00180219
0.00180219
0.00158302
0.00165522
0.00165522
0.00165230
0.00152825
0.00119941
0.00093332
0.00084966
0.00084966
0.00060403
0.00065210
0.00065210
0.00097809
0.00153509
0.00194799
0.00194799
0.00210787
0.00210787
0.00204771
0.00163519
0.00163519
0.00155856
0.00119527
0.00105451
0.00115502
0.00134224
0.00134224
0.00104517
0.00114169
0.00179549
0.00246576
0.00246576
0.00244956
0.00244956
0.00195086
0.00147442
0.00137207
0.00131507
0.00147650
0.00198339
0.00227645
0.00259893
0.00259893
0.00255047
0.00221967
0.00197372
0.00162611
0.00162611
0.00148191
0.00179119
0.00230714
0.00230714
0.00165087
0.00180097
0.00180097
0.00229128
0.00229128
0.00211520
0.00154114
0.00150781
0.00150781
0.00191341
0.00217090
0.00217090
0.00247467
0.00247467
0.00229451
0.00229451
0.00199363
0.00152781
0.00112518
0.00126248
0.00180475
0.00180475
0.00207463
0.00207463
0.00159952
0.00139325
0.00132483
0.00136293
0.00136293
0.00121902
0.00143520
0.00207824
0.00254852
0.00254852
0.00228460
0.00170751
0.00163521
0.00163521
0.00173742
0.00203857
0.00218210
0.00218210
0.00184585
0.00181506
0.00181506
0.00153786
0.00145015
0.00202544
0.00202544
0.00201055
0.00146319
0.00147094
0.00147094
0.00159356
0.00203656
0.00203656
0.00153310
0.00146897
0.00154941
0.00154941
0.00135690
0.00139237
0.00150263
0.00150263
0.00113464
0.00132030
0.00137020
0.00137020
0.00114735
0.00114735
0.00105776
0.00101104
0.00101104
0.00095393
0.00106870
0.00106870
0.00117805
0.00120249
0.00169065
0.00169065
0.00121722
0.00082368
0.00101900
0.00101900
0.00078094
0.00077439
0.00117543
0.00133762
0.00133762
0.00104314
0.00120370
0.00167309
0.00221169
0.00293747
0.00293747
0.00178086
0.00165045
0.00156975
0.00170319
0.00182053
0.00182053
0.00159981
0.00161280
0.00236448
0.00265223
0.00268400
0.00268400
0.00245828
0.00267962
0.00297937
0.00297937
0.00284662
0.00266224
0.00164979
0.00115594
0.00130959
0.00130959
0.00134866
0.00141042
0.00141042
0.00141940
0.00141940
0.00087300
0.00133320
0.00202753
0.00202753
0.00197354
0.00147154
0.00138726
0.00137492
0.00203595
0.00203595
0.00146537
0.00143365
0.00106409
0.00106409
0.00096621
0.00098621
0.00142221
0.00145004
0.00145004
0.00181619
0.00246065
0.00246065
0.00228691
0.00162046
0.00148691
0.00148691
0.00124484
0.00140309
0.00216561
0.00216561
0.00274151
0.00320186
0.00320186
0.00265022
0.00267866
0.00267866
0.00221937
0.00189186
0.00242622
0.00242622
0.00203705
0.00186428
0.00196537
0.00238082
0.00240704
0.00240704
0.00190636
0.00159108
0.00168410
0.00168410
0.00144163
0.00173189
0.00224219
0.00224219
0.00211891
0.00192133
0.00265909
0.00274653
0.00284277
0.00284277
0.00218146
0.00175749
0.00201416
0.00201416
0.00162780
0.00140610
0.00163239
0.00192965
0.00192965
0.00128552
0.00124994
0.00124994
0.00122253
0.00168979
0.00175984
0.00175984
0.00157018
0.00206928
0.00246379
0.00246379
0.00221340
0.00221401
0.00276580
0.00316413
0.00316413
0.00222180
0.00204355
0.00224426
0.00224426
0.00193103
0.00216084
0.00216084
0.00148949
0.00152021
0.00152021
0.00146655
0.00192665
0.00192665
0.00161973
0.00160283
0.00160283
0.00144659
0.00144601
0.00203295
0.00229440
0.00235358
0.00235358
0.00230845
0.00174280
0.00169297
0.00170910
0.00170910
0.00194061
0.00194061
0.00174753
0.00161047
0.00195529
0.00195529
0.00157204
0.00149107
0.00149107
0.00129908
0.00129908
0.00139443
0.00168871
0.00196484
0.00205905
0.00261364
0.00261364
0.00226849
0.00180175
0.00141978
0.00142284
0.00142284
0.00128012
0.00128012
0.00121569
0.00146653
0.00205730
0.00205730
0.00153668
0.00133237
0.00132956
0.00132956
0.00127201
0.00127201
0.00163287
0.00205357
0.00244747
0.00244747
0.00180533
0.00135795
0.00135795
0.00142178
0.00162425
0.00162425
0.00161275
0.00129760
0.00129262
0.00135964
0.00135964
0.00148606
0.00196856
0.00196856
0.00162420
0.00135223
0.00216624
0.00227833
0.00227833
0.00155570
0.00118814
0.00169503
0.00183389
0.00198218
0.00198218
0.00138996
0.00153012
0.00215636
0.00215636
0.00166118
0.00182413
0.00278383
0.00278383
0.00261070
0.00170421
0.00148276
0.00192097
0.00242811
0.00245738
0.00245738
0.00177365
0.00171432
0.00240426
0.00240426
0.00193832
0.00172258
0.00200596
0.00200596
0.00147075
0.00152966
0.00198156
0.00220206
0.00226136
0.00226136
0.00158643
0.00127976
0.00195873
0.00198181
0.00198181
0.00153891
0.00193126
0.00255026
0.00301468
0.00301468
0.00265358
0.00236862
0.00225645
0.00176567
0.00169832
0.00229817
0.00229817
0.00155838
0.00163315
0.00225119
0.00225119
0.00171096
0.00135664
0.00201974
0.00253390
0.00300585
0.00302391
0.00302391
0.00245481
0.00211010
0.00264836
0.00264836
0.00258252
0.00247004
0.00247004
0.00194791
0.00128543
0.00141514
0.00171093
0.00171093
0.00166003
0.00136050
0.00134621
0.00134621
0.00092706
0.00219234
0.00219234
0.00169786
0.00237333
0.00352202
0.00352202
0.00315721
0.00250762
0.00250691
0.00250691
0.00202567
0.00190505
0.00189445
0.00181310
0.00151451
0.00268802
0.00268802
0.00246729
0.00290365
0.00290365
0.00314080
0.00314080
0.00273281
0.00250749
0.00223610
0.00172206
0.00172206
0.00129182
0.00157440
0.00213116
0.00272397
0.00272397
0.00247551
0.00187216
0.00157295
0.00157295
0.00127907
0.00160963
0.00202323
0.00252132
0.00252132
0.00250216
0.00210606
0.00182058
0.00133500
0.00189957
0.00189957
0.00168221
0.00154135
0.00171357
0.00183516
0.00190232
0.00190232
0.00183331
0.00183331
0.00136806
0.00158543
0.00187945
0.00205889
0.00205889
0.00176396
0.00177631
0.00203629
0.00203629
0.00231123
0.00231123
0.00223730
0.00240863
0.00240863
0.00190904
0.00128020
0.00108898
0.00148585
0.00157469
0.00157469
0.00141426
0.00184442
0.00184442
0.00141703
0.00101364
0.00181954
0.00311093
0.00446398
0.00446398
0.00371816
0.00274249
0.00217078
0.00137217
0.00148938
0.00214751
0.00277043
0.00277043
0.00217552
0.00169461
0.00213101
0.00213101
0.00156371
0.00141793
0.00182047
0.00182047
0.00149863
0.00130102
0.00174101
0.00174101
0.00158320
0.00166765
0.00166765
0.00138077
0.00112466
0.00136542
0.00200974
0.00200974
0.00196351
0.00179219
0.00179219
0.00174704
0.00145203
0.00140619
0.00095864
0.00137077
0.00178176
0.00199361
0.00199361
0.00190627
0.00190627
0.00169416
0.00240129
0.00307902
0.00307902
0.00239436
0.00168160
0.00119131
0.00152460
0.00152460
0.00141842
0.00141842
0.00123733
0.00132813
0.00147250
0.00147250
0.00171716
0.00224500
0.00322135
0.00322135
0.00282115
0.00212533
0.00212533
0.00197773
0.00247228
0.00311594
0.00311594
0.00265204
0.00229006
0.00216726
0.00190590
0.00214226
0.00272135
0.00291031
0.00298861
0.00302272
0.00302272
0.00226419
0.00257685
0.00257685
0.00185772
0.00256350
0.00296818
0.00296818
0.00269297
0.00243761
0.00200952
0.00200952
0.00185591
0.00241496
0.00241496
0.00265769
0.00276582
0.00300733
0.00304169
0.00333999
0.00368674
0.00368674
0.00296762
0.00235375
0.00235375
0.00185118
0.00162487
0.00193702
0.00204403
0.00232530
0.00256835
0.00256835
0.00276831
0.00281186
0.00281186
0.00185916
0.00218533
0.00266394
0.00266394
0.00197235
0.00122561
0.00231739
0.00244553
0.00244553
0.00233856
0.00181910
0.00259848
0.00300247
0.00300247
0.00212939
0.00201604
0.00203186
0.00248809
0.00248809
0.00273218
0.00273218
0.00226336
0.00219542
0.00219542
0.00160652
0.00129204
0.00107000
0.00146086
0.00175634
0.00175634
0.00162811
0.00170343
0.00170343
0.00157518
0.00117509
0.00095282
