 0.60000	 19.77123833	 18.64508820	 21.13523102	 19.59551811	 18.47258949	 19.65556526	           0	           2
 0.60000	 19.50228310	 18.19071007	 18.80579376	 19.74727058	 17.66008949	 17.42431450	          -1	           3
 0.60000	 20.52636337	 18.02974892	 17.16662407	 20.67702103	 18.99296379	 18.30656815	          -2	           4
 0.60000	 21.39801216	 18.75110245	 18.78783607	 22.04254723	 17.51682091	 18.23008347	          -3	           5
 0.60000	 21.64764786	 16.72919464	 18.41348648	 20.28783798	 16.89703751	 19.02394485	          -4	           6
 0.60000	 19.46377182	 17.11870384	 19.30967331	 18.61561966	 18.30369377	 19.66511345	          -5	           7
 0.60000	 17.95564842	 18.91542244	 19.66860962	 16.61046410	 19.17034149	 19.05603409	          -6	           8
 0.60000	 15.79593372	 18.79603386	 18.97973061	 15.05810642	 17.50338554	 18.79537964	          -7	           9
 0.60000	 14.66064739	 17.99445915	 18.14339447	 14.18512726	 19.10131454	 17.24965477	          -8	          10
 0.60000	 14.00544071	 19.60837173	 16.52803612	 13.67420006	 20.90383339	 15.84830666	          -9	          11
 0.60000	 14.08061123	 21.28654671	 15.14238262	 15.39760303	 21.33346748	 14.42593193	         -10	          12
 0.60000	 15.36262131	 20.73861313	 13.75146770	 14.01728821	 20.07622337	 13.78744316	         -11	          13
 0.60000	 13.80184841	 19.21526146	 13.93673706	 14.69752693	 18.13656998	 14.46979523	         -12	          14
 0.60000	 14.64452076	 17.35730553	 14.91683006	 13.76136303	 16.32177734	 15.54743099	         -13	          15
 0.60000	 13.21994781	 16.08335304	 16.22562027	 12.42425632	 16.50893402	 17.42381096	         -14	          16
 0.60000	 12.21435261	 16.73286629	 18.26977348	 12.23149204	 17.45406342	 19.58487701	         -15	          17
 0.60000	 12.55067062	 16.96483231	 20.26952553	 12.80398941	 15.62176418	 19.65150261	         -16	          18
 0.60000	 13.31650448	 15.20807171	 19.03819084	 13.48453045	 16.22241020	 17.94604683	         -17	          19
 0.60000	 14.05290127	 16.61382866	 17.36859512	 15.42708206	 16.79110527	 16.79430008	         -18	          20
 0.60000	 15.25082207	 17.66379547	 16.95847511	 13.91253567	 17.48662567	 17.61272240	         -19	          21
 0.60000	 13.71381855	 17.95801735	 18.35417938	 14.50174141	 18.62648582	 19.44164276	         -20	          22
 0.60000	 14.24039078	 19.36928558	 19.88015747	 13.04196453	 19.36093140	 18.97813416	         -21	          23
 0.60000	 12.25342369	 19.45432854	 18.55453682	 10.94911194	 19.50266457	 17.81536484	         -22	          24
 0.60000	 10.08174038	 19.59197426	 17.59267235	  8.58246422	 19.54697609	 17.60231018	         -23	          25
 0.60000	  8.10254860	 20.30341339	 17.68849373	  8.82753849	 21.61244011	 17.79257202	         -24	          26
 0.60000	  9.14356232	 22.34692192	 18.20557785	  9.66524601	 23.35064888	 19.19062424	         -25	          27
 0.60000	  9.81938553	 23.21864128	 20.06737900	  9.59737015	 21.92519379	 20.79375458	         -26	          28
 0.60000	  9.47652340	 21.26967812	 21.39834023	  9.21033669	 20.25414467	 22.46961403	         -27	          29
 0.60000	  9.05527687	 19.62669182	 23.09578705	  8.69775295	 18.69033813	 24.21174049	         -28	          30
 0.60000	  8.84799671	 17.83545494	 24.44945717	  9.43399906	 16.49797058	 24.10643196	         -29	          31
 0.60000	 10.06568718	 16.39165115	 23.47429657	 10.42156887	 17.66674423	 22.76901054	         -30	          32
 0.60000	 11.08870792	 17.54855728	 22.17663193	 11.67358971	 16.17186165	 22.06456947	         -31	          33
 0.60000	 12.25885677	 15.67738152	 21.59245682	 13.38943958	 15.68731308	 20.60673141	         -32	          34
 0.60000	 13.35227966	 14.96636581	 20.06931877	 11.97124672	 14.40595055	 19.90005302	         -33	          35
 0.60000	 11.28458309	 13.82703590	 19.84281158	 10.05201817	 12.97706509	 19.93395042	         -34	          36
 0.60000	 10.24544239	 12.10241413	 20.02080154	 11.72387600	 11.84925938	 20.01010323	         -35	          37
 0.60000	 12.59810066	 11.95546246	 20.19553566	 13.63220882	 12.70770550	 20.97957230	         -36	          38
 0.60000	 14.16282082	 13.23484516	 20.47902107	 13.74117947	 13.34130287	 19.04346085	         -37	          39
 0.60000	 13.78735447	 13.12075996	 18.17219353	 14.00013256	 12.22885513	 16.98512077	         -38	          40
 0.60000	 14.44380760	 11.49228287	 16.71951485	 15.54862213	 10.58715248	 17.17787552	         -39	          41
 0.60000	 15.42238426	  9.80905628	 17.61213303	 14.12975693	  9.29077148	 18.16931915	         -40	          42
 0.60000	 13.41089153	  8.76095200	 18.28084946	 12.06629753	  8.11255836	 18.13381577	         -41	          43
 0.60000	 12.37585068	  7.29751968	 17.91041756	 13.78652573	  7.79752970	 18.01038361	         -42	          44
 0.60000	 14.42681789	  7.23034334	 17.73057365	 14.38886738	  5.84497595	 17.15672684	         -43	          45
 0.60000	 13.60678005	  5.47164392	 16.91391373	 12.39339733	  6.32497501	 17.13641357	         -44	          46
 0.60000	 11.55901623	  6.62555885	 17.28937531	 10.24129200	  6.90036440	 17.95122337	         -45	          47
 0.60000	  9.58458710	  7.29628277	 17.48010254	  9.76811790	  7.67181444	 16.03953934	         -46	          48
 0.60000	 10.26040745	  7.77262497	 15.29293537	 11.64056683	  7.56866264	 14.74202442	         -47	          49
 0.60000	 12.44026852	  7.47420454	 14.34020996	 13.78578281	  7.43223000	 13.67856216	         -48	          50
 0.60000	 14.43413258	  6.87744617	 13.39250755	 14.56272221	  5.38540506	 13.30729103	         -49	          51
 0.60000	 15.44582462	  5.32406139	 13.14502239	 15.89845848	  6.75412607	 13.15004253	         -50	          52
 0.60000	 16.38386917	  7.51159668	 13.12597370	 17.04957390	  8.85547829	 13.09809780	         -51	          53
 0.60000	 17.91929245	  9.08615303	 13.11526966	 19.04797935	  8.11717892	 13.30798626	         -52	          54
 0.60000	 19.87066841	  8.11075211	 12.94319153	 20.56199074	  8.80775547	 11.80905437	         -53	          55
 0.60000	 20.75531006	  9.66419888	 11.61128330	 21.27039719	 11.06241322	 11.78354740	         -54	          56
 0.60000	 21.70640945	 11.29752541	 11.03211594	 21.32138252	 10.65236473	  9.73382854	         -55	          57
 0.60000	 22.08031654	 10.61465836	  9.25142574	 23.07540894	 11.41451836	 10.03883171	         -56	          58
 0.60000	 23.59077263	 10.70528889	 10.24225616	 22.76137161	  9.69797611	  9.50237656	         -57	          59
 0.60000	 22.24770927	  9.25268269	 10.09212685	 22.70874214	  9.88607693	 11.37123489	         -58	          60
 0.60000	 21.87118149	 10.22313595	 11.39645290	 21.05453873	  9.80121803	 10.21102142	         -59	          61
 0.60000	 20.28213120	  9.93663692	  9.76898956	 18.97060776	 10.52722549	  9.34326744	         -60	          62
 0.60000	 18.25906563	 10.86494350	  8.90744305	 17.24454308	 11.38308239	  7.93156767	         -61	          63
 0.60000	 16.61665535	 11.89493465	  7.53927851	 16.00009537	 13.22496605	  7.22161293	         -62	          64
 0.60000	 15.15680981	 12.94798470	  7.37032461	 15.04013634	 11.45760441	  7.24729443	         -63	          65
 0.60000	 14.42418861	 10.81536961	  7.11279202	 13.26634502	  9.93326473	  6.75050879	         -64	          66
 0.60000	 12.58798695	 10.46888542	  7.00136852	 13.47740078	 11.64182854	  7.28972530	         -65	          67
 0.60000	 13.19008923	 12.03291512	  8.04768658	 12.35240459	 11.06583214	  8.83063507	         -66	          68
 0.60000	 11.48353767	 11.28864956	  8.90397358	 11.18406487	 12.43086529	  7.97897720	         -67	          69
 0.60000	 10.57399082	 13.03258705	  7.70387316	  9.16968441	 13.34897327	  7.28220749	         -68	          70
 0.60000	  9.01435757	 14.18841553	  6.99726152	  9.15382767	 15.67865944	  6.89879274	         -69	          71
 0.60000	 10.00979614	 15.90691471	  6.73991585	 10.55071354	 15.09684181	  7.88060856	         -70	          72
 0.60000	 10.66659355	 14.57381916	  8.60378933	  9.80442810	 13.81708336	  9.57023907	         -71	          73
 0.60000	 10.45670605	 13.22359276	  9.74995327	 11.49640274	 13.76970387	  8.81681347	         -72	          74
 0.60000	 12.25235653	 13.81956387	  8.33105183	 13.51733398	 13.75237751	  7.52778435	         -73	          75
 0.60000	 14.15786457	 13.41475010	  6.99331188	 15.02287579	 12.40073681	  6.30520535	         -74	          76
 0.60000	 15.78747749	 11.93165207	  6.23261309	 17.16917229	 11.53188610	  5.80712509	         -75	          77
 0.60000	 17.27783775	 10.89709282	  5.17848587	 15.96649647	 10.31187916	  4.74504328	         -76	          78
 0.60000	 15.51080036	 10.14683247	  3.98669624	 15.41821766	 10.10307217	  2.49019599	         -77	          79
 0.60000	 15.40620899	 10.94993305	  2.18568516	 15.57266331	 11.87943554	  3.35114694	         -78	          80
 0.60000	 15.63003922	 12.57174206	  3.92331958	 15.65113449	 13.69560909	  4.91651487	         -79	          81
 0.60000	 15.79232693	 14.39613056	  5.46355486	 16.47348022	 15.52757549	  6.17474747	         -80	          82
 0.60000	 16.04716301	 16.10239029	  6.72045612	 14.58954906	 16.05432129	  7.07119465	         -81	          83
 0.60000	 13.70533657	 15.91811371	  6.97316694	 12.55103493	 15.34366798	  6.20659876	         -82	          84
 0.60000	 11.69180679	 15.30082321	  5.94199705	 10.24520683	 15.65722942	  5.76764345	         -83	          85
 0.60000	  9.35113525	 15.56472015	  5.72031546	  8.14319611	 15.08608913	  6.46987295	         -84	          86
 0.60000	  7.97712231	 14.62407207	  7.22423887	  8.88106728	 13.84889793	  8.13638592	         -85	          87
 0.60000	  8.93974495	 12.95382118	  8.06233501	  7.54475164	 12.72685242	  7.55984688	         -86	          88
 0.60000	  6.80055618	 12.22073364	  7.55567598	  5.91123104	 11.11828518	  8.04932022	         -87	          89
 0.60000	  5.25331783	 10.90659428	  7.47285128	  5.47671700	 11.67139149	  6.20195341	         -88	          90
 0.60000	  4.61021948	 11.62796116	  5.96257162	  4.08522177	 10.96296883	  7.20036983	         -89	          91
 0.60000	  3.54243255	 10.44549465	  7.69793272	  2.50274205	  9.45786095	  8.13794518	         -90	          92
 0.60000	  2.46970773	  8.74083042	  8.68083191	  3.37105870	  7.88313484	  9.51863575	         -91	          93
 0.60000	  4.15731335	  7.88647079	  9.95655727	  5.15837049	  8.99910831	 10.05607128	         -92	          94
 0.60000	  5.75853920	  8.47889709	 10.47936153	  4.81792259	  7.32290268	 10.64940643	         -93	          95
 0.60000	  5.35799932	  6.65646505	 10.37705803	  6.50036764	  7.44618607	  9.81021214	         -94	          96
 0.60000	  7.35040951	  7.44487381	  9.51459503	  8.71969891	  6.90068293	  9.23376846	         -95	          97
 0.60000	  9.60074615	  6.80356503	  9.07804775	 11.08184147	  6.97023630	  8.90920067	         -96	          98
 0.60000	 11.92683697	  7.14056158	  8.65053082	 13.18728256	  7.29918575	  7.85297728	         -97	          99
 0.60000	 13.62297440	  8.08149624	  7.94322062	 13.15689945	  9.03224945	  9.00568104	         -98	         100
 0.60000	 12.52423477	  9.62220955	  8.75733185	 11.78099632	  9.53794193	  7.45714426	         -99	           0
