1.49985
2.36085
3.64664
4.45851
5.65907
6.48218
7.89844
8.76427
10.04592
10.64751
11.08591
11.55124
12.59363
12.85610
12.56019
12.82685
13.76648
14.32071
15.27954
15.83646
16.74407
17.27103
18.09036
18.72169
19.93419
20.62009
21.60658
22.27129
23.47662
23.79972
23.52312
23.19777
22.26533
21.82578
21.32045
20.81947
19.71576
19.16229
18.57051
17.97124
16.73818
16.01944
15.04472
14.24676
13.07774
12.17994
11.24048
10.39851
9.20397
8.42571
7.55521
6.81174
5.42087
4.55542
3.40078
2.78885
2.69824
2.76761
3.10131
3.64063
4.74182
5.59768
7.01317
7.75736
8.72414
9.39978
10.57351
11.38158
12.78722
13.63339
15.05791
15.87651
17.17589
17.83701
18.39850
18.81784
19.41107
19.54471
19.33584
19.28366
19.27174
19.30429
19.40773
19.61962
20.30715
20.36671
19.83311
19.74859
19.92399
20.04811
20.45310
20.27088
19.37579
18.80467
17.88237
17.38930
16.70611
16.28331
15.47778
15.44399
16.10459
16.67717
17.90780
18.57252
19.58492
20.10651
20.92289
20.89695
19.89328
19.82084
20.46688
20.93264
21.70097
22.13659
22.77070
23.26763
24.35628
24.48509
23.74717
23.40586
22.91667
22.42609
21.54092
20.95378
19.98192
19.22326
18.05374
17.66569
17.84160
17.86115
17.85355
17.97936
18.43653
18.44041
18.05647
17.66855
16.73247
16.19299
15.20738
14.96085
15.25788
15.49408
16.02736
16.46699
17.34017
17.91527
18.94840
19.60812
20.73593
21.47534
22.64878
23.24234
24.14214
24.18290
23.44842
22.78509
21.37676
20.83599
20.83993
21.00832
21.64789
22.11340
23.14177
23.32992
22.67651
23.01518
24.35289
25.15229
26.36764
27.23133
28.67583
29.55162
30.92140
31.79409
32.85431
33.55262
34.62684
35.51181
36.87259
37.59999
38.16076
38.39366
38.39750
38.25423
37.84802
37.29460
36.06521
35.18802
33.81751
32.98316
31.64092
30.77046
29.27639
28.43839
27.41596
26.77814
25.72346
25.37612
25.50342
25.22584
24.50788
23.69459
22.29029
21.42325
20.36209
19.72732
18.71476
18.37811
18.39108
18.68763
19.52416
19.87917
20.16118
20.14849
19.79389
19.49590
18.89889
18.38413
17.45548
17.01188
16.45066
16.29321
16.37821
16.48457
16.85776
16.76307
16.12421
15.76690
15.08968
15.19985
16.24418
16.46325
16.07809
16.30644
17.23510
17.82397
18.88699
19.51931
20.35978
20.96097
21.98573
22.73963
24.08075
24.79045
25.68187
26.46508
27.94568
28.78376
29.98720
30.79816
32.24294
32.98292
33.88343
34.54919
35.71031
36.59494
37.96303
38.77981
40.10483
40.76484
41.52689
42.11662
43.08162
43.91119
45.30125
46.16928
47.42015
48.21564
49.62642
50.17756
50.28614
50.61542
51.28482
51.97640
53.19154
54.06436
55.53757
56.42629
57.78456
58.66909
60.16482
60.93495
61.54355
61.96247
62.48174
63.17882
64.58967
65.34727
66.34039
66.92194
67.80668
68.36222
69.42820
69.60270
68.99759
68.76151
68.47367
68.16939
67.45684
67.07361
66.50742
66.04274
65.17061
64.54076
63.51801
62.77531
61.41321
60.56971
59.33323
58.59073
57.32939
56.91743
57.02213
57.00765
56.93781
57.11443
57.62523
58.29961
59.77363
60.56966
61.62226
62.50570
63.88386
64.76165
66.24540
67.12724
68.53742
69.30720
70.34049
70.53215
69.97156
69.73659
69.29668
69.28827
69.62834
70.09877
71.13707
71.83447
72.93967
73.59848
74.63851
75.28429
76.36715
77.07346
78.36291
78.93452
79.22021
79.80018
81.10869
81.86671
82.82843
83.41656
84.23655
84.22637
83.23714
83.28430
84.32010
84.70000
85.11159
85.07230
84.60632
83.99940
82.61142
81.74827
80.27470
79.53674
79.23708
78.71737
77.56527
77.10368
76.67818
76.83290
77.75714
78.22246
78.93773
79.37637
80.00293
80.72327
82.21032
83.00068
84.03681
84.68492
85.75496
86.45265
87.70660
88.42755
89.56716
90.28714
91.48857
92.26351
93.19056
93.65695
94.11090
94.50991
95.00040
95.67885
97.14701
97.94303
98.97235
99.76855
100.94759
101.67817
102.36911
102.76397
103.24100
103.11897
102.29494
101.63721
100.29536
99.43735
97.96316
97.10006
96.13713
95.25447
93.90748
93.07700
91.71914
90.89406
89.52468
88.64111
87.23820
86.41166
85.58204
85.08044
84.35734
84.22388
84.57201
84.91951
85.82724
86.05164
85.92533
85.72383
85.08728
84.90034
84.87764
84.85037
84.79623
84.88858
85.36699
85.20181
84.24971
83.77214
83.02766
82.68908
82.40346
82.11689
81.36905
81.38804
82.11248
82.76197
84.04234
84.89750
86.31495
87.09569
88.13365
88.51211
88.43764
88.93093
90.24051
90.91477
91.89211
92.42190
93.12687
93.74751
95.02346
95.76095
97.02011
97.54825
97.74003
98.42641
99.92051
100.78599
101.95917
102.54453
102.98958
103.17756
103.13480
103.45563
104.40468
104.97677
105.79788
106.09768
106.24972
106.14819
105.52130
105.50738
105.97225
106.41213
107.33974
107.78562
108.30013
108.79899
109.97018
110.22886
109.81714
109.57528
109.08648
108.67528
107.76583
107.42344
107.43935
107.21484
106.60232
106.19634
105.43625
104.94270
104.10668
103.62595
102.93904
102.31738
101.09595
100.36501
99.16324
98.36388
96.96203
96.30352
95.78463
95.34392
94.37315
94.30699
95.08679
95.61594
96.56016
97.38710
98.83957
99.44174
99.68622
99.52833
98.86458
98.08467
96.62991
95.76325
94.72552
93.83541
92.47701
91.72190
90.86108
89.99636
88.71691
87.89741
86.51904
85.87337
85.41702
85.09187
84.59290
84.25951
83.78092
83.09466
81.61659
80.79619
79.66704
78.82840
77.39363
76.52323
75.52590
74.74018
73.42550
72.53928
71.49917
70.87549
69.94445
69.53846
69.19012
68.99964
68.84454
68.80221
68.79039
69.00447
69.77091
69.87377
69.36819
69.48956
70.23215
70.70114
71.34052
71.87944
72.97899
73.52982
74.18333
74.73987
75.77625
76.62800
78.05951
78.82390
79.55835
79.83001
79.68889
80.09396
81.19024
82.07821
83.21257
84.06068
85.38975
85.87610
85.91025
85.90034
85.67597
85.62845
85.60137
85.79994
86.36327
86.78535
87.49172
88.19160
89.61711
90.22040
90.51095
90.98006
92.14548
92.35999
91.88443
91.30660
90.11818
89.23049
87.84279
87.00258
85.70257
84.82946
83.65832
83.30088
83.53678
83.97920
85.20506
85.92780
87.14524
87.96384
89.41401
90.23351
91.26823
91.86905
92.61790
93.31476
94.68337
95.49532
96.84978
97.66651
99.01393
99.60014
99.76010
99.80792
99.68883
99.39773
98.57897
98.01117
96.90738
96.35498
95.96036
95.69581
95.31562
95.35677
95.88492
96.14886
96.56301
96.83346
97.33560
97.54582
97.56496
98.00537
99.07281
99.91044
101.39995
102.25893
103.47105
104.05788
104.53560
104.91438
105.48103
106.16681
107.46746
108.21565
109.37493
110.10162
111.07692
111.84804
113.24709
114.09499
115.50683
116.37360
117.65686
118.44338
119.75063
120.38099
120.95648
121.44830
122.40611
122.93960
123.65182
124.24231
125.43262
126.04706
126.77836
127.29121
128.19633
128.82704
130.05327
130.49682
130.50175
130.40740
129.87304
129.94271
130.74417
130.77659
130.20471
129.67988
128.52905
127.87937
126.83757
126.18600
125.05495
124.43056
123.48131
122.92958
122.12111
121.40016
120.00398
119.10630
117.69231
117.06008
116.91157
116.40170
115.38293
114.81162
113.83439
113.70135
114.39525
114.51298
114.34440
114.23982
114.06450
113.73726
112.93014
112.19342
110.72423
109.84092
108.44770
107.58601
106.69089
106.26836
106.03261
105.77801
105.37485
104.76396
103.46505
102.77423
101.78475
101.23290
100.66665
100.05441
99.01333
98.64389
98.70306
98.43636
97.58924
97.32851
97.37533
97.12405
96.49791
95.96689
95.17097
94.83486
94.77404
94.71443
94.75173
94.47764
93.65539
93.08248
92.23283
91.72138
91.04378
90.36511
89.01372
88.12932
87.02591
86.53953
86.21217
86.07344
86.06012
85.95060
85.53494
85.74906
86.73222
87.28109
88.21169
88.78469
89.73446
90.38273
91.55579
92.26953
93.38247
94.07794
95.25328
96.01004
97.27545
98.13442
99.16237
99.83043
100.93402
101.53624
102.36214
102.89533
103.68727
104.47177
105.76732
106.31973
106.59749
106.78469
106.97852
107.22434
107.95678
107.86028
106.96341
106.29673
105.50617
104.67819
103.27546
102.40808
100.95315
100.08066
98.65306
97.78752
96.72691
95.99651
94.70875
93.95283
92.68247
92.15421
92.06686
92.13444
92.59532
92.82066
93.17285
93.25211
93.07429
93.22499
93.71418
94.30059
95.64924
96.31032
96.89312
97.59483
98.84620
99.51841
100.38822
100.92820
101.58270
102.07488
103.09177
103.30926
102.88935
102.90666
103.36790
103.19674
102.29185
101.83773
101.15438
100.70702
99.95724
99.38343
98.29792
97.67415
96.69040
96.03751
94.87933
94.35184
94.20600
93.99770
93.75310
93.24474
92.15404
91.49222
90.39695
89.72831
88.59537
88.02895
87.59955
87.40279
87.33092
87.11543
86.51984
86.18578
85.61400
85.30001
84.82849
84.55196
84.09849
83.89477
83.72188
83.57879
83.39404
83.30161
83.11777
83.30488
83.99692
84.46309
85.32126
85.99027
87.33955
87.95253
88.52835
89.00467
89.95733
90.37860
90.77173
90.66276
89.86158
89.61575
89.74082
89.60064
89.10555
88.94798
88.89887
88.96996
89.43347
89.17678
88.06872
87.45048
86.93204
86.46383
85.54789
85.21297
85.16365
84.94134
84.24350
84.27187
85.02610
85.36100
85.82340
86.11207
86.59427
86.90216
86.78676
86.36030
85.09159
84.45359
83.56366
82.97455
81.99865
81.48161
81.06815
80.94895
81.15205
80.97833
80.42511
79.68494
78.20201
77.37348
76.31623
75.42303
74.21208
73.44387
72.41640
71.76536
70.93024
70.55047
70.22055
69.94996
69.39631
69.23428
69.11033
69.51618
70.80746
71.49502
72.45596
73.28509
74.51151
75.26346
76.37277
77.22347
78.69618
79.55036
80.83663
81.58021
82.76492
83.34637
84.00940
84.45517
85.16140
85.67358
86.33985
86.84978
87.42779
87.46328
86.97521
86.65311
86.03127
85.84222
85.85092
85.87211
85.99964
85.96349
85.78255
85.47351
84.69673
84.22550
83.67636
83.32571
82.80462
82.34008
81.49731
80.69497
79.33999
78.48314
77.02204
76.15677
74.76768
74.01248
73.44993
73.41975
74.17140
74.04041
73.01941
72.47453
71.51695
71.15696
71.05778
70.77792
70.26838
69.78777
69.09493
68.40831
67.07865
66.18941
64.87520
64.37292
64.31090
64.42199
65.09501
65.00231
64.13365
63.71314
62.98539
62.94891
63.58765
63.89826
64.49438
64.47769
63.83327
63.49045
62.92060
62.47948
61.69013
60.97397
59.72260
58.94744
57.57249
57.11246
57.21966
57.53159
58.54434
59.11152
59.92291
60.64817
62.04090
62.92942
64.32825
65.10661
65.82571
66.32627
67.10225
67.70293
68.66965
69.25400
70.29113
70.55496
70.17492
70.46252
71.55658
72.10528
72.72016
72.89609
72.75981
72.80160
73.11536
72.93081
72.05367
71.68759
71.48356
71.13782
70.31448
69.78016
68.83496
68.17933
67.18002
66.65216
65.98955
65.53574
64.87589
64.93713
65.82686
66.15980
66.51717
66.43331
65.81996
65.49375
64.97013
64.57073
63.75178
63.34083
62.82766
62.42497
61.95521
61.30209
60.03169
59.23778
57.89943
57.01943
55.53551
54.85109
54.47564
54.22396
54.03193
53.53192
52.33013
51.76694
51.19604
51.34052
52.36813
52.89180
53.70179
54.28523
55.37987
56.03133
57.08974
57.82224
59.21970
59.68617
59.54637
59.62041
59.74125
60.20057
61.26888
61.83935
62.64206
63.11494
63.87483
64.26756
64.78242
65.44053
66.75251
67.40107
68.73713
69.41312
69.91013
70.20177
70.48723
70.75251
71.30831
71.59804
71.95762
72.39021
73.33119
73.79487
74.41560
74.67536
74.70403
74.79979
74.94087
75.26789
76.07364
76.52462
77.30969
77.36455
76.73382
76.39829
75.77677
75.51119
75.26898
75.04667
74.63878
74.41704
74.10093
73.86396
73.46916
73.24527
72.89465
72.70112
72.35837
72.35550
72.68847
72.92332
73.49346
73.49691
72.95574
72.68396
72.28489
71.87906
70.98587
70.44096
69.49650
69.12147
68.88711
68.65014
68.22936
67.76219
66.90972
66.12912
64.63177
63.74875
62.27937
61.57054
60.97999
60.59070
59.93511
59.86024
60.29804
60.55119
60.89392
61.53280
62.90642
63.77833
65.20753
66.07842
67.36016
67.98825
69.48032
70.23875
71.14354
71.38735
71.09413
70.94823
70.60547
70.54938
70.69604
70.93553
71.52299
71.81399
72.18755
72.49957
73.17455
73.32769
73.01600
73.11420
73.49845
74.16154
75.63007
76.44270
77.65510
78.28931
79.18788
79.43849
79.29891
79.16204
78.79134
78.54107
77.96149
77.98251
78.62670
78.92126
79.31613
79.57240
79.90439
80.31075
81.16768
81.68745
82.48925
82.91807
83.27451
83.56396
84.12050
84.34777
84.50733
84.72059
85.20582
85.54614
86.22073
86.53461
87.01236
86.91661
86.06434
85.89428
86.30529
85.91960
84.55002
84.02811
83.70050
83.84061
84.66645
85.09865
85.53782
85.85259
86.24659
86.84251
87.97914
88.66713
89.74024
90.58354
92.07247
92.78326
93.20089
93.70066
94.76919
95.29218
95.94223
96.26514
96.63516
96.86206
97.07388
97.31417
97.86050
98.17241
98.72772
98.88661
98.72839
98.85032
99.45327
99.34065
98.49723
97.91498
97.09436
96.81614
97.01623
96.83675
96.31140
95.64669
94.31989
93.78262
93.48575
93.42835
93.61170
93.99207
94.89446
95.61956
96.57896
97.20902
98.26714
98.87025
99.76225
100.37858
101.11116
101.44496
101.65016
101.78110
101.89914
101.77797
101.23666
101.02253
100.82779
100.69524
100.48615
100.36669
100.07979
100.33254
101.36584
101.90806
102.72844
103.16200
103.72937
104.10578
104.47299
104.79581
105.35126
105.87729
106.97685
107.60219
108.69206
108.88472
108.28226
108.19165
108.29598
108.53738
109.21513
109.61301
110.21509
110.83627
112.07856
112.67533
112.86777
113.49909
114.93341
115.70489
116.69503
117.46938
118.89006
119.73253
121.11757
121.78068
122.25587
122.58322
123.13114
123.19020
122.66398
122.95658
124.20318
124.73126
125.26849
125.60354
126.14844
126.16286
125.59264
125.54677
125.87782
126.06500
126.28771
126.82972
128.12669
128.90700
130.23955
131.01347
132.21035
132.49511
132.06729
131.73740
130.99236
130.69162
130.42412
130.39805
130.53622
130.94129
131.96096
132.80874
134.25120
135.10217
136.38179
136.95047
137.35941
137.21665
136.30535
135.75729
134.73407
134.24498
133.88120
133.21587
131.84584
131.16221
130.30581
130.02861
130.18338
130.24323
130.45841
130.25488
129.40524
128.99215
128.51281
127.96035
127.03480
126.49317
125.67571
125.15878
124.43138
124.00521
123.22129
123.27941
124.21980
124.71831
125.58996
125.97427
126.36721
126.61286
126.86270
127.43006
128.78435
129.20375
129.10644
128.65769
127.53954
126.67580
125.54223
124.73395
123.80454
122.98838
121.65950
120.88597
119.72001
119.01499
118.06830
117.45087
116.63075
116.01729
114.86243
114.24332
113.43390
112.73917
111.65519
110.86441
109.44848
108.66776
107.75903
107.08503
105.86215
105.11562
104.05701
103.27033
102.09585
101.65641
101.62032
101.63126
101.78484
102.06513
102.90247
103.11423
102.96168
103.02505
103.24661
103.58637
104.36694
105.02037
106.24329
107.01424
108.20874
109.02626
110.48353
111.25009
111.89893
112.74205
114.11817
114.94940
116.10962
116.77085
117.76245
118.18459
118.59031
118.63850
118.23004
118.37449
119.09282
119.75034
121.02674
121.92326
123.05818
123.63175
124.09833
124.23309
124.14847
123.96178
123.41859
122.98748
122.02002
121.81019
121.23434
120.97452
120.40457
120.27241
120.32943
120.52878
121.19534
121.41567
121.38263
121.79704
122.86794
123.43374
124.21737
124.72975
125.60536
126.17576
127.15873
127.70742
128.36961
128.76908
129.44374
129.42409
128.71317
128.22352
127.24325
126.70692
126.04498
125.53749
124.58793
124.03208
123.07169
122.71350
122.54725
122.62167
123.08741
123.30267
123.42255
124.05955
125.54231
126.41970
127.89482
128.73818
130.03184
130.82745
132.13399
132.87416
133.92213
134.36304
134.68498
134.59551
134.03327
133.38013
132.09662
131.32229
130.10009
129.34919
128.12269
127.27424
125.83697
124.95631
123.46812
122.72186
122.29162
121.62294
120.34603
119.57086
118.27222
117.57523
116.84347
116.11641
114.75088
113.92446
112.68626
111.88370
110.69450
109.91315
108.55300
107.92488
107.59434
107.27993
106.74910
106.29359
105.57765
105.36524
105.56655
105.30680
104.27917
104.15827
104.78920
105.10966
105.67099
106.03607
106.57319
107.23189
108.65653
109.44484
110.40877
111.06321
112.09624
112.97170
114.24204
114.97656
115.98899
116.82982
118.32599
119.14826
120.21750
120.87174
122.25634
122.92590
123.70525
123.98052
124.04260
123.89171
123.31576
122.91418
122.14563
121.71471
121.00638
120.52103
119.60363
119.09509
118.41379
117.74303
116.72504
115.98499
114.71021
114.01219
113.21015
112.64289
111.73305
110.90543
109.42233
108.52560
107.05174
106.18688
105.02363
104.21669
103.45383
102.82604
101.84559
101.35801
100.70944
100.57293
100.97444
100.86266
100.29056
99.67086
98.37468
97.53312
96.18037
95.28483
93.97708
93.55576
93.86210
93.63058
92.79966
92.34576
91.64944
91.12468
90.29981
89.84020
89.13201
88.82154
88.64498
88.16948
87.03436
86.40032
85.97901
85.48151
84.74062
84.27882
83.51940
83.07971
82.33098
82.06001
81.79982
82.09742
83.19947
83.78570
84.50140
84.86360
85.07582
85.45525
86.24163
86.29164
85.68356
85.18461
84.24978
83.39181
82.03879
81.17296
79.72632
78.83420
77.41858
76.62958
75.60687
75.04689
74.49080
73.88663
72.67658
71.98410
70.88660
70.19401
69.03678
68.42516
67.55038
67.25478
67.32581
67.47891
67.87463
68.48226
69.72133
70.44824
71.62094
72.38648
73.73206
74.46270
75.47505
76.18408
77.17013
77.80323
78.86335
79.53144
80.70239
81.28877
81.82726
82.35665
83.51764
83.92493
83.97931
84.04517
84.27199
83.84581
82.52295
81.93860
81.62067
81.87025
82.98711
83.65163
84.69289
85.50979
86.98747
87.87709
89.35729
90.23643
91.68544
92.56323
94.01666
94.87198
96.19635
97.01054
97.83977
98.62947
100.08190
100.79487
101.29741
101.74646
102.37550
102.35603
101.63743
101.27451
100.71264
100.20345
99.09676
98.54242
97.87184
97.42378
96.63421
96.21253
95.58612
95.36994
95.33226
95.45923
95.92270
96.27800
96.63463
97.18824
98.18509
98.64235
99.15687
99.25404
99.14514
98.55690
97.08411
96.49807
96.34265
96.23435
96.03231
96.46943
97.82255
98.62569
100.01870
100.83999
102.15529
102.93917
104.19368
104.92099
106.14626
106.49174
106.14896
106.29316
106.89104
107.47411
108.72079
109.58951
111.03754
111.83326
112.90891
113.58843
114.65866
115.42216
116.38644
117.03159
118.10704
118.72967
119.27139
119.82651
120.59966
121.07452
121.57716
121.91207
122.46504
122.80166
123.43972
123.42023
122.65502
122.58205
123.04780
123.26132
123.48131
123.98414
125.17405
126.06566
127.35624
128.10311
129.18341
129.84031
130.86669
131.63463
132.95482
133.64471
134.36985
135.13692
136.52430
137.32591
138.31065
139.03679
140.23379
141.01899
142.35562
143.01521
143.79624
144.19330
144.68335
144.93109
145.13505
145.62191
146.95909
147.31068
147.04173
146.54678
145.36666
144.93161
144.74560
145.06398
146.18803
146.86365
147.58052
147.90661
148.12040
148.36537
149.04185
148.93897
148.01717
147.62443
147.37936
147.37246
147.66690
147.90575
148.30374
148.94599
150.25748
151.05644
152.40439
153.24242
154.68495
155.53382
156.93018
157.75364
159.15106
159.67256
159.71601
159.72736
159.56827
159.51715
159.39567
159.63787
160.40888
161.01579
162.11427
162.31595
161.73796
161.54943
161.34039
161.21701
161.13837
160.73431
159.63544
159.04643
158.18315
157.52516
156.26669
155.58522
154.60504
153.88786
152.48596
151.91222
151.47394
151.76721
152.95550
153.85400
155.05318
155.63335
155.92471
155.94717
155.58889
155.41218
155.09273
155.02342
155.00452
155.34963
156.27772
156.84979
157.77504
158.52630
159.75327
160.51261
161.70468
162.57076
163.92367
164.78344
166.05576
166.80397
167.84919
168.16990
168.19466
167.71563
166.46784
165.58987
164.54641
163.97218
163.31092
162.81461
162.22097
161.66603
160.60743
159.75030
158.38653
157.56609
156.24115
155.51470
154.54498
153.99187
153.27109
152.56636
151.31031
150.65470
149.81015
149.22207
148.15892
