1.49997
2.39132
3.83271
4.69154
5.79370
6.60748
7.61318
8.22030
9.06859
9.83933
11.30966
12.17986
13.62581
14.49778
15.98159
16.66351
16.97513
17.72736
19.14934
19.91283
20.83027
21.40433
22.04910
22.51116
23.23655
23.93108
25.24536
25.78340
26.08648
26.37751
26.98410
27.12529
27.04211
26.84798
26.37938
26.11188
25.57166
25.68740
26.62830
26.84567
26.65202
26.63922
26.73408
26.67097
26.40061
26.19929
25.73798
25.62523
25.63506
25.91087
26.78148
27.26056
27.86051
28.15221
28.35659
28.62619
29.23518
29.44111
29.50169
29.54573
29.67809
29.27960
28.09293
