0.00047498
0.00092999
0.00148161
0.00161326
0.00179844
0.00206436
0.00206436
0.00204360
0.00206391
0.00227645
0.00270062
0.00295168
0.00295168
0.00282936
0.00254453
0.00250292
0.00219956
0.00177473
0.00182499
0.00182499
0.00140359
0.00154403
0.00194305
0.00210972
0.00210972
0.00163730
0.00131524
0.00104865
0.00120692
0.00147929
0.00172341
0.00172341
0.00137749
0.00137749
0.00143018
0.00185587
0.00185587
0.00142346
0.00163068
0.00163068
0.00116548
0.00140344
0.00177283
0.00216251
0.00216251
0.00251802
0.00264185
0.00264185
0.00309290
0.00309290
0.00295179
0.00199592
0.00257120
0.00317571
0.00317571
0.00257990
0.00255525
0.00334291
0.00334291
0.00210672
0.00168793
0.00170421
0.00170421
0.00209601
0.00276868
0.00276868
0.00223463
0.00223463
0.00206139
0.00172928
0.00260632
0.00260632
0.00260078
0.00292869
0.00349721
0.00390098
0.00390098
0.00341166
0.00304967
0.00342453
0.00356855
0.00393366
0.00393366
0.00324972
0.00242330
0.00243644
0.00280047
0.00280047
0.00242068
0.00223208
0.00196773
0.00193665
0.00193665
0.00186287
0.00176935
0.00261597
0.00261597
0.00161841
0.00161841
0.00268201
0.00268201
0.00192698
0.00192698
0.00102520
0.00181601
0.00257911
0.00393456
0.00393456
0.00388623
0.00388623
0.00309574
0.00231465
0.00327977
0.00327977
0.00301852
0.00369620
0.00378915
0.00378915
0.00350956
0.00304492
0.00230973
0.00265205
0.00319497
0.00319497
0.00253004
0.00222204
0.00222769
0.00257303
0.00257303
0.00213872
0.00233158
0.00233158
0.00210783
0.00242758
0.00327789
0.00406149
0.00406149
0.00323671
0.00237246
0.00205451
0.00264201
0.00334014
0.00334014
0.00279823
0.00279823
0.00239395
0.00240450
0.00240450
0.00197849
0.00118019
0.00142898
0.00142898
0.00131022
0.00221643
0.00221643
0.00208000
0.00208000
0.00207206
0.00207206
0.00246899
0.00246899
0.00208153
0.00153081
0.00162261
0.00278339
0.00278339
0.00261891
0.00242392
0.00344694
0.00444798
0.00444798
0.00361924
0.00247354
0.00208524
0.00212894
0.00249249
0.00249249
0.00267581
0.00341614
0.00341614
0.00287429
0.00218064
0.00243380
0.00243380
0.00260297
0.00362776
0.00503600
0.00503600
0.00480326
0.00480326
0.00409422
0.00409422
0.00402622
0.00415825
0.00415825
0.00268140
0.00250352
0.00313520
0.00352528
0.00352528
0.00369476
0.00369476
0.00301008
0.00240220
0.00196407
0.00211795
0.00211795
0.00272577
0.00328705
0.00328705
0.00257400
0.00191565
0.00181949
0.00253596
0.00267700
0.00339635
0.00339635
0.00249749
0.00202154
0.00322083
0.00322083
0.00222762
0.00180957
0.00180957
0.00191819
0.00275858
0.00276653
0.00276653
0.00258695
0.00245568
0.00203267
0.00256151
0.00313517
0.00392722
0.00392722
0.00389182
0.00338900
0.00306743
0.00383448
0.00383448
0.00325998
0.00325998
0.00312079
0.00312079
0.00301995
0.00316369
0.00460728
0.00460728
0.00402606
0.00345344
0.00258279
0.00335938
0.00484992
0.00484992
0.00452721
0.00432157
0.00277036
0.00247512
0.00285968
0.00285968
0.00251537
0.00231981
0.00259580
0.00326137
0.00326137
0.00371119
0.00409508
0.00409508
0.00348014
0.00341143
0.00369039
0.00369039
0.00346375
0.00233898
0.00265762
0.00295277
0.00295277
0.00177269
0.00257290
0.00297589
0.00340859
0.00340859
0.00283818
0.00294503
0.00363122
0.00363122
0.00370508
0.00370508
0.00244504
0.00359580
0.00448020
0.00448020
0.00380310
0.00258911
0.00321252
0.00321252
0.00348514
0.00400424
0.00400424
0.00272966
0.00341290
0.00341290
0.00388369
0.00432066
0.00432066
0.00352454
0.00412195
0.00412195
0.00300985
0.00332138
0.00449334
0.00449334
0.00315673
0.00294182
0.00311769
0.00418231
0.00418231
0.00308582
0.00406941
0.00406941
0.00386106
0.00442703
0.00442703
0.00350255
0.00330771
0.00431954
0.00431954
0.00439485
0.00439485
0.00360239
0.00251744
0.00282077
0.00430295
0.00430295
0.00340310
0.00308799
0.00308799
0.00268314
0.00259414
0.00276005
0.00386828
0.00386828
0.00341678
0.00341678
0.00257270
0.00241802
0.00241802
0.00261673
0.00373107
0.00491806
0.00491806
0.00482134
0.00389999
0.00317279
0.00317279
0.00288736
0.00288736
0.00289988
0.00418320
0.00418320
0.00400411
0.00400411
0.00314041
0.00314041
0.00212564
0.00266150
0.00266150
0.00314931
0.00314931
0.00234712
0.00292795
0.00422700
0.00474434
0.00474434
0.00321753
0.00316202
0.00439258
0.00439258
0.00326255
0.00240894
0.00250439
0.00336252
0.00395608
0.00459760
0.00459760
0.00434712
0.00444032
0.00444032
0.00508033
0.00508033
0.00458504
0.00361894
0.00346460
0.00429941
0.00429941
0.00401320
0.00350316
0.00235913
0.00326475
0.00329788
0.00329788
0.00268256
0.00365362
0.00467317
0.00467317
0.00368833
0.00368833
0.00349303
0.00349303
0.00298306
0.00311463
0.00311463
0.00250514
0.00325578
0.00325578
0.00416191
0.00416191
0.00374291
0.00326217
0.00265803
0.00253164
0.00277832
0.00290161
0.00369466
0.00447741
0.00447741
0.00413159
0.00285316
0.00303849
0.00303849
0.00289507
0.00285900
0.00484418
0.00484418
0.00310337
0.00345415
0.00373949
0.00373949
0.00368103
0.00319850
0.00430169
0.00430169
0.00297783
0.00266792
0.00285510
0.00285510
0.00416125
0.00416125
0.00439000
0.00526018
0.00526018
0.00355259
0.00232341
0.00295799
0.00343263
0.00424755
0.00520519
0.00524916
0.00534579
0.00534579
0.00456769
0.00459188
0.00459188
0.00324284
0.00354773
0.00354773
0.00324775
0.00327794
0.00327794
0.00299086
0.00299086
0.00434248
0.00434248
0.00291944
0.00407836
0.00407836
0.00415510
0.00521683
0.00521683
0.00520302
0.00411021
0.00440908
0.00440908
0.00306244
0.00323313
0.00478578
0.00478578
0.00450412
0.00445454
0.00370119
0.00370119
0.00462252
0.00462252
0.00371170
0.00291554
0.00257914
0.00250623
0.00260930
0.00338281
0.00458865
0.00458865
0.00432564
0.00348987
0.00290812
0.00217598
0.00354145
0.00354145
0.00228935
0.00351920
0.00351920
0.00313564
0.00452070
0.00452070
0.00301316
0.00440642
0.00569482
0.00569482
0.00453999
0.00286265
0.00286265
0.00268517
0.00343957
0.00343957
0.00382235
0.00476347
0.00540494
0.00568416
0.00568416
0.00420450
0.00296640
0.00274363
0.00390478
0.00534587
0.00534587
0.00412206
0.00262692
0.00310657
0.00485224
0.00646169
0.00646169
0.00573213
0.00503779
0.00503779
0.00498790
0.00430566
0.00373451
0.00240866
0.00333532
0.00351982
0.00351982
0.00388268
0.00397604
0.00485263
0.00485263
0.00358031
0.00406951
0.00406951
0.00272731
0.00221677
0.00289661
0.00289661
0.00380260
0.00458017
0.00552101
0.00555562
0.00555562
0.00383009
0.00349923
0.00499205
0.00585481
0.00585481
0.00645557
0.00645557
0.00553832
0.00473783
0.00473783
0.00473167
0.00369305
0.00235541
0.00344851
0.00500610
0.00500610
0.00392355
0.00338549
0.00435111
0.00488469
0.00639064
0.00639064
0.00624071
0.00601776
0.00601776
0.00475811
0.00351431
0.00447078
0.00447078
0.00426904
0.00506328
0.00506328
0.00468484
0.00405235
0.00389104
0.00580523
0.00580523
0.00386717
0.00429329
0.00565380
0.00588541
0.00588541
0.00406655
0.00486196
0.00502181
0.00502181
0.00379288
0.00379288
0.00320177
0.00324464
0.00398052
0.00398052
0.00462810
0.00462810
0.00334448
0.00492259
0.00492259
0.00463053
0.00637438
0.00764294
0.00764294
0.00515100
0.00318888
0.00528249
0.00636731
0.00636731
0.00610506
0.00368416
0.00533174
0.00533174
0.00500352
0.00364148
0.00432289
0.00529778
0.00553785
0.00684217
0.00684217
0.00529667
0.00432113
0.00479898
0.00518916
0.00614256
0.00614256
0.00515207
0.00513561
0.00513561
0.00444922
0.00444922
0.00362978
0.00582320
0.00582320
0.00461162
0.00303160
0.00304900
0.00304900
0.00329752
0.00450422
0.00450422
0.00430917
0.00392869
0.00590653
0.00590653
0.00270759
0.00309050
0.00534724
0.00534724
0.00538827
0.00579211
0.00579211
0.00458702
0.00598053
0.00598053
0.00374424
0.00373705
0.00556516
0.00617816
0.00617816
0.00482765
0.00378056
0.00556564
0.00648552
0.00648552
0.00602869
0.00602869
0.00424862
0.00344723
0.00581619
0.00581619
0.00519896
0.00338971
0.00331251
0.00331251
0.00445693
0.00445693
0.00649022
0.00649022
0.00537521
0.00316007
0.00436936
0.00436936
0.00496518
0.00700449
0.00700449
0.00573858
0.00573858
0.00445947
0.00324735
0.00457886
0.00518051
0.00518051
0.00670873
0.00670873
0.00421783
0.00357569
0.00527219
0.00527219
0.00383149
0.00228197
0.00292423
0.00338955
0.00430142
0.00476292
0.00476292
0.00427005
0.00460080
0.00499974
0.00499974
0.00492559
0.00561754
0.00561754
0.00459276
0.00325067
0.00336980
0.00336980
0.00327790
0.00530413
0.00578335
0.00578335
0.00464209
0.00321389
0.00387917
0.00452806
0.00502143
0.00502143
0.00612381
0.00612381
0.00493679
0.00318392
0.00496172
0.00587506
0.00589114
0.00589114
0.00515361
0.00523798
0.00727823
0.00727823
0.00492764
0.00611524
0.00611524
0.00550186
0.00514398
0.00496111
0.00625417
0.00659167
0.00659167
0.00606182
0.00559495
0.00734251
0.00734251
0.00565407
0.00470931
0.00665934
0.00665934
0.00571846
0.00571846
0.00648882
0.00648882
0.00575334
0.00686350
0.00686350
0.00746492
0.00746492
0.00528665
0.00466466
0.00496037
0.00514105
0.00690028
0.00690028
0.00514061
0.00668076
0.00714194
0.00714194
0.00499470
0.00499470
0.00565164
0.00759757
0.00759757
0.00584917
0.00584917
0.00768793
0.00768793
0.00647868
0.00760733
0.00760733
0.00730138
0.00719050
0.00598654
0.00530224
0.00637313
0.00637313
0.00690754
0.00759724
0.00759724
0.00651671
0.00639890
0.00639890
0.00666413
0.00750624
0.00750624
0.00720605
0.00619857
0.00535149
0.00585094
0.00585094
0.00554246
0.00476078
0.00655911
0.00655911
0.00606480
0.00527306
0.00527306
0.00619694
0.00619694
0.00546940
0.00556726
0.00556726
0.00730185
0.00730185
0.00556958
0.00624923
0.00624923
0.00608944
0.00338569
0.00585914
0.00702021
0.00702021
0.00606468
0.00715785
0.00715785
0.00548018
0.00546076
0.00668557
0.00668557
0.00645332
0.00645332
0.00572930
0.00711756
0.00711756
0.00754791
0.00754791
0.00532468
0.00538776
0.00548742
0.00592462
0.00660255
0.00660255
0.00521829
0.00540018
0.00540018
0.00569239
0.00601313
0.00601313
0.00751636
0.00751636
0.00674852
0.00646109
0.00468018
0.00612308
0.00612308
0.00542932
0.00496971
0.00695786
0.00695786
0.00640638
0.00512929
0.00540234
0.00681217
0.00681217
0.00429925
0.00547305
0.00547305
0.00602687
0.00615207
0.00615207
0.00704200
0.00704200
0.00641318
0.00625944
0.00626007
0.00626007
0.00795778
0.00795778
0.00550502
0.00450666
0.00663883
0.00663883
0.00622945
0.00729138
0.00729138
0.00500971
0.00492259
0.00694468
0.00694468
0.00559479
0.00518353
0.00518353
0.00481407
0.00543107
0.00588464
0.00588464
0.00500516
0.00642258
0.00669572
0.00669572
0.00511182
0.00511182
0.00571316
0.00612545
0.00612545
0.00551454
0.00551454
0.00467489
0.00560738
0.00560738
0.00764833
0.00764833
0.00595489
0.00560061
0.00499416
0.00624970
0.00624970
0.00578863
0.00578863
0.00638202
0.00638202
0.00506871
0.00270258
0.00509009
0.00509009
0.00291990
0.00544574
0.00623871
0.00728353
0.00728353
0.00668871
0.00700804
0.00700804
0.00651359
0.00541870
0.00440493
0.00440493
0.00506118
0.00719243
0.00719243
0.00626665
0.00567986
0.00567986
0.00533996
0.00483910
0.00630710
0.00630710
0.00703282
0.00703817
0.00703817
0.00587046
0.00587046
0.00734395
0.00734395
0.00684163
0.00633334
0.00633334
0.00624164
0.00624164
0.00550524
0.00476753
0.00476753
0.00455563
0.00732971
0.00732971
0.00536935
0.00516169
0.00516169
0.00507008
0.00262364
