0.00000000
0.00009001
0.00009001
0.00009038
0.00009038
0.00008580
0.00016539
0.00020308
0.00020308
0.00023247
0.00023247
0.00021937
0.00019107
0.00016317
0.00016317
0.00022711
0.00041667
0.00041667
0.00028516
0.00000000
0.00031049
0.00031049
0.00033263
0.00033263
0.00025803
0.00017415
0.00020612
0.00026816
0.00026816
0.00025583
0.00029565
0.00029565
0.00012583
0.00019290
0.00019290
0.00027372
0.00027372
0.00030091
0.00036133
0.00036133
0.00031166
0.00025014
0.00020890
0.00023895
0.00023895
0.00040254
0.00052739
0.00052739
0.00043885
0.00022313
0.00019930
0.00050348
0.00050348
0.00031074
0.00017032
0.00022869
0.00031781
0.00044266
0.00079462
0.00082134
0.00082134
0.00057812
0.00032547
0.00023105
0.00048814
0.00048814
0.00047159
0.00023204
0.00008576
0.00021255
0.00039372
0.00056628
0.00056628
0.00036834
0.00015392
0.00038143
0.00038143
0.00023927
0.00018198
0.00021325
0.00021325
0.00045485
0.00063143
0.00063143
0.00061656
0.00043427
0.00031852
0.00020505
0.00021085
0.00040268
0.00053173
0.00053173
0.00060594
0.00070848
0.00070848
0.00042271
0.00042289
0.00042289
0.00026213
0.00014487
0.00012600
0.00019846
0.00020176
0.00020176
0.00017606
0.00029874
0.00040903
0.00040903
0.00030052
0.00014764
0.00017312
0.00017312
0.00017431
0.00017431
0.00032999
0.00032999
0.00012357
0.00017267
0.00027025
0.00052978
0.00052978
0.00029989
0.00019351
0.00019351
0.00010759
0.00015245
0.00015245
0.00014894
0.00021278
0.00030446
0.00030446
0.00027132
0.00027132
0.00030414
0.00030414
0.00018801
0.00018801
0.00030286
0.00030286
0.00031419
0.00047090
0.00047090
0.00022944
0.00016491
0.00022374
0.00022374
0.00015068
0.00016326
0.00016326
0.00027251
0.00027251
0.00022234
0.00028174
0.00048079
0.00061265
0.00061265
0.00046076
0.00024195
0.00019118
0.00015125
0.00018632
0.00018632
0.00005663
0.00000000
0.00000000
0.00027200
0.00000000
0.00000000
0.00000000
0.00027200
0.00014771
0.00000000
0.00000000
0.00013458
0.00036758
0.00049736
0.00049736
0.00023888
0.00015337
0.00015337
0.00014854
0.00014854
0.00024004
0.00037297
0.00037297
0.00027390
0.00014906
0.00022630
0.00023237
0.00025885
0.00025885
0.00014243
0.00019014
0.00014618
0.00020090
0.00020090
0.00019714
0.00019749
0.00026703
0.00026703
0.00018803
0.00013855
0.00021407
0.00021407
0.00012196
0.00012613
0.00023585
0.00023585
0.00023181
0.00034042
0.00051429
0.00067375
0.00067375
0.00052297
0.00024622
0.00012642
0.00026893
0.00026893
0.00019143
0.00016849
0.00012392
0.00012392
0.00011542
0.00011148
0.00009685
0.00017832
0.00017832
0.00023196
0.00026420
0.00026420
0.00017706
0.00015869
0.00020508
0.00029833
0.00029833
0.00016032
0.00016032
0.00013050
0.00015758
0.00021833
0.00023773
0.00023773
0.00015213
0.00017294
0.00018446
0.00018446
0.00019841
0.00028411
0.00028411
0.00025770
0.00015901
0.00015901
0.00009727
0.00009805
0.00022972
0.00024903
0.00024903
0.00021439
0.00012042
0.00012042
0.00013264
0.00013711
0.00013711
0.00011920
0.00013267
0.00022296
0.00031150
0.00031150
0.00028238
0.00026332
0.00026332
0.00020863
0.00014648
0.00024770
0.00026160
0.00026160
0.00039395
0.00039395
0.00015092
0.00014007
0.00014446
0.00014446
0.00016576
0.00016576
0.00012937
0.00013255
0.00017647
0.00017647
0.00014406
0.00024064
0.00024064
0.00023555
0.00011616
0.00005743
0.00007406
0.00012380
0.00018793
0.00027207
0.00027207
0.00022648
0.00022648
0.00016109
0.00008068
0.00024827
0.00024827
0.00024575
0.00018565
0.00014245
0.00014245
0.00016818
0.00016818
0.00012079
0.00012152
0.00024765
0.00024765
0.00021244
