0.00002548
0.00002762
0.00006885
0.00009150
0.00009150
0.00018513
0.00093555
0.00093555
0.00000000
0.00001446
0.00010328
0.00010328
0.00007171
0.00013127
0.00013127
0.00013012
0.00011966
0.00010948
0.00010948
0.00011335
0.00011335
0.00065605
0.00065605
0.00000000
0.00000000
0.00000000
0.00000000
0.00002020
0.00191607
0.00191607
0.00204543
0.00204543
0.00000000
0.00000000
0.00155159
0.00155159
0.00000000
0.00000000
0.00030599
0.00164911
0.00164911
0.00002721
0.00008861
0.00008861
0.00002721
0.00206314
0.00206314
0.00244148
0.00244148
0.00307359
0.00307359
0.00223360
0.00223360
0.00061830
0.00321451
0.00321451
0.00188450
0.00021450
0.00000000
0.00000000
0.00000000
0.00003843
0.00003843
0.00003745
0.00000000
0.00000000
0.00000000
0.00000000
0.00024909
0.00061342
0.00061342
0.00029333
0.00024909
0.00004439
0.00005425
0.00005425
0.00004623
0.00004623
0.00007237
0.00009257
0.00009257
0.00027755
0.00151039
0.00151039
0.00010804
0.00011390
0.00195901
0.00195901
0.00001500
0.00001500
0.00007336
0.00009340
0.00181233
0.00181233
0.00006079
0.00009340
0.00091140
0.00091140
0.00006688
0.00000000
0.00000000
0.00000000
0.00024823
0.00034935
0.00187120
0.00207490
0.00207490
0.00182901
0.00182901
0.00015557
0.00123173
0.00170571
0.00170571
0.00010538
0.00019603
0.00018230
0.00001120
0.00000000
0.00000000
0.00005825
0.00015129
0.00038326
0.00038326
0.00034690
0.00010109
0.00086244
0.00086244
0.00017244
0.00029162
0.00029162
0.00011430
0.00011430
0.00011012
0.00008028
0.00000000
0.00052888
0.00064273
0.00064273
0.00009471
0.00009471
0.00008744
0.00009449
0.00012557
0.00012557
0.00050558
0.00050558
0.00003649
0.00005825
0.00004076
0.00004076
0.00024273
0.00097572
0.00097572
0.00000000
0.00009403
0.00008725
0.00018629
0.00254417
0.00254417
0.00022656
0.00175222
0.00175222
0.00040808
0.00040808
0.00009253
0.00000000
0.00000000
0.00034935
0.00015557
0.00000000
0.00000000
0.00006630
0.00014181
0.00014181
0.00000000
0.00000000
0.00013439
0.00002945
0.00002945
0.00131461
0.00131461
0.00005814
0.00011268
0.00011268
0.00015344
0.00015344
0.00011537
0.00006616
0.00021498
0.00021498
0.00021201
0.00009315
0.00016114
0.00016114
0.00015766
0.00030622
0.00030622
0.00003323
0.00000000
0.00018488
0.00000000
0.00137329
0.00137329
0.00007476
0.00010516
0.00003264
0.00010066
0.00010066
0.00008275
0.00019067
0.00287420
0.00287420
0.00266873
0.00028322
0.00000000
0.00000000
0.00000000
0.00017324
0.00228994
0.00228994
0.00031421
0.00000000
0.00000000
0.00001126
0.00080901
0.00080901
0.00000790
0.00001432
0.00123020
0.00123020
0.00011634
0.00060659
0.00060659
0.00008655
0.00019484
0.00019484
0.00007359
0.00018085
0.00018085
0.00026027
0.00047778
0.00047778
0.00026027
0.00017508
0.00017508
0.00008401
0.00019063
0.00019063
0.00021495
0.00178798
0.00178798
0.00000000
0.00008281
0.00195646
0.00195646
0.00003401
0.00000000
0.00023461
0.00022235
0.00359172
0.00359172
0.00047208
0.00158038
0.00158038
0.00011921
0.00010924
0.00010924
0.00006972
0.00006972
0.00061836
0.00061836
0.00114919
0.00114919
0.00010843
0.00005901
0.00013837
0.00020313
0.00020313
0.00006558
0.00015067
0.00015067
0.00000000
0.00110117
0.00110117
0.00046004
0.00067529
0.00067529
0.00004369
0.00005789
0.00010116
0.00014019
0.00014019
0.00014231
0.00029543
0.00031741
0.00031741
0.00014601
0.00000748
0.00000000
0.00022652
0.00001614
0.00154281
0.00154281
0.00268681
0.00268681
0.00142049
0.00166086
0.00166086
0.00002366
0.00004973
0.00004973
0.00021349
0.00005173
0.00000000
0.00021349
0.00007156
0.00013337
0.00013337
0.00013726
0.00018989
0.00005647
0.00029085
0.00009690
0.00000000
0.00000000
0.00006103
0.00006103
0.00018894
0.00018894
0.00013266
0.00158024
0.00158024
0.00003937
0.00003937
0.00017817
0.00017982
0.00017982
0.00012281
0.00009780
0.00017804
0.00017804
0.00012089
0.00006125
0.00013528
0.00114042
0.00114042
0.00065060
0.00065060
0.00005518
0.00045211
0.00045211
0.00015793
0.00009931
0.00015319
0.00022300
0.00022300
0.00049544
0.00107153
0.00107153
0.00016659
0.00016659
0.00015733
0.00015733
0.00005464
0.00012035
0.00039529
0.00039529
0.00009459
0.00009459
0.00135977
0.00135977
0.00006466
0.00014001
0.00014139
0.00014139
0.00003677
0.00047519
0.00047519
0.00005745
0.00008804
0.00010575
0.00010575
0.00006289
0.00008707
0.00138915
0.00138915
0.00008707
0.00180376
0.00180376
0.00022060
0.00008524
0.00008524
0.00007203
0.00011664
0.00011664
0.00010579
0.00010579
0.00010151
0.00010539
0.00010539
0.00046189
0.00046189
0.00015511
0.00015511
0.00009971
0.00013663
0.00013663
0.00006061
0.00007668
0.00007668
0.00216511
0.00216511
0.00041904
0.00041904
0.00010697
0.00000000
0.00000000
0.00017382
0.00004296
0.00003482
0.00013223
0.00014104
0.00014104
0.00018227
0.00020603
0.00020603
0.00009954
0.00010750
0.00012869
0.00012869
0.00012512
0.00007286
0.00010876
0.00010876
0.00008558
0.00008558
0.00012967
0.00012967
0.00012658
0.00005399
0.00136237
0.00167149
0.00167149
0.00010482
0.00006603
0.00006603
0.00011863
0.00004379
0.00006941
0.00012077
0.00190825
0.00190825
0.00163153
0.00083118
0.00083118
0.00002420
0.00009405
0.00014083
0.00014083
0.00012976
0.00051629
0.00051629
0.00004749
0.00003147
0.00000000
0.00000000
0.00000000
0.00015481
0.00000000
0.00000000
0.00001805
0.00009964
0.00011863
0.00018853
0.00018853
0.00018516
0.00007382
0.00007382
0.00078111
0.00078111
0.00013450
0.00013450
0.00018791
0.00018791
0.00011316
0.00009572
0.00009572
0.00000483
0.00010902
0.00007068
0.00005399
0.00013593
0.00165841
0.00165841
0.00004265
0.00011800
0.00011800
0.00006442
0.00006442
0.00010364
0.00005659
0.00014011
0.00010568
0.00117480
0.00117480
0.00023815
0.00023815
0.00007322
0.00012186
0.00076219
0.00076219
0.00000000
0.00000000
0.00000000
0.00009233
0.00015616
0.00015616
0.00011037
0.00004755
0.00000000
0.00003335
0.00077984
0.00077984
0.00012085
0.00014009
0.00005205
0.00005205
0.00008065
0.00015930
0.00006735
0.00060121
0.00060121
0.00009616
0.00018204
0.00000000
0.00090210
0.00090210
0.00004514
0.00000365
0.00000365
0.00000507
0.00014009
0.00015930
0.00000000
0.00000654
0.00000654
0.00007695
0.00042838
0.00042838
0.00022009
0.00217162
0.00217162
0.00007873
0.00007780
0.00007780
0.00024855
0.00024855
0.00004449
0.00055142
0.00055142
0.00001311
0.00000000
0.00003109
0.00065289
0.00065289
0.00006400
0.00001427
0.00004296
0.00006127
0.00006127
0.00004685
0.00054876
0.00054876
0.00003812
0.00140555
0.00177548
0.00177548
0.00082568
0.00129243
0.00129243
0.00096075
0.00096075
0.00148832
0.00148832
0.00011544
0.00005228
0.00001072
0.00043894
0.00043894
0.00001072
0.00003981
0.00006122
0.00059810
0.00059810
0.00022627
0.00007176
0.00000000
0.00000967
0.00004109
0.00004109
0.00005259
0.00005259
0.00003014
0.00003608
0.00003608
0.00002697
0.00003833
0.00007256
0.00009718
0.00009718
0.00007169
0.00005589
0.00159714
0.00159714
0.00098377
0.00098377
0.00067287
0.00143732
0.00143732
0.00009345
0.00067609
0.00107157
0.00107157
0.00051148
0.00051148
0.00006811
0.00005101
0.00011563
0.00011563
0.00008788
0.00036046
0.00036046
0.00000000
0.00004361
0.00010025
0.00190559
0.00190559
0.00164802
0.00292525
0.00292525
0.00225014
0.00016560
0.00009328
0.00219331
0.00246236
0.00246236
0.00261530
0.00263288
0.00263288
0.00261241
0.00261241
0.00188169
0.00197288
0.00197288
0.00012619
0.00002216
0.00018702
0.00000122
0.00008289
0.00144008
0.00154622
0.00154622
0.00000686
0.00007882
0.00000000
0.00007882
0.00005303
0.00130543
0.00130543
0.00007863
0.00009567
0.00155745
0.00155745
0.00005190
0.00005190
0.00004632
0.00000000
0.00000000
0.00002334
0.00008829
0.00011852
0.00002736
0.00012618
0.00102942
0.00102942
0.00145154
0.00145154
0.00006913
0.00003797
0.00003915
0.00007392
0.00027263
0.00027263
0.00008284
0.00008284
0.00008068
0.00107182
0.00107182
0.00054810
0.00054810
0.00172072
0.00172072
0.00009506
0.00044123
0.00157355
0.00157355
0.00004859
0.00001166
0.00129141
0.00129141
0.00011564
0.00017098
0.00077472
0.00077472
0.00000995
0.00000000
0.00000000
0.00093270
0.00093270
0.00013352
0.00010680
0.00023189
0.00057560
0.00057560
0.00008571
0.00205112
0.00205112
0.00032844
0.00006798
0.00083503
0.00129019
0.00129019
0.00022955
0.00015325
0.00020789
0.00014765
0.00007169
0.00001290
0.00000000
0.00000000
0.00261786
0.00261786
0.00222757
0.00222757
0.00029128
0.00044023
0.00025749
0.00002608
0.00063732
0.00063732
0.00003785
0.00014703
0.00015909
0.00008406
0.00015161
0.00006779
0.00050751
0.00189072
0.00404323
0.00404323
0.00028006
0.00046604
0.00046604
0.00020041
0.00020041
0.00004308
0.00276766
0.00430058
0.00430058
0.00060420
0.00024570
0.00000000
0.00015080
0.00142495
0.00142495
0.00015080
0.00000000
0.00004971
0.00011856
0.00011856
0.00027493
0.00027493
0.00006261
0.00014668
0.00014668
0.00007685
0.00007748
0.00018492
0.00029454
0.00007828
0.00000000
0.00012242
0.00012242
0.00046266
0.00046266
0.00029454
0.00155709
0.00155709
0.00000000
0.00004247
0.00012610
0.00013884
0.00013884
0.00006974
0.00031507
0.00000900
0.00013577
0.00208982
0.00208982
0.00208509
0.00208509
0.00134141
0.00134141
0.00021099
0.00000000
0.00000000
0.00002331
0.00010025
0.00003147
0.00006870
0.00006870
0.00004653
0.00004653
0.00000000
0.00000000
0.00014478
0.00211913
0.00211913
0.00101642
0.00007160
0.00000000
0.00000000
0.00000000
0.00000868
0.00259099
0.00259099
0.00021729
0.00172452
0.00172452
0.00114777
0.00000000
0.00000000
0.00000000
0.00143699
0.00143699
0.00008590
0.00000000
0.00146687
0.00146687
0.00001540
0.00005061
0.00011021
0.00008490
0.00011021
0.00005615
0.00000000
0.00000000
0.00147212
0.00147212
0.00000685
0.00000000
0.00000286
0.00007993
0.00007993
0.00000000
0.00000753
0.00000000
0.00000000
0.00000000
0.00008790
0.00093788
0.00137377
0.00137377
0.00010746
0.00001484
0.00000000
0.00003433
0.00007199
0.00188095
0.00188095
0.00008332
0.00026413
0.00017836
0.00007011
0.00003483
0.00019810
0.00019810
0.00011546
0.00003573
0.00153352
0.00153352
0.00022946
0.00022946
0.00006099
0.00000000
0.00004994
0.00012124
0.00012124
0.00013886
0.00013886
0.00006723
0.00011352
0.00034716
0.00034716
0.00149778
0.00149778
0.00121216
0.00206553
0.00206553
0.00144732
0.00144732
0.00030255
0.00030255
0.00198688
0.00198688
0.00114997
0.00114997
0.00026272
0.00016035
0.00116457
0.00116457
0.00001318
0.00013973
0.00002629
0.00009429
0.00009429
0.00013994
0.00106778
0.00106778
0.00160686
0.00160686
0.00168741
0.00168741
0.00016395
0.00000000
0.00000000
0.00000000
0.00004425
0.00012474
0.00012474
0.00012503
0.00012503
0.00005896
0.00009540
0.00012079
0.00012079
0.00048044
0.00048044
0.00001387
0.00004318
0.00011510
0.00019254
0.00021250
0.00021250
0.00009429
0.00004724
0.00004998
0.00004998
0.00006027
0.00210487
0.00210487
0.00019017
0.00000866
0.00000866
0.00006841
0.00067339
0.00067339
0.00000000
0.00004912
0.00001095
0.00046982
0.00046982
0.00261588
0.00261588
0.00197621
0.00006841
0.00000000
0.00001381
0.00036520
0.00036520
0.00017468
0.00023426
0.00023426
0.00098145
0.00098145
0.00005677
0.00000000
0.00000000
0.00013190
0.00042575
0.00042575
0.00013190
0.00000000
0.00000000
0.00005421
0.00006966
0.00006966
0.00004527
0.00003720
0.00003017
