1.49998
2.21857
3.03446
2.91412
1.77391
1.71249
2.77842
3.02388
2.73434
3.00754
3.90730
4.05027
3.18633
2.98339
3.73085
4.25952
5.20339
5.30622
4.62322
4.11082
4.17918
4.22837
4.37936
4.74056
4.94577
5.65352
7.02793
7.88269
9.06135
9.33015
9.46564
9.64435
10.04416
10.60237
11.05357
11.76804
12.75561
13.37198
12.70469
12.81662
13.39773
13.95777
13.55601
13.08594
13.19530
13.87874
14.81427
14.81046
13.75619
13.76171
14.72986
14.92530
14.54864
14.31878
14.48735
14.83128
15.27449
14.83190
14.53481
13.66271
12.80227
12.29942
13.30517
13.98099
14.78764
15.19259
14.61302
14.35672
15.54039
15.75504
14.66607
14.01636
14.01585
13.79662
13.26404
12.69164
13.35970
13.25356
12.51744
12.80767
13.35674
12.87325
12.02830
11.47117
10.98484
10.12147
10.65261
11.16367
12.21218
13.08948
13.95080
14.34667
14.89572
15.30486
15.58255
16.21376
17.34949
18.17165
19.11654
19.00242
18.11252
17.62981
17.63028
17.27984
16.50091
16.66771
17.53461
17.70326
17.07352
17.18823
18.53855
18.23970
17.15399
16.58480
16.80519
17.25191
17.48952
17.87081
18.97102
19.71835
21.11635
21.58301
21.03063
21.62380
22.89602
23.00626
21.78272
21.85481
23.17020
22.97859
21.52301
20.66183
19.19824
18.37212
17.20961
16.57733
15.18249
14.61977
15.56373
15.71691
14.66527
15.14654
16.25894
16.47209
15.77699
15.12950
15.20362
15.00179
14.55466
13.85312
12.92823
12.39567
13.02586
12.82210
11.80126
11.99047
13.13487
13.35212
12.63460
12.44327
12.71022
12.14596
11.11149
10.57480
11.80153
11.61589
10.30432
9.82571
10.70711
11.08273
11.89960
11.55967
10.33790
10.98724
12.15981
12.83079
14.00711
14.60780
13.70912
13.28203
13.50704
13.90558
13.80371
14.05277
14.88114
14.13242
13.25671
13.23298
14.31126
14.83921
14.50548
13.73529
12.47069
12.82766
13.93864
14.38195
15.65310
16.14696
16.25721
15.88371
15.12256
15.17971
15.65111
16.11956
16.58538
16.53350
15.44948
14.67205
14.07383
14.38737
15.03916
15.41070
14.91704
15.26352
16.35102
16.24701
14.94575
14.38816
13.84819
14.15411
15.54789
15.52470
14.06680
13.96739
15.44362
16.21244
17.12772
16.52343
15.55668
15.77491
15.22925
15.17604
16.65815
16.88410
15.89365
15.60055
15.12072
15.72663
17.20568
17.67178
16.88705
16.57015
16.75171
15.87628
15.66659
15.32521
15.63200
16.16101
16.87072
17.30396
18.18353
18.82902
17.92793
17.69328
17.93927
18.31093
18.47192
19.02808
18.90431
18.67203
19.06324
19.33048
19.44854
20.21458
21.60343
21.57516
20.08241
19.98439
21.10733
21.97980
23.39666
23.13606
21.73292
21.34791
22.73422
23.39301
24.27591
24.28180
23.47657
22.73090
22.38532
21.57377
20.31113
19.53642
19.42153
19.37964
19.45527
20.13382
21.49116
21.13717
19.73831
19.08462
18.06066
17.32885
16.48586
16.33268
15.77672
15.72938
16.23922
16.68046
17.41731
18.15558
17.42100
17.68440
18.26093
18.29165
17.90871
18.56855
19.74516
19.92872
19.09083
19.21884
19.97973
20.61617
20.87803
21.03064
20.82609
20.33809
19.52507
19.19762
18.11857
18.23253
18.51616
18.07224
17.23548
17.88016
18.59702
18.95190
19.93927
19.77344
18.35521
17.54237
16.42057
15.93430
14.88018
14.61896
13.60419
13.06577
12.20048
11.50416
10.17761
9.87410
10.83205
11.15419
10.71260
10.81601
11.19603
11.63717
11.54706
11.66878
11.64019
12.16030
13.36698
13.84370
13.22864
13.15088
13.41720
13.42499
13.43978
12.89095
12.98943
12.53142
11.07531
10.21560
9.10624
8.31933
8.08267
7.40214
7.13383
7.05413
7.20860
7.79604
9.16491
9.54837
9.08149
9.01868
9.13945
9.31671
9.78672
10.14113
10.72624
11.34235
11.99880
12.79702
14.14287
15.00139
16.49243
17.37632
18.73437
19.28093
18.25464
18.05825
18.99486
18.93883
17.60623
16.97619
17.14579
17.55017
17.94151
17.28454
16.80651
16.56746
16.98233
16.18792
15.70484
15.37533
15.79881
15.41715
15.03805
14.95964
14.66931
14.99552
15.68093
16.17391
17.25905
17.04270
15.65838
14.84644
14.13444
13.40365
12.36997
11.98226
12.87726
13.51022
12.75188
12.29311
12.27070
12.48627
12.98787
13.75477
14.98515
15.80673
17.01852
17.91493
18.62182
19.32428
18.58928
18.00113
18.73204
19.31404
19.77167
20.15878
21.19706
21.60281
21.02860
20.79861
20.37401
20.53823
20.84161
21.57313
21.51723
21.46561
21.24802
20.89368
19.77844
19.72262
20.94043
20.50495
19.34028
18.62872
19.32985
19.64211
20.25205
19.49757
18.79286
18.40091
19.03163
19.39495
20.18483
20.52134
20.54978
21.40147
22.27380
23.09531
23.01022
23.22964
23.86985
23.51677
23.39409
24.21549
25.51247
25.62061
24.70643
23.96126
24.69964
24.60825
24.53100
25.42457
25.58391
25.94106
27.00126
26.92701
25.64993
24.75478
23.72334
23.16325
22.86956
22.60298
22.31825
22.25658
22.19148
21.49435
20.85358
20.81959
21.52614
21.33878
21.20923
20.31858
20.45583
20.97217
21.58970
22.13535
22.27518
22.19952
21.70283
21.76976
22.56522
22.60421
21.25229
21.45077
22.90284
23.59585
23.33284
22.92777
22.80532
22.62443
22.57296
23.42855
24.81640
25.57319
26.36566
26.80838
27.78604
28.41327
28.60142
28.53409
28.08126
27.92668
27.47807
26.98151
27.26148
27.73231
27.92111
27.80749
27.48409
27.33179
26.74329
26.32561
25.72509
26.04608
26.67540
27.26845
27.89131
28.44687
29.28278
29.86430
29.82033
30.68611
30.92263
31.44603
32.62616
32.82128
32.13576
32.66576
33.01471
32.39479
31.76234
31.89026
32.35644
33.22942
33.71517
33.72277
33.00228
32.62095
32.35031
31.56426
31.12358
30.54700
30.50677
30.50709
30.73289
30.96636
31.32741
31.78465
31.49006
31.60655
32.07063
32.37803
32.95534
33.27876
33.75682
34.01967
34.62421
34.15237
33.04115
32.65511
32.90127
32.27090
30.83098
30.34074
30.68022
31.22527
30.94470
30.96513
31.55057
31.62553
30.89816
31.62388
32.23113
32.24262
33.32588
34.10152
33.33851
33.63170
33.86965
33.98971
34.44962
34.45368
34.22711
33.35934
32.50584
32.00860
30.58550
30.46737
31.76363
32.23812
31.94843
31.57230
31.08727
30.72111
29.83233
29.54431
29.49605
29.66656
30.28360
30.43905
29.79193
30.49762
31.17980
31.82109
32.90423
33.25789
32.97353
32.74391
31.81283
31.67527
32.52669
32.69598
32.21704
32.86856
34.04426
34.36977
33.32027
33.74373
35.19152
36.08298
37.44746
38.33692
39.62200
39.70304
38.57431
38.91310
39.94206
40.58837
41.69214
41.95065
40.85151
40.89282
41.89330
42.48684
43.57311
44.08231
44.35001
45.11968
46.24939
47.01772
48.17260
48.92232
48.78107
48.76776
48.70728
48.13216
46.70744
46.26005
46.55722
47.16210
47.50203
47.49400
46.79296
47.45241
48.19036
48.40274
49.26940
50.01348
49.14683
48.43458
48.19813
48.50121
49.68874
49.31207
48.14752
47.34622
46.02839
45.31828
44.52178
44.08805
44.87458
45.43716
46.65361
47.38329
48.69813
48.70957
47.92696
48.21761
48.73442
49.58917
49.10253
48.58321
47.85869
47.32958
46.39393
45.77570
44.98622
44.82239
45.18896
45.35926
45.61931
46.13472
47.24176
47.74810
48.78628
48.22614
47.15694
46.64150
45.33220
45.23783
46.57695
47.46443
48.69918
48.31237
47.15218
46.41895
45.09103
44.36603
42.91913
42.39206
42.28268
42.28865
42.70343
43.40445
43.03001
43.02775
43.52300
44.11781
43.70397
43.17654
42.15782
41.38793
41.15092
41.44585
42.70072
43.24930
43.58640
44.17481
44.61917
44.96293
45.49612
45.03236
43.87091
43.57101
44.73693
45.62398
46.05393
45.71680
45.20315
45.40613
45.82799
45.80154
45.33059
44.72157
43.85926
44.46333
45.30696
45.20544
44.89626
45.05107
45.85560
45.87559
45.10865
44.65594
44.12047
43.49041
42.47449
41.99687
41.91710
42.34603
43.37423
44.09573
45.44183
45.24292
43.87897
43.44465
44.80210
44.61938
43.13284
42.86175
44.06260
44.26650
43.29040
42.94620
42.62108
42.63953
43.42701
43.07935
41.61309
40.99598
40.85982
40.46920
39.76999
39.47383
40.53361
40.25250
39.58103
39.42395
39.43671
38.62202
38.71427
38.93510
39.51947
40.41236
41.22899
41.69795
42.62706
42.09662
40.75398
39.88234
38.64231
38.37807
39.71213
40.38489
40.56425
40.82729
41.11637
41.73324
42.95104
43.37195
42.13290
41.42167
40.51682
40.02539
38.96836
39.40012
40.55727
41.18270
41.73126
42.36448
43.56681
44.37591
45.73677
46.46471
47.28890
48.17052
48.84995
49.62882
49.63173
49.76355
49.98020
49.78977
49.16191
49.29022
50.16348
50.20990
49.46842
49.08957
48.76775
48.24851
47.13829
46.88890
47.78801
47.70738
47.88654
48.25125
48.30722
48.49723
49.40538
49.53790
48.97647
48.65561
48.79139
48.06191
46.65977
46.11047
46.13534
46.46582
47.14906
48.02232
47.85965
47.63085
47.49318
46.84343
46.09621
46.39457
47.33354
46.75108
45.72137
45.24802
45.31568
45.02781
45.35595
45.36631
44.67715
44.51328
44.74070
44.67777
44.31609
44.22411
44.21115
44.54598
45.42068
46.23037
46.78217
46.53417
46.11909
45.39982
45.00564
45.59621
46.79456
47.28201
47.17622
47.23104
47.32877
47.28387
47.10070
47.16171
46.61127
45.90079
44.41138
43.55390
42.25623
41.93800
43.05735
43.51970
43.93434
44.61897
45.72751
46.20836
45.55065
45.15684
44.36666
43.99847
43.29624
43.79854
45.26997
45.94209
46.58064
46.12586
44.77379
44.41531
45.72554
46.09465
45.10697
44.60697
43.70191
43.59997
43.71872
42.90818
42.79941
42.57065
41.58272
41.48113
42.46433
42.48780
41.55176
41.24085
40.94714
41.29879
42.40847
42.81234
43.33219
43.41678
42.62219
43.34239
44.29427
44.50030
44.20886
44.87932
45.10851
45.04899
45.07766
44.90426
44.63842
44.30101
43.72228
43.58246
44.48170
45.06005
45.71505
45.61685
44.83287
43.93327
43.34541
43.09074
42.92583
42.24191
40.88553
41.09446
42.40284
42.77504
41.62930
41.21383
40.17135
39.71566
40.75645
41.60748
41.73826
42.07445
42.40513
42.18551
41.12567
41.29781
42.12774
42.86667
43.96742
44.65562
45.81845
46.68281
48.16104
49.05318
50.53510
50.69174
49.21388
48.50216
47.65659
47.03953
46.28839
45.92078
45.63264
45.96309
47.16980
47.86377
48.89219
49.20218
50.28359
50.32636
49.53471
49.76824
51.13371
51.80210
51.19182
51.06711
52.34860
53.14671
53.31761
52.92636
51.73801
51.53244
52.38965
53.05646
52.90919
53.28951
53.18755
53.28613
53.16623
53.64707
54.06657
53.47353
52.38787
52.24583
51.12544
51.09670
51.11822
50.31019
50.41128
50.17918
48.80159
48.37592
48.94646
49.14492
48.65282
48.95320
50.24496
50.53172
51.60464
52.46284
53.36507
53.91861
55.16003
55.43088
54.27283
54.55093
55.87240
56.49285
56.88533
56.28240
54.89329
54.62854
56.04778
56.54140
56.46692
56.10398
55.54929
56.15445
56.44415
55.69182
54.38097
54.08100
53.86898
53.96984
53.86371
52.98505
52.79299
52.92849
53.18059
53.91169
55.10399
55.63000
55.42456
56.20098
56.18829
56.67234
57.30606
57.97226
59.08214
59.80878
59.72607
59.60340
60.40171
61.02432
60.52635
60.02350
59.82692
59.39749
58.48539
58.21420
58.71189
58.58011
57.75232
57.55249
57.55559
57.96889
58.77279
59.60276
59.74695
59.35150
59.42034
59.20681
58.26256
57.52117
56.42526
56.84072
58.22347
57.80305
56.79524
56.20449
57.25321
57.97292
58.94227
58.67902
57.57637
57.17723
57.06691
57.66967
58.62326
59.32525
58.88513
58.29106
58.28616
58.00346
57.17737
57.39524
58.69956
59.19327
58.50514
58.01178
57.08028
57.82316
58.74406
59.22452
59.88418
60.56963
60.54804
60.29562
59.27890
58.67528
57.89016
57.74040
58.90578
58.33971
57.20867
56.95177
57.39479
57.87971
59.05429
59.86123
60.80086
61.38609
61.24977
60.93597
60.19158
59.32596
58.93641
59.15672
60.47020
61.24548
62.50870
63.28005
63.59347
63.80885
63.52706
64.29662
65.54525
65.25776
63.86342
62.99894
61.55187
60.89544
59.52325
58.95778
58.80540
58.41639
57.65082
56.85582
55.74692
55.33627
54.50743
53.80942
54.54868
54.91065
54.34507
53.87619
53.57444
52.85907
52.92632
53.15695
52.66879
51.88470
52.36769
53.13527
54.33650
55.03669
55.21585
54.77391
54.86078
53.98596
53.92150
54.05595
53.63394
52.77479
53.27975
53.03161
53.10875
53.01532
53.10321
53.40955
54.22849
54.33409
53.95215
53.39052
52.01091
51.64328
51.72789
51.39737
51.54621
51.01500
49.54328
48.71760
47.67247
47.66971
48.49106
48.27228
46.87903
46.53803
47.98156
48.55011
47.40206
47.17801
47.76925
47.29332
46.04619
45.98498
47.11214
47.97102
48.14577
48.52238
49.17237
48.90794
47.88244
47.75749
49.04210
48.49314
47.08764
46.42305
47.01333
47.19911
46.29349
45.68182
46.39586
47.01612
47.30326
47.15818
46.53139
47.16278
47.52219
47.92844
47.91487
48.68398
48.53232
48.18908
47.29557
46.57297
46.89877
47.37773
47.58562
47.73228
48.67590
49.54409
50.38177
50.86511
51.07608
50.77509
50.47216
50.69465
51.35486
51.70215
51.46851
51.49814
51.30596
51.01627
51.33059
50.92981
50.50667
50.54275
51.17052
51.86123
52.69447
53.24025
52.39162
51.50102
50.33375
49.82476
49.72835
49.76430
50.00861
50.15964
49.55893
48.95168
48.58976
48.53860
49.06021
49.00496
48.35851
48.83653
50.13351
50.90948
52.21346
52.93613
53.93505
54.43875
55.31393
55.36529
54.03830
53.87889
54.66421
55.44963
55.98967
56.58799
56.12516
55.66849
55.91343
56.30313
57.33856
57.78783
56.77871
56.50786
57.55960
58.32903
59.53445
59.13680
57.77369
56.89292
55.69101
55.20965
55.80720
55.21866
54.77006
54.50466
53.98626
53.48938
52.56806
51.80744
50.36428
50.17905
50.74891
50.15392
49.43807
49.32973
49.84713
50.71003
50.22432
49.58748
48.72391
48.48257
49.37674
50.21953
50.18523
50.17525
49.89658
49.14486
49.25755
49.43324
49.71431
49.20246
48.50954
47.63959
47.90155
47.72124
46.44509
45.91663
47.21977
48.08820
49.03934
49.46026
50.12310
50.18071
49.71673
48.89875
49.37457
49.40649
48.91902
49.13878
48.43713
48.63969
49.72280
50.23831
50.42315
49.56812
49.38526
48.92466
47.64896
46.83416
45.60296
44.77986
43.89746
43.33729
41.92379
41.94398
43.36925
43.46684
42.80689
42.23048
41.24280
40.59867
41.50713
42.11396
41.06138
41.10448
41.77958
42.29327
43.72360
43.53971
42.10023
41.99602
43.44632
43.30028
42.60251
42.82817
43.44621
43.68991
43.74619
43.44217
42.25801
41.92852
42.36450
43.21712
43.94834
44.36198
44.09385
44.01701
44.80976
45.09079
44.95407
45.42875
46.48224
46.68167
46.86225
46.47428
46.37848
46.38214
46.48400
46.52641
47.28991
47.50569
47.69603
47.59945
47.74291
47.74788
47.49564
47.27631
47.54077
47.74917
48.10894
48.26643
48.11184
47.93385
48.73942
49.63842
49.80103
49.04480
48.72108
48.05635
47.56331
47.49014
47.58734
47.53049
46.80339
47.42777
48.23259
48.28418
47.29384
46.46013
45.65238
45.66405
44.53180
44.24622
43.32099
42.46909
41.83068
41.40432
40.82743
40.50704
40.26805
40.43337
39.53490
39.62729
40.30452
39.45012
38.79722
38.93644
40.39831
40.69233
39.77394
38.95471
37.50967
36.62658
35.48602
35.55481
35.87679
36.09007
35.71356
36.35186
36.64000
36.02909
34.76227
34.47381
35.37026
35.75584
36.09726
36.86073
38.31817
39.13773
40.38495
40.64390
39.36014
38.68155
37.48562
37.90059
39.37261
40.22043
41.47439
42.02049
43.03916
43.15760
42.54531
41.65312
40.83973
40.47168
41.29857
41.97583
43.42880
44.00277
44.08985
43.21978
42.96136
42.73998
42.18113
42.76173
43.88103
43.71195
42.68391
41.96829
41.49261
40.87167
40.07121
39.26809
40.10642
40.26158
39.26634
38.90039
39.37792
39.11924
37.71150
37.43479
38.19339
38.72537
39.99080
39.99746
38.63528
38.90275
40.32410
40.78954
42.02691
41.96577
40.53168
40.20189
38.99723
39.10321
40.30049
40.85404
42.00534
41.80760
40.98791
40.15779
38.84979
39.02675
39.98533
40.47446
40.90580
41.58808
42.37802
42.71225
42.27691
42.16827
42.24727
42.67932
42.86318
42.78287
42.04201
42.08646
42.97920
42.80221
41.69892
40.86227
40.83907
40.61811
40.71830
41.37572
42.55518
43.36078
43.92448
43.38757
41.96166
41.70750
42.34876
43.19076
42.61470
42.55422
44.03762
44.58674
44.29027
44.27510
44.52902
43.91670
42.94915
42.19550
40.82819
40.14414
39.33652
39.09300
39.88839
40.54052
39.79893
39.22711
38.18363
37.29440
36.60549
37.19889
38.16248
37.98613
37.10233
36.40299
36.28459
36.68169
37.97932
38.53836
39.08463
39.55536
40.82153
40.96074
39.47112
38.57237
37.12554
36.80511
37.69524
37.33974
36.26910
35.52500
34.86006
35.15352
36.52075
36.67135
35.59592
35.86675
37.24755
37.53193
36.72734
36.19103
36.11419
36.48310
37.19658
37.68375
38.54315
38.83554
38.93291
39.35940
39.55673
40.31613
40.21948
40.13280
39.74003
40.31817
41.16284
41.28954
41.18307
41.35362
41.55377
41.62285
41.83381
41.07768
40.32877
39.47706
38.59027
38.59299
39.46314
39.90728
40.77869
40.75595
39.79029
39.69883
40.35707
40.71972
41.28493
41.35338
40.68100
41.43301
42.11790
42.44168
43.54954
44.22231
45.11784
45.76795
45.83857
44.94131
44.25322
43.62441
42.99109
43.06914
42.23994
42.82216
44.18322
43.94393
42.45692
42.03846
43.24426
43.89768
43.69557
43.11314
42.02841
41.84775
43.03766
43.81422
44.96272
44.57346
43.35689
42.82625
42.53979
42.81722
44.29960
45.01504
46.28848
46.48928
45.14656
44.43768
43.13586
43.39344
44.68114
45.21692
45.32019
46.01875
47.27721
47.67355
47.45527
46.90105
45.61449
44.79343
43.95736
43.45577
43.26232
43.10821
43.12395
43.21547
42.61200
42.80188
44.11052
44.59171
44.43218
44.35127
44.64698
43.90318
43.62422
42.76789
43.02900
43.08709
43.70407
42.91746
42.05877
41.39182
42.16856
41.52979
40.10969
40.45655
41.81056
42.31834
42.52944
42.49277
42.26465
41.36587
40.89788
41.12923
41.66948
42.45723
43.52832
44.42808
44.27318
44.15924
44.01254
43.76546
43.05384
42.62707
42.04691
42.81770
43.40406
43.40392
43.13315
42.57356
42.41969
42.32901
43.27947
43.30633
42.79487
41.97647
40.63312
39.90942
39.09492
38.53165
37.74949
37.32220
38.17371
37.73190
37.18043
36.52032
37.11149
36.45528
35.13167
35.48235
36.91558
37.43093
36.55498
35.81395
34.57312
33.84197
32.57666
32.28082
32.98849
32.75902
31.41932
31.77258
33.20656
34.10079
35.57707
36.39491
37.27340
37.41903
37.11437
36.26475
35.54759
34.76881
34.52061
34.36214
34.56336
34.29780
33.20726
33.69981
35.11354
34.96794
33.49552
32.76700
32.02721
32.13852
32.96820
33.80824
34.49869
34.59518
33.88440
33.50297
32.82161
32.43441
31.85034
31.38640
30.28733
30.71466
32.10378
32.96150
34.25187
34.98118
35.24623
34.90211
33.48841
33.50081
34.82436
34.83698
33.38036
32.68126
32.62588
32.77722
33.13185
33.42280
33.65156
33.58283
33.46125
32.73644
31.39175
31.32043
32.72245
33.58290
34.98904
35.74709
37.23720
37.34254
36.09703
35.29455
34.19233
34.58498
35.80796
36.25469
36.29377
35.65797
35.59062
35.38632
35.01855
34.40186
33.07837
32.49549
31.29208
30.77249
30.55821
29.92390
28.51280
28.75571
30.16432
30.76677
30.61841
30.64172
30.63848
30.61651
30.36455
29.96692
28.77001
29.06830
30.19091
30.95104
32.26043
32.37353
31.00860
30.27962
29.00516
28.67397
28.59283
28.29787
28.84695
29.66979
29.12907
28.49800
27.88867
28.27116
29.74923
30.63603
32.10487
32.73513
32.59957
33.09545
34.07862
34.77528
35.47725
36.36922
37.09487
37.33119
37.09988
36.58314
36.46300
