1.49996
2.18944
2.78037
2.97691
2.33917
2.12219
1.98038
2.81595
3.68925
3.42832
2.17090
1.51057
1.29209
1.71325
1.87832
2.46215
3.79497
4.53943
5.64115
6.16479
6.72398
6.70883
6.07712
5.87013
5.90370
5.54460
4.47417
4.04528
4.65562
5.42713
6.56081
6.34182
4.88249
4.74593
5.73326
6.59644
7.50512
8.30651
9.20804
8.90524
7.64779
6.84107
6.07441
5.39386
6.40799
7.21338
7.58299
7.76229
7.06503
7.37661
8.31843
8.84394
9.50150
9.17933
8.45381
7.63729
8.41816
8.57514
8.11744
8.23398
9.04630
9.82646
11.05332
11.55975
10.39518
10.10037
10.54578
10.02264
8.64868
7.93983
8.44217
8.95358
9.51202
10.03917
9.52712
9.81863
10.70999
10.94712
10.34929
10.55645
10.85343
11.41593
11.88057
12.12937
12.21698
11.76451
10.85067
10.04647
9.18217
8.54230
7.33037
7.61684
8.96657
9.11860
7.98756
7.41032
6.99071
7.70546
8.01184
7.36491
6.02798
6.34155
7.69093
8.46253
8.78829
9.61046
10.96931
11.81729
12.45653
12.91648
14.37758
14.76528
15.16907
15.94602
15.52957
15.60111
16.25962
16.76271
17.87179
18.53671
17.68559
17.13950
16.75927
15.86551
15.15516
15.08437
14.49103
14.33459
14.71147
14.54625
13.59038
14.30549
15.23057
16.00698
15.77085
15.70390
15.39881
15.32108
15.34389
15.44501
16.09295
15.42984
14.22811
13.47116
12.65019
12.19519
11.63106
11.37072
10.32283
9.78132
10.78911
11.17990
11.10996
10.48172
9.11760
9.47900
10.81154
11.55039
12.42504
12.32115
11.50901
10.94736
9.77464
9.55388
10.80464
11.02035
10.68791
11.52474
12.23771
12.43615
13.21916
13.92798
15.02275
15.33681
14.80003
14.47233
13.52458
12.85978
13.86963
14.66993
15.81252
16.35684
16.78291
17.40268
18.01055
18.29247
17.74700
16.90645
17.32848
16.76363
15.70487
16.40963
17.30498
18.18904
18.23114
18.07485
17.17295
16.98696
17.19182
16.80649
15.63159
14.97906
13.99752
13.50362
13.09327
12.82198
12.10338
11.31188
12.07878
12.33055
12.11386
12.03667
12.45522
12.86645
12.94243
12.73240
12.24088
11.94640
12.29588
12.82283
13.45621
13.94357
14.69234
14.83873
14.42234
14.55327
15.21792
15.65333
16.18316
16.65662
18.08853
18.89170
20.20896
20.97592
22.15807
22.95368
24.08077
24.32603
23.18019
22.75408
22.91370
22.52964
22.31055
22.46953
22.87534
22.53838
21.25330
20.40845
19.28527
18.52271
17.09832
16.83599
18.14398
18.79149
19.90618
20.04691
18.91384
19.28372
20.41589
21.05463
21.41145
21.57133
21.43929
21.88258
23.04769
23.01780
21.80681
21.29800
20.76005
20.42716
19.79098
19.96093
20.56655
21.15464
22.14228
22.62506
23.78344
24.08038
23.62682
23.78929
24.17353
23.72678
23.33529
23.18412
22.52322
23.08896
24.28967
25.18270
26.41529
26.92271
26.05932
25.23677
24.37205
23.67471
22.30918
21.55781
20.61403
19.94341
18.65004
18.31516
18.91627
19.30424
20.09145
20.48312
20.76018
21.14502
21.85344
22.39513
22.24368
22.66678
23.70016
24.40371
23.39908
23.35296
23.98917
24.79941
25.55944
25.72793
25.93373
26.20678
26.37514
26.33416
27.55696
28.07860
27.42602
27.30184
27.75694
28.65005
28.48763
28.42916
27.64577
28.34175
29.75050
29.56220
28.08626
27.36261
26.07302
26.08322
27.17982
27.91650
27.68384
27.28260
26.61034
25.92550
24.45439
23.99576
24.87236
25.50670
25.20241
25.98726
26.69168
26.30979
25.39633
24.69530
24.54381
25.42854
25.48698
25.40771
24.24258
23.91122
24.93109
25.47090
25.45558
25.63705
26.08621
26.11929
25.76471
25.62068
25.52643
25.69282
26.03597
26.81767
28.09327
28.92044
30.23941
30.86149
31.16579
30.63487
29.15839
28.50285
27.25047
27.66371
28.87256
29.23036
27.95933
27.56771
27.90704
27.55532
27.14891
26.97105
26.38266
25.83084
25.24375
24.61041
23.87508
23.55350
24.24941
24.35413
25.14012
25.95927
26.39297
26.51351
27.23578
27.23445
26.14028
25.38512
24.06336
23.71982
24.86477
25.58504
26.49228
26.73149
25.43543
25.81150
27.09853
27.00265
25.99031
25.17895
24.03530
23.47711
24.59338
25.03283
25.58993
25.24540
23.93191
23.59826
23.99316
24.00948
23.86341
23.75590
24.05791
23.38727
22.41654
21.98714
22.74932
23.46734
24.86049
25.66846
26.94964
27.17215
26.27703
26.25900
26.99410
27.66161
29.10131
29.22523
27.92292
27.53444
27.80232
27.38810
27.29880
28.17257
29.38125
30.04665
31.22522
31.43154
30.75619
29.97408
30.65680
31.33053
32.09090
31.75064
30.35523
29.94945
31.28247
31.60026
30.40628
30.59973
31.53388
31.95805
31.20460
31.26371
32.32178
33.08731
34.41476
34.90887
34.66668
35.11037
36.41478
36.78972
35.50544
34.89190
34.60970
35.41436
35.61727
36.38087
37.74939
37.98475
37.54696
37.31358
36.76520
36.52935
35.80884
36.04980
37.13268
37.62409
37.09173
37.47457
38.18243
38.93197
40.39277
41.13655
41.98812
42.82215
44.09180
43.72579
42.53003
41.89345
42.59701
43.27513
44.74642
45.37229
45.76354
45.41922
44.14999
43.28359
41.85402
41.36406
41.29111
41.39291
41.02934
40.26031
40.06877
39.66878
38.79522
39.43627
39.87394
40.57006
40.86345
40.83898
40.13515
40.85058
41.88037
42.71050
43.17910
42.82068
41.96226
41.27811
40.41983
40.41500
40.71175
40.56946
40.22323
39.85242
39.19163
39.30113
39.23422
38.56907
37.12500
36.47632
36.40933
36.81947
37.70875
38.26945
39.48409
39.94112
38.74546
38.26686
38.49697
38.66714
38.83414
39.06173
39.42322
40.31302
41.33845
41.54440
40.42614
39.61933
38.15753
37.60035
37.87248
37.70440
36.80965
37.44128
38.26667
38.93280
39.57194
40.26351
41.31077
41.03003
39.54406
39.21201
39.86538
39.98975
40.76407
41.01749
40.63576
40.64230
41.28864
41.35001
40.33524
39.74623
40.46707
40.29914
39.15991
38.54704
38.95081
39.07751
40.04097
40.90820
42.10743
42.48374
42.68200
42.59424
43.22022
44.01675
43.42669
42.68199
41.20991
41.23506
42.54647
43.32416
44.45201
44.83767
43.83200
43.19407
42.40629
41.72914
40.60406
39.72253
38.85127
38.15193
36.95824
36.06674
34.93045
34.14417
32.84996
32.27214
32.32671
32.55759
33.29733
32.89056
32.42500
32.95980
33.65466
33.99441
33.41046
33.67367
34.41759
34.42620
34.66102
35.17736
36.01671
36.22100
35.65573
35.41058
35.53130
35.49903
35.11960
35.52633
36.02417
36.56902
37.62224
36.94756
35.89314
35.13562
34.46316
33.62865
34.36357
33.85103
32.36305
31.49340
30.08803
30.10490
31.56738
32.03581
32.70054
32.56966
31.81968
30.99904
29.79096
29.43830
30.50217
31.17868
32.41835
32.44909
31.34457
31.10998
30.35840
31.04306
32.45111
33.33303
34.80237
35.66586
37.11106
37.85012
38.66975
38.75621
38.21938
37.35165
37.63382
37.38091
36.78059
35.91282
35.58437
34.95244
34.23178
33.70040
33.08729
33.26064
34.73988
35.57787
37.05138
37.08250
35.63381
35.53533
36.19338
35.37256
34.64981
34.28385
34.49831
34.71680
34.01902
33.50238
32.77693
33.03055
33.86454
34.38245
33.53771
33.94110
34.66505
35.48521
36.79454
36.90409
35.67426
35.22388
35.68991
34.83044
34.07358
34.23615
35.56293
35.91256
36.77816
37.19706
37.71968
38.10559
38.87996
38.99330
38.45363
38.59969
39.38792
39.76869
40.30139
40.66478
41.38471
41.49616
41.14890
40.88252
40.31292
39.94183
39.44624
39.02612
39.41426
40.28852
40.05439
40.70232
41.24404
41.42433
40.98479
41.37138
41.60952
41.36565
40.79458
40.46676
40.75177
40.64046
40.08612
39.37820
38.30164
37.83718
38.76785
39.05805
39.34110
40.02650
41.31086
40.81871
39.52659
38.80124
37.37954
37.02169
37.99291
38.54185
39.55284
40.16364
40.93789
41.82546
42.10068
42.66204
43.59609
43.95850
44.09054
44.15715
44.26564
44.04320
43.09215
42.69343
42.38461
42.20266
42.01789
42.90601
43.08115
42.68464
41.20185
40.60593
39.45548
39.42359
40.55868
40.76416
39.58192
39.11453
39.32785
38.63685
37.88974
37.30575
36.47885
35.70647
35.22357
34.76854
34.67045
34.74136
35.02905
35.61328
36.17329
36.59626
37.04904
37.61256
38.73597
39.38953
40.60982
40.33412
39.15473
38.53473
39.49500
39.32146
38.21696
37.33134
36.56119
35.94513
36.66269
35.87036
35.17023
35.01390
33.96356
33.40032
34.44416
35.13966
36.43650
36.38909
34.90227
34.01706
33.16017
33.58753
34.51122
34.63493
34.32676
34.14369
34.45369
35.04581
36.19487
36.23475
34.74874
34.80556
36.21927
36.88811
37.01926
37.14254
37.09438
37.42433
38.09503
38.54857
38.82610
39.34565
39.10888
38.38040
38.53322
37.99854
37.78938
37.72728
37.99678
37.26749
36.89062
36.31549
35.17697
34.59442
33.97836
33.89326
34.23326
34.70487
35.87539
36.59659
37.69795
37.25212
36.12565
35.41970
34.26342
33.39933
32.15447
31.88066
31.61056
31.26785
30.10552
30.41311
31.87644
32.18929
32.18110
32.43792
32.95545
33.54964
33.01017
33.11773
32.89674
32.64056
32.18619
31.65438
30.87886
30.68909
31.59352
31.16377
30.73928
31.35671
31.48887
30.77486
30.13355
29.94298
30.67914
30.25963
29.35567
29.04811
28.08876
27.65382
27.24653
27.24677
27.51295
28.23157
29.58434
30.09538
30.93384
31.09161
30.39612
29.55795
28.20375
27.33843
25.88242
25.79722
26.64246
27.36667
26.67248
26.00423
24.83675
25.07415
26.34233
26.82084
25.57446
24.84711
23.61155
22.99760
22.90764
23.24638
23.71119
24.44854
25.16954
25.63568
26.88031
26.73568
25.48880
24.61214
23.64074
22.93166
23.80129
24.17056
25.13409
24.97675
23.78111
23.52824
24.23823
24.17365
23.40245
23.10485
22.85847
22.54906
21.66415
21.98699
23.39232
24.13716
24.60913
24.90441
25.07341
24.48063
23.85028
23.34299
22.70879
22.26515
21.57036
21.48009
22.05397
22.64033
23.87782
24.74395
25.95225
26.69156
27.20722
27.51806
27.57434
26.81954
27.00544
26.23082
25.94993
25.74252
25.57583
25.14945
25.11823
26.01737
26.04592
25.85778
25.74949
26.15338
26.93718
27.82867
28.60988
29.04311
29.96764
30.04286
29.48518
28.96272
27.83864
27.43772
28.62369
28.62380
27.91530
28.03101
28.93899
29.59939
29.88089
30.13697
30.83780
31.48688
30.91690
30.60071
29.46296
28.76071
27.43868
27.05602
26.93080
27.75171
27.85896
28.16407
28.74182
28.52939
27.40276
26.90600
28.01349
28.45500
28.84612
28.75808
28.11851
27.91608
28.08303
28.48734
28.95281
28.94429
27.83618
28.41117
29.59397
29.92414
29.66488
29.60739
29.72476
29.93158
30.65079
30.17796
29.58284
29.39564
30.17700
30.97354
31.25602
31.05251
30.30660
29.80975
29.05540
28.63425
27.83933
28.06635
29.17611
29.55377
29.35220
29.25622
29.32978
28.53744
27.81166
28.40986
29.54092
30.32924
31.63133
32.03587
31.02464
30.33279
28.97028
28.09034
27.25922
26.46476
26.76371
26.83955
27.00531
27.66971
29.12949
29.90997
31.01883
31.55772
32.49679
33.26307
34.26678
34.39495
33.99415
33.87045
34.53983
34.63857
33.74283
33.28132
33.38032
33.70034
34.47437
33.99514
32.62272
32.09866
31.81569
31.11811
30.43154
30.42195
30.09425
30.78812
31.99291
32.87908
34.22089
34.98125
36.09402
36.91409
38.40926
38.74158
37.65306
37.17510
36.64540
36.21563
36.35442
36.28275
36.04377
36.26649
37.16772
37.66843
38.46159
38.99150
39.71981
40.38175
41.66857
42.15431
43.28364
43.42597
42.74276
41.99991
41.61141
41.05738
41.37548
41.34952
41.62042
41.85459
41.71977
40.90540
40.32721
40.12669
39.95440
40.80233
41.65761
41.77750
40.63182
41.04547
42.33845
43.03770
43.79147
43.40742
42.02498
41.17604
40.76487
39.99025
39.96563
39.89585
40.06812
40.14648
40.27847
40.31119
40.20207
40.36447
40.69176
40.91676
41.50432
41.07568
40.29654
40.29722
40.65946
40.79148
41.38616
42.20275
43.45587
44.27478
45.25483
45.73908
45.36362
45.36302
45.50639
45.92714
45.72602
45.06570
44.94079
44.37525
43.14293
42.47077
42.14631
42.17624
42.54000
42.81636
42.78523
43.55045
43.77056
43.39152
43.34038
44.23801
44.29647
43.81566
42.87883
43.26525
44.12403
44.81904
44.85699
45.26215
46.16209
46.48307
46.58412
45.80459
45.61378
45.66041
46.09745
45.85990
44.87321
44.03359
43.02956
42.54239
43.15128
43.68251
44.16779
44.10140
43.44319
42.75498
41.91130
41.28637
40.16646
39.78995
39.05562
38.47578
39.17732
39.73197
39.99855
40.17766
40.05978
39.30010
39.47655
39.26408
39.22473
39.44480
39.57911
39.77943
40.19673
40.49327
40.71212
41.57970
42.69349
42.30271
41.21685
41.17635
42.22177
42.84700
42.04970
41.76498
41.37827
41.31814
41.75938
41.42133
40.58151
40.22045
39.57114
40.41108
41.05486
41.58049
42.06315
42.40889
42.08943
42.20525
42.80304
43.40785
44.85653
45.57017
46.75488
46.33543
45.18009
44.60646
43.19168
42.60931
42.31677
42.81137
44.14824
44.63441
44.29765
43.91333
43.74156
43.49164
43.24565
43.44781
44.63641
45.12257
44.02999
44.18787
44.98442
45.87929
47.18155
47.83396
48.66966
49.02792
50.31166
50.13619
49.06820
48.65781
48.87331
48.98262
49.11219
49.10695
48.88728
49.33046
49.37821
49.94139
50.98418
51.54572
51.60461
51.60661
52.10340
52.17310
51.27983
50.78198
50.39925
50.35615
49.72996
49.45956
49.50502
49.70805
49.83977
49.52696
49.80652
49.40440
48.19154
47.50172
46.28035
46.05377
47.36982
48.07220
49.15887
49.51140
49.60871
49.57377
49.42510
49.68247
49.61954
50.32474
51.50146
51.38355
50.11674
49.49425
49.74956
48.85948
48.68764
47.83728
46.54131
46.54220
47.17188
48.01762
47.57671
47.66934
47.19411
47.28511
47.43785
48.31251
49.79797
49.73739
48.54658
48.61334
50.02595
50.37076
50.72962
50.97671
51.29197
51.88994
52.38052
51.93615
50.57415
49.87845
48.68290
48.61674
50.00001
50.20456
49.15911
48.57281
48.61651
47.96859
47.36680
46.61447
46.55164
47.18720
48.61416
49.01832
50.13947
50.59389
51.73199
51.49599
50.28450
49.81707
50.33929
50.54714
51.19714
51.08490
50.59903
49.73047
49.91471
50.50737
51.52195
52.13283
51.23944
50.64216
51.48346
51.34230
51.24679
50.53130
49.97372
49.68291
50.35662
50.70948
50.98649
51.21694
51.67125
51.89699
52.15334
52.93652
53.88461
53.20078
52.23100
52.24709
53.04608
53.30771
53.34138
52.48948
52.42436
52.37787
52.05646
52.12476
52.59331
52.65003
52.29230
52.56530
52.96927
52.20409
51.65312
52.11549
52.76348
53.12146
52.01029
51.63916
52.74452
53.44926
54.67752
54.77346
53.51428
53.02282
51.88892
51.12855
50.73400
51.21970
51.64273
52.22725
52.87767
52.95742
52.42113
52.10820
52.13779
52.06108
51.61073
51.96574
52.60552
52.16213
51.23029
51.49089
52.59339
53.30868
53.68564
54.47209
55.74064
55.54990
54.37198
53.82273
52.81455
52.26119
51.51479
51.09767
50.24953
50.93180
51.81588
52.39440
53.14656
54.04149
54.67736
55.36243
56.49302
56.80604
56.69971
56.95102
56.43717
55.74146
54.67833
55.10410
55.63928
56.38416
55.69610
55.40904
55.28905
55.61887
56.11979
55.70496
54.28059
53.43221
52.04432
51.27644
50.09543
50.04343
51.20688
51.85771
52.90601
53.71170
54.81119
55.38786
55.33473
55.89262
55.92680
56.24764
56.63935
56.36706
55.82183
55.31221
54.80252
55.41327
56.25299
57.11213
56.82546
56.61763
55.62581
56.03847
57.51952
58.37827
59.74714
60.50858
61.59379
62.38637
63.82106
64.18820
63.32892
62.99269
62.92935
62.13564
61.12220
60.99856
61.03123
60.70209
60.51259
60.23324
59.96814
59.52345
58.40024
58.38556
59.39304
60.14707
61.37965
62.12419
63.07791
63.73614
65.03593
64.93502
63.62363
62.73538
61.55483
61.45761
62.68336
63.42047
64.72284
65.05101
64.45338
64.14323
64.39314
64.53082
64.43569
63.99967
62.90657
62.59607
63.56557
63.98480
64.44352
65.13297
66.41531
66.34297
64.92380
64.48436
64.71514
64.72641
64.37387
65.01082
65.40691
65.88969
66.74426
67.24892
67.78605
68.31408
69.36958
70.14741
71.44899
72.29742
73.37347
73.38357
72.24305
71.67150
70.94502
70.66050
70.76536
71.14538
72.26784
72.98333
74.05116
74.72594
75.91602
76.37037
76.79274
76.38680
75.47389
74.82034
75.49768
75.25409
74.11626
73.69020
73.32281
73.49381
74.17477
74.72738
75.59889
76.33934
75.49460
75.44028
75.96059
76.30247
77.27631
77.28612
76.18199
75.62817
74.99757
74.90815
75.63993
75.38478
74.48780
73.96479
72.88510
73.15398
74.47685
74.89085
74.24091
73.36101
73.10918
73.32039
73.41009
74.27700
74.98410
75.37184
75.66801
76.40168
77.75806
78.43142
78.33678
78.44238
78.58099
78.52180
78.95271
78.41055
77.11676
76.76980
78.09581
78.05556
76.65698
76.48334
76.93742
77.80690
77.58810
77.26795
77.64558
78.11990
79.26261
79.45177
79.24441
78.56425
77.20151
76.35221
75.11904
74.43904
74.70730
74.83927
75.16548
75.48916
75.95385
76.34487
77.33860
78.15300
79.17691
79.74300
80.54686
80.27575
79.41955
79.03108
78.61797
78.77655
79.66987
80.17204
81.03216
81.41463
81.52675
81.41983
80.94609
80.64397
80.45153
79.60208
79.31267
78.94936
78.27395
78.27941
78.93802
79.49053
80.34073
80.54583
80.30105
79.83242
78.88120
79.33392
80.34080
79.92686
78.84238
78.21217
77.33092
77.40408
78.25055
78.35563
77.97276
78.11952
78.69299
77.84668
77.27916
76.85584
77.27204
77.84626
77.44993
76.71202
75.27396
75.07472
76.46802
76.83419
77.49327
77.73879
78.01471
78.38821
78.58653
78.48940
78.87374
78.61597
77.45603
77.90624
79.21081
79.48378
78.16559
78.53704
79.96177
79.88340
78.55757
78.02161
79.32821
80.03466
81.06034
81.19375
80.41171
80.39822
80.65599
81.52863
82.04686
82.62388
83.11649
83.59087
84.72836
84.69133
83.47931
83.33248
84.15444
84.25410
83.57484
83.22972
82.64821
82.51363
82.89224
83.04202
83.10050
83.12343
83.24403
82.74974
82.46248
83.36200
84.35728
84.35177
83.17751
82.35640
82.03997
82.64568
83.09328
83.51487
82.96664
82.54211
82.68066
83.36162
83.42014
83.95641
83.80370
83.51023
83.78418
84.15430
84.90521
85.60969
85.93477
86.26052
86.87359
86.97052
86.86526
86.69576
85.94063
85.19024
84.49029
85.16515
85.67916
85.31525
85.91598
86.05388
85.63822
85.20138
84.70437
85.00920
86.49369
87.16884
87.26396
88.00549
89.41386
90.24757
91.19433
91.37943
90.88107
90.82423
90.93364
91.09843
91.43760
90.81731
89.54936
89.09278
90.24992
90.70834
89.67673
89.28261
88.17713
87.94477
89.19393
88.70397
87.95794
87.25510
86.10656
85.90306
87.05314
86.97859
86.13680
86.32615
86.97754
86.59591
85.40666
84.84098
84.19074
84.86831
85.65774
85.32532
84.49724
83.77009
83.13687
83.37420
84.18915
84.63176
85.25417
85.80630
85.83300
86.34029
87.39222
87.66409
86.86687
86.50178
85.51488
85.48919
86.23094
86.93558
88.40616
89.17640
90.02957
89.90999
89.33375
88.67822
87.97726
87.47079
86.49160
87.14384
88.13126
88.42686
87.12629
86.23759
85.47043
85.28627
85.80117
86.45176
87.56048
88.13331
89.00683
88.82863
88.59666
87.87513
87.84117
87.06043
87.06538
86.81834
87.06418
87.75950
89.09829
89.60909
90.47174
90.55270
89.37957
88.98134
88.12725
87.46822
88.18482
87.58805
87.11606
88.01410
88.51506
88.80365
89.98650
90.38051
89.23144
88.47422
87.38099
87.53822
88.92728
89.51606
89.99139
90.33140
90.23325
89.54960
88.18767
87.32443
86.09269
85.35906
84.36313
84.86634
85.76712
86.59064
87.00244
87.60244
87.88162
88.15783
89.20180
88.79021
87.52844
86.95541
86.48012
86.02751
85.65154
86.50312
86.87402
87.76499
87.79504
88.68519
88.63567
88.45579
88.33540
88.76066
89.07494
