0.00000000
0.00000000
0.00035158
0.00035158
0.00001628
0.00004428
0.00004428
0.00000807
0.00000816
0.00013907
0.00196192
0.00214149
0.00214149
0.00007508
0.00018890
0.00152121
0.00152121
0.00123105
0.00092695
0.00213412
0.00213412
0.00001222
0.00001222
0.00002696
0.00019739
0.00003227
0.00000000
0.00006177
0.00006177
0.00000000
0.00002875
0.00005387
0.00169910
0.00169910
0.00075506
0.00060343
0.00438236
0.00438236
0.00308502
0.00099555
0.00099555
0.00000640
0.00077353
0.00077353
0.00004473
0.00000171
0.00131008
0.00131008
0.00003110
0.00013105
0.00063659
0.00063659
0.00005296
0.00004871
0.00003361
0.00083216
0.00083216
0.00004586
0.00004586
0.00002869
0.00009554
0.00000000
0.00003069
0.00033505
0.00033505
0.00002176
0.00005561
0.00002770
0.00004574
0.00004746
0.00004746
0.00000779
0.00000000
0.00003935
0.00151415
0.00151415
0.00105826
0.00105826
0.00001710
0.00001710
0.00000000
0.00090865
0.00090865
0.00007294
0.00008860
0.00065667
0.00065667
0.00004684
0.00004430
0.00004430
0.00002386
0.00081361
0.00081361
0.00039990
0.00002828
0.00009365
0.00017541
0.00017541
0.00009370
0.00002996
