0.00015156
0.00021735
0.00021735
0.00016485
0.00014140
0.00020043
0.00022245
0.00031521
0.00049550
0.00049550
0.00037901
0.00034023
0.00026449
0.00014844
0.00018523
0.00018523
0.00012154
0.00003614
0.00015265
0.00016384
0.00016384
0.00003081
0.00010656
0.00010656
0.00009645
0.00009645
0.00018995
0.00018995
0.00021316
0.00261414
0.00261414
0.00000000
0.00000000
0.00000000
0.00014750
0.00017796
0.00000000
0.00009285
0.00009285
0.00000000
0.00046721
0.00038755
0.00005925
0.00005925
0.00000000
0.00000000
0.00018195
0.00046721
0.00011162
0.00009943
0.00002608
0.00028420
0.00028420
0.00007503
0.00022980
0.00024007
0.00024007
0.00020126
0.00016280
0.00016540
0.00016540
0.00014713
0.00014713
0.00010909
0.00039631
0.00039631
0.00033401
0.00012938
0.00012938
0.00014865
0.00013522
0.00013522
0.00015400
0.00019143
0.00019143
0.00010445
0.00014865
0.00000000
0.00000000
0.00012125
0.00005605
0.00017891
0.00019621
0.00030576
0.00030576
0.00019466
0.00019466
0.00013103
0.00012417
0.00015942
0.00015942
0.00021381
0.00021381
0.00018567
0.00027593
0.00027593
0.00015614
0.00015614
0.00017052
0.00027841
0.00027841
0.00012710
0.00021264
0.00021264
0.00020476
0.00020476
0.00016823
0.00009235
0.00019883
0.00019883
0.00023123
0.00023123
0.00011042
0.00026680
0.00033480
0.00033480
0.00021695
0.00020069
0.00011035
0.00010728
0.00019448
0.00019448
0.00017203
0.00164470
0.00164470
0.00016940
0.00062041
0.00062041
0.00016722
0.00016722
0.00016617
0.00022466
0.00022466
0.00014620
0.00023848
0.00023848
0.00007702
0.00008862
0.00014132
0.00000000
0.00004220
0.00004220
0.00023992
0.00023992
0.00012415
0.00015988
0.00015988
0.00015496
0.00015496
0.00022259
0.00022259
0.00010781
0.00000000
0.00000000
0.00000000
0.00018001
0.00000000
0.00010529
0.00010529
0.00009940
0.00021052
0.00040168
0.00040168
0.00032313
0.00013182
0.00013182
0.00003396
0.00024926
0.00024926
0.00023678
0.00013774
0.00019901
0.00019901
0.00017653
0.00019733
0.00019733
0.00009209
0.00009209
0.00008590
0.00007301
0.00009222
0.00009222
0.00000000
0.00000000
0.00031529
0.00003996
0.00000000
0.00001450
0.00001450
0.00007889
0.00006878
0.00006301
0.00000518
0.00014750
0.00013027
0.00244562
0.00244562
0.00019389
0.00014584
0.00014584
0.00014391
0.00008337
0.00000000
0.00000000
0.00040590
0.00000000
0.00000000
0.00031529
0.00012223
0.00000000
0.00000000
0.00000000
0.00007890
0.00016176
0.00016176
0.00011136
0.00000000
0.00289721
0.00289721
0.00030568
0.00000000
0.00007517
0.00007517
0.00008862
0.00014132
0.00019745
0.00021610
0.00021610
0.00017446
0.00017446
0.00015090
0.00018907
0.00019036
0.00019036
0.00008735
0.00016325
0.00014610
0.00019745
0.00000000
0.00221205
0.00221205
0.00006553
0.00033695
0.00008243
0.00027867
0.00011942
0.00000000
0.00010114
0.00047570
0.00030568
0.00000000
0.00000000
0.00004832
0.00068786
0.00068786
0.00000000
0.00000000
0.00021406
0.00002558
0.00020650
0.00269015
0.00269015
0.00009153
0.00000000
0.00011810
0.00011810
0.00005239
0.00006556
0.00033695
0.00020405
0.00000000
0.00000000
0.00000000
0.00011374
0.00016470
0.00016470
0.00011085
0.00011485
0.00013845
0.00018741
0.00018741
0.00007153
0.00016926
0.00016926
0.00012516
0.00022768
0.00022768
0.00021277
0.00019822
0.00022710
0.00022710
0.00009855
0.00010757
0.00013445
0.00013445
0.00010703
0.00010703
0.00005612
0.00015560
0.00015560
0.00000000
0.00000000
0.00000000
0.00008498
0.00140917
0.00137282
0.00443751
0.00443751
0.00341200
0.00341200
0.00033715
0.00014457
0.00014457
0.00017232
0.00017232
0.00015104
0.00018624
0.00022651
0.00022651
0.00020949
0.00020949
0.00009130
0.00016341
0.00017121
0.00017121
0.00000000
0.00022708
0.00019798
0.00019798
0.00008959
0.00015680
0.00015680
0.00011943
0.00011650
0.00006999
0.00012550
0.00015063
0.00015503
0.00015503
0.00000000
0.00230893
0.00230893
0.00024959
0.00024959
0.00024826
0.00015130
0.00017795
0.00017795
0.00018195
0.00021264
0.00021264
0.00017332
0.00013707
0.00013707
0.00006031
0.00011146
0.00012190
0.00012190
0.00013498
0.00000000
0.00013403
0.00016239
0.00028716
0.00028716
0.00021593
0.00017564
0.00005730
0.00006309
0.00011724
0.00011724
0.00009749
0.00008645
0.00015099
0.00019995
0.00019995
0.00015730
0.00015985
0.00015985
0.00010564
0.00012539
0.00012539
0.00010717
0.00024302
0.00024302
0.00023772
0.00017999
0.00014620
0.00017513
0.00017513
0.00008320
0.00004420
0.00020619
0.00020619
0.00006512
0.00007948
0.00007948
0.00015210
0.00015210
0.00014086
0.00018392
0.00018392
0.00013757
0.00016122
0.00019050
0.00028771
0.00028771
0.00005954
0.00013020
0.00020225
0.00020225
0.00022595
0.00022595
0.00009989
0.00006028
0.00017627
0.00017627
0.00006845
0.00013648
0.00024825
0.00046860
0.00046860
0.00023802
0.00015963
0.00021382
0.00021382
0.00016720
0.00016720
0.00014641
0.00016911
0.00016911
0.00011274
0.00012889
0.00012889
0.00007920
0.00003654
0.00000000
0.00017383
0.00018738
0.00000859
0.00017383
0.00025167
0.00025167
0.00000000
0.00014941
0.00025677
0.00028504
0.00028504
0.00018652
0.00009941
0.00007479
0.00006428
0.00017250
0.00017250
0.00010934
0.00008536
0.00021151
0.00021151
0.00007520
0.00000000
0.00000000
0.00021369
0.00015942
0.00010308
0.00216194
0.00216194
0.00000000
0.00010273
0.00015250
0.00021074
0.00021074
0.00019895
0.00017641
0.00019019
0.00019019
0.00012101
0.00020161
0.00020161
0.00017629
0.00011493
0.00000000
0.00000000
0.00022708
0.00000000
0.00010586
0.00000000
0.00000000
0.00010586
0.00014159
0.00023527
0.00042539
0.00042539
0.00025745
0.00018981
0.00009625
0.00009764
0.00015137
0.00015137
0.00003991
0.00015011
0.00000000
0.00000000
0.00015011
0.00014561
0.00014561
0.00013122
0.00003042
0.00013174
0.00001066
0.00013174
0.00006714
0.00011016
0.00011016
0.00007108
0.00010259
0.00010259
0.00016066
0.00012908
0.00008550
0.00008852
0.00008852
0.00007433
0.00007882
0.00007882
0.00000000
0.00008679
0.00008498
0.00000000
0.00000000
0.00003146
0.00017376
0.00017376
0.00014265
0.00008107
0.00017234
0.00020617
0.00020617
0.00010669
0.00004275
0.00004275
0.00004532
0.00014490
0.00001108
0.00010334
0.00010334
0.00008848
0.00000000
0.00000292
0.00014490
0.00015807
0.00015807
0.00011327
0.00014275
0.00014275
0.00012650
0.00020270
0.00020270
0.00013042
0.00013588
0.00016338
0.00016338
0.00013702
0.00005759
0.00002145
0.00008679
0.00003616
0.00000000
0.00004111
0.00012242
0.00023351
0.00023351
0.00013385
0.00018295
0.00018295
0.00018581
0.00018581
0.00019287
0.00019287
0.00000000
0.00003765
0.00024828
0.00000000
0.00000000
0.00026145
0.00000000
0.00011263
0.00018822
0.00018822
0.00005780
0.00004400
0.00051092
0.00059764
0.00000000
0.00000000
0.00010496
0.00010496
0.00008362
0.00008362
0.00009211
0.00012479
0.00012479
0.00018868
0.00019577
0.00019577
0.00006904
0.00015034
0.00018048
0.00018048
0.00017004
0.00026145
0.00000000
0.00000000
0.00000000
0.00008729
0.00008729
0.00004627
0.00000000
0.00023330
0.00023535
0.00002106
0.00002691
0.00011483
0.00011483
0.00010457
0.00018989
0.00018989
0.00017189
0.00022939
0.00022939
0.00016548
0.00016548
0.00006653
0.00024582
0.00024582
0.00016377
0.00011420
0.00006302
0.00006302
0.00014592
0.00018623
0.00024275
0.00024275
0.00016787
0.00052137
0.00052137
0.00016731
0.00016731
0.00008210
0.00008210
0.00006057
0.00007189
0.00005551
0.00008777
0.00072949
0.00026443
0.00408737
0.00408737
0.00007189
0.00003108
0.00004707
0.00008538
0.00008538
0.00008999
0.00008999
0.00010266
0.00014477
0.00014477
0.00006545
0.00016259
0.00024510
0.00025680
0.00025680
0.00009719
0.00012357
0.00017337
0.00017337
0.00013989
0.00020085
0.00020085
0.00009825
0.00018424
0.00018424
0.00012465
0.00019666
0.00021146
0.00031799
0.00031799
0.00014542
0.00007342
0.00013951
0.00018827
0.00023762
0.00023762
0.00012926
0.00012711
0.00013221
0.00021125
0.00024358
0.00024358
0.00018811
0.00013812
0.00023223
0.00032035
0.00032035
0.00017888
0.00017888
0.00015850
0.00016002
0.00016002
0.00010813
0.00011079
0.00015824
0.00015824
0.00015080
0.00014985
0.00011457
0.00011457
0.00000000
0.00023330
0.00023535
0.00000000
0.00000000
0.00000000
0.00003687
0.00024828
0.00010221
0.00018290
0.00020680
0.00020680
0.00008687
0.00015509
0.00015509
0.00015813
0.00020287
0.00020287
0.00010694
0.00007678
0.00014366
0.00014366
0.00011119
0.00019184
0.00024090
0.00025547
0.00025547
0.00017649
0.00010116
0.00016656
0.00019023
0.00032179
0.00032179
0.00016558
0.00011226
0.00011226
0.00018084
0.00018084
0.00014310
0.00014310
0.00012125
0.00021320
0.00021320
0.00016312
0.00018266
0.00024167
0.00024167
0.00026603
0.00026603
0.00015973
0.00003616
0.00000000
0.00054895
0.00000000
0.00000000
0.00000000
0.00000000
0.00000000
0.00019562
0.00037279
0.00037279
0.00018246
0.00010176
0.00011974
0.00011974
0.00000000
0.00000561
0.00009194
0.00087828
0.00087828
0.00059764
0.00051092
0.00009194
0.00000000
0.00007872
0.00009080
0.00018147
0.00018147
0.00016070
0.00017860
0.00017860
0.00017274
0.00017274
0.00011636
0.00021161
0.00021161
0.00024028
0.00024028
0.00016132
0.00015334
0.00024045
0.00024045
0.00021869
0.00021869
0.00014832
0.00014832
0.00022836
0.00022836
0.00017876
0.00020059
0.00021920
0.00037260
0.00037260
0.00025280
0.00018172
0.00008327
0.00008327
0.00031474
0.00031474
0.00022860
0.00040828
0.00040828
0.00011602
0.00019606
0.00019606
0.00015080
0.00015080
0.00018492
0.00029587
0.00029587
0.00025123
0.00022406
0.00013832
0.00013832
0.00019104
0.00019104
0.00007221
0.00032103
0.00032103
0.00017499
0.00035005
0.00241928
0.00241928
0.00076894
0.00071249
0.00169384
0.00169384
0.00013140
0.00025768
0.00362915
0.00362915
0.00014128
0.00024817
0.00024817
0.00009152
0.00013790
0.00023712
0.00023712
0.00019092
0.00018202
0.00015349
0.00019820
0.00031578
0.00031578
0.00022960
0.00014462
0.00004940
0.00000000
0.00000000
0.00047063
0.00076894
0.00010483
0.00000000
0.00013156
0.00013156
0.00036564
0.00036564
0.00011428
0.00012659
0.00020810
0.00020810
0.00010727
0.00014684
0.00014684
0.00013063
0.00006713
0.00025611
0.00029155
0.00029155
0.00028082
0.00028082
0.00012848
0.00016183
0.00028765
0.00028813
0.00028813
0.00027694
0.00014246
0.00014246
0.00020525
0.00030633
0.00030633
0.00020040
0.00014146
0.00032553
0.00052379
0.00052379
0.00046344
0.00037901
0.00021991
0.00007756
0.00006664
0.00005053
0.00009646
0.00009646
0.00012725
0.00017896
0.00017896
0.00015980
0.00011519
0.00009789
0.00019633
0.00019633
0.00018221
0.00002125
0.00004446
0.00010775
0.00010775
0.00000000
0.00000000
0.00012518
0.00000000
0.00000000
0.00000000
0.00000000
0.00010772
0.00012768
0.00012768
0.00009127
0.00005002
0.00005002
0.00002720
0.00002366
0.00004881
0.00001337
0.00005962
0.00008283
0.00012774
0.00012774
0.00005794
0.00009086
0.00012468
0.00014856
0.00016128
0.00028135
0.00006051
0.00022263
0.00012202
0.00000000
0.00012202
0.00005578
0.00012518
0.00002510
0.00005075
0.00028135
0.00011198
0.00022263
0.00005637
0.00000000
0.00002267
0.00007518
0.00028723
0.00028723
0.00015446
0.00015446
0.00011531
0.00006606
0.00008955
0.00008955
0.00011944
0.00016718
0.00016718
0.00008481
0.00007519
0.00007519
0.00007089
0.00010268
0.00016390
0.00005893
0.00008807
0.00016390
0.00005974
0.00009954
0.00000000
