1.49997
2.37994
3.36026
3.44582
2.60014
2.78695
3.81342
4.40299
5.38071
5.62367
5.03477
5.27321
6.40027
6.35434
5.43531
4.58940
4.85623
5.06132
5.78446
6.13754
6.39493
6.46062
6.41820
5.72597
4.92205
4.44837
3.95335
4.11985
5.25962
5.05369
3.59170
2.73285
1.60938
1.69799
2.73951
3.57620
4.97287
5.78921
7.18264
7.40092
6.37932
6.57127
7.60522
8.43001
9.62343
9.85037
9.06501
8.84014
8.65486
8.76805
9.29628
9.66677
10.13547
11.02061
12.03933
12.67193
12.67371
13.30466
14.08866
14.34664
14.25200
14.21686
14.27634
13.98031
13.57876
14.09728
15.36699
15.91734
15.80514
16.17755
17.24876
17.82238
18.74575
18.95194
18.52446
18.31865
18.64521
17.99000
16.98076
17.26952
18.67089
19.21991
18.93518
19.14444
19.94628
20.29316
20.47602
20.52123
20.40793
20.42124
20.55040
20.65651
20.70665
21.32085
22.68676
23.32443
23.78301
23.71508
22.79994
22.89662
23.90833
24.51220
25.55775
25.35982
23.96265
23.24693
22.43648
21.56381
21.54981
21.45196
21.60693
21.30427
20.29988
19.49041
18.02792
17.62586
18.42563
19.28444
20.50568
21.36443
22.00861
22.87946
24.05913
24.90614
25.55499
25.45283
24.33319
24.44676
25.55893
25.87861
25.65138
25.28113
24.29262
24.46579
25.70453
26.44039
27.86220
27.93950
26.62256
26.00559
25.01976
24.92627
25.53471
26.33178
27.07203
27.50300
27.21846
27.08468
26.90344
26.71517
26.57158
27.35594
28.64958
29.06638
28.43930
28.31745
28.33741
28.22242
27.92280
27.70073
27.32880
26.82516
25.52472
25.29838
26.17618
26.57786
27.15048
27.41210
27.39222
27.12589
26.11379
26.04971
26.76465
27.02004
26.76715
26.20725
24.89949
24.18894
24.54872
24.52053
24.40191
24.77101
25.80516
26.65236
27.00569
26.65090
25.59560
25.31854
24.08222
24.22020
25.55876
25.55623
24.28070
23.93330
23.11338
22.68356
21.95913
22.17661
23.36176
23.97831
23.47579
24.33285
24.99710
25.54289
26.45530
26.50157
25.54306
25.58928
26.71278
26.74701
25.71720
25.57709
26.19190
26.07610
25.19324
24.87160
24.86972
24.14619
22.73392
22.09945
22.50721
21.77148
20.52047
20.15425
21.24183
21.46503
21.05436
21.39404
22.55049
23.23870
24.43335
25.13771
26.27494
26.94509
28.09332
28.34088
27.67409
27.30073
26.40408
26.50983
27.65610
27.99379
27.92238
28.22521
29.10908
29.54985
29.49635
29.67850
30.00278
30.62321
31.56919
32.18340
33.13390
33.56206
33.67058
33.35376
32.58846
31.86897
32.02663
31.75385
30.90824
30.94349
31.88198
32.27113
32.70839
33.09409
34.01016
34.00613
33.10364
32.60293
31.66131
31.59000
32.31615
32.52975
32.05763
31.93389
31.88811
31.87675
32.03311
31.73816
30.83901
31.11451
32.49984
33.38582
34.38944
35.09960
34.92789
35.20687
35.22511
35.93068
37.36479
37.74896
37.13032
36.56312
35.78984
35.50632
35.78997
35.18503
34.05559
33.66773
34.19796
34.92303
35.03948
35.72683
36.48220
36.44679
35.51606
35.13951
34.57439
34.77338
35.92623
35.76062
34.78891
34.58178
33.58518
32.88844
32.22176
32.12813
32.45731
33.14808
33.36460
34.04981
35.46241
35.48807
34.08945
33.60751
32.39493
32.10549
33.00738
33.65405
34.78952
35.42142
35.93135
36.77480
37.60492
38.09886
38.27027
37.68055
37.14195
37.14968
37.95035
38.53643
39.26051
39.05625
38.10567
37.54159
36.85560
36.00256
35.90134
35.59912
36.20109
36.58368
37.13720
37.56511
37.18947
37.97574
38.38613
38.61967
38.25901
38.94224
40.21487
40.46024
40.76579
41.20014
42.16822
43.04339
43.65047
44.30624
44.23808
43.90017
42.71458
42.22855
41.76882
41.46514
40.95644
40.62432
39.95081
39.05516
38.61641
39.28533
40.46171
41.26421
42.58574
43.44931
44.90973
45.56289
45.53101
46.12775
46.35625
46.57766
46.38365
45.87316
44.56478
43.87612
43.66164
42.86225
41.49049
40.90974
41.04063
40.46002
38.97769
38.21139
37.31279
36.62185
35.71571
35.51671
36.19848
35.82502
34.58901
34.38267
35.14641
35.51393
36.25114
36.14261
35.56810
34.72726
35.14939
34.43673
33.12145
32.27044
30.86909
30.31735
30.95410
30.46343
28.98714
28.10176
26.93379
26.31512
26.67481
26.55829
25.91101
25.96866
26.68053
26.31428
25.02753
24.20176
24.68428
25.48460
26.47074
26.68327
27.24910
28.11485
28.80296
28.65334
28.58252
28.57255
27.68115
27.24556
27.24494
27.44683
28.10371
28.25617
27.20090
26.42290
25.82378
25.14008
25.17196
25.40207
26.37441
26.97781
27.27801
27.90124
28.87693
29.37415
29.52889
30.04445
30.97983
31.26107
30.95535
30.56447
29.52171
28.92555
28.87085
28.33717
27.48296
27.37818
27.01214
26.30390
25.01913
24.75155
25.31847
26.18376
25.62037
25.50412
24.06359
23.50896
23.54107
24.27281
25.61015
26.46797
27.91032
28.69540
29.93827
29.74761
28.45746
27.86732
27.86179
28.54956
29.58062
30.10797
29.62051
29.52009
29.63572
29.16746
28.00054
27.32587
26.55665
25.70783
25.05321
24.51303
23.62067
23.92998
25.42617
25.85257
25.44927
25.89168
26.20185
26.81392
27.23781
27.96201
27.61691
28.09878
28.40830
27.68603
26.58721
25.91788
25.27980
24.71001
23.38138
22.98965
23.60405
23.16782
22.11723
21.45272
21.93532
22.06876
22.34692
22.50961
22.72879
22.99930
23.78751
23.56854
22.70628
22.23150
21.48179
21.52399
22.43241
22.93580
23.63908
24.05309
24.66906
25.06192
25.88800
25.71279
24.49591
24.71997
26.03717
26.49441
26.15986
25.83024
24.72940
24.87248
26.20007
26.83333
27.51300
27.23982
25.94304
26.11113
27.45068
28.03231
28.57747
28.42269
27.57864
27.65522
27.26460
27.20171
26.97736
26.95218
26.15212
26.44919
26.42102
26.65784
27.45293
27.35258
26.39133
26.01205
26.64943
26.77006
26.25584
25.48490
24.88637
24.86996
25.78193
26.62635
27.35937
28.09238
29.13392
29.80224
30.70976
31.28301
30.77512
30.65713
30.49719
30.50633
30.64127
31.07591
32.13495
32.71063
32.21146
32.32854
32.76658
33.39465
34.72581
35.46363
35.36447
35.93144
36.87442
37.42498
37.50254
37.95050
38.57765
38.81756
38.85527
38.95274
39.12456
39.24028
38.86651
39.72223
40.33900
40.96454
42.08394
