1.49989
2.39620
3.87988
4.73894
6.03590
6.85695
8.23660
9.13199
10.60576
11.45333
12.75743
13.57587
14.98433
15.75346
16.73384
17.34004
18.30618
18.84786
19.48797
19.89589
20.55918
20.92897
21.43501
21.98945
23.22458
23.92068
25.02681
25.76882
27.11584
27.76475
28.48761
28.55051
27.89681
27.74996
27.84660
27.84607
27.66222
28.09206
29.44037
30.05499
30.80252
31.06221
31.09136
31.22424
31.57017
31.73987
31.87867
32.31073
33.47000
34.13744
35.16427
36.03143
37.46757
38.26314
39.04510
39.50000
40.06999
39.93243
38.90614
38.47048
37.91991
37.84543
38.37310
38.07638
36.82023
36.14453
35.15566
34.35710
33.18870
32.50712
31.52946
30.82858
29.62528
29.11993
28.89975
28.82951
28.89222
29.05944
29.48333
29.59741
29.59028
29.48259
28.97024
29.14414
30.05861
30.74294
32.00271
32.67634
33.54149
34.34475
35.84114
36.59416
37.25244
37.67122
38.30457
38.60201
39.06162
38.89709
38.09571
37.29276
35.98880
35.19496
33.96868
33.34521
32.57133
32.14272
31.55101
31.11238
30.32704
29.64555
28.27220
27.38889
25.91191
25.02688
23.57134
22.87306
22.18884
22.15169
22.88206
22.99908
22.78193
22.61481
22.39515
22.03196
20.98438
20.83501
21.40799
21.90066
22.94241
23.61322
24.81981
25.50003
26.63107
27.02695
27.17040
26.93284
26.02897
25.35411
24.13234
23.48331
22.75074
22.81091
23.76023
24.21134
24.70765
25.24274
26.31811
27.17121
28.62564
29.49687
30.73304
31.24238
31.41735
31.85928
32.96976
33.21222
32.85964
32.46418
31.41288
30.92657
30.29740
30.27990
30.97317
31.03791
30.60753
30.44241
30.36662
30.16119
29.59464
29.60243
30.24075
30.31394
29.80954
30.11822
31.40791
31.73833
31.44349
31.38157
31.30486
31.36622
31.66191
31.79407
31.89846
31.89008
31.71079
31.73429
31.97637
32.06367
32.12315
32.21828
32.46433
32.57756
32.72645
32.75973
32.53494
32.99023
34.26067
35.14574
36.45906
37.21915
37.94103
38.34636
38.75161
38.83899
38.73728
38.37958
37.35205
36.75004
35.86346
35.13624
33.95858
33.29931
32.29575
31.83765
31.36439
31.08214
30.60861
30.49244
30.46776
30.90328
32.21077
32.82878
33.47625
33.79546
33.99700
34.13607
34.33076
34.44732
34.56804
34.54764
34.33447
34.25138
34.25121
33.91716
32.84618
32.41328
32.17321
31.76509
30.90370
30.58104
30.56415
30.08824
28.72281
28.28217
28.47991
28.33269
27.75297
27.72011
28.16760
28.33334
28.44600
28.70205
29.23074
29.54446
30.04092
30.37614
31.04356
30.85799
29.61243
29.44225
30.19567
30.44006
30.71651
30.60003
29.83301
29.81791
30.48213
30.77100
31.21756
31.27126
30.86102
31.04792
31.98996
32.32376
32.50504
32.38528
31.82113
31.49070
30.94463
30.49523
29.69255
29.07177
28.18583
27.38701
25.97822
25.25026
24.31903
24.05905
24.12101
24.64811
26.02113
26.90847
28.28963
29.00850
29.76933
30.60170
32.07460
32.90771
34.04595
34.47052
34.36266
34.74797
35.82576
36.39934
36.86331
37.27244
37.92283
38.04335
37.81434
37.47745
36.61871
36.28427
36.16248
35.65279
34.32601
33.95998
34.31362
34.61851
35.46297
35.74845
35.93732
35.62355
34.54855
34.04223
33.30890
33.17181
33.48269
33.78900
34.38726
34.80017
35.20988
35.79049
37.06036
37.84783
38.96594
39.60745
40.32833
40.84308
41.69803
42.31221
43.02201
43.52014
44.37290
44.91156
45.91030
46.26712
46.35842
46.56064
47.03244
47.17117
47.14508
47.09743
46.94528
46.81255
46.56235
46.25921
45.54447
45.09379
44.32226
43.90232
43.15693
43.21137
44.12852
44.51643
44.88114
45.33649
46.13480
46.35554
46.20927
46.28427
46.46787
47.00120
48.28591
49.08128
50.46538
51.29556
52.63779
53.44768
54.57139
55.18276
55.96601
56.41728
57.22326
57.12467
56.05041
55.52052
54.63480
54.36927
54.31825
54.71038
55.78191
56.53129
57.79717
58.54928
59.71314
60.44354
61.30691
62.15820
63.61137
64.49761
65.94679
66.80335
67.92221
68.64082
69.85863
70.54747
71.57496
71.93412
71.93529
72.10561
72.51138
72.79463
73.32605
73.65881
74.27036
74.46593
74.59398
74.31287
73.39056
72.68784
71.27852
70.69398
70.39031
70.30220
70.44888
70.54365
70.72243
70.99024
71.68822
72.12061
72.82726
73.42906
74.65441
75.40176
76.58063
76.83873
76.40656
75.81987
74.41681
73.96325
74.04382
74.43229
75.53066
76.22137
77.16458
77.62186
78.11398
78.28528
78.32523
78.33427
78.30163
78.22581
78.05731
77.74153
76.89088
76.53008
76.27322
75.76686
74.64040
73.76665
72.33346
71.58010
70.96878
70.59736
70.02319
70.00228
70.37927
71.04318
72.51597
73.38171
74.82527
75.62366
76.68037
77.39689
78.67907
79.32382
80.01206
80.43499
81.15394
81.27481
80.76759
80.96023
81.87312
82.52974
83.78009
84.65661
86.13893
87.02664
88.46661
89.30745
90.26686
90.89610
91.91679
92.52341
93.53699
94.06301
94.78535
95.04117
95.12290
95.11461
94.93985
94.87081
94.75458
94.88512
95.39708
95.80331
96.55917
97.08032
98.06125
98.63617
99.56705
100.04082
100.55295
100.85905
101.26712
101.36667
101.27694
101.05702
100.40377
100.06064
99.74004
99.63684
99.61887
99.77212
100.20018
100.43408
100.83255
100.81489
100.36016
100.16942
99.87020
99.92414
100.39840
100.67469
101.23369
101.29488
100.90053
100.84408
101.07770
101.00206
100.49209
100.57736
101.29999
101.67763
102.29423
102.75432
103.62987
104.26394
105.54990
105.94759
105.89186
105.56126
104.57788
104.02384
103.04666
102.71913
102.48568
102.94431
104.36158
105.17024
106.26811
107.13342
108.38831
108.94106
109.42214
109.30808
108.32912
108.22620
108.77656
109.18012
110.04083
110.54578
111.05958
111.43394
112.01243
112.61932
113.79623
114.43992
115.21859
115.76698
116.84851
117.10663
116.84703
116.46668
115.49431
114.85844
113.92807
113.82760
114.43571
115.09042
116.51051
117.33820
118.67577
119.57093
120.94745
121.84615
123.24069
124.11449
125.22042
126.05931
127.54889
128.44182
129.81162
130.69039
132.10823
132.97557
134.43739
135.18716
135.92296
136.13295
135.84972
135.74082
135.52766
135.46528
135.40870
135.62159
136.43664
136.59728
136.47953
135.93201
134.54470
133.69929
132.85052
132.61065
132.73598
133.27944
134.64904
135.53732
137.01780
137.84159
139.03678
