0.00004796
0.00004796
0.00003364
0.00010696
0.00010696
0.00009546
0.00004807
0.00005370
0.00004698
0.00000000
0.00004698
0.00005370
0.00008610
0.00011147
0.00011147
0.00004928
0.00002763
0.00003139
0.00008474
0.00013041
0.00013041
0.00012152
0.00013944
0.00014106
0.00014106
0.00006908
0.00000000
0.00000000
0.00004205
0.00017479
0.00005941
0.00000000
0.00005371
0.00013475
0.00013475
0.00011615
0.00005283
0.00005957
0.00012388
0.00012388
0.00008176
0.00008176
0.00007850
0.00007511
0.00010661
0.00010661
0.00006714
0.00000000
0.00002844
0.00004737
0.00000000
0.00000000
0.00004737
0.00002222
0.00003808
0.00011258
0.00011258
0.00008496
0.00010970
0.00010970
0.00007053
0.00005465
0.00009786
0.00005501
0.00009498
0.00009498
0.00007407
0.00000345
0.00004770
0.00006854
0.00006854
0.00003846
0.00005179
0.00005757
0.00005757
0.00013527
0.00018549
0.00027273
0.00027273
0.00016777
0.00000336
0.00014400
0.00014400
0.00005971
0.00011477
0.00011477
0.00007661
0.00009255
0.00010314
0.00010314
0.00014073
0.00014073
0.00004330
0.00003308
0.00005941
0.00016301
0.00000000
0.00000000
0.00000000
0.00000530
0.00004614
0.00004169
0.00009534
0.00009534
0.00006192
0.00006214
0.00007367
0.00010605
0.00010605
0.00008006
0.00009305
0.00006243
0.00012000
0.00001267
0.00006618
0.00012000
0.00009305
0.00000000
0.00013790
0.00006742
0.00000000
0.00017479
0.00013790
0.00004095
0.00002760
0.00005837
0.00006944
0.00006944
0.00012028
0.00012028
0.00009182
0.00004614
0.00006314
0.00006314
0.00010524
0.00011574
0.00011574
0.00010381
0.00010381
0.00007783
0.00009946
0.00009946
0.00010469
0.00016442
0.00016442
0.00004810
0.00000000
0.00000000
0.00017438
0.00000000
0.00000000
0.00001985
0.00003519
0.00009653
0.00009653
0.00009514
0.00009168
0.00009168
0.00014302
0.00014683
0.00014683
0.00011086
0.00006963
0.00006963
0.00011101
0.00011101
0.00008518
0.00006751
0.00004686
0.00005015
0.00011220
0.00012042
0.00012042
0.00007382
0.00007382
0.00001643
0.00009966
0.00004750
0.00005672
0.00005672
0.00009743
0.00009743
0.00005090
0.00005541
0.00013405
0.00013405
0.00002059
0.00017438
0.00002453
0.00011998
0.00011998
0.00008973
0.00017218
0.00017218
0.00009231
0.00010248
0.00010248
0.00009298
0.00009298
0.00007731
0.00011061
0.00011061
0.00004411
0.00010364
0.00016599
0.00016599
0.00012980
0.00008651
0.00008651
0.00008284
0.00004434
0.00010197
0.00010197
0.00004238
0.00015341
0.00015341
0.00008484
0.00008484
0.00000668
0.00000000
0.00000000
0.00000000
0.00005321
0.00003298
0.00000000
0.00000000
0.00005040
0.00007851
0.00007851
0.00002248
0.00008713
0.00013459
0.00013459
0.00008783
0.00008783
0.00007507
0.00007507
0.00000590
0.00000000
0.00000000
0.00005321
0.00003423
0.00018375
0.00000000
0.00000000
0.00003021
0.00003021
0.00004129
0.00004129
0.00000000
0.00004373
0.00006103
0.00006686
0.00006686
0.00004273
0.00004335
0.00004335
0.00004032
0.00004573
0.00004573
0.00003676
0.00008279
0.00008279
0.00007389
0.00000000
0.00000000
0.00357073
0.00357073
0.00023346
0.00000000
0.00008229
0.00018375
0.00000000
0.00004246
0.00004246
0.00000000
0.00001986
0.00007389
0.00000000
0.00000000
0.00000000
0.00048313
0.00000000
0.00000000
0.00000000
0.00000000
0.00000000
0.00001448
0.00015621
0.00015621
0.00006747
0.00006747
0.00001771
0.00008264
0.00015976
0.00015976
0.00008713
0.00006160
0.00005600
0.00016283
0.00016283
0.00009580
0.00009580
0.00007573
0.00011724
0.00011724
0.00010956
0.00004605
0.00006984
0.00006984
0.00005217
0.00012303
0.00012303
0.00013564
0.00013802
0.00013802
