1.49991
2.33824
3.53072
4.15745
4.94340
5.11682
4.66796
5.13489
6.40029
7.25710
8.53982
9.41657
10.45849
10.93751
11.23730
11.59400
12.35672
12.81905
13.64201
13.97893
14.19130
14.54326
15.41859
15.70542
15.69692
16.00942
16.92331
17.32960
17.74582
18.25307
19.32566
20.09145
20.88324
21.71944
23.17678
23.97394
24.70014
25.22709
26.12884
26.58118
27.06616
26.97791
26.24753
25.63754
24.47564
23.71558
22.99974
22.33155
21.08694
20.36833
19.16513
18.69404
18.62212
18.58584
18.63746
18.71938
18.97250
18.98632
18.77035
18.73095
18.70351
18.93986
19.86733
19.85710
18.93915
18.38065
17.43123
16.97742
16.52220
16.34662
16.25787
16.27182
16.51368
16.35004
15.47952
15.58068
16.61683
17.27425
18.53095
19.13474
19.79615
20.43485
21.54223
22.20467
22.86958
23.25084
23.72594
24.13295
25.00397
25.34789
25.52831
25.77035
26.19243
26.49744
27.00061
27.58992
28.89649
29.59872
30.66692
31.10559
31.24364
31.58612
32.42652
32.94183
33.76223
34.49031
35.72399
36.39140
37.26030
37.63820
37.79806
38.10853
38.83811
38.92236
38.38637
38.40265
38.97349
38.92855
38.39960
37.76338
36.39424
35.91570
36.00177
35.81864
35.44438
34.77597
33.32239
32.50482
31.21754
30.63713
30.35113
29.76715
28.38876
27.63399
26.39423
26.05503
26.32439
26.99284
28.48568
29.37432
30.83477
31.68267
32.63744
33.31264
34.47528
35.08849
35.59902
35.47036
34.58499
33.81196
32.32969
31.55363
31.01506
30.67257
30.28595
29.94081
29.15383
28.94983
29.09303
29.47179
30.50349
30.58933
29.83880
29.42166
28.52347
28.59200
29.66190
30.20399
31.04692
31.65903
32.82788
33.41495
33.97100
34.38085
35.08198
35.62526
36.70231
37.35286
38.26249
38.43278
38.03370
37.49123
36.17316
35.61271
35.22398
34.97235
34.73116
34.22413
32.94275
32.51394
32.61974
32.53581
32.19296
32.36063
33.14933
33.62696
34.42558
35.12796
36.19610
37.07076
38.22629
38.83366
39.46004
40.12373
41.46543
42.27858
43.17563
43.80357
44.45559
44.62220
44.35668
44.29792
44.28377
44.25161
44.06310
44.30423
45.23801
45.56401
45.52874
45.95483
47.05641
47.84243
49.06851
49.90003
51.28581
51.76705
51.72523
51.61530
51.12741
50.89650
50.56028
50.48902
50.51548
50.80799
51.68051
52.13908
52.69705
53.43371
54.84443
55.50857
55.93030
56.39435
57.32412
57.92560
58.92600
59.59729
60.66331
61.32775
62.50514
62.92970
62.97636
63.12268
63.28520
63.92664
65.41884
66.27214
67.69070
68.18420
67.98084
68.30638
69.43035
69.62047
68.93987
69.14472
70.27643
70.77314
71.27574
71.46349
71.53996
71.30607
70.47200
70.02987
69.59105
69.33902
69.11452
68.66611
67.72913
67.10782
66.03354
65.52385
65.04774
64.81926
64.59823
64.52877
64.46547
64.78701
65.82478
66.42674
67.45337
68.04243
68.96759
69.57928
70.71508
71.17116
71.45921
71.57834
71.52971
71.82486
72.77103
73.21710
73.89434
73.97032
73.43869
73.40727
73.75904
73.91435
74.13854
74.26863
74.37789
74.76260
75.81468
76.40701
77.40206
77.93834
78.72643
79.09925
79.22212
79.47996
80.00465
80.34139
80.78747
81.37102
82.47772
83.27569
84.27144
84.60495
84.44687
84.70246
85.54893
86.03104
86.71192
87.48845
88.92718
89.50323
89.56171
89.66126
89.61316
90.02653
91.08907
91.96185
93.23687
94.03636
95.39962
95.84888
95.70233
95.63665
95.33534
95.39680
95.91659
95.87575
95.17071
95.23616
96.09493
96.42308
96.55968
97.07055
98.35131
98.89320
99.27624
99.45375
99.42746
99.87185
101.15538
101.85985
102.89663
103.68167
104.57788
105.35596
106.60125
107.27126
108.13477
108.73855
109.36924
109.81812
110.60788
110.94405
111.25781
111.51701
112.01180
112.42720
113.32494
113.47866
113.25016
112.79013
111.47068
111.08355
111.36586
111.48621
111.72730
112.02673
112.70718
113.28341
114.29021
114.34664
113.53231
112.79624
111.39925
110.56162
109.20943
108.43329
107.72617
107.69472
108.42302
108.92615
109.95610
110.40320
110.55795
110.80816
111.28946
111.67785
112.66679
112.61993
111.89387
111.30769
110.47016
109.69081
108.41973
107.87754
107.71737
107.27602
106.25533
105.80681
105.31765
105.22291
105.42820
105.61862
106.13547
105.94378
104.91021
104.35906
103.42989
103.05740
102.96524
102.91286
102.78370
103.21715
104.52799
105.26755
106.56314
107.00146
106.95175
106.97307
106.96645
106.88798
106.59847
106.57898
106.78363
106.86995
106.98298
107.05772
107.34435
107.01610
105.85853
105.06333
103.62108
102.82777
101.69366
100.96909
99.86748
98.98712
97.67854
96.79524
95.31718
94.50474
93.71220
93.25846
93.08427
92.70059
91.99814
91.20591
89.89154
89.08323
87.81837
87.03360
86.01578
85.61083
85.54745
85.48722
85.47682
85.44167
85.25442
85.48547
86.34955
86.83768
87.65641
88.15796
88.99427
89.45923
90.10113
90.43493
90.89501
91.03171
90.99347
91.03397
91.22857
91.12043
90.57135
90.44056
90.55803
90.73528
91.14130
91.68481
92.88914
93.49882
94.34528
94.63972
94.71816
94.33737
93.08614
92.74973
92.97353
93.30371
94.16332
94.91766
96.38612
97.27413
98.73062
99.62133
101.10196
101.97448
103.23105
103.78778
104.13774
104.21151
103.93074
103.96570
104.27825
104.50767
105.04504
105.06301
104.67461
104.13108
102.80890
102.03368
100.68278
100.09014
99.73247
99.44678
98.96214
98.69416
98.19006
98.52224
99.84723
100.64927
101.94488
102.76255
104.02920
104.59934
104.99975
105.41428
106.08394
106.78030
108.06632
108.90912
110.38553
111.20575
112.34600
112.95939
113.78490
114.31130
115.17804
115.81992
116.92177
117.74028
118.86533
119.62458
120.90040
121.68589
122.33333
123.14640
124.63175
125.44009
126.34462
127.08608
128.37455
129.10224
129.88640
130.36387
131.04528
131.51991
132.06165
132.70952
134.07696
134.45553
134.10009
134.08902
134.20949
134.36289
134.74545
135.02997
135.60315
135.94486
136.53029
136.87340
137.44585
137.76360
138.25161
138.45134
138.65180
138.54328
137.95530
137.68765
137.37383
137.08927
136.56643
136.13301
135.24733
134.64589
133.52711
132.86647
131.78366
131.12060
130.06257
129.30365
128.14503
127.43154
126.46591
126.04351
125.81001
125.59475
125.15362
125.06023
125.15480
125.33218
125.83813
126.20233
126.91506
127.37393
128.25206
128.47593
128.20858
128.22631
128.46126
128.55893
128.68357
128.54051
127.85818
127.83545
128.25093
128.91074
130.23622
130.96259
131.84479
132.71722
134.08007
134.92832
136.32867
137.15874
138.50599
139.36250
140.71156
141.60640
142.97473
143.85930
145.35681
146.21139
147.35341
148.02581
148.80458
149.25247
149.94524
150.08666
149.87860
149.50995
148.56728
148.46966
149.14285
149.49017
150.10169
150.47183
151.18820
151.22260
150.65825
150.13471
148.90181
148.35900
147.93492
147.61783
147.05689
146.88496
147.02189
146.70651
145.70815
145.03173
143.89744
143.62796
144.18638
143.86737
142.63145
141.94070
140.74015
140.24564
139.83639
139.85135
140.51562
140.33540
139.27311
138.61461
137.49970
136.78306
135.60299
134.92554
134.18251
133.97994
134.15867
134.51337
135.36748
136.11669
137.54298
138.41293
139.62510
140.39647
141.67819
142.46343
143.56984
144.45820
145.81636
146.60789
147.80418
148.28781
148.59359
148.54517
147.98250
147.79489
147.74013
147.50555
146.84373
146.48080
145.84896
145.65318
145.68400
145.75602
145.83725
146.43559
147.89316
148.75659
150.23686
150.88424
151.17316
151.13944
150.64553
150.15456
149.02372
148.30321
147.09909
146.21780
144.84554
143.99818
142.62184
141.81477
140.55858
139.77515
138.43471
137.70920
136.73686
136.01292
134.78407
134.04326
133.17940
133.05967
133.51672
134.23108
135.72575
136.61970
138.10888
138.94420
139.94814
140.71641
142.04841
142.91891
143.74355
144.47705
145.82643
146.71424
148.18589
149.08149
150.56891
151.34825
151.90922
152.39180
153.19562
153.72458
154.67239
155.27286
156.27127
157.05688
158.37591
159.22103
160.54546
161.38709
162.82655
163.62415
164.76934
165.53115
166.89076
167.53182
167.99773
168.33873
168.77485
169.18608
170.06092
170.59335
171.38896
172.16676
173.53732
174.17777
174.64397
174.74815
174.40005
174.52150
175.15735
175.48157
175.74325
175.83529
175.88463
175.64366
174.71372
174.59810
175.29417
175.06371
173.89255
173.11269
171.89155
171.14885
169.93506
169.22110
168.13715
167.38571
166.08312
165.37521
164.32504
164.00574
164.07940
164.30079
164.88994
165.67155
167.14990
168.04661
169.54384
170.22859
170.46634
170.66692
170.83701
170.71794
170.15443
169.83839
169.62608
169.01238
167.53817
166.85866
166.21946
166.35120
167.41368
168.04106
169.20515
169.74232
170.28863
170.62516
171.19207
171.34749
171.12059
171.52522
172.76195
173.64650
175.05009
175.93052
177.22731
178.00652
178.83746
179.45233
180.57133
181.12480
181.79928
181.69610
180.72076
180.10677
179.06868
178.38638
177.19096
176.43461
175.08253
174.39366
173.40190
173.27058
174.05240
174.01893
173.29536
172.80436
171.81701
171.58661
171.81406
172.19037
173.23758
173.42932
173.04925
172.44711
171.08728
170.23997
168.87076
167.97217
166.56923
165.68646
164.22837
163.46066
162.86705
162.41074
161.57919
161.48136
161.97582
162.54209
163.77468
164.61440
165.60671
166.16537
166.82499
167.33237
168.29830
168.83629
169.69903
170.07505
170.38612
170.53098
170.68360
170.55137
170.08577
169.46566
168.03583
167.31776
166.60350
165.86246
164.65935
164.19269
164.08859
163.93447
163.62367
163.55256
163.72591
163.58882
162.94123
163.04796
164.02497
164.24413
164.02843
163.95057
163.81091
163.75542
163.69950
163.64701
163.56093
163.34058
162.77573
162.30286
161.33547
160.90651
160.51083
160.32286
160.08413
160.38619
161.52431
162.14788
163.21464
163.66277
164.05900
164.20715
164.14474
164.32255
164.88238
165.29168
166.06376
166.71114
168.02064
168.45781
168.51328
168.16916
167.02940
166.34894
165.41040
164.68185
163.37513
162.56588
161.19097
160.58588
160.38764
160.25941
160.08710
160.37967
161.28453
162.07445
163.41175
164.16967
165.29995
165.87073
166.40364
166.75404
167.20463
167.72121
168.91089
169.54575
170.52662
170.94210
171.19419
170.92013
169.78475
169.29585
168.75870
168.63219
168.86152
168.79116
168.37286
168.24268
168.16211
168.48352
169.57762
169.87195
169.77801
169.59733
168.95632
168.81515
168.78428
169.34121
170.80872
171.62279
172.91669
173.62428
174.66675
175.26500
176.11244
176.86464
178.32930
179.21942
180.71220
181.57677
182.71601
183.59298
184.69703
185.41071
186.50963
186.67206
185.96322
185.65899
185.16867
184.96112
184.71902
184.77442
185.19110
185.42427
185.72555
186.23345
187.42352
188.18370
189.49189
190.36975
191.70997
192.09209
191.71189
191.42380
190.64359
190.32524
190.04654
189.78427
189.11490
189.11288
189.71113
190.16791
190.88606
191.34316
192.07987
192.69233
193.91009
194.70096
195.96310
196.64558
197.57791
198.15067
198.97534
199.68557
200.68162
201.03512
201.05159
201.20161
201.58767
201.77667
202.03896
202.13294
202.25091
201.98901
201.06090
200.48787
199.44136
198.81582
197.66857
197.42514
197.99592
198.03329
197.76782
197.46482
196.57084
196.49465
197.12014
197.60097
198.60439
199.36391
200.76361
201.29198
201.23230
201.71766
202.82771
203.65049
204.77378
205.49369
206.68556
207.42770
208.57412
209.41702
210.38148
211.07804
212.29913
213.04405
214.31672
215.07296
216.30112
216.89015
217.61499
217.61798
216.85031
216.44678
215.86757
215.19788
214.02899
213.26210
212.35130
211.52272
210.21949
209.59261
209.10511
208.38093
206.96031
206.16885
205.01345
204.24645
202.84684
202.21785
201.79305
201.19231
200.03980
199.30478
198.01832
197.41212
196.75479
196.36017
195.65940
195.62927
196.20682
196.67530
197.82542
198.01367
197.40524
197.18809
196.90926
196.80506
196.74730
196.71516
196.65070
196.83555
197.49725
197.91436
198.79735
198.86111
198.13215
197.87634
197.56588
197.67445
198.34569
198.74605
199.34572
200.10482
201.60387
202.50093
203.99457
204.86479
206.22398
206.91828
207.75416
208.09462
208.07818
208.06825
207.93750
207.88860
207.98740
207.63685
206.71157
205.87639
204.51706
203.86191
203.31708
202.82640
201.79103
201.67528
202.31370
202.89327
204.01010
204.74944
206.08681
206.81526
207.84407
208.47355
209.62225
209.80808
209.05583
209.12950
209.91645
210.51015
211.69064
212.36563
213.40161
214.00691
214.96097
215.54104
216.56169
216.99087
217.30945
217.69035
218.67353
218.75076
217.93556
217.83379
218.23932
218.36646
218.50230
218.41786
217.95894
217.83445
217.83142
217.93682
218.28513
218.58092
219.10459
219.48851
219.96630
220.62333
221.78194
222.67465
223.91488
224.60473
225.11502
225.09639
224.31203
224.31266
224.98506
225.32015
225.83295
226.12751
226.59998
226.78786
226.94457
227.00022
226.98375
227.03251
227.13959
227.50329
228.64172
228.76718
227.93016
227.77643
228.01269
228.12984
228.29745
228.39131
228.66982
228.28839
226.96817
226.25383
225.18905
224.34321
222.93121
222.14973
221.17940
220.39150
218.94830
218.08124
216.62744
215.82684
214.65378
214.10867
213.45702
213.49341
214.27960
214.72112
215.48631
215.90965
216.65807
216.69339
215.99153
215.89636
216.23789
216.22543
215.90087
215.80726
215.87737
215.61617
214.70659
214.50448
214.81321
214.65659
213.91543
213.64047
213.46653
213.44617
213.55227
213.76983
214.17168
214.82311
216.18505
217.06643
218.02294
218.74968
219.97397
220.77156
222.13722
222.93849
223.79352
224.29723
224.88681
225.49531
226.71985
227.55120
228.83454
229.60311
230.79428
231.56774
232.91780
233.73124
235.12720
235.58563
235.28490
235.64506
236.79641
237.35856
238.17072
238.42788
238.30803
238.19141
237.83289
237.58665
236.98520
237.02694
237.77548
238.09215
238.57426
239.04936
238.98644
239.02766
238.97049
239.41518
240.68878
241.20842
241.55547
241.60673
241.22201
241.45327
242.56505
242.75271
242.40271
241.75546
240.34811
239.50960
238.13897
237.27481
235.97407
235.39463
234.91447
234.82600
235.13290
235.32717
235.61234
236.21132
237.56616
238.41993
239.30461
240.04345
241.38796
242.16133
243.35337
244.05801
245.20286
245.87443
246.99444
247.49527
248.00872
248.19143
248.31329
247.84060
246.43177
245.72576
245.23809
244.50149
243.01230
242.11662
240.68837
239.82161
238.55741
237.68991
236.24475
235.47021
234.73213
234.28444
233.62092
233.16746
232.53935
231.85886
230.42404
229.75648
229.22936
228.96216
228.82207
229.02898
229.89375
230.16955
230.10941
230.05460
229.82084
229.69982
229.43484
229.53348
230.09350
230.43199
231.02385
231.49083
232.43933
233.00750
234.03526
234.36220
234.21028
234.32239
234.63906
235.14650
236.39575
237.11261
238.21025
239.07111
240.38998
241.08296
241.64533
242.33924
243.67665
244.34182
245.15344
245.58263
246.25614
246.20660
245.38229
244.90571
244.19535
243.37326
241.93671
241.04776
239.54886
238.85952
238.50373
238.49459
239.00149
239.15592
239.14144
239.51256
240.62316
241.31152
242.45853
243.29266
244.18727
244.97546
246.24259
247.08091
248.39942
248.91897
248.90112
249.13516
249.72707
250.07059
250.65347
250.97310
251.40012
251.77032
252.45189
252.99819
253.95585
254.27569
254.23494
254.51333
255.32073
255.64110
255.81149
256.23835
257.34783
257.65893
257.54479
257.10524
255.89162
255.38397
255.24531
255.03346
254.65988
254.34025
253.76465
253.37132
252.66633
252.19874
251.32153
250.84708
250.23156
249.59300
248.43896
247.59803
246.27679
245.80475
245.71771
246.14723
247.54992
247.91483
247.54819
247.17280
246.19150
245.58870
244.54774
243.92241
243.42918
242.71092
241.44810
240.73764
239.68607
239.07649
238.16594
237.61930
237.12288
236.81521
236.45197
236.13483
235.50930
235.38777
235.77009
235.48023
234.44950
233.65695
232.23242
231.38192
229.97453
229.25757
228.79392
228.16528
227.05765
226.34491
225.54292
224.88778
223.64945
222.97099
222.25616
221.51447
220.15153
219.37076
218.32688
217.45234
216.29787
215.71147
214.97290
215.04904
215.99887
216.57630
217.69093
218.21841
218.79236
219.35318
220.54103
221.23538
222.39108
223.07183
224.15981
224.91731
226.22998
227.07330
228.31465
228.92745
229.33884
229.56203
229.65912
230.17441
231.54491
232.22550
233.05590
233.58610
234.47899
235.03247
235.98632
236.54513
237.48248
237.85791
238.14632
238.22403
238.13514
238.19842
238.48276
238.63795
238.89551
238.93736
238.82989
238.63053
238.01707
237.95521
238.37691
238.46830
238.44541
238.21547
237.43143
237.14594
236.99098
236.60048
235.56810
234.91509
233.71700
233.06132
232.04388
231.56543
231.17143
230.49817
229.00900
228.28650
227.68268
227.01245
225.71069
225.03419
224.11587
223.53807
222.57229
221.85920
220.58531
219.77293
218.91717
218.46333
217.99701
217.55323
216.58166
216.10085
215.48878
214.96397
213.92263
213.18807
211.81869
211.07224
210.25128
209.76926
209.31000
208.68530
207.48826
207.00130
206.71349
206.53105
206.14839
206.50262
207.79997
208.59187
209.88473
210.67868
211.50562
212.33022
213.82596
214.70510
216.10840
216.81289
217.62092
217.99901
218.17766
218.57213
219.65497
219.79269
219.10044
218.83674
218.57389
218.22116
217.49071
217.27987
217.41566
217.17107
216.27168
216.03548
216.39288
215.95613
214.57312
213.69334
212.21611
211.41490
210.60311
210.43866
210.83057
211.23450
212.18684
212.90029
214.07145
214.53809
214.58183
214.72945
214.97944
215.32700
216.26104
216.57425
216.58414
216.94503
217.90702
218.65214
219.76161
220.44929
221.53637
222.21075
223.31554
223.95893
224.66513
224.75093
224.06809
224.19498
224.99238
225.75286
227.09181
227.81966
228.76243
229.47725
230.81968
231.54006
232.34928
232.88455
233.67800
234.32392
235.57022
236.22434
237.04389
237.58433
238.39977
238.90749
239.74450
240.31548
241.36947
241.97642
242.93188
243.54023
244.64816
245.04508
245.14149
245.28692
245.62993
245.69102
245.46447
245.66530
246.52804
246.88082
247.25740
246.96890
245.78173
245.18860
244.27313
244.02640
244.29296
244.59511
245.24089
245.85587
246.89022
247.21727
247.24403
246.89444
245.81030
245.02025
243.54809
242.70763
241.55081
241.05177
240.87551
240.61338
240.20332
239.52651
238.06843
237.34785
236.58661
236.47407
236.96573
237.49190
238.65867
239.40958
240.64270
240.97122
240.56866
240.71237
241.45376
241.65738
241.70148
241.61713
241.14819
241.22293
241.77155
242.44211
243.77326
244.55153
245.85585
246.42720
247.00219
246.94134
246.13443
245.61657
244.66067
243.90018
242.44722
241.67268
240.91533
240.50468
239.94908
239.91115
240.37570
240.66108
241.18327
241.26156
241.08376
240.63165
239.44289
238.73717
237.52393
236.79256
235.60422
235.08867
234.81707
234.60999
234.30810
234.20893
234.29188
234.02227
233.20934
232.55996
231.23106
230.66508
230.21513
230.14466
230.46605
230.62300
230.88407
231.02842
231.30560
231.22066
230.79675
230.14591
228.67794
227.80795
226.34824
225.53483
224.27533
223.85382
223.98930
223.86940
223.43805
223.44731
223.93642
223.93376
223.51101
223.28471
222.87429
222.74024
222.64019
222.90583
223.81726
224.49104
225.75247
226.57111
227.51285
227.91135
227.90181
228.41581
229.80083
230.37613
230.74522
231.12939
231.91568
232.33552
232.93226
233.40486
234.38850
234.82341
235.24634
235.50834
236.01729
235.93234
235.20408
234.74617
233.87851
233.33789
232.38417
231.95684
231.54130
231.18993
230.49003
230.36281
230.77568
230.75913
230.31766
230.35844
230.72422
231.40533
232.79721
233.62066
234.72511
235.44911
236.73723
237.30463
237.81288
238.14313
238.65701
238.98413
239.38794
240.09124
241.50307
242.29558
243.34987
244.06564
245.26832
246.14050
247.49408
248.12079
248.62607
248.92858
249.10475
249.23739
249.45443
249.51665
249.42669
249.67375
250.47818
251.10278
252.39321
252.96270
253.49759
253.81035
254.06601
254.64395
255.79313
256.56689
257.95241
258.79628
260.22921
261.08700
262.49116
263.30740
264.44468
265.09265
266.10741
266.46060
266.64068
266.27517
264.99438
264.39476
263.80923
263.23466
262.13410
261.37806
260.00222
259.23685
258.34070
257.95501
257.95894
257.63826
256.72538
256.20808
255.60160
255.05557
253.87071
253.49990
253.47074
253.89744
255.04762
255.92628
257.31646
258.19168
259.60649
260.31318
261.05665
261.56172
262.44884
262.83578
263.05945
263.64107
264.84399
265.54009
266.58951
267.32366
268.48907
269.05901
269.55573
270.09832
270.96217
271.42858
271.93776
272.66383
274.05229
274.87004
276.16067
277.05237
278.51774
279.30727
280.35095
