1.49994
2.39368
3.86421
4.75202
6.20483
7.03059
8.02797
8.00227
6.73823
7.16309
8.60835
9.41488
10.08628
10.97263
11.65616
11.34112
10.14146
9.52465
8.77043
8.34671
7.50390
7.90071
9.20048
9.95641
9.92034
10.33760
11.37738
11.98798
13.06146
13.47336
13.68527
13.91962
14.31790
14.87384
16.04551
16.92687
17.96332
18.66204
19.92908
20.15569
19.31132
19.78428
20.99340
21.44889
20.49957
20.12125
19.47431
19.47273
20.06034
20.76100
22.11365
22.70856
22.01581
22.08350
22.33985
23.15432
23.17620
23.56009
24.37618
24.98895
25.88542
26.21664
26.46668
26.31804
25.98198
25.75373
25.65942
25.58644
25.25510
25.87152
27.33310
27.90007
27.44999
27.78077
28.09295
28.91836
29.75160
30.34728
31.07001
31.87305
32.10157
32.09934
31.56244
31.31181
30.93331
31.32345
32.19692
32.41719
31.97320
31.72266
31.16471
30.79438
30.52493
30.26690
30.08228
29.61512
28.92989
28.62123
29.30452
29.69722
30.63354
30.28158
28.82536
28.23902
28.50064
28.78437
29.55141
29.71949
29.51672
29.85650
30.70203
30.76896
29.93651
30.09361
31.13233
31.56566
31.94496
31.95782
31.54148
31.47863
31.29417
32.08008
33.16087
33.66698
33.20625
32.88359
32.74224
32.84553
33.41491
33.67609
33.80470
33.95369
34.16095
34.61269
35.78811
35.97177
35.21782
34.59064
33.70458
32.97207
32.04386
31.78890
31.81771
32.67277
33.52690
34.18516
35.06167
35.63217
36.58626
37.16559
37.86234
37.98604
37.31920
37.96503
39.25517
40.13192
41.47738
42.28840
42.80867
42.70997
43.02192
43.82912
45.19383
46.03344
47.45448
48.25827
49.31946
49.89066
50.31789
50.58092
50.61370
51.39107
52.00322
52.66264
54.00001
54.33656
53.73224
54.19766
54.89235
55.49258
56.51455
56.96799
56.39472
55.66820
55.22344
54.82514
54.41704
53.90240
53.02701
53.30428
54.24274
54.52765
53.74535
53.64958
53.21234
53.08723
53.24245
53.10822
52.75857
52.26771
51.30117
50.63584
49.39200
48.78920
48.23218
47.85012
47.20119
46.87285
46.56491
46.18350
46.11337
45.89456
45.45508
45.20421
45.79088
45.16041
43.79287
43.52846
43.88641
43.22364
42.34803
41.85962
41.46394
41.59234
42.30779
42.57197
42.75295
42.54336
41.66569
41.64049
42.51744
42.43417
41.41525
40.92349
40.79853
40.86935
41.70558
41.01910
39.61207
39.04384
38.75740
38.31934
37.13595
36.41585
35.33580
34.55799
34.91982
35.70256
37.01736
37.77534
38.84912
39.14411
39.14357
38.42401
37.25378
36.47095
35.08532
35.11584
36.20957
37.04562
37.26428
38.14702
39.00546
39.68939
40.14383
39.61865
39.86441
40.56677
41.31625
42.08456
42.96083
43.38038
44.55885
45.24746
46.21097
45.89889
44.64679
43.84493
42.50999
41.85028
41.60144
41.80546
41.69266
40.81018
40.24462
39.34800
38.24859
38.00758
37.81424
38.17651
39.03524
39.92937
40.50472
41.07993
41.85609
42.14708
41.70120
41.00487
40.07261
39.18229
38.10855
37.21902
36.08055
35.25953
34.88763
35.18067
35.85762
36.39220
37.25559
37.80505
38.70452
39.36822
40.64040
40.33558
38.95676
38.69843
39.97960
40.14577
38.99045
38.38905
37.42289
37.18456
37.69941
38.57450
39.22177
39.67644
40.29927
40.41542
39.91768
40.42160
41.47857
41.99636
42.41663
41.86588
40.67026
39.90401
40.01761
40.15643
40.70527
41.07831
41.89244
41.85810
41.13422
40.81318
41.42256
41.15846
39.96621
39.35065
38.91660
38.14208
37.10914
36.49110
35.54910
35.37245
36.21275
35.80443
34.38458
33.81711
33.67976
33.48963
33.34205
32.68107
31.19214
30.36380
29.24066
28.71150
28.15668
28.06906
28.69797
28.37235
27.64747
26.93472
26.62223
26.42488
26.42897
26.04320
24.84449
24.49003
24.97216
24.64870
23.47195
23.05311
23.10424
23.43857
24.63494
24.23306
22.78553
21.92143
20.55317
20.40440
21.56260
22.04580
22.32574
22.19475
21.78537
21.03349
20.87730
20.81510
21.24139
21.09164
20.26793
20.29270
21.16631
21.20876
20.62822
20.17234
20.54469
19.97662
19.09043
18.50109
17.87295
16.98691
15.92540
15.88666
16.71382
16.47775
15.32403
15.01232
15.62659
16.02850
16.60062
17.05385
16.64147
16.70942
17.12273
17.41900
18.03263
18.28939
18.54597
18.42336
17.89234
17.51400
16.82227
16.29005
15.19199
14.60346
13.78433
13.43998
13.80144
14.00488
14.45314
14.76606
15.07092
15.74691
16.87511
17.21901
17.00376
16.71564
16.82387
17.30941
18.35105
19.17439
19.11336
19.01058
18.57632
17.79590
16.65353
15.75336
16.16091
16.14872
16.00367
16.26911
17.14948
17.83532
18.93302
19.69734
20.51795
21.00456
21.93691
21.35217
20.08873
19.22957
18.23054
17.69343
17.00820
17.14232
17.84185
18.25135
17.84642
18.05627
18.42258
18.88178
19.89501
20.36459
20.61667
20.91061
21.31955
21.94151
22.80490
23.00816
22.61017
22.63741
22.99352
23.23176
23.80316
23.67771
22.97102
22.74049
22.52663
22.92588
23.79777
23.45353
21.96842
21.68422
22.77935
23.45588
24.74442
25.61141
26.97378
27.79868
29.16850
29.92391
30.96483
31.80142
33.24764
33.68685
33.02144
32.99861
33.34667
33.70350
34.30542
35.05731
36.12197
36.87431
37.69996
38.52096
38.29969
37.60136
36.28968
35.49325
34.05929
33.19244
32.48614
31.59455
31.12475
31.27534
31.31262
31.30388
31.18820
30.71860
30.27648
30.63080
31.58430
31.94402
32.04015
31.71038
31.10870
31.41089
32.90480
33.78825
35.03302
35.56213
34.86938
34.34576
32.95515
32.19903
30.77767
30.08029
30.20961
29.45520
28.00735
28.00572
29.41237
29.95987
30.85882
31.74380
32.38346
32.31126
31.08650
30.78245
31.67983
32.46180
33.53981
34.34067
35.61952
35.87762
35.64367
35.01766
33.64867
32.90492
32.29192
31.81722
31.64932
31.22421
30.13063
29.34227
27.97419
27.32902
26.57423
25.69148
25.19808
24.50282
23.10858
22.45207
21.69318
21.86538
23.01477
23.20812
22.23950
21.99229
22.02040
22.20625
22.84743
23.12522
23.37202
23.69197
24.47643
24.25155
23.01323
22.20557
20.96183
20.21476
19.37860
19.69682
21.14921
21.19046
19.81119
19.20254
18.28919
18.60635
19.70838
19.98056
19.47403
19.47826
19.45618
20.35034
20.62163
20.98922
21.36521
21.53798
21.79924
22.18185
22.99133
23.27104
23.08150
23.10764
23.55180
22.91957
21.78252
21.50069
22.29215
21.99276
21.28788
20.69379
21.04234
21.80047
22.69804
23.11584
23.31092
23.53696
24.12486
24.02694
23.15031
22.73075
22.01305
22.00331
22.55782
23.34797
24.43521
25.01019
24.46162
23.61786
22.53032
22.13736
21.91120
22.28263
23.50983
23.33794
22.08846
21.24113
20.45188
19.85378
18.86093
19.06473
20.28511
21.04606
22.37167
23.06541
24.42485
25.23030
25.68440
24.99689
23.80096
23.22753
23.31001
23.20503
22.74051
23.20589
24.25911
24.62343
23.85403
23.18907
21.83155
21.29337
21.19507
20.89738
20.36980
19.94711
18.95117
18.64092
18.23697
17.41586
16.53809
16.57197
17.64039
17.98337
18.01827
18.11432
17.94245
18.61813
19.84072
20.19525
20.30357
19.55103
18.92958
18.77907
19.10455
19.87868
21.25671
21.60544
20.95867
20.74781
20.54171
20.12755
19.04241
18.55461
17.68053
18.32273
19.37261
20.23819
20.83541
21.09018
21.01475
21.09703
21.26603
21.69053
22.76530
23.10462
22.69642
23.16129
24.58866
24.84312
23.96077
23.29460
22.08480
21.33368
20.01957
19.90342
20.86989
21.76979
22.69914
23.49520
24.76438
25.30905
24.24083
24.00772
24.08344
24.25747
24.85242
24.99421
24.81507
24.66059
24.32488
24.16314
24.04075
23.64145
22.60676
22.17619
21.78619
21.42091
21.01299
20.86417
21.03698
21.14655
21.27859
21.59114
21.62571
21.69771
21.32395
22.10410
22.81040
23.43447
24.44417
24.94531
25.46879
25.70384
25.26530
24.88981
24.11956
23.33522
22.74369
22.55464
22.75564
22.80211
22.69026
22.66554
22.90748
22.33268
21.01070
20.14671
18.89925
18.37274
18.13628
17.93906
17.84044
17.43904
16.72582
16.00675
14.67572
13.85812
12.50489
11.79703
11.09492
10.52499
9.39941
9.31963
10.46912
10.37288
9.19803
8.33914
7.69903
7.56953
8.03178
8.38850
9.14479
9.66559
10.55556
11.14809
12.25755
12.66226
12.79419
13.31605
14.60398
14.78132
13.62068
13.26372
13.58378
13.41454
12.66205
12.33756
12.24375
11.70389
10.64445
10.34712
10.62356
10.84540
11.04553
11.35021
11.97277
12.48324
12.90269
13.77660
14.13886
13.62692
12.30662
11.56788
11.19838
12.04076
12.84605
13.55141
14.90195
15.64433
16.68141
17.44194
18.76309
19.54694
19.85896
19.85131
19.43050
19.09633
19.09826
19.53075
20.56876
21.08670
20.42548
20.33708
20.44640
20.47350
20.69714
20.15979
19.42225
19.42909
20.38628
20.78292
21.13127
21.53013
21.93720
21.80052
20.91745
20.51853
19.90042
20.15199
21.31407
21.73874
21.11015
21.02464
21.32208
20.90283
19.58034
18.70432
18.07096
17.37778
16.22035
15.84570
16.42305
15.94366
14.57872
13.76811
13.11651
12.33157
11.59860
11.70204
12.66588
13.05085
12.74850
13.19799
14.53155
15.21462
16.20099
16.10332
14.75097
14.14970
13.23532
12.75283
12.12006
11.85969
11.53795
11.71449
12.55837
12.75855
12.64968
12.33016
12.64672
13.16268
14.41212
14.09882
12.82498
12.07248
11.42278
10.84394
9.65101
9.49835
10.61257
11.01611
11.21769
11.73548
12.60647
13.47458
14.94773
15.42952
15.14521
14.68655
13.90912
13.38345
12.91050
13.31243
13.50930
13.96179
14.34306
15.17259
15.33157
16.22643
16.35784
16.76809
17.47311
17.68728
17.64364
17.05604
16.80957
17.37879
18.44027
19.18751
20.01291
20.31277
19.73051
20.08889
21.35769
22.10502
23.23466
24.08880
24.56894
24.96789
25.60880
25.75690
25.13471
25.61043
26.27063
26.77773
27.84674
27.58534
26.10083
25.25042
23.91495
23.21863
23.39522
23.45895
23.66385
23.31321
22.36229
21.57088
21.65392
21.27488
21.41310
20.86525
19.42203
18.74578
18.16558
17.92625
17.77457
17.99327
18.66100
19.37427
20.41373
21.30358
22.36860
22.96062
23.74351
24.18149
25.10602
24.64553
23.59823
22.84098
23.30454
23.39752
23.30778
23.97280
24.67054
25.53792
26.60879
27.06501
26.45149
26.70397
27.80813
28.34222
28.87411
29.62969
30.42538
30.82829
31.20579
31.05370
30.11486
30.10050
30.84353
31.47673
32.23274
32.71639
33.42946
33.97762
34.51518
35.41405
36.10075
36.66553
37.52450
38.25497
39.55203
40.10887
40.64443
40.50564
39.52321
39.14959
38.84518
38.31306
37.22308
36.66145
35.55006
35.67014
36.75617
37.24860
36.47329
36.23237
37.08815
36.88643
35.65667
35.09542
34.62366
35.02731
36.41410
37.31205
38.61059
39.33314
39.02397
39.49268
40.24096
40.84615
41.98898
42.32062
42.32131
41.78106
40.38824
39.57879
38.24324
37.44101
36.12890
35.68576
36.23755
36.46353
36.57244
37.40283
38.14146
38.99909
40.33518
41.19495
42.51955
43.21453
43.05269
42.45163
41.58948
40.71145
40.30625
39.54935
38.17244
38.12812
39.44373
40.16194
41.40597
42.11733
43.07686
43.80774
44.44897
44.32517
43.27870
42.67007
41.67352
41.26693
40.44521
40.08892
39.31197
39.63163
40.66918
41.46670
41.46433
41.70501
42.24131
42.71536
42.64174
41.88925
40.76100
40.31014
39.42275
38.60122
37.35065
36.90208
37.88596
38.40672
39.70269
40.38281
41.86885
41.95837
40.73789
40.17496
40.58541
40.54714
41.42301
41.05048
39.55827
38.91248
38.00868
37.35066
36.00375
36.09340
37.51389
37.95973
37.04562
37.47279
38.49678
39.07631
39.38544
39.05257
38.02200
37.95469
38.77393
39.38064
40.24264
40.84599
41.76394
42.00494
41.76289
41.42423
40.43222
39.94539
38.61402
38.78179
40.18207
40.29803
40.46593
39.94096
39.35294
39.33196
39.90722
40.61585
41.33518
41.59796
41.59623
41.46717
40.97763
40.76648
40.64436
40.60198
40.78914
40.42126
39.67792
39.33633
38.91578
38.37021
38.39217
38.38315
38.50248
38.17048
37.67419
36.95019
36.62916
36.89445
38.37259
39.21813
40.11650
40.91777
41.73639
42.03475
41.53073
41.43633
40.87282
39.97367
39.84465
39.04389
38.75882
37.87930
37.15440
36.56469
35.52248
34.74936
33.32119
32.42623
31.06694
30.44038
30.16810
29.80228
29.94113
30.10794
30.51119
30.80612
31.37045
31.65084
31.77061
32.02350
32.99197
33.23723
32.86085
33.03970
33.21645
33.89086
35.20327
35.92918
36.10521
36.07376
35.65355
35.34815
34.90376
34.26072
33.65253
33.09767
32.48297
32.43775
32.88861
32.85782
32.56939
32.44806
32.32120
32.17954
31.73875
31.85529
32.57957
32.87635
32.89796
32.92655
33.07030
33.12817
32.64841
32.54149
32.73385
32.53343
31.98561
31.55729
31.76853
31.89757
32.26663
32.87499
33.98460
33.97495
33.66664
33.19505
32.49558
31.92868
30.72187
30.45767
31.23939
31.72249
32.69499
33.27245
34.11422
34.57088
33.87256
34.35915
35.47413
36.17538
37.05426
37.69937
38.94630
39.17289
38.12176
38.59236
39.93231
40.20519
39.08669
38.24822
37.41087
37.25851
37.78199
38.47596
39.78705
40.64658
41.35899
42.10366
43.55075
44.33410
45.33181
46.15671
46.88445
47.60764
48.63533
49.01327
48.09634
48.12348
48.91425
49.62811
51.04436
51.85498
52.77897
53.53489
53.31337
53.89186
54.78630
55.35325
55.31965
55.18081
54.56774
54.19607
53.53863
53.49070
53.98413
54.02951
53.62068
53.37615
53.03935
52.52228
51.66345
51.52982
52.11203
52.27798
52.36996
52.45623
52.63185
52.66208
52.57352
52.59251
52.77242
52.71523
52.43614
52.17541
51.87097
51.13663
50.65643
50.40081
50.36162
50.09994
49.34199
48.83934
47.83040
47.46683
47.26107
47.43008
48.05193
48.39734
48.65993
49.26565
49.62835
50.20611
50.99634
51.80538
52.92813
53.50964
52.96938
53.48859
54.74977
55.51803
56.19455
56.71584
57.89863
57.52605
56.07546
55.24382
54.32289
54.09103
54.79405
54.96875
54.91783
54.82768
54.66544
54.92266
55.63203
56.52890
57.27732
57.21337
56.12554
55.74112
55.11602
54.71561
54.38256
54.67587
55.70038
56.51662
56.83448
56.96900
56.63408
56.62633
56.63532
57.01668
58.42933
59.06291
58.60519
59.40354
60.05963
60.52184
60.16927
59.62733
58.99343
58.31923
58.89016
59.04512
59.37693
59.77507
60.76146
61.24881
61.62595
62.46467
63.33778
64.01758
64.09496
64.90240
65.94284
66.77282
68.10500
68.53792
67.38287
66.97472
66.26976
66.86657
68.10157
68.89353
69.12057
69.67710
70.86554
71.26042
70.69910
70.99654
72.18807
72.55276
72.75924
72.20470
70.98400
71.17882
71.32033
71.28240
70.76437
70.11450
70.43579
69.63298
69.19449
68.35586
68.79980
69.28581
70.38436
71.03255
72.13066
72.67264
73.15015
73.83323
74.50544
75.14063
75.96711
76.73937
78.20503
78.96634
80.10504
80.02147
78.72873
78.14084
77.39259
77.02452
76.47888
76.59986
77.56953
77.80827
77.54519
77.34335
76.85002
76.45706
75.92067
75.10531
74.45637
73.85513
74.74081
74.77440
74.20750
73.94922
73.55375
73.74510
75.11158
75.09368
73.71642
73.39218
74.55054
74.62082
74.25248
74.19062
74.54121
74.20363
73.55784
73.72297
73.78525
73.75986
73.34982
74.00222
74.93062
75.68043
77.12362
77.01882
75.52581
75.22672
76.37398
77.03947
78.15149
78.64070
78.29843
78.17054
77.95947
78.21352
78.78634
79.62186
80.09677
80.38681
80.43414
80.56220
80.79133
81.26972
82.48202
83.18903
84.37904
85.09921
86.47202
86.25854
84.76847
83.87702
82.38883
82.07984
83.38000
84.06709
85.03521
85.87343
87.35697
88.13801
88.80108
89.48001
90.90290
91.43632
91.72677
91.30182
89.97475
89.31731
88.48334
88.08427
87.71621
87.51811
87.49221
86.85470
85.59461
85.00209
84.49405
85.15130
86.40348
87.14198
87.15019
86.69672
85.27826
84.49517
83.37631
82.48988
81.27715
81.49482
82.99281
83.24465
82.07509
81.34769
80.00765
79.12187
78.13196
77.54501
76.61385
76.52304
77.15291
77.71977
78.97436
79.66293
80.88707
80.63176
79.48081
78.98470
80.01053
80.69929
81.49994
81.61910
80.84694
80.48759
80.24495
79.75784
79.60029
80.25821
81.48703
82.27164
83.40014
84.25446
84.57478
85.09020
86.17931
86.86069
88.10983
88.57818
88.74204
89.02918
89.68628
89.91237
89.43017
89.53930
90.26592
90.35197
89.64113
89.91225
91.16331
91.35086
90.40539
90.32159
91.03421
91.14423
91.03413
90.32831
89.18534
89.16175
90.45607
90.55345
89.35614
89.65462
91.02959
91.43878
90.68967
90.34204
89.60965
89.59187
90.31325
90.45337
90.24740
89.54131
88.26581
87.72546
87.59196
87.37365
87.05523
86.94813
86.94727
86.94408
86.92398
87.08705
87.65718
87.91942
88.11121
87.67935
88.43213
88.48420
87.85423
87.83704
88.16059
88.89202
89.35989
90.21046
91.08687
91.39153
91.37104
90.66263
90.33709
89.79174
88.67076
87.88807
86.39533
86.10206
87.12778
87.36174
87.11647
87.56017
87.57645
87.60185
87.86976
87.58487
86.36121
86.10767
86.52603
86.85917
87.09846
87.65593
88.90628
89.40041
88.54452
88.77152
90.00395
90.61422
91.48111
92.02909
93.01289
93.38483
93.49753
93.63634
93.70835
94.33654
95.80796
96.62262
97.42816
97.48773
96.74913
96.89527
97.34811
97.88509
98.98205
98.57673
97.09984
96.56165
95.09235
94.21690
92.77645
92.26027
92.88157
93.35983
94.28583
94.89078
94.35695
94.78475
96.10826
97.00757
98.15727
98.18507
97.03200
96.99666
98.07744
98.46350
98.86931
99.11762
99.78168
99.25720
97.83203
97.23673
97.95852
97.86360
97.03284
97.03312
97.78570
98.20899
98.68674
99.49732
99.85146
100.25169
100.77036
101.54412
102.57738
103.08208
103.18809
103.34772
103.83069
103.44210
102.07161
101.21783
99.84219
99.08366
98.71113
98.11033
96.71304
96.85233
98.27983
98.71435
97.61497
96.78371
95.35940
94.53896
93.66956
93.19008
92.86618
92.05289
91.48706
91.59045
92.72381
92.89114
92.31756
92.02059
91.44231
91.34005
91.64463
91.57354
91.40363
90.65982
89.23071
88.53649
88.19185
88.02775
87.92594
88.16247
88.78406
89.35098
90.04079
90.54650
91.50038
91.63017
91.11410
90.54494
89.26591
88.42890
86.97914
86.24000
85.49201
85.49000
86.23064
86.28023
86.34602
86.37096
86.07505
86.46204
87.75783
88.08654
87.35054
86.85323
85.65789
85.77375
87.06891
87.51143
87.79472
88.35306
89.59915
90.17711
90.69267
91.02625
91.52264
91.69557
91.28210
91.17247
91.22278
91.10026
90.76596
90.95236
91.86306
92.12558
92.16786
92.10694
92.11984
91.51755
90.39528
89.68589
88.54701
87.72060
86.64187
85.96377
86.82333
87.23387
87.88345
88.34802
88.72478
88.91585
88.95731
89.10573
89.67130
89.36508
88.48122
87.78817
86.91203
86.35821
85.47099
85.04275
84.50083
84.45980
84.80220
84.71762
84.69578
85.17115
86.37677
87.19462
87.13989
86.80969
86.67554
85.79704
85.01369
84.16993
82.99712
82.31886
81.22253
80.51994
79.33934
78.78418
78.33632
78.28919
78.69126
78.61397
78.46301
77.62728
77.01197
76.16327
75.24035
75.00094
75.64997
76.03614
77.36096
78.17765
78.68491
79.25471
79.40309
79.02521
78.62290
77.81453
77.86573
77.78189
77.78560
77.35070
77.06962
76.62395
76.18004
75.99042
75.77565
75.80349
76.12847
76.28280
76.20465
76.55634
77.53363
77.36951
76.23568
75.73998
75.58696
75.20693
74.23663
73.68822
72.76387
72.32361
71.89875
71.44361
70.44391
70.68306
71.96993
72.75679
72.70562
72.54451
71.74510
71.30660
70.67678
70.18591
69.51769
69.14976
68.64724
68.46953
68.72507
68.78120
68.74638
68.99086
69.75976
70.34297
71.23813
71.99473
73.15273
73.92060
74.58755
75.32971
75.82327
75.72861
74.96924
74.22433
73.67344
73.22514
71.97155
71.69688
72.52408
72.96270
73.58501
73.01067
71.76525
71.14589
71.70772
72.11271
72.83650
