1.49999
2.18577
2.64198
3.17066
4.11193
4.69635
5.68349
5.94798
5.51326
5.85770
6.66987
7.51469
7.61806
8.13411
9.31669
9.83597
10.23880
10.79833
11.40033
12.08746
13.28783
13.07377
11.66257
11.45865
12.72114
13.37548
13.79729
13.87941
13.33799
13.41875
13.94195
14.32346
14.42733
14.24799
13.72793
13.23631
13.35231
13.38035
13.52823
13.93980
14.59187
14.22144
12.94569
12.26063
11.64338
11.27584
10.53373
10.87702
12.14611
12.91300
14.26896
14.73852
14.54406
14.72677
15.06657
15.88225
16.52674
17.38636
18.26010
18.82008
19.83392
19.56147
18.19891
