 0.10000	 33.45383453	 63.87990189	 22.53702545	 34.86157608	 64.39347076	 22.47074127	           0	           2
 0.10000	 35.71665573	 64.54733276	 22.23647118	 37.02535248	 64.60667419	 21.50602722	          -1	           3
 0.10000	 37.65468216	 64.11344910	 21.09329033	 37.99689102	 62.71392059	 20.67629814	          -2	           4
 0.10000	 37.99812317	 61.81480026	 20.64347267	 37.51493073	 60.44878387	 21.03100395	          -3	           5
 0.10000	 37.31643677	 59.58506393	 21.18611526	 37.15788269	 58.10518646	 21.37173653	          -4	           6
 0.10000	 36.73144150	 57.32546616	 21.51255035	 35.52102661	 56.45338058	 21.66784668	          -5	           7
 0.10000	 35.13890457	 55.74128342	 22.06362915	 35.23620987	 54.61274338	 23.04683876	          -6	           8
 0.10000	 35.04511642	 53.94453812	 23.61837959	 34.32391739	 53.03709793	 24.57034683	          -7	           9
 0.10000	 34.34871674	 52.21257782	 24.93002892	 35.00633621	 50.86461258	 24.94611549	          -8	          10
 0.10000	 35.71799850	 50.31508255	 24.90999985	 37.20007706	 50.24314117	 24.69091797	          -9	          11
 0.10000	 37.90107727	 49.68894196	 24.58500671	 38.35659409	 48.26520157	 24.46165276	         -10	          12
 0.10000	 39.02139664	 47.65880203	 24.46431923	 40.48158646	 47.33208084	 24.56830978	         -11	          13
 0.10000	 41.09027481	 46.70027542	 24.76836967	 41.35902786	 45.29784775	 25.22735023	         -12	          14
 0.10000	 41.72288513	 44.56544495	 25.60259819	 42.57755280	 43.64887619	 26.42673874	         -13	          15
 0.10000	 42.79242325	 42.81847382	 26.69870567	 42.72310257	 41.32387161	 26.59370422	         -14	          16
 0.10000	 42.25246811	 40.59852982	 26.84255219	 41.02350998	 40.09877396	 27.54206467	         -15	          17
 0.10000	 40.19517136	 40.05720901	 27.89000702	 38.84786224	 40.58209991	 28.28772736	         -16	          18
 0.10000	 38.02714920	 40.83946228	 28.54947090	 36.62997437	 41.22071457	 28.93812180	         -17	          19
 0.10000	 35.93391800	 41.62420654	 29.33936119	 35.05887604	 42.46604919	 30.21930695	         -18	          20
 0.10000	 34.76386642	 43.14183044	 30.73392677	 34.75021362	 44.44794846	 31.47068024	         -19	          21
 0.10000	 34.80447388	 45.17191315	 32.00159073	 35.18121719	 46.34529877	 32.85633850	         -20	          22
 0.10000	 35.05961227	 46.69087219	 33.67811203	 34.39343262	 46.54589844	 35.01411057	         -21	          23
 0.10000	 34.04026794	 46.00971222	 35.64459229	 33.78664017	 44.55625534	 35.91455460	         -22	          24
 0.10000	 33.26138306	 43.93452835	 36.29829788	 32.09537506	 43.34524155	 37.03519058	         -23	          25
 0.10000	 31.27478790	 43.53513718	 37.35195160	 30.31695557	 44.68606949	 37.43975067	         -24	          26
 0.10000	 29.66847801	 45.30586624	 37.51066971	 28.52549934	 46.27465057	 37.44071579	         -25	          27
 0.10000	 28.13928413	 46.98743057	 37.83135223	 28.20160675	 48.00926971	 38.92758179	         -26	          28
 0.10000	 28.28858566	 48.46965027	 39.69575119	 28.69439507	 48.82067871	 41.09641266	         -27	          29
 0.10000	 28.66632843	 49.20487976	 41.90960312	 28.05949783	 49.97082138	 43.04754639	         -28	          30
 0.10000	 28.26116753	 50.46743393	 43.77027893	 29.35358810	 51.10633850	 44.57532501	         -29	          31
 0.10000	 30.01972008	 51.39692307	 45.10575867	 31.23405457	 51.80270004	 45.88703918	         -30	          32
 0.10000	 31.83279991	 51.55467606	 46.51112747	 32.27001572	 50.46342850	 47.44249344	         -31	          33
 0.10000	 32.56727600	 49.78797913	 47.95684052	 33.02414703	 48.56749725	 48.69907379	         -32	          34
 0.10000	 33.18319702	 47.76767731	 49.07874298	 33.40666199	 46.36967087	 49.57380676	         -33	          35
 0.10000	 32.99370575	 45.59809875	 49.78257751	 31.62573624	 44.99486160	 49.90192032	         -34	          36
 0.10000	 31.02566338	 44.36118698	 49.68381119	 30.57518578	 43.17331314	 48.88688660	         -35	          37
 0.10000	 30.07814789	 42.64213562	 48.35835648	 29.03609276	 42.12506485	 47.41213608	         -36	          38
 0.10000	 28.43247986	 41.80701447	 46.82679367	 27.45502663	 41.32569885	 45.79655075	         -37	          39
 0.10000	 26.78742409	 41.03575134	 45.26861954	 25.58746338	 40.42857742	 44.60492325	         -38	          40
 0.10000	 24.85982132	 40.53776932	 44.08734894	 23.88882637	 41.35637283	 43.28946686	         -39	          41
 0.10000	 23.66619301	 42.14612198	 42.92026901	 23.93111992	 43.60252762	 42.67841339	         -40	          42
 0.10000	 24.56267357	 44.23984146	 42.74775696	 25.97600555	 44.36408615	 43.23448181	         -41	          43
 0.10000	 26.80365944	 44.63769150	 43.45782852	 28.17185593	 45.10297012	 43.85958481	         -42	          44
 0.10000	 28.78769112	 45.74904251	 43.74467850	 28.93896103	 47.09335709	 43.09680176	         -43	          45
 0.10000	 29.52039719	 47.54407120	 42.57848740	 30.72913361	 47.38734055	 41.70428467	         -44	          46
 0.10000	 31.60623741	 47.32643509	 41.51257706	 33.08272934	 47.26384354	 41.76911163	         -45	          47
 0.10000	 33.77132416	 46.80520630	 42.12294388	 34.17089462	 45.61270905	 42.94025803	         -46	          48
 0.10000	 34.55466080	 44.92273331	 43.37188721	 35.43334579	 43.88909531	 44.01168442	         -47	          49
 0.10000	 35.36843491	 43.04077530	 44.30469513	 34.34076309	 41.95133591	 44.38730621	         -48	          50
 0.10000	 33.79036713	 41.24470520	 44.47306824	 32.85658646	 40.09051132	 44.68645096	         -49	          51
 0.10000	 32.30542755	 39.41608810	 44.46036911	 31.40805817	 38.61228180	 43.56676483	         -50	          52
 0.10000	 31.40144157	 37.84852219	 43.09095383	 32.34233475	 36.79672241	 42.58267212	         -51	          53
 0.10000	 32.67169952	 35.96440125	 42.67507172	 32.75035858	 34.71626663	 43.50316238	         -52	          54
 0.10000	 33.01831436	 34.04691315	 44.04137421	 33.62756729	 33.13665009	 45.06599426	         -53	          55
 0.10000	 34.28444290	 32.80676270	 45.58492279	 35.70641327	 32.64496994	 46.03387451	         -54	          56
 0.10000	 36.33002853	 32.92809677	 46.61750412	 36.64412308	 33.98482895	 47.63452911	         -55	          57
 0.10000	 36.88229752	 34.31136322	 48.43839264	 37.16821289	 34.33504105	 49.91054153	         -56	          58
 0.10000	 37.36848831	 34.44726944	 50.78036880	 37.66442108	 34.73597717	 52.22210312	         -57	          59
 0.10000	 38.10058594	 34.80674362	 53.00586319	 39.25925827	 34.78113937	 53.95794678	         -58	          60
 0.10000	 39.58685684	 34.67121506	 54.78876495	 39.27693176	 34.36916351	 56.22492218	         -59	          61
 0.10000	 39.72359085	 34.16341400	 56.97858047	 41.10440826	 33.85869217	 57.47887802	         -60	          62
 0.10000	 41.90223694	 33.90658188	 57.89213943	 43.19849777	 34.34338379	 58.50742722	         -61	          63
 0.10000	 43.77050400	 34.74781799	 59.07213974	 44.16374588	 35.54412842	 60.28085327	         -62	          64
 0.10000	 44.63041306	 36.23352814	 60.62237167	 45.58173752	 37.38006210	 60.44826126	         -63	          65
 0.10000	 45.77754974	 38.23800278	 60.26020432	 45.25600815	 39.55043793	 59.75481033	         -64	          66
 0.10000	 45.61872101	 40.35047150	 59.55952835	 47.01249695	 40.89887619	 59.47938538	         -65	          67
 0.10000	 47.43136215	 41.66656113	 59.69139862	 47.18818665	 42.97974396	 60.37408447	         -66	          68
 0.10000	 47.13598251	 43.77522278	 60.79109192	 46.96751785	 45.05260468	 61.55873489	         -67	          69
 0.10000	 47.16184616	 45.86049271	 61.90322113	 47.83304596	 47.16926193	 62.19605255	         -68	          70
 0.10000	 48.55493164	 47.64977264	 62.43423080	 50.01153946	 47.67607498	 62.78940582	         -69	          71
 0.10000	 50.85848236	 47.91252136	 62.97525787	 52.20448685	 48.52552414	 63.22103500	         -70	          72
 0.10000	 53.01600647	 48.88425827	 63.36246490	 54.35660172	 49.50152588	 63.62628555	         -71	          73
 0.10000	 55.17277527	 49.87670898	 63.59749222	 56.53799057	 50.38749313	 63.24567413	         -72	          74
 0.10000	 57.13811874	 51.01279068	 63.00606155	 57.66638565	 52.36321640	 62.62332535	         -73	          75
 0.10000	 57.62644577	 53.19559479	 62.28444672	 56.92207718	 54.43654633	 61.82233047	         -74	          76
 0.10000	 56.49774551	 54.78482819	 61.10937119	 56.00005341	 54.40169907	 59.74724579	         -75	          77
 0.10000	 55.70755005	 54.24428558	 58.91095734	 55.17450333	 54.06825638	 57.52005005	         -76	          78
 0.10000	 55.26979828	 53.56049728	 56.78328323	 55.93450928	 52.36983109	 56.15864182	         -77	          79
 0.10000	 56.68120193	 51.86879730	 56.12524414	 58.04966354	 51.72206879	 56.72150040	         -78	          80
 0.10000	 58.73289871	 51.65019226	 57.30261230	 59.33426285	 51.79854965	 58.66866684	         -79	          81
 0.10000	 60.06890869	 51.57976151	 59.14001465	 61.42879486	 50.94700623	 59.13661957	         -80	          82
 0.10000	 62.03215790	 50.30525970	 58.95304871	 62.48474884	 49.01174164	 58.34349442	         -81	          83
 0.10000	 62.55040359	 48.33683395	 57.75210571	 62.15528488	 47.57356644	 56.52288818	         -82	          84
 0.10000	 62.13068771	 47.00740433	 55.82406235	 62.47490692	 45.98038864	 54.78654099	         -83	          85
 0.10000	 62.25816727	 45.46900177	 54.07852554	 61.21614075	 45.00185013	 53.10603714	         -84	          86
 0.10000	 61.04899597	 44.61526489	 52.31082916	 61.38426971	 44.08162308	 50.94974518	         -85	          87
 0.10000	 62.02915573	 43.63979721	 50.50411987	 63.40437317	 43.10262680	 50.76802444	         -86	          88
 0.10000	 64.20538330	 42.69359207	 50.75704956	 65.52316284	 41.97867966	 50.72103882	         -87	          89
 0.10000	 66.14550781	 41.40869904	 50.41077042	 66.67039490	 40.34267426	 49.49621201	         -88	          90
 0.10000	 67.25885773	 39.88294220	 48.99657059	 68.51003265	 39.48134613	 48.27525711	         -89	          91
 0.10000	 69.24037933	 39.21066284	 47.82912827	 70.44912720	 38.75344086	 47.07019043	         -90	          92
 0.10000	 71.22486115	 38.51673889	 46.68609238	 72.59387970	 38.18118286	 46.17691422	         -91	          93
 0.10000	 73.39344025	 37.98670959	 45.81862640	 74.71137238	 37.67908096	 45.17414474	         -92	          94
 0.10000	 75.43720245	 37.49842834	 44.67658234	 76.44097137	 37.33080673	 43.57532501	         -93	          95
 0.10000	 77.16564178	 36.84781265	 43.35093689	 78.04499054	 35.73276901	 43.83308411	         -94	          96
 0.10000	 78.63411713	 35.13543701	 44.15669250	 79.58242798	 34.26251602	 44.92328644	         -95	          97
 0.10000	 80.28607941	 33.74657059	 45.14113998	 81.60540009	 33.03463364	 45.10145950	         -96	          98
 0.10000	 82.24162292	 32.39916611	 45.08268356	 82.95700073	 31.08314514	 45.00846100	         -97	          99
 0.10000	 83.55171204	 30.40921783	 44.97286224	 84.77783203	 29.54955864	 44.88826370	         -98	         100
 0.10000	 85.14452362	 28.74636459	 45.06148529	 85.08761597	 27.34896660	 45.60357285	         -99	           0
