1.49996
2.39973
3.89902
4.77431
6.12611
6.97704
8.36772
9.11482
9.26963
9.96057
11.43367
12.08066
12.20953
13.06263
13.74045
14.03688
13.73821
14.51710
15.43106
16.29075
16.71164
17.55214
18.89203
19.46756
18.85504
18.95951
19.58149
19.80617
19.61242
19.17434
18.30276
17.63758
17.45080
17.74329
18.48531
18.86069
19.35429
19.70429
21.09224
21.74112
20.75176
20.27927
20.27816
20.01192
19.90099
20.36693
21.82028
22.44097
22.57741
22.42198
22.27557
21.55666
20.33028
19.48240
18.14136
17.41604
16.59603
17.23207
18.52809
19.39842
20.84904
21.08479
20.02541
19.86449
20.60554
21.13318
22.13960
22.69251
23.45969
24.20300
25.67616
26.52264
27.94069
28.19204
27.02663
27.00473
27.89523
28.70847
30.15156
30.79295
30.56416
30.48164
30.31415
30.22043
29.90230
30.32222
31.32157
32.02598
32.99065
33.54116
33.84955
33.63311
32.92824
32.37820
31.28404
31.16991
32.17429
32.16158
31.41302
30.57374
29.36507
28.77400
28.71290
29.53653
30.55710
31.09071
31.17133
31.33086
31.38705
31.90203
32.57943
33.35129
34.62021
35.07647
34.46668
33.95758
32.84256
32.29074
32.60213
32.99807
33.11133
32.89373
31.72863
31.79898
33.00470
33.73767
34.23722
34.77588
35.77506
36.57385
37.69919
38.41775
38.51729
38.15882
36.86767
36.08658
34.85534
34.32826
34.52459
34.32071
34.14879
33.94384
33.73340
33.00961
31.64565
30.88795
29.85141
29.31678
28.45151
28.67738
30.02494
30.28822
29.42217
29.03875
28.52695
27.83222
26.38508
25.84226
26.49735
26.81292
27.74480
27.24725
25.80968
24.93753
23.62869
23.22289
24.39456
24.66526
24.37723
24.45797
25.15626
24.64214
23.40518
22.51603
21.08754
20.22149
19.01165
18.76485
19.28593
20.04661
21.10572
21.23876
20.39468
19.86499
19.15387
18.34125
17.23019
17.79458
18.66059
18.31296
16.86254
16.10377
14.84200
14.36966
14.34696
14.94891
15.33946
15.73723
16.44233
