0.00000000
0.00028806
0.00000000
0.00000000
0.00000000
0.00009956
0.00028806
0.00000000
0.00003736
0.00012389
0.00017054
0.00017054
0.00016812
0.00016812
0.00014867
0.00014867
0.00004327
0.00000000
0.00000000
0.00057447
0.00055445
0.00391015
0.00391015
0.00000000
0.00000000
0.00000000
0.00000000
0.00029675
0.00029234
0.00029234
0.00007336
0.00017280
0.00017280
0.00016180
0.00015753
0.00014996
0.00020320
0.00029675
0.00015051
0.00010435
0.00010435
0.00015713
0.00018770
0.00018770
0.00025827
0.00025827
0.00023308
0.00016314
0.00016314
0.00016165
0.00024611
0.00024611
0.00015537
0.00015537
0.00015230
0.00025582
0.00025582
0.00017941
0.00031823
0.00031823
0.00008911
0.00031434
0.00031434
0.00026527
0.00026527
0.00021873
0.00024128
0.00042501
0.00053185
0.00053185
0.00030535
0.00008821
0.00025693
0.00025693
0.00020405
0.00008739
0.00007687
0.00007546
0.00012191
0.00033000
0.00044418
0.00044418
0.00024804
0.00014490
0.00014490
0.00012770
0.00012770
0.00019809
0.00019809
0.00008909
0.00019256
0.00023073
0.00023622
0.00024181
0.00024973
0.00024973
0.00023121
0.00023121
0.00016155
0.00027186
0.00027186
0.00005996
0.00012675
0.00015183
0.00015183
0.00008910
0.00032364
0.00032364
0.00011256
0.00019747
0.00019747
0.00017242
0.00000000
0.00013320
0.00031730
0.00031730
0.00023852
0.00023852
0.00027216
0.00037969
0.00037969
0.00018775
0.00010297
0.00017502
0.00032488
0.00032488
0.00028968
0.00027805
0.00023024
0.00017952
0.00017952
0.00012829
0.00021255
0.00021835
0.00021835
0.00012812
0.00011758
0.00014037
0.00025218
0.00025218
0.00004975
0.00029762
0.00029762
0.00008616
0.00009519
0.00009519
0.00017648
0.00017648
0.00018578
0.00018578
0.00015321
0.00016260
0.00016260
0.00013263
0.00013263
0.00010950
0.00018608
0.00029299
0.00029299
0.00023706
0.00015382
0.00016101
0.00034653
0.00034653
0.00032430
0.00010925
0.00015612
0.00021334
0.00021334
0.00016071
0.00010921
0.00015476
0.00015476
0.00006978
0.00006950
0.00011661
0.00011661
0.00010249
0.00009580
0.00006403
0.00007998
0.00021188
0.00036953
0.00036953
0.00020713
0.00008403
0.00008403
0.00026575
0.00032474
0.00032474
0.00042186
0.00042186
0.00020107
0.00011896
0.00011896
0.00009683
0.00012413
0.00012413
0.00021075
0.00021075
0.00035259
0.00035259
0.00028913
0.00024200
0.00016336
0.00016336
0.00001322
0.00015030
0.00015030
0.00022798
0.00022926
0.00022926
0.00010856
0.00003047
0.00023285
0.00023644
0.00023644
0.00010961
0.00015854
0.00015854
0.00011860
0.00020708
0.00020708
0.00012337
0.00022990
0.00035432
0.00035432
0.00020056
0.00006428
0.00026260
0.00026260
0.00009096
0.00014612
0.00017013
0.00017013
0.00016884
0.00004711
0.00000000
0.00019386
0.00135261
0.00135261
0.00019014
0.00009577
0.00009577
0.00016096
0.00007789
0.00010546
0.00019427
0.00008596
0.00008151
0.00008151
0.00000000
0.00019386
0.00012334
0.00004984
0.00011295
0.00017932
0.00017932
0.00014766
0.00014766
0.00016392
0.00016392
0.00014836
0.00014836
0.00013155
0.00012004
0.00012634
0.00012634
0.00015832
0.00016974
0.00016974
0.00001095
0.00009967
0.00020472
0.00020472
0.00012102
0.00006988
0.00006934
0.00011973
0.00016908
0.00025999
0.00025999
0.00016051
0.00009381
0.00009381
0.00007111
0.00007111
0.00016798
0.00016798
0.00017285
0.00017285
0.00010381
0.00010381
0.00016970
0.00016970
0.00003804
0.00006498
0.00006498
0.00015653
0.00027360
0.00027360
0.00024037
0.00012931
0.00010809
0.00011805
0.00015581
0.00009856
0.00002764
0.00006531
0.00006531
0.00011578
0.00011578
0.00009856
0.00000305
0.00015581
0.00013606
