 0.60000	 25.03873253	 25.83539772	 48.98695374	 24.12723351	 26.83405113	 48.33750916	           0	           2
 0.60000	 23.27794647	 27.11713791	 48.42962646	 22.23283768	 26.77710342	 49.45039749	          -1	           3
 0.60000	 21.66388321	 26.15227699	 49.75979614	 21.00654030	 24.81091499	 49.89605331	          -2	           4
 0.60000	 21.47339058	 24.24161720	 49.37845612	 22.59367371	 25.10604668	 48.88077927	          -3	           5
 0.60000	 22.96250916	 25.12001991	 48.06000900	 22.48439789	 24.57081223	 46.74862289	          -4	           6
 0.60000	 22.71100616	 24.19543839	 45.96278381	 23.61603737	 23.37269783	 45.09448242	          -5	           7
 0.60000	 24.27032852	 23.68567467	 44.56167603	 24.81367493	 25.07741928	 44.69492340	          -6	           8
 0.60000	 24.81513596	 25.47727394	 43.88863754	 24.04785538	 24.71117592	 42.85216522	          -7	           9
 0.60000	 24.03467941	 24.04894066	 42.24298859	 24.75403404	 22.77092552	 41.92819595	          -8	          10
 0.60000	 24.80630493	 22.16021538	 41.26925278	 24.69476509	 21.69453621	 39.84773636	          -9	          11
 0.60000	 23.83374786	 21.87564850	 39.65818787	 23.29312325	 22.63003922	 40.83657837	         -10	          12
 0.60000	 23.04381371	 21.87789917	 41.26616669	 23.87210464	 21.13878441	 40.25741196	         -11	          13
 0.60000	 23.89022636	 20.34322166	 39.83720398	 23.01553917	 19.16032219	 40.12974167	         -12	          14
 0.60000	 22.70314598	 18.31968880	 40.05503464	 22.43241692	 16.87906456	 39.73690414	         -13	          15
 0.60000	 22.35712814	 16.12506485	 39.25135422	 22.32061386	 15.24061584	 38.04038620	         -14	          16
 0.60000	 22.19270134	 14.36944294	 37.85382462	 22.55979156	 12.94989681	 37.53734207	         -15	          17
 0.60000	 23.45682716	 12.99723244	 37.59387970	 23.61354446	 14.34623528	 38.23081970	         -16	          18
 0.60000	 24.13981628	 15.03042889	 38.48620987	 24.51894188	 16.36504936	 39.05646515	         -17	          19
 0.60000	 23.86343193	 16.81581116	 38.63139343	 23.54306984	 15.49840832	 37.98970032	         -18	          20
 0.60000	 23.75575447	 14.80170155	 37.46096420	 23.67485237	 13.44124317	 36.83425140	         -19	          21
 0.60000	 22.78027725	 13.43179512	 36.70793533	 22.84052658	 14.79233646	 37.33647156	         -20	          22
 0.60000	 22.84389496	 15.68470764	 37.45240402	 22.85773087	 17.06254768	 38.04505920	         -21	          23
 0.60000	 23.43883896	 17.74968338	 38.05339050	 24.90064621	 17.63213730	 38.36852264	         -22	          24
 0.60000	 25.25040627	 18.10548973	 37.68772125	 24.14042473	 18.45234299	 36.74029922	         -23	          25
 0.60000	 23.31687164	 18.47857475	 36.37839508	 22.00727463	 17.76674461	 36.54623795	         -24	          26
 0.60000	 21.43602371	 18.44239998	 36.38151550	 22.43752098	 19.55747795	 36.32152176	         -25	          27
 0.60000	 21.88586807	 20.06816101	 35.82664871	 20.92061615	 18.94142914	 35.60595322	         -26	          28
 0.60000	 20.03234863	 19.06511307	 35.68059540	 19.39006042	 20.25885773	 36.32274246	         -27	          29
 0.60000	 18.91266251	 21.01095390	 36.45027161	 18.29100227	 22.36165619	 36.25293350	         -28	          30
 0.60000	 17.64755249	 22.98511505	 36.16896057	 16.29448318	 23.62513542	 36.07193756	         -29	          31
 0.60000	 15.42806339	 23.81646919	 35.92162323	 14.02626896	 24.07661057	 35.45554352	         -30	          32
 0.60000	 13.47242069	 23.37154579	 35.53343201	 14.42352390	 22.29856110	 35.97402191	         -31	          33
 0.60000	 13.95285892	 21.54380035	 36.11098099	 12.52819443	 21.51194763	 36.57925415	         -32	          34
 0.60000	 12.84359074	 21.64171219	 37.41302872	 14.25240326	 21.80881310	 36.92578506	         -33	          35
 0.60000	 14.99420738	 21.76269531	 36.41803360	 16.48913383	 21.76280785	 36.29442978	         -34	          36
 0.60000	 16.87005806	 22.23027992	 35.62612534	 15.73357868	 22.92496681	 34.93631744	         -35	          37
 0.60000	 16.00325966	 23.21964836	 34.12990189	 17.40333557	 22.86813354	 33.72230530	         -36	          38
 0.60000	 18.22252655	 22.73870659	 33.37303543	 19.47556496	 22.34745979	 32.64729691	         -37	          39
 0.60000	 20.26261902	 22.67283058	 32.93815613	 20.35863876	 23.51758003	 34.17390442	         -38	          40
 0.60000	 19.86898613	 24.12881088	 34.61721802	 18.43443108	 24.53859138	 34.46223450	         -39	          41
 0.60000	 17.80595207	 25.05079079	 34.07174301	 17.32159042	 25.99481583	 33.01155853	         -40	          42
 0.60000	 16.96878242	 26.77377129	 32.73123169	 16.46701813	 27.83064079	 31.79252815	         -41	          43
 0.60000	 16.49569321	 28.72923470	 31.75258827	 17.35372925	 29.65446472	 32.56355286	         -42	          44
 0.60000	 16.77574730	 30.32081604	 32.74208832	 15.50946617	 29.77495575	 32.15174866	         -43	          45
 0.60000	 14.68743896	 30.08596611	 31.95827484	 13.77959538	 31.27962112	 31.92832756	         -44	          46
 0.60000	 13.11063480	 31.84199715	 31.71360016	 11.88639736	 32.41582108	 31.06405067	         -45	          47
 0.60000	 11.49793625	 33.20011902	 30.85446167	 11.61336899	 34.69548416	 30.87470436	         -46	          48
 0.60000	 11.68088531	 35.58824921	 30.96590042	 11.87176991	 37.04510498	 31.26775360	         -47	          49
 0.60000	 11.59832954	 37.85986328	 31.53541756	 11.54357147	 39.34454346	 31.74209404	         -48	          50
 0.60000	 12.41249561	 39.46013260	 31.53313065	 12.52747917	 37.96533966	 31.58239937	         -49	          51
 0.60000	 12.32705212	 37.75294876	 30.73102760	 11.96080017	 39.18207550	 30.46008110	         -50	          52
 0.60000	 12.00194740	 39.92300415	 29.95096970	 12.96667671	 40.81027603	 29.22159004	         -51	          53
 0.60000	 13.36457157	 41.59549332	 29.40874863	 13.46760941	 42.24478149	 30.75699425	         -52	          54
 0.60000	 13.52431583	 43.04986191	 30.35872459	 13.48658562	 42.46220398	 28.97917557	         -53	          55
 0.60000	 12.93276215	 41.97357178	 28.46491623	 11.71885586	 41.27283096	 28.99909019	         -54	          56
 0.60000	 11.41895771	 40.42434692	 29.00842285	 11.87412643	 39.02897263	 28.69906425	         -55	          57
 0.60000	 12.00038528	 38.14089966	 28.62657928	 12.21204567	 36.68159103	 28.35179138	         -56	          58
 0.60000	 11.91863251	 36.46555328	 29.17483330	 11.71581554	 37.92549896	 29.45288849	         -57	          59
 0.60000	 11.31961060	 38.50501633	 30.01591492	 10.75478077	 39.07817078	 31.28173256	         -58	          60
 0.60000	 10.60254383	 39.37781906	 32.11647034	  9.69982433	 39.83314896	 33.22447205	         -59	          61
 0.60000	  9.17190170	 39.69921494	 33.94087982	  8.36373901	 38.88409424	 34.90648651	         -60	          62
 0.60000	  8.35427570	 38.15900803	 35.43935394	  9.13118935	 36.94821167	 35.86400223	         -61	          63
 0.60000	  9.62186337	 36.26070023	 36.17456055	 10.46233368	 35.04299927	 36.42092896	         -62	          64
 0.60000	 10.95202827	 35.18272400	 37.16294861	 10.61093330	 36.53983688	 37.70326233	         -63	          65
 0.60000	 10.82139397	 37.27866364	 38.17201614	 11.55689335	 38.50605392	 38.62196350	         -64	          66
 0.60000	 11.90963268	 38.36763000	 39.43824005	 11.46472454	 36.98374176	 39.80834198	         -65	          67
 0.60000	 11.94942284	 36.47702789	 40.37243652	 13.31398964	 36.72731781	 40.94272614	         -66	          68
 0.60000	 14.01871872	 36.75262070	 41.50183105	 15.25253010	 36.65245056	 42.34895325	         -67	          69
 0.60000	 14.83618259	 36.86314011	 43.11861038	 13.55177689	 37.20753098	 42.42457199	         -68	          70
 0.60000	 12.90396214	 36.59584427	 42.29732513	 13.34352970	 35.18280792	 42.54226303	         -69	          71
 0.60000	 13.41429710	 34.36135483	 42.18168640	 13.48618793	 33.42321396	 41.01351166	         -70	          72
 0.60000	 13.30437756	 33.14972305	 40.17570877	 12.99873257	 33.86142349	 38.89123917	         -71	          73
 0.60000	 12.14878082	 33.61666870	 39.07717896	 12.24924374	 33.09138870	 40.47866821	         -72	          74
 0.60000	 11.54636192	 33.13143921	 41.03960800	 10.67828369	 33.23337173	 42.25869370	         -73	          75
 0.60000	 10.37186909	 32.47320938	 42.63235474	 11.03715324	 31.73838806	 41.50658035	         -74	          76
 0.60000	 11.03035927	 30.95131874	 41.07030487	 10.46506023	 29.61743546	 40.68167496	         -75	          77
 0.60000	 10.64315891	 29.88749504	 39.83872986	 11.14911175	 31.25845528	 40.17726517	         -76	          78
 0.60000	 11.27091885	 32.15015030	 40.19404984	 11.33426762	 33.64259720	 40.05693817	         -77	          79
 0.60000	 12.05428219	 34.17743301	 40.13417816	 13.54399300	 34.29119110	 40.00023651	         -78	          80
 0.60000	 14.36360455	 34.21214294	 39.63660812	 15.20046806	 33.98335648	 38.41291428	         -79	          81
 0.60000	 15.46391392	 33.35999298	 37.81937790	 15.24183178	 31.88141251	 37.69917297	         -80	          82
 0.60000	 15.25293636	 31.03131104	 37.40377426	 15.41068268	 29.87189865	 36.46517563	         -81	          83
 0.60000	 15.30861092	 29.67301178	 35.59314728	 14.93826389	 28.70684624	 34.50711441	         -82	          84
 0.60000	 14.49961948	 28.01572418	 34.13275909	 14.16262436	 27.91222763	 32.67473602	         -83	          85
 0.60000	 14.88417149	 27.39180946	 32.53860092	 15.26330662	 27.52635956	 33.98360443	         -84	          86
 0.60000	 15.40177441	 27.95019341	 34.76520157	 15.78947258	 28.92793465	 35.83447266	         -85	          87
 0.60000	 15.10114193	 28.63373375	 36.33482742	 14.62512779	 27.77242470	 35.20281601	         -86	          88
 0.60000	 15.36106968	 27.28188133	 35.38441086	 15.88436127	 28.18832588	 36.45892334	         -87	          89
 0.60000	 15.95654011	 29.04944420	 36.71011353	 16.70326042	 30.00653458	 37.59090805	         -88	          90
 0.60000	 16.01335907	 29.82856941	 38.15060043	 15.05673122	 29.15395927	 37.21236420	         -89	          91
 0.60000	 14.32067490	 28.89610672	 36.76207733	 13.84289360	 28.05948067	 35.61226654	         -90	          92
 0.60000	 13.78240585	 27.42975044	 34.97182846	 13.36442471	 26.27586555	 34.10932541	         -91	          93
 0.60000	 12.47639179	 26.40851212	 34.04729462	 11.57840061	 26.67934036	 35.21785736	         -92	          94
 0.60000	 11.77882195	 25.87596703	 35.57106781	 12.71830273	 25.62905884	 34.42802429	         -93	          95
 0.60000	 12.80239105	 24.73843384	 34.55189133	 12.32548904	 25.04245377	 35.94114304	         -94	          96
 0.60000	 11.48326588	 24.97045135	 35.63087463	 11.84515762	 25.12524986	 34.18344879	         -95	          97
 0.60000	 12.41778755	 25.43864441	 33.56380463	 13.88760471	 25.68161964	 33.38872910	         -96	          98
 0.60000	 14.77052975	 25.85345268	 33.42193604	 16.24739265	 26.03834152	 33.60847855	         -97	          99
 0.60000	 17.04492760	 26.29711533	 33.93621445	 18.52423859	 26.43804932	 34.14106369	         -98	         100
 0.60000	 19.39279747	 26.36346245	 34.36548615	 20.72681046	 25.90413284	 34.87493896	         -99	         101
 0.60000	 20.69822884	 25.13999557	 34.39807510	 19.26534462	 25.47587967	 34.10827637	        -100	         102
 0.60000	 19.14911842	 25.91026115	 33.32857132	 20.60359192	 25.97242546	 32.96718597	        -101	         103
 0.60000	 20.94633675	 26.80033112	 32.88336945	 20.15418434	 27.92764282	 33.47631073	        -102	         104
 0.60000	 20.81192398	 28.54020309	 33.43014908	 22.16324043	 28.09786224	 32.95243073	        -103	         105
 0.60000	 22.18080330	 27.22279358	 32.74300766	 21.50023270	 25.92073059	 33.04536057	        -104	         106
 0.60000	 21.46354866	 25.33458519	 32.36342621	 22.72136116	 25.77091789	 31.67237854	        -105	         107
 0.60000	 23.51826859	 26.15614891	 31.85837936	 23.28880882	 25.54685402	 33.20964050	        -106	         108
 0.60000	 22.77409363	 24.80873489	 33.23133850	 21.64682007	 24.35828972	 32.35017014	        -107	         109
 0.60000	 22.20125580	 23.77384949	 31.94890594	 23.41216850	 24.39700699	 32.57765198	        -108	         110
 0.60000	 23.71129990	 24.54491234	 33.41347885	 22.78272438	 24.24792671	 34.55342484	        -109	         111
 0.60000	 22.64746475	 25.03082085	 34.97637177	 23.28509331	 26.18942642	 34.26843643	        -110	         112
 0.60000	 23.23437691	 26.56981468	 33.45418167	 22.62768936	 26.60029411	 32.08261108	        -111	         113
 0.60000	 22.09884834	 26.54356384	 31.35620308	 21.79545212	 25.19371033	 30.77660751	        -112	         114
 0.60000	 22.51800728	 24.93692970	 30.30516434	 23.26792717	 26.09891701	 30.88605309	        -113	         115
 0.60000	 23.22962189	 26.97707748	 31.07927895	 21.99715042	 27.80953598	 30.88441849	        -114	         116
 0.60000	 22.08555603	 28.70283890	 30.82048416	 23.39024162	 29.44151688	 30.86605072	        -115	         117
 0.60000	 24.18437767	 29.84057426	 30.72484207	 25.63304329	 29.89159775	 30.33923149	        -116	         118
 0.60000	 25.79226112	 30.72873688	 30.04979706	 24.51671028	 31.51768875	 30.02787781	        -117	         119
 0.60000	 24.00879097	 32.25250626	 29.91774750	 23.30760574	 33.56167603	 29.70711136	        -118	         120
 0.60000	 23.94136429	 34.01749039	 30.15668106	 24.71786499	 32.73581696	 30.22321320	        -119	         121
 0.60000	 24.56134796	 32.03367996	 30.76405525	 23.49545670	 31.45067787	 31.64382553	        -120	         122
 0.60000	 22.77270126	 31.98044586	 31.56077003	 22.89514542	 32.83055878	 30.33103371	        -121	         123
 0.60000	 23.52292061	 33.33478928	 30.73329163	 24.48725700	 32.59029007	 31.60846138	        -122	         124
 0.60000	 24.95223999	 32.80932236	 32.34753418	 24.96443558	 33.68683243	 33.56405258	        -123	         125
 0.60000	 24.36673737	 34.24623108	 33.18723679	 24.05603600	 33.16237259	 32.19788742	        -124	         126
 0.60000	 24.18639565	 32.30654144	 32.44458389	 24.78913307	 32.23840332	 33.81652069	        -125	         127
 0.60000	 24.79564285	 32.51687622	 34.67265320	 25.02660561	 32.56272125	 36.15409470	        -126	         128
 0.60000	 25.24402428	 31.85704613	 36.66891861	 24.79891968	 30.52342415	 36.14619064	        -127	         129
 0.60000	 25.64598083	 30.45863533	 35.84096527	 26.10902405	 31.76235962	 36.42067337	        -128	         130
 0.60000	 25.82590675	 32.53274918	 36.79030991	 24.70468140	 33.47067261	 37.12686157	        -129	         131
 0.60000	 23.88747597	 33.38149643	 37.49338150	 23.26580429	 32.05325699	 37.80846024	        -130	         132
 0.60000	 23.71003151	 31.50765991	 37.24718857	 24.45312881	 31.83519363	 35.98597717	        -131	         133
 0.60000	 25.27084160	 31.67420959	 35.64516449	 26.46825790	 32.52708817	 35.34683990	        -132	         134
 0.60000	 26.69666100	 32.11567307	 34.57604599	 25.72534370	 31.06593704	 35.02810669	        -133	         135
 0.60000	 26.44641685	 30.67206383	 35.40224457	 26.94822693	 31.98239517	 35.93240356	        -134	         136
 0.60000	 27.75969696	 31.61129379	 35.78779602	 27.36292076	 30.21456718	 35.41104889	        -135	         137
 0.60000	 27.15635300	 30.00026131	 36.26108170	 27.31646538	 31.45389748	 36.59473801	        -136	         138
 0.60000	 27.40470695	 32.34916687	 36.62459183	 27.38150787	 33.76163864	 37.12892532	        -137	         139
 0.60000	 27.63335609	 34.06005859	 37.93978119	 28.20235634	 33.29075623	 39.09499359	        -138	         140
 0.60000	 28.13547325	 32.77613449	 39.83042145	 27.41055489	 31.67684746	 40.54880524	        -139	         141
 0.60000	 27.32406616	 31.21993446	 39.77703476	 27.74681282	 32.45367813	 39.03594589	        -140	         142
 0.60000	 28.59840012	 32.17321014	 38.95678329	 28.29402924	 31.05786133	 39.91242981	        -141	         143
 0.60000	 27.88013649	 30.31384659	 40.20410538	 26.72193336	 29.57791901	 40.80984879	        -142	         144
 0.60000	 27.22389221	 28.91610909	 41.15654755	 28.51579094	 28.82047272	 40.40029144	        -143	         145
 0.60000	 28.73909187	 29.66706848	 40.60884476	 27.52169418	 29.92593765	 41.44612122	        -144	         146
 0.60000	 26.77478981	 30.42401886	 41.51310730	 26.00289536	 31.54431534	 42.14502716	        -145	         147
 0.60000	 25.48819542	 32.13257599	 42.59169388	 24.61574936	 32.67646027	 43.68399811	        -146	         148
 0.60000	 24.37466240	 33.39460373	 43.19765472	 24.97865677	 32.73272705	 41.99475098	        -147	         149
 0.60000	 25.81556129	 33.06306839	 41.97521591	 25.95276642	 33.32565308	 43.44561768	        -148	         150
 0.60000	 25.90753555	 34.19343567	 43.19916534	 25.09000397	 34.33842850	 41.94989014	        -149	         151
 0.60000	 24.37806702	 34.45466995	 42.48981476	 25.15124893	 34.08110046	 43.71970367	        -150	         152
 0.60000	 25.96461296	 34.16143417	 44.09668350	 26.20782852	 35.51929855	 44.68569946	        -151	         153
 0.60000	 26.88630295	 35.75128174	 45.22969818	 27.77488136	 34.85282516	 46.03787613	        -152	         154
 0.60000	 28.41898155	 34.92501068	 45.41355133	 27.57254601	 35.69373322	 44.44272995	        -153	         155
 0.60000	 28.34527969	 35.99420166	 44.08922195	 29.17244720	 35.41104507	 45.19640350	        -154	         156
 0.60000	 29.37835503	 34.57461166	 45.45764542	 29.02070427	 33.31272888	 44.72977066	        -155	         157
 0.60000	 29.50923729	 32.64732742	 45.08846283	 30.34797478	 33.20244217	 46.20125198	        -156	         158
 0.60000	 30.82929802	 33.75086975	 46.72797394	 31.85298920	 34.83905411	 46.86161041	        -157	         159
 0.60000	 31.57609177	 35.35803223	 47.54282379	 30.72775078	 34.53340912	 48.46498108	        -158	         160
 0.60000	 30.15137291	 34.43437576	 47.78016663	 30.99391556	 35.26884460	 46.86150742	        -159	         161
 0.60000	 31.73482132	 35.67539215	 46.55113220	 33.12066650	 36.24483109	 46.62419510	        -160	         162
 0.60000	 33.44761276	 36.11641312	 45.79540634	 32.22502136	 35.41197586	 45.28645325	        -161	         163
 0.60000	 31.77199554	 34.63442993	 45.28014374	 31.71916389	 33.55552673	 46.32083893	        -162	         164
 0.60000	 31.66712952	 32.68436432	 46.10136032	 31.89687538	 32.23615646	 44.68850327	        -163	         165
 0.60000	 31.88442802	 32.10252762	 43.79874420	 31.66542244	 32.38445663	 42.34196854	        -164	         166
 0.60000	 31.50857353	 32.54621124	 41.47079849	 31.33665085	 32.54455566	 39.98072815	        -165	         167
 0.60000	 30.91552734	 33.31641388	 39.78903198	 30.96389198	 34.07792282	 41.08043671	        -166	         168
 0.60000	 30.14435196	 34.13644791	 41.44766998	 29.12363815	 33.13825226	 40.98760986	        -167	         169
 0.60000	 28.99467278	 32.98829651	 40.10964966	 30.01313210	 33.63353348	 39.21717834	        -168	         170
 0.60000	 30.44646072	 34.10721207	 38.58608627	 30.80709457	 35.26561356	 37.70393753	        -169	         171
 0.60000	 31.58405495	 35.20366287	 37.25366592	 32.53852081	 34.04871750	 37.32614136	        -170	         172
 0.60000	 33.15375137	 33.39136887	 37.31478119	 34.15993881	 32.28247833	 37.40501022	        -171	         173
 0.60000	 35.05972290	 32.30968857	 37.41262054	 36.37347031	 32.33197784	 36.68902969	        -172	         174
 0.60000	 36.42805481	 33.23154831	 36.69998169	 35.06221390	 33.21104813	 37.31973267	        -173	         175
 0.60000	 34.48598480	 32.83973694	 36.73601151	 34.89765167	 31.96538162	 35.58881760	        -174	         176
 0.60000	 35.71114349	 31.62198830	 35.41392136	 35.54352951	 30.30936050	 34.70753098	        -175	         177
 0.60000	 35.35284805	 29.64150429	 34.13482666	 34.43444061	 28.82629395	 33.27333832	        -176	         178
 0.60000	 34.31618118	 27.93461609	 33.30930710	 35.17781448	 26.71911240	 33.48325348	        -177	         179
 0.60000	 35.55305481	 27.07557678	 34.21946335	 34.83658600	 28.39307594	 34.18972778	        -178	         180
 0.60000	 34.29703522	 29.08773613	 34.38091278	 33.64773941	 30.28148842	 33.74575806	        -179	         181
 0.60000	 33.68618774	 31.17828751	 33.81102371	 34.78717804	 32.02371216	 34.37931824	        -180	         182
 0.60000	 35.12453461	 32.73623657	 34.81317520	 35.07724762	 34.16682816	 35.26158142	        -181	         183
 0.60000	 35.22536087	 34.09351349	 36.14631271	 35.56752396	 32.63317490	 36.16749191	        -182	         184
 0.60000	 35.40148544	 31.78022957	 36.40354538	 34.71440125	 30.65769768	 37.12329102	        -183	         185
 0.60000	 34.82597351	 29.80690956	 37.39560699	 35.93551254	 28.83261299	 37.65990448	        -184	         186
 0.60000	 36.67039490	 28.31434059	 37.61647797	 38.03991699	 27.75912476	 37.35890579	        -185	         187
 0.60000	 38.37079239	 27.32699776	 36.64180756	 38.06824875	 26.66708946	 35.32913208	        -186	         188
 0.60000	 37.38799286	 27.21664810	 35.11643982	 37.31732941	 27.80362320	 36.49502563	        -187	         189
 0.60000	 37.52519989	 28.67179489	 36.38003540	 38.08021164	 28.73550606	 34.98790359	        -188	         190
 0.60000	 38.50344086	 28.97831726	 34.23128128	 38.86988449	 29.30005074	 32.81264496	        -189	         191
 0.60000	 39.10530472	 30.16130066	 32.95528793	 38.32898712	 29.97650528	 34.22533417	        -190	         192
 0.60000	 38.70548248	 30.69631195	 34.61251831	 39.84718704	 31.15002060	 33.75193787	        -191	         193
 0.60000	 40.24003983	 30.65777779	 33.10901642	 39.82108307	 29.22172546	 32.99842072	        -192	         194
 0.60000	 39.31260681	 28.51844788	 32.75967026	 39.91608429	 27.22317886	 32.30372238	        -193	         195
 0.60000	 40.36618042	 26.46311569	 32.13183975	 41.43734741	 25.42093086	 32.00396347	        -194	         196
 0.60000	 41.59158325	 24.54309273	 31.87908554	 41.02419662	 23.16328239	 31.72338676	        -195	         197
 0.60000	 40.98450470	 22.28366661	 31.53646469	 40.85619736	 20.92652702	 30.91050148	        -196	         198
 0.60000	 40.69845200	 20.05612564	 30.74386406	 41.75594330	 19.35870171	 29.94046974	        -197	         199
 0.60000	 42.05314636	 18.57123375	 29.62162209	 41.83359528	 17.09017181	 29.71237373	        -198	         200
 0.60000	 42.19686508	 16.82876396	 28.93158531	 42.45358276	 18.12293816	 28.21801949	        -199	         201
 0.60000	 43.01195526	 18.75796509	 28.52606010	 43.47737122	 18.50252533	 29.92893410	        -200	         202
 0.60000	 43.54804611	 18.69799805	 30.80450821	 43.14339066	 19.35696030	 32.08976364	        -201	         203
 0.60000	 42.87040329	 19.40796280	 32.94577408	 42.29942322	 19.27607536	 34.32656860	        -202	         204
 0.60000	 42.27793503	 18.42721176	 34.62508774	 42.96013260	 17.36489296	 33.81504440	        -203	         205
 0.60000	 42.64310837	 17.29212189	 32.97579575	 41.67390442	 18.30432510	 32.44085312	        -204	         206
 0.60000	 40.98558044	 18.77206230	 32.09747696	 39.73775101	 19.54707909	 31.79356766	        -205	         207
 0.60000	 39.22120285	 20.23716164	 32.05296326	 39.55046463	 21.62095642	 31.57672691	        -206	         208
 0.60000	 39.97014618	 21.99092484	 30.87138367	 40.95363235	 21.38489151	 29.91452789	        -207	         209
 0.60000	 41.73918915	 21.08989906	 30.24048042	 41.82200623	 21.25091553	 31.72952080	        -208	         210
 0.60000	 41.02127838	 21.08932495	 32.10798645	 39.95485687	 20.37514496	 31.33162308	        -209	         211
 0.60000	 39.09561157	 20.42571449	 31.06857300	 37.71700287	 20.20113754	 30.52192307	        -210	         212
 0.60000	 37.37945557	 19.79529762	 29.78850746	 36.66200638	 21.09889221	 29.60009766	        -211	         213
 0.60000	 37.43003464	 21.32748222	 29.17962265	 38.34954071	 20.15887451	 28.98182297	        -212	         214
 0.60000	 39.12458038	 20.16062737	 29.44024086	 39.78631210	 21.05605888	 30.44556999	        -213	         215
 0.60000	 39.21033096	 21.75704956	 30.41212463	 38.30613327	 20.67551994	 29.90014648	        -214	         216
 0.60000	 38.47692871	 19.79278374	 29.94541359	 37.60474396	 18.81127930	 30.67070389	        -215	         217
 0.60000	 36.90282059	 18.71361923	 30.11598206	 37.43883133	 19.16656303	 28.79025650	        -216	         218
 0.60000	 37.70932388	 19.65592003	 28.08486557	 38.16775513	 20.16178703	 26.74917221	        -217	         219
 0.60000	 38.50881195	 20.26074600	 25.92191505	 38.50059891	 21.07660675	 24.66313362	        -218	         220
 0.60000	 37.64641953	 21.35855484	 24.73963737	 37.61492157	 20.47285080	 25.94976807	        -219	         221
 0.60000	 38.21378326	 20.99225235	 26.37592506	 38.63847351	 21.84030914	 25.21383476	        -220	         222
 0.60000	 38.20316696	 22.54175377	 25.57325554	 37.67070007	 21.65805244	 26.66206551	        -221	         223
 0.60000	 37.95972824	 21.29528999	 27.43332100	 38.65080643	 21.91870880	 28.60966110	        -222	         224
 0.60000	 39.19588470	 22.61599350	 28.44649887	 39.28568268	 22.99025345	 26.99674034	        -223	         225
 0.60000	 39.29872894	 23.33538628	 26.16574287	 39.03483200	 23.85054016	 24.78198624	        -224	         226
 0.60000	 38.88629913	 24.16805649	 23.95318604	 38.85165405	 24.78046227	 22.58437538	        -225	         227
 0.60000	 38.18237686	 24.82076645	 21.98408318	 36.74531555	 24.39546585	 22.04628754	        -226	         228
 0.60000	 36.15616989	 23.74461746	 22.24417686	 35.69014740	 22.51112938	 22.95916939	        -227	         229
 0.60000	 36.36998367	 21.92162704	 22.97463036	 37.58179092	 22.59383202	 22.40050125	        -228	         230
 0.60000	 38.12271118	 22.79805565	 21.71087456	 38.28038406	 22.96500206	 20.22857666	        -229	         231
 0.60000	 38.47782516	 23.43880844	 19.48934174	 38.90646744	 24.65656281	 18.72560120	        -230	         232
 0.60000	 39.76342773	 24.39363670	 18.81072235	 39.35075378	 23.33360672	 19.78847694	        -231	         233
 0.60000	 39.60188675	 22.69569397	 19.20425034	 39.69515991	 23.74024391	 18.13175392	        -232	         234
 0.60000	 40.32080460	 24.38345146	 18.06073189	 41.47482681	 24.38945198	 19.01899719	        -233	         235
 0.60000	 41.45223618	 25.25222206	 19.27417183	 40.20716095	 25.74002075	 18.59467316	        -234	         236
 0.60000	 39.46656799	 26.03526688	 18.17732048	 38.22242355	 25.94722748	 17.34413338	        -235	         237
 0.60000	 37.71566391	 26.58474922	 16.96114540	 37.84985352	 28.07856369	 16.94095802	        -236	         238
 0.60000	 37.83951187	 28.97428131	 16.85498428	 37.98920059	 30.46336174	 16.75467682	        -237	         239
 0.60000	 37.57792282	 31.23165703	 16.53016090	 36.22441864	 31.76581001	 16.16612053	        -238	         240
 0.60000	 35.88243866	 32.26040649	 15.49659634	 36.31312943	 32.97652817	 14.25099564	        -239	         241
 0.60000	 36.58724976	 32.84324646	 13.40428352	 37.04059219	 31.76429939	 12.46610355	        -240	         242
 0.60000	 37.24902344	 31.02634239	 11.99515343	 37.61511612	 29.63318062	 11.57695103	        -241	         243
 0.60000	 37.26747131	 28.83921432	 11.33486366	 35.99950790	 28.03939438	 11.28618526	        -242	         244
 0.60000	 35.35166168	 27.41779518	 11.22568035	 34.20063019	 26.45648384	 11.19616127	        -243	         245
 0.60000	 34.27056122	 25.58281517	 10.99196434	 35.44145584	 24.67059517	 10.77573204	        -244	         246
 0.60000	 36.13209152	 24.98880005	 10.29425335	 36.08676910	 26.41219711	  9.82323837	        -245	         247
 0.60000	 35.99098587	 27.23282242	  9.46633530	 35.95077133	 28.72798729	  9.35295486	        -246	         248
 0.60000	 36.81083298	 28.74802017	  9.08682823	 36.88472748	 27.26922989	  9.32694149	        -247	         249
 0.60000	 36.98508835	 26.38957405	  9.48841476	 37.68220139	 25.07858086	  9.70104313	        -248	         250
 0.60000	 37.99680710	 24.24365234	  9.81837559	 38.27265549	 22.77800941	  9.65794945	        -249	         251
 0.60000	 38.55990982	 22.45313835	 10.44656467	 38.73464203	 23.52795029	 11.47816658	        -250	         252
 0.60000	 38.22140503	 24.26459122	 11.54029560	 37.27223587	 24.49691200	 10.40228176	        -251	         253
 0.60000	 36.75580215	 24.17950821	  9.73709869	 36.41964722	 22.91256332	  9.00788403	        -252	         254
 0.60000	 36.53389740	 22.06234169	  8.73596001	 37.17590714	 20.76418495	  8.34537220	        -253	         255
 0.60000	 37.49663162	 20.45518494	  9.12744331	 37.13731003	 21.51768684	 10.12339211	        -254	         256
 0.60000	 37.00207138	 22.24600601	 10.63441277	 36.76939011	 23.69653511	 10.93720531	        -255	         257
 0.60000	 36.61705780	 24.52317429	 11.25867653	 36.32640457	 25.68264580	 12.16482353	        -256	         258
 0.60000	 36.27027893	 26.54146767	 11.90163612	 36.56916428	 26.82707024	 10.45973873	        -257	         259
 0.60000	 36.41540146	 27.69230843	 10.26577663	 35.40089798	 28.79157066	 10.37671185	        -258	         260
 0.60000	 35.79659653	 29.57741928	 10.56595993	 37.27422714	 29.76200676	 10.74608421	        -259	         261
 0.60000	 37.62846756	 30.19276810	 10.03962898	 37.49806595	 30.05341721	  8.55179787	        -260	         262
 0.60000	 36.60576248	 30.16519547	  8.49213886	 36.61650467	 30.27216339	  9.98826981	        -261	         263
 0.60000	 36.90238571	 30.62752724	 10.76417732	 38.18462753	 31.40549660	 10.78730774	        -262	         264
 0.60000	 37.69514847	 32.05299759	 10.39194584	 36.51489258	 32.68724823	  9.71763325	        -263	         265
 0.60000	 36.70793533	 33.03686905	  8.91102886	 37.99001694	 33.79936600	  8.75304604	        -264	         266
 0.60000	 38.76670074	 33.66174698	  9.18665314	 38.75022507	 32.53910065	 10.18135452	        -265	         267
 0.60000	 39.58060837	 32.26764679	 10.39736652	 40.53234863	 33.01012421	  9.50690651	        -266	         268
 0.60000	 41.28887177	 33.31945419	  9.88388538	 41.55097961	 33.29705429	 11.36063576	        -267	         269
 0.60000	 41.81068802	 33.35897446	 12.22009754	 42.29209900	 33.19898605	 13.63168621	        -268	         270
 0.60000	 42.18404007	 33.94783401	 14.11896515	 41.60469055	 35.13309479	 13.40513325	        -269	         271
 0.60000	 40.84857559	 35.61789703	 13.34764194	 39.81199646	 35.97963333	 12.32555389	        -270	         272
 0.60000	 39.15715408	 35.59244919	 11.84467125	 38.84578323	 34.15641403	 11.54345894	        -271	         273
 0.60000	 38.14555359	 33.62514877	 11.35022831	 36.65340424	 33.74847794	 11.44143105	        -272	         274
 0.60000	 36.44620132	 33.13941193	 10.81149960	 37.91772842	 32.93620300	 10.60314846	        -273	         275
 0.60000	 37.87304306	 32.80754852	  9.71022987	 36.75282288	 33.80252075	  9.78037357	        -274	         276
 0.60000	 36.14402390	 34.16012573	  9.22239304	 35.04536057	 34.98044586	  9.83071995	        -275	         277
 0.60000	 35.30886459	 35.47847748	 10.53251743	 36.70033646	 34.98833084	 10.80374432	        -276	         278
 0.60000	 37.04165649	 35.78406525	 11.04929256	 35.90784073	 36.72613525	 10.77211380	        -277	         279
 0.60000	 35.33686447	 37.41564560	 10.68086338	 34.20602417	 38.32026672	 10.28997421	        -278	         280
 0.60000	 34.21768570	 39.07937622	 10.77328777	 35.42877197	 38.72639847	 11.58483315	        -279	         281
 0.60000	 36.28822708	 38.99123383	 11.61844826	 36.85631180	 40.27282333	 11.08486557	        -280	         282
 0.60000	 36.42660904	 40.68154526	 11.76331234	 35.79804611	 39.41012573	 12.25174904	        -281	         283
 0.60000	 35.85290146	 38.51696014	 12.35045528	 35.74172211	 37.02106476	 12.34523010	        -282	         284
 0.60000	 36.48949432	 36.53529739	 12.46696758	 37.73817062	 37.36624146	 12.48013783	        -283	         285
 0.60000	 38.61652374	 37.45920563	 12.65237331	 39.99880600	 37.13420486	 13.13558006	        -284	         286
 0.60000	 40.82637024	 37.07649994	 13.48430061	 42.27318954	 37.02442551	 13.87639141	        -285	         287
 0.60000	 43.01359177	 37.33024597	 14.28627014	 43.43682480	 38.31680679	 15.33384705	        -286	         288
 0.60000	 44.25627136	 38.24251938	 14.96387672	 43.82816696	 37.27556610	 13.89995956	        -287	         289
 0.60000	 43.66413879	 36.65672684	 13.26705074	 43.71184921	 36.05606461	 11.89335346	        -288	         290
 0.60000	 43.91034698	 35.90666199	 11.02820969	 44.53291321	 34.71466827	 10.36362267	        -289	         291
 0.60000	 43.76127625	 34.34618759	 10.08261395	 42.96704102	 35.50450134	 10.60941410	        -290	         292
 0.60000	 42.57643127	 35.34540558	 11.40452766	 41.45334244	 34.65182877	 12.11701393	        -291	         293
 0.60000	 41.17952728	 35.45420456	 12.41970158	 41.61745834	 36.83924484	 12.79373550	        -292	         294
 0.60000	 41.46423340	 37.06118774	 11.93399143	 41.12492752	 35.71861649	 11.35751438	        -293	         295
 0.60000	 41.90220261	 35.77616882	 10.90424442	 42.45732880	 36.78000259	 11.87074661	        -294	         296
 0.60000	 43.05392075	 37.36950684	 12.19726276	 44.46551132	 36.90787125	 11.98646164	        -295	         297
 0.60000	 44.72100067	 36.04858017	 11.90487671	 44.84344864	 34.60478973	 11.51692486	        -296	         298
 0.60000	 45.46501923	 34.06844330	 11.88630867	 46.56838226	 34.06671524	 12.90256214	        -297	         299
 0.60000	 46.06282806	 34.35270691	 13.59454727	 44.93668747	 33.74249649	 12.81405735	        -298	         300
 0.60000	 44.88365173	 34.56232071	 12.43799973	 45.06391907	 36.01060867	 12.78461170	        -299	         301
 0.60000	 44.55939102	 36.71076965	 13.04061222	 44.99039459	 38.01293564	 13.64773083	        -300	         302
 0.60000	 45.84423828	 38.17666626	 13.41491985	 46.44789886	 36.84235382	 13.09025097	        -301	         303
 0.60000	 47.32296371	 37.04691315	 13.18967342	 46.80352783	 38.45215607	 13.26217651	        -302	         304
 0.60000	 46.45678711	 38.41138077	 14.09177589	 45.86261749	 37.09278870	 14.48975849	        -303	         305
 0.60000	 45.54107666	 36.45898056	 13.93758488	 45.49102783	 36.92164993	 12.51160145	        -304	         306
 0.60000	 46.16985321	 36.96783829	 11.92249584	 47.60719299	 36.86814499	 12.33972454	        -305	         307
 0.60000	 48.02610397	 36.15113068	 12.68663406	 47.49943542	 34.75013733	 12.78528595	        -306	         308
 0.60000	 48.29785538	 34.44189453	 12.50683880	 48.83432388	 35.84090042	 12.43522644	        -307	         309
 0.60000	 49.52614212	 36.41606140	 12.46656609	 50.84956741	 37.08971024	 12.25448608	        -308	         310
 0.60000	 51.39846420	 36.43173599	 11.96773148	 50.23581314	 35.54323959	 12.29724026	        -309	         311
 0.60000	 50.19515610	 34.65950012	 12.46206284	 51.24354553	 34.54511642	 13.52870083	        -310	         312
 0.60000	 51.77082825	 34.17140961	 12.90089512	 50.81168747	 34.49323654	 11.79339123	        -311	         313
 0.60000	 49.98283768	 34.78185272	 11.59333611	 49.24449539	 36.08518219	 11.67172623	        -312	         314
 0.60000	 49.15150452	 36.97814178	 11.60711193	 48.87681580	 38.10013962	 10.65018368	        -313	         315
 0.60000	 49.72278595	 38.40519714	 10.61346436	 50.19411087	 37.38654327	 11.60852909	        -314	         316
 0.60000	 50.36284256	 36.53775024	 11.36153889	 49.88696671	 35.30067825	 10.65926266	        -315	           0
