0.00046642
0.00050146
0.00050146
0.00038337
0.00032914
0.00045248
0.00045248
0.00044541
0.00051882
0.00051882
0.00026430
0.00052478
0.00052478
0.00048383
0.00032614
0.00029909
0.00033554
0.00062549
0.00081079
0.00099281
0.00135844
0.00135844
0.00130186
0.00118401
0.00068837
0.00045488
0.00051026
0.00052128
0.00052128
0.00034891
0.00051985
0.00051985
0.00051338
0.00052075
0.00067024
0.00073809
0.00149348
0.00222161
0.00222161
0.00220373
0.00178370
0.00090364
0.00076926
0.00076926
0.00051298
0.00074216
0.00091649
0.00091649
0.00097215
0.00097215
0.00070115
0.00053950
0.00050399
0.00107503
0.00127728
0.00127728
0.00086324
0.00038124
0.00030138
0.00061232
0.00091609
0.00091609
0.00061848
0.00058388
0.00047149
0.00039804
0.00038947
0.00024511
0.00033979
0.00037444
0.00037444
0.00060212
0.00060212
0.00066270
0.00117106
0.00163925
0.00163925
0.00163164
0.00106180
0.00066693
0.00055455
0.00044940
0.00049710
0.00050670
0.00050670
0.00039488
0.00055677
0.00071057
0.00088749
0.00105644
0.00105644
0.00083825
0.00034464
0.00033261
0.00031147
0.00043592
0.00043592
0.00044020
0.00044020
0.00037552
0.00037552
0.00035371
0.00040208
0.00044308
0.00044308
0.00031360
0.00061531
0.00061531
0.00048174
0.00045587
0.00041168
0.00036143
0.00030878
0.00030878
0.00035871
0.00044602
0.00072164
0.00084259
0.00084259
0.00077506
0.00058374
0.00032605
0.00031888
0.00031888
0.00038150
0.00038150
0.00033665
0.00033665
0.00020261
0.00031918
0.00031918
0.00025957
0.00026518
0.00050467
0.00050467
0.00051868
0.00078679
0.00109976
0.00120611
0.00144916
0.00144916
0.00098551
0.00038133
0.00042918
0.00042918
0.00033064
0.00051423
0.00069960
0.00069960
0.00048534
0.00027860
0.00034958
0.00037920
0.00067921
0.00091943
0.00122035
0.00141506
0.00141506
0.00105928
0.00076311
0.00093544
0.00114460
0.00114460
0.00089081
0.00082392
0.00089617
0.00089617
0.00106844
0.00106844
0.00101573
0.00124329
0.00124329
0.00122578
0.00087894
0.00086594
0.00082283
0.00053064
0.00041812
0.00072632
0.00137081
0.00179804
0.00179804
0.00163360
0.00107032
0.00046715
0.00040446
0.00040446
0.00030951
0.00029833
0.00027662
0.00027054
0.00026025
0.00028476
0.00028476
0.00027638
0.00027638
0.00023778
0.00023778
0.00016075
0.00034871
0.00034871
0.00036933
0.00036933
0.00035399
0.00033820
0.00038489
0.00038489
0.00030119
0.00022338
0.00025254
0.00025254
0.00025031
0.00023831
0.00017437
0.00023972
0.00024866
0.00049102
0.00056728
0.00056728
0.00064490
0.00074566
0.00074566
0.00097510
0.00175020
0.00237483
0.00249560
0.00249560
0.00236503
0.00180729
0.00106513
0.00057175
0.00054708
0.00043067
0.00037958
0.00018256
0.00026293
0.00026293
0.00026518
0.00042734
0.00046371
0.00046371
0.00052010
0.00058795
0.00058795
0.00038604
0.00033262
0.00045827
0.00048238
0.00048238
0.00033896
0.00042423
0.00042423
0.00064922
0.00067746
0.00079600
0.00079600
0.00047796
0.00043277
0.00043277
0.00046393
0.00059348
0.00073165
0.00083213
0.00083213
0.00063707
0.00051802
0.00041571
0.00027606
0.00028037
0.00028037
0.00042169
0.00055976
0.00055976
0.00046813
0.00018203
0.00016007
0.00020112
0.00025891
0.00032260
0.00075438
0.00122452
0.00142406
0.00146351
0.00146351
0.00100859
0.00042102
0.00019880
0.00000000
0.00000000
0.00178256
0.00080688
0.00024774
0.00000000
0.00000000
0.00000000
0.00009529
0.00014859
0.00025549
0.00025549
0.00021657
0.00020461
0.00005860
0.00000000
0.00000000
0.00000000
0.00178256
0.00080688
0.00000000
0.00000000
0.00000000
0.00000000
0.00000000
0.00016175
0.00016175
0.00013639
0.00005648
