0.00008489
0.00013339
0.00014574
0.00014574
0.00008611
0.00008611
0.00013701
0.00013701
0.00012109
0.00012109
0.00011479
0.00008558
0.00010658
0.00010658
0.00009395
0.00009395
0.00011839
0.00028091
0.00040552
0.00040552
0.00028702
0.00013817
0.00033793
0.00054956
0.00054956
0.00052308
0.00039052
0.00024965
0.00024965
0.00016329
0.00032569
0.00050305
0.00065779
0.00065779
0.00038433
0.00010941
0.00014255
0.00017135
0.00022231
0.00023834
0.00023834
0.00020569
0.00020569
0.00018883
0.00018883
0.00019470
0.00019470
0.00042676
0.00089954
0.00100120
0.00100120
0.00089144
0.00039183
0.00020629
0.00020629
0.00019492
0.00020498
0.00023736
0.00023736
0.00018222
0.00027200
0.00027419
0.00027419
0.00027238
0.00018688
0.00018114
0.00018114
0.00014138
0.00011925
0.00011714
0.00012074
0.00012074
0.00012819
0.00024557
0.00034661
0.00038453
0.00038453
0.00027153
0.00019372
0.00011230
0.00006299
0.00012677
0.00026404
0.00026404
0.00017318
0.00020049
0.00020049
0.00018433
0.00012429
0.00013322
0.00023231
0.00023231
0.00011857
0.00009988
0.00009988
0.00007696
0.00020200
0.00025335
0.00025335
0.00009522
