1.49999
2.38511
3.79147
4.65248
5.86830
6.59796
7.62328
8.33264
9.49056
10.18489
10.35329
10.37897
10.02315
10.00854
10.08722
10.67705
12.01562
12.81249
14.09716
14.95517
16.32015
17.13955
17.95132
18.25174
18.13342
17.99656
17.52268
17.50976
17.93801
18.13419
18.12016
18.89484
20.16003
21.01269
21.85755
22.41094
23.25662
23.87797
25.01158
25.83832
27.26221
27.82190
27.63227
28.24520
29.67463
30.55958
31.84090
32.62007
33.87020
34.65446
35.97698
36.66989
37.40115
38.04292
38.59043
39.01947
39.78479
40.12005
40.30780
40.89673
42.04013
42.73097
43.69730
44.44921
45.86574
46.71727
48.15200
49.01909
50.49774
50.94294
50.19408
50.00443
50.07945
49.92292
49.55398
49.09528
48.17844
47.51865
46.28693
45.76317
45.29600
45.27962
45.75211
46.04916
46.53906
46.98927
47.61623
48.32048
49.78517
50.49787
51.10485
51.45926
51.97048
51.78861
50.85750
50.25857
49.30680
48.74416
47.81305
47.39977
46.99969
46.74042
46.32981
46.07752
45.49876
45.99274
47.48612
48.37531
49.84667
50.58464
51.17943
51.90844
53.15494
53.94269
55.08732
55.77452
56.96606
57.26581
56.80197
56.74474
56.90050
56.85167
56.53443
56.50013
56.61289
56.93238
57.76934
58.51652
59.90438
60.73229
61.56938
62.36229
63.84627
64.72635
66.18496
66.73288
66.56141
67.00012
68.29856
68.47691
67.50804
67.18384
66.88829
67.01385
67.77590
67.76636
67.01127
66.70686
66.45192
66.03999
65.03444
64.35589
63.03997
62.53577
62.15995
61.82170
61.35796
61.24732
61.47397
61.72836
62.21454
61.93167
61.01431
60.50492
60.06217
59.77492
59.38015
59.11424
58.54747
58.89402
60.03072
60.69539
61.74931
62.52255
63.85221
64.60009
64.49391
65.05137
66.42576
66.99358
67.10862
67.21702
67.22476
67.51350
68.51388
68.37381
67.15068
66.67824
67.01736
67.35318
67.76503
68.31259
69.37133
69.79084
69.96986
70.08564
70.22846
70.17688
69.91097
