1.49999
2.19380
2.67171
3.38684
4.68240
5.51997
6.24097
6.89217
8.08453
8.78010
9.52368
10.38461
11.66383
12.52244
13.95284
14.81064
16.26299
16.95319
17.71455
17.77891
17.00611
17.12541
18.06977
18.76704
19.97241
20.73794
20.96271
21.48235
22.49997
23.22414
24.44447
25.29474
25.91049
25.87895
24.92311
24.92721
25.93013
25.83220
24.71189
24.07698
22.97065
22.32598
21.28534
20.89309
21.06173
20.91315
20.37801
20.18243
20.08730
19.85250
19.20125
19.13535
19.56283
19.90014
20.67495
20.84975
20.38402
20.42840
20.90125
21.20720
21.82837
21.62743
20.67302
