0.00011568
0.00011568
0.00005983
0.00006809
0.00012854
0.00012854
0.00012054
0.00011244
0.00017479
0.00017479
0.00012710
0.00009485
0.00009485
0.00009673
0.00009673
0.00045059
0.00074978
0.00085529
0.00110347
0.00110347
0.00082228
0.00038833
0.00017065
0.00003657
0.00009263
0.00013535
0.00015371
0.00015371
0.00016532
0.00018072
0.00018132
0.00018132
0.00013891
0.00013891
0.00013761
0.00013761
0.00012598
0.00012598
0.00010585
0.00010585
0.00021433
0.00021433
0.00015028
0.00014961
0.00011173
0.00011173
0.00010692
0.00010692
0.00000000
0.00000000
0.00000000
0.00017466
0.00000000
0.00006417
0.00006467
0.00024142
0.00024142
0.00006945
0.00013541
0.00018390
0.00020024
0.00020024
0.00008601
0.00008601
0.00000000
0.00017466
0.00003858
0.00013100
0.00013100
0.00015722
0.00015722
0.00018448
0.00019272
0.00034261
0.00034261
0.00016862
0.00013368
0.00014362
0.00014362
0.00018530
0.00018530
0.00045669
0.00071605
0.00076909
0.00076909
0.00074738
0.00062756
0.00061936
0.00040087
0.00010880
0.00026479
0.00026479
0.00024819
0.00023423
0.00027137
0.00027137
0.00022428
0.00022428
0.00010871
0.00015532
0.00015532
0.00022706
0.00022706
0.00016350
0.00018912
0.00025347
0.00025347
0.00022899
0.00019375
0.00017748
0.00017748
0.00020683
0.00021562
0.00024455
0.00024455
0.00016467
0.00025257
0.00025257
0.00024388
0.00018267
0.00024084
0.00024084
0.00023950
0.00023950
0.00023890
0.00045776
0.00045776
0.00029715
0.00043198
0.00093509
0.00125382
0.00125382
0.00109098
0.00119447
0.00119447
0.00098577
0.00046106
0.00027925
0.00042503
0.00042503
0.00035308
0.00043061
0.00045753
0.00104972
0.00141187
0.00141187
0.00125309
0.00092299
0.00064060
0.00043217
0.00034974
0.00044426
0.00083845
0.00083845
0.00056493
0.00039841
0.00039841
0.00031070
0.00031070
0.00030801
0.00029748
0.00034478
0.00034478
0.00024180
0.00043076
0.00060920
0.00060920
0.00053051
0.00031677
0.00022394
0.00012867
0.00021089
0.00021952
0.00035980
0.00035980
0.00025110
0.00016119
0.00016119
0.00014300
0.00024130
0.00024130
0.00013478
0.00018564
0.00026424
0.00028034
0.00038845
0.00038845
0.00024435
0.00014639
0.00011316
0.00026100
0.00026100
0.00018543
0.00018543
0.00017425
0.00034398
0.00034398
0.00032625
0.00028321
0.00021988
0.00021988
0.00021913
0.00037496
0.00037496
0.00028368
0.00022155
0.00020843
0.00021985
0.00021985
0.00034325
0.00034325
0.00022723
0.00022723
0.00021967
0.00036289
0.00036289
0.00023973
0.00023973
0.00025051
0.00025051
0.00018984
0.00032164
0.00032164
0.00013972
0.00020108
0.00029086
0.00029998
0.00029998
0.00024734
0.00024734
0.00013124
0.00031667
0.00031667
0.00020414
0.00020189
0.00022837
0.00022837
0.00052037
0.00070858
0.00070858
0.00058067
0.00041261
0.00026745
0.00032646
0.00040607
0.00040607
0.00023247
0.00017462
0.00020659
0.00024101
0.00024101
0.00021430
0.00027206
0.00027206
0.00032386
0.00032386
0.00030645
0.00020816
0.00022744
0.00022744
0.00003450
0.00030837
0.00030837
0.00023325
0.00016595
0.00022816
0.00035432
0.00053298
0.00053298
0.00041195
0.00024323
0.00024323
0.00017774
0.00020547
0.00025391
0.00027942
0.00041232
0.00041232
0.00034851
0.00024433
0.00024433
0.00017217
0.00020465
0.00020465
0.00019720
0.00014731
0.00021713
0.00021713
0.00015190
0.00015190
0.00035607
0.00035607
0.00018700
0.00038292
0.00042896
0.00042896
0.00027645
0.00014961
0.00023278
0.00023278
0.00018390
0.00015766
0.00025375
0.00039334
0.00039334
0.00025195
0.00013916
0.00020437
0.00021749
0.00032429
0.00032429
0.00036008
0.00036008
0.00040400
0.00040400
0.00019489
