0.00019076
0.00037305
0.00037305
0.00027659
0.00033028
0.00033028
0.00039941
0.00102650
0.00132009
0.00132009
0.00128724
0.00108845
0.00108845
0.00112527
0.00167101
0.00173353
0.00173353
0.00160516
0.00127902
0.00077779
0.00105116
0.00105116
0.00095394
0.00048944
0.00048944
0.00041987
0.00052203
0.00052203
0.00045977
0.00060830
0.00060830
0.00054938
0.00053030
0.00045804
0.00068276
0.00068276
0.00060680
0.00041192
0.00038036
0.00071386
0.00071386
0.00078132
0.00078132
0.00121418
0.00153732
0.00153732
0.00146276
0.00102148
0.00038986
0.00054241
0.00054241
0.00070044
0.00119872
0.00119872
0.00162740
0.00162740
0.00161111
0.00146105
0.00196979
0.00226060
0.00226060
0.00224465
0.00146429
0.00074754
0.00157559
0.00240688
0.00277108
0.00302419
0.00363739
0.00383732
0.00383732
0.00318290
0.00225564
0.00111250
0.00053634
0.00068792
0.00090251
0.00090251
0.00068112
0.00048269
0.00055800
0.00055800
0.00042514
0.00014340
0.00044696
0.00064874
0.00081122
0.00081122
0.00076176
0.00071477
0.00090708
0.00090708
0.00054195
0.00057875
0.00057875
0.00085409
0.00085409
0.00050300
0.00050300
0.00041588
0.00037277
0.00036726
0.00049789
0.00109380
0.00156961
0.00217517
0.00217517
0.00148516
0.00106195
0.00135958
0.00194616
0.00229105
0.00229105
0.00220162
0.00220162
0.00217021
0.00168258
0.00116729
0.00113622
0.00113622
0.00134559
0.00134559
0.00113756
0.00153034
0.00154886
0.00220410
0.00220410
0.00152424
0.00156993
0.00192777
0.00192777
0.00186391
0.00121233
0.00177008
0.00183522
0.00183522
0.00137599
0.00135939
0.00069350
0.00069350
0.00064278
0.00088815
0.00088815
0.00087343
0.00055936
0.00036274
0.00064865
0.00070070
0.00070070
0.00065087
0.00140491
0.00217289
0.00249792
0.00249792
0.00214068
0.00208815
0.00145186
0.00116299
0.00077663
0.00077663
0.00066320
0.00102785
0.00102785
0.00077314
0.00072372
0.00076520
0.00076520
0.00053078
0.00094047
0.00094047
0.00092343
0.00084509
0.00079494
0.00074745
0.00087404
0.00087404
0.00043849
0.00096044
0.00096044
0.00091689
0.00043124
0.00046486
0.00112664
0.00176903
0.00176903
0.00175739
0.00117126
0.00068700
0.00058565
0.00048772
0.00064459
0.00069321
0.00069321
0.00106594
0.00133025
0.00133025
0.00085272
0.00099505
0.00099505
0.00093678
0.00060412
0.00035155
0.00046942
0.00046942
0.00055861
0.00102678
0.00147388
0.00147388
0.00104970
0.00083618
0.00044710
0.00048089
0.00055131
0.00055131
0.00053245
0.00053245
0.00049598
0.00076537
0.00080773
0.00080773
0.00048500
0.00081697
0.00098558
0.00098558
0.00091474
0.00091474
0.00088091
0.00104503
0.00104503
0.00080282
0.00093687
0.00093687
0.00067699
0.00058015
0.00084400
0.00130055
0.00130055
0.00092556
0.00066939
0.00064593
0.00032759
0.00085574
0.00085574
0.00041651
0.00041651
0.00031381
0.00047895
0.00047895
0.00042731
0.00049294
0.00049294
0.00038060
0.00034736
0.00051479
0.00051479
0.00056295
0.00056295
0.00039058
0.00039058
0.00048479
0.00058257
0.00058257
0.00083267
0.00099948
0.00099948
0.00120416
0.00201834
0.00229737
0.00229737
0.00152681
0.00097730
0.00118646
0.00118646
0.00123192
0.00123192
0.00087334
0.00087334
0.00071531
0.00044472
0.00044472
0.00048870
0.00071140
0.00071140
0.00061775
0.00089209
0.00109928
0.00110191
0.00110191
0.00081292
0.00069484
0.00055158
0.00033556
0.00069712
0.00093099
0.00093099
0.00086777
0.00077458
0.00057971
0.00061041
0.00086223
0.00086223
0.00046976
0.00074178
0.00154432
0.00154432
0.00096497
0.00045948
0.00044814
0.00042510
0.00054102
0.00058400
0.00076592
0.00105807
0.00124575
0.00156419
0.00188194
0.00188194
0.00179778
0.00127973
0.00085218
0.00085218
0.00106333
0.00154526
0.00154526
0.00133078
0.00137601
0.00137601
0.00104094
0.00098709
0.00098709
0.00074575
0.00111255
0.00177404
0.00255858
0.00255858
0.00272922
0.00272922
0.00224374
0.00197129
0.00197129
0.00172602
0.00110583
0.00068326
0.00085301
0.00103804
0.00112409
0.00112409
0.00077638
0.00074192
0.00068997
0.00101065
0.00101065
0.00061324
0.00105361
0.00137451
0.00149947
0.00149947
0.00121377
0.00080103
0.00073867
0.00073867
0.00104062
0.00133506
0.00133506
0.00092184
0.00087872
0.00100226
0.00144344
0.00144344
0.00082844
0.00076087
0.00080002
0.00080002
0.00074268
0.00089646
0.00089646
0.00094733
0.00158845
0.00217684
0.00227613
0.00227713
0.00227713
0.00159276
0.00099512
0.00051017
0.00061937
0.00119686
0.00179012
0.00179012
0.00137666
0.00100300
0.00096807
0.00064240
0.00164338
0.00246735
0.00253254
0.00253254
0.00161815
0.00088871
0.00088871
0.00102492
0.00102492
0.00093637
0.00145378
0.00145378
0.00086632
0.00068768
0.00068768
0.00117951
0.00117951
0.00075508
0.00080782
0.00121034
0.00137902
0.00137902
0.00092962
0.00083586
0.00083586
0.00095363
0.00157293
0.00202751
0.00202751
0.00144587
0.00130245
0.00140109
0.00140109
0.00129036
0.00184828
0.00264278
0.00264278
0.00196954
0.00172010
0.00163898
0.00197760
0.00259883
0.00336535
0.00336535
0.00259785
0.00200330
0.00155091
0.00182518
0.00182518
0.00119314
0.00097020
0.00097020
0.00102880
0.00132820
0.00132820
0.00086711
0.00145795
0.00162944
0.00162944
0.00054306
0.00088984
0.00135432
0.00135432
0.00134457
0.00089686
0.00071188
0.00090449
0.00090449
0.00069412
0.00116180
0.00116180
0.00111663
0.00074006
0.00115901
0.00125305
0.00125305
0.00070536
0.00096665
0.00096665
0.00093198
0.00092346
0.00106489
0.00106489
0.00116286
0.00116286
0.00104519
0.00118334
0.00118334
0.00075416
0.00059898
0.00074209
0.00096068
0.00146401
0.00146401
0.00099049
0.00137999
0.00174657
0.00174657
0.00117502
0.00088389
0.00109039
0.00129646
0.00129646
0.00094218
0.00113162
0.00128324
0.00134396
0.00134396
0.00081493
0.00082020
0.00082020
0.00080899
0.00084639
0.00154696
0.00154696
0.00127433
0.00080742
0.00091751
0.00091751
0.00132314
0.00132314
0.00149655
0.00149655
0.00137801
0.00100936
0.00114921
0.00152824
0.00152824
0.00133884
0.00103045
0.00137425
0.00137425
0.00103905
0.00072582
0.00088408
0.00138061
0.00138061
0.00095033
0.00128345
0.00128345
0.00085969
0.00082102
0.00082102
0.00070863
0.00104412
0.00104412
0.00085211
0.00181058
0.00181058
0.00171352
0.00080359
0.00107633
0.00107633
0.00119077
0.00119077
0.00097173
0.00097173
0.00092561
0.00092066
0.00092066
0.00112411
0.00112411
0.00114248
0.00114248
0.00071978
0.00082783
0.00082783
0.00099254
0.00151068
0.00209501
0.00225334
0.00234211
0.00255755
0.00255755
0.00242906
0.00242906
0.00193319
0.00133900
0.00090269
0.00090269
0.00040613
0.00061026
0.00103667
0.00117135
0.00117135
0.00103417
0.00082618
0.00101878
0.00101878
0.00077816
0.00095267
0.00095267
0.00100667
0.00154223
0.00164471
0.00164471
0.00090263
0.00080664
0.00084578
0.00084578
0.00074485
0.00083820
0.00124341
0.00124341
0.00106190
0.00099299
0.00099299
0.00108158
0.00210403
0.00237593
0.00286116
0.00412504
0.00412504
0.00307816
0.00179449
0.00086722
0.00086722
0.00130746
0.00155563
0.00155563
0.00081033
0.00120541
0.00120541
0.00069010
0.00087060
0.00117021
0.00119012
0.00226545
0.00226545
0.00186646
0.00106137
0.00106137
0.00144796
0.00213765
0.00213765
0.00146946
0.00102783
0.00084009
0.00095479
0.00110349
0.00110349
0.00097798
0.00073331
0.00113326
0.00113326
0.00097406
0.00077732
0.00080637
0.00080637
0.00090153
0.00114703
0.00114703
0.00090895
0.00097388
0.00097388
0.00119280
0.00169428
0.00169428
0.00128264
0.00143224
0.00143224
0.00094753
0.00081500
0.00100748
0.00100748
0.00103098
0.00123342
0.00149666
0.00166117
0.00166117
0.00142035
0.00174941
0.00234639
0.00234639
0.00197134
0.00132799
0.00086822
0.00126462
0.00136313
0.00136313
0.00085290
0.00134427
0.00134427
0.00103180
0.00102819
0.00102819
0.00087243
0.00088158
0.00088158
0.00081426
0.00104881
0.00104881
0.00091505
0.00130042
0.00130042
0.00124821
0.00102949
0.00102949
0.00085701
0.00063490
0.00072650
0.00094660
0.00107412
0.00107412
0.00076136
0.00100044
0.00100044
0.00096625
0.00096625
0.00114055
0.00179348
0.00239879
0.00255733
0.00319711
0.00373393
0.00373393
0.00373036
0.00326108
0.00285242
0.00206984
0.00224562
0.00224562
0.00185430
0.00177000
0.00136984
0.00101614
0.00101614
0.00197945
0.00282261
0.00322556
0.00322556
0.00233481
0.00214243
0.00192350
0.00135122
0.00073128
0.00069867
0.00088221
0.00092001
0.00092001
0.00102589
0.00102589
0.00123080
0.00123080
0.00129201
0.00201182
0.00201182
0.00140554
0.00185529
0.00185529
0.00137053
0.00079807
0.00079807
0.00075722
0.00105728
0.00146562
0.00204308
0.00234721
0.00289380
0.00300275
0.00336157
0.00336157
0.00303297
0.00210693
0.00173857
0.00236805
0.00236805
0.00237407
0.00237407
0.00211209
0.00189033
0.00125347
0.00078682
0.00098923
0.00140084
0.00166490
0.00166490
0.00170240
0.00170240
0.00153053
0.00092351
0.00137956
0.00162647
0.00162647
0.00166348
0.00166348
0.00107751
0.00112997
0.00145957
0.00145957
0.00110853
0.00110853
0.00107372
0.00094988
0.00094988
0.00086041
0.00124385
0.00190451
0.00277918
0.00286123
0.00286123
0.00212199
0.00140377
0.00131026
0.00094217
0.00061280
0.00077863
0.00077863
0.00065587
0.00057071
0.00060571
0.00060571
0.00049725
0.00073866
0.00073866
0.00056089
0.00066843
0.00066843
0.00042253
0.00046825
0.00046825
0.00045343
0.00028699
0.00012243
0.00027206
0.00030859
0.00084485
0.00084485
0.00078147
0.00050492
0.00072888
0.00072888
0.00050820
0.00073230
0.00089701
0.00089701
0.00063522
0.00065743
0.00081046
0.00081046
0.00065535
0.00083243
0.00096510
0.00096510
0.00095222
0.00116865
0.00116865
0.00114299
0.00078482
0.00078482
0.00127442
0.00141920
0.00141920
0.00095261
0.00059636
0.00059636
0.00058344
0.00083608
0.00112153
0.00124503
0.00124503
0.00085494
0.00043322
0.00087992
0.00134606
0.00134606
0.00130883
0.00130883
0.00091667
0.00069327
0.00074123
0.00074123
0.00072781
0.00060385
0.00047432
0.00068501
0.00070222
0.00080527
0.00083436
0.00083436
0.00070753
0.00051808
0.00051808
0.00042903
0.00030105
0.00030105
0.00040969
0.00069287
0.00074892
0.00074892
0.00062282
0.00045354
0.00038051
0.00043432
0.00103327
0.00150478
0.00150478
0.00132985
0.00110879
0.00055399
0.00067231
0.00067231
0.00057972
0.00069274
0.00069274
0.00053014
0.00051141
0.00051141
0.00050411
0.00050411
0.00042113
0.00038169
0.00085014
0.00102008
0.00102008
0.00129935
0.00179695
0.00179695
0.00169414
0.00111626
0.00093972
0.00046192
0.00052582
0.00079415
0.00175441
0.00235583
0.00291064
0.00291064
0.00225155
0.00138323
0.00116380
0.00093757
0.00060086
0.00074597
0.00142087
0.00154319
0.00154319
0.00133788
0.00133788
0.00099648
0.00093185
0.00147486
0.00147486
0.00122963
0.00070233
0.00050034
0.00061261
0.00061261
0.00101646
0.00113532
0.00145346
0.00145346
0.00133794
0.00126511
0.00075958
0.00144663
0.00215075
0.00215075
0.00179739
0.00116203
0.00059411
0.00050437
0.00049307
0.00048787
0.00092898
0.00177139
0.00212692
0.00254415
0.00254415
0.00224073
0.00154318
0.00084455
0.00077573
0.00077573
0.00106472
0.00106472
0.00170772
0.00187898
0.00196530
0.00196530
0.00146282
0.00105641
0.00057617
0.00053874
0.00042322
0.00051984
0.00052923
0.00052923
0.00043625
0.00045905
0.00063869
0.00063869
0.00046033
0.00044140
0.00075746
0.00075746
0.00073375
0.00033582
0.00033582
0.00055852
0.00068346
0.00068346
0.00080327
0.00082603
0.00082603
0.00061401
0.00059037
