1.49989
2.26816
3.10178
3.82868
5.09336
5.98645
7.44830
7.67246
6.57958
6.13665
5.72878
5.57578
5.82340
6.28744
7.46834
7.99582
8.09246
8.12392
8.20118
7.49875
6.65496
5.84752
6.23827
6.87228
8.09179
8.32241
7.50244
7.23048
7.14509
6.75819
6.71934
6.11259
5.24720
5.18591
5.91821
6.58888
7.24120
7.29525
6.43039
6.97374
7.87060
8.44683
9.87734
10.75444
11.84458
11.78200
10.52918
10.11631
9.98884
9.99150
10.16242
10.18124
11.08231
11.20030
10.03759
9.22564
9.45980
8.93456
8.15265
7.77414
7.49239
7.80735
8.94114
9.58005
10.66356
10.43137
9.22027
9.35608
10.59164
11.14661
10.64359
10.74446
11.24118
11.56053
11.08248
10.58556
9.72807
9.47324
8.84929
8.37431
7.85183
7.18473
7.73408
8.35003
9.80258
10.29598
9.74544
9.56095
9.45305
9.66930
9.90935
10.61128
11.82188
12.13608
11.03886
10.89579
11.61100
12.16622
13.10909
14.00673
14.89247
15.54253
16.45208
16.38738
15.24636
15.17383
16.26236
15.94192
14.45287
14.31965
15.72312
16.54582
17.36425
17.97268
19.00763
19.56272
20.24607
20.56447
20.09726
19.39905
17.90701
17.02454
15.81951
15.16332
15.96796
16.25826
17.13568
16.72476
15.26153
14.56850
14.48473
14.33469
14.08687
14.49017
15.69225
16.38380
17.71316
18.26956
19.75457
20.08913
18.93387
18.63014
18.71094
18.56463
18.11827
18.37086
19.43685
19.62020
18.65154
18.65195
19.41800
19.88107
19.58130
19.72290
20.14114
20.38012
20.62843
21.03549
21.47059
21.85123
22.54813
23.11012
24.17499
24.86546
25.96683
26.72927
27.61373
27.00233
25.85793
25.12107
25.32869
25.26658
25.11813
25.42854
25.75414
25.97442
26.60796
27.26356
28.09365
28.45585
27.87103
26.97414
26.32891
26.21197
26.74812
26.38381
25.06176
24.37023
24.82268
25.28910
25.79787
25.56496
24.07423
23.75338
24.74070
25.59172
26.40044
27.18571
27.67022
27.10526
25.81602
26.00220
27.47669
28.15462
28.06454
27.61554
27.22017
26.42005
26.71260
25.87021
25.41770
24.54232
24.17545
23.47458
23.96701
23.26316
22.00931
21.13587
19.64143
18.74168
17.28537
16.58797
16.73599
16.56734
16.30252
15.59237
14.10464
13.75973
14.98711
15.17718
14.50021
14.73791
16.02981
15.93645
14.47074
14.56331
16.02234
16.16032
16.06670
16.46149
17.80093
18.44539
18.89516
18.99433
18.56647
18.62911
18.94171
19.60743
20.78908
21.53891
22.89955
23.22916
22.76394
22.16150
20.83224
20.43003
19.73388
19.64400
19.72941
19.91387
20.76592
20.23790
18.76792
18.52588
19.71865
20.39768
19.92796
20.36525
21.57352
22.00484
22.07044
21.98459
21.51989
21.29813
20.99045
20.89747
20.76549
21.47247
22.44120
23.11447
24.29141
24.40704
23.44898
22.93515
22.22670
21.38341
20.63176
20.05320
19.16457
18.37334
16.92977
16.62976
17.87554
18.63920
20.12091
20.17052
18.91061
18.45064
18.37787
17.64741
17.05581
16.88150
17.16630
17.66112
18.97818
19.47827
19.82261
19.76581
19.14700
18.90404
18.75388
18.46833
17.85454
17.63270
17.31017
17.81481
19.07306
19.82276
19.89617
20.24320
20.93359
21.35056
22.28503
21.96493
20.81500
20.24445
19.20660
19.40623
20.70043
21.28845
22.10575
21.73415
20.37305
19.63261
18.42734
18.39531
19.55013
20.40232
21.84582
22.64285
23.92633
24.65400
25.69367
26.41332
25.95506
26.07069
26.83577
26.43893
25.35287
24.67167
23.92718
23.42933
22.29658
21.98289
22.66086
22.90722
22.90786
22.54212
21.45038
20.82116
19.93667
19.17822
18.86883
18.58507
18.37958
17.78082
16.70109
16.48853
16.93734
17.64300
18.66136
19.52867
20.50791
20.91307
20.03273
19.54036
18.45232
18.33336
19.19087
19.15828
18.17321
18.48469
19.82182
20.40025
20.79268
21.35683
20.73860
20.05766
18.62996
17.80593
16.80902
16.25276
15.51779
14.98999
14.02427
13.59213
13.18439
13.14188
13.59761
13.56018
12.94213
13.02303
13.75488
14.03402
14.24399
14.47184
14.96906
15.20613
15.50217
15.70731
16.02158
16.41789
17.41981
17.80112
17.92574
18.49820
19.80876
20.55512
20.73690
20.91725
20.94975
21.45161
22.77749
23.38019
23.72123
23.95220
23.75545
23.95849
24.60077
24.97019
25.17672
24.38770
23.45960
23.45691
24.17504
24.51290
24.43824
24.76118
25.53632
26.13435
27.29050
27.93143
28.40802
28.76918
28.73628
29.26585
30.42113
30.74513
30.39865
30.62551
31.72006
31.42868
30.12602
29.91819
30.79382
30.39617
29.32499
28.69025
28.28326
27.39343
27.21557
26.61122
25.52463
24.86922
23.97741
23.15900
22.46723
22.30284
22.23749
21.82382
21.45608
20.68608
19.46914
18.62606
18.40861
19.06596
20.30662
20.52701
21.25392
21.94793
22.96110
23.15806
22.49346
23.05377
24.53557
25.26400
25.59597
26.31511
27.74608
28.45077
29.00364
29.16193
28.63897
29.01843
30.27621
31.07903
32.14113
32.11664
30.95464
30.57447
30.56113
30.47451
30.42074
30.51531
30.97724
30.89160
30.54569
29.70611
29.60484
29.93267
31.35617
32.23360
33.61360
34.35058
35.14702
35.66503
36.53536
37.21739
38.53347
39.40917
40.86934
41.32214
40.21083
40.73657
42.08177
42.81011
43.04735
43.65097
44.93581
45.68955
46.98906
47.44891
47.35206
47.52437
47.91275
47.86831
47.68555
46.81633
46.16559
45.43242
45.24969
45.49293
46.23963
46.59870
46.85028
47.44485
48.12536
48.73096
48.45788
48.65290
48.74725
49.61716
49.89867
50.05613
50.01680
49.74406
49.85882
48.97538
48.47003
47.95330
46.82063
47.18940
48.48717
48.99480
48.92699
48.37573
47.19105
46.43608
46.73734
46.99402
47.47494
48.30845
48.01215
48.67190
50.14180
50.82142
51.31306
51.25565
50.54393
50.21211
49.72143
49.53488
49.46133
49.38427
49.20611
49.25048
49.85574
49.26101
47.83932
46.94607
45.46292
44.57515
43.28580
42.43545
41.23172
40.42751
39.51762
39.52880
40.54244
41.13395
42.18540
42.95147
44.41605
44.85429
44.50096
43.96029
42.68082
42.35332
43.53067
43.34872
41.93109
41.16830
40.13689
39.51283
38.90844
39.18681
40.13611
40.72754
41.26408
41.94519
43.39104
43.96944
44.22404
44.23193
43.87790
43.79011
43.95556
43.96224
43.85843
43.80176
43.75276
43.47668
43.07589
42.18614
42.18840
42.03430
42.08563
41.61365
41.14972
41.49358
42.62620
42.70276
41.64753
41.35887
41.18608
41.57180
42.26121
42.12803
41.28704
40.60346
39.25198
38.64291
38.04733
37.96057
38.64203
37.98264
36.86568
36.66794
37.56187
38.12917
39.43924
39.23415
37.78716
37.07018
37.36008
37.23737
36.86535
36.53036
35.73495
35.74254
36.19791
37.07498
37.14486
37.77087
38.30499
37.77713
36.56445
36.36233
37.37194
37.64451
37.50303
37.98082
38.27251
38.49076
38.70692
38.88458
38.97758
39.74288
40.62197
41.21656
42.06502
42.56391
43.34117
43.88432
45.07817
44.97764
43.60877
42.88425
41.67908
41.29298
41.39308
41.36607
41.69362
40.85176
40.14407
39.55430
38.77494
38.54695
38.65876
38.87788
39.51584
40.01075
41.16583
41.19945
40.14335
39.47738
38.38022
37.51323
36.92560
37.25790
38.52739
39.02405
39.30227
39.25193
38.76203
38.34635
37.46300
36.97518
36.31939
35.60884
34.16179
33.29262
32.10198
31.72637
32.50184
32.91098
33.79973
34.01007
33.85933
33.42650
32.59790
31.72744
30.57637
30.00556
29.94816
29.15075
27.98510
27.15106
26.16004
25.64434
25.22491
24.44353
23.08108
22.68580
23.91775
23.73341
22.62484
21.77258
20.56683
19.98403
19.47719
18.89179
17.71515
16.97435
16.76383
16.94117
17.12186
16.83846
16.57159
16.89990
17.01962
16.30370
15.39726
15.36820
15.68017
15.66946
14.94737
14.22900
12.79248
11.92247
10.48477
9.63344
8.35348
7.63502
6.78152
6.08813
6.52517
5.91908
4.64953
4.53434
5.80359
5.96686
5.22581
5.17250
5.63459
5.77337
5.74722
5.96529
6.31574
6.84460
7.44485
7.66408
7.34468
7.56141
8.14116
8.39344
7.98717
8.69518
9.51990
10.27921
11.72125
12.28217
12.40628
12.63132
12.98001
13.40271
14.01577
13.68834
12.27986
11.68182
11.46078
10.82571
10.59341
9.82734
8.41686
7.54484
6.11769
5.44414
5.35107
4.90758
4.61631
3.90236
3.31870
2.59365
1.43888
1.10458
1.84841
2.42956
3.09848
3.85375
4.96383
5.65091
6.57490
7.33257
7.79231
8.00870
6.78854
6.97185
8.39661
9.20429
10.41857
11.22152
11.55641
11.13867
9.67208
9.09100
9.19162
8.93805
8.33780
7.93064
8.04448
7.96332
7.56605
7.83320
9.05579
8.97436
7.63141
7.12976
6.88906
7.18717
8.25888
8.28433
7.64883
7.31867
6.99648
7.10581
7.51747
7.62050
7.25069
7.31691
7.59888
8.32553
9.49457
10.16315
9.74422
10.51160
11.52993
12.36828
13.19499
13.91327
13.97497
14.24976
14.50446
15.39206
15.89810
16.25296
16.41423
16.52108
16.55786
16.89624
17.27511
17.06910
16.54133
15.90537
16.07997
15.30658
14.70902
14.20173
13.70782
13.04008
13.33729
13.51054
14.00074
14.68540
16.08354
16.98365
18.43982
18.81401
18.34313
18.37973
19.11852
19.84470
20.74877
20.42811
19.28624
18.39457
18.12624
17.71233
16.81075
17.01915
17.99004
18.73054
19.75110
19.95529
19.72725
19.53532
20.37009
21.03794
21.11510
21.98903
22.23258
22.80013
23.88881
24.48405
23.81232
23.98573
24.81582
25.41465
26.34537
27.03239
27.79068
28.39595
29.39724
30.03124
31.34122
32.12729
33.43948
34.13429
35.04465
35.50381
35.65794
35.64793
35.06315
35.68873
37.16345
37.44877
36.20484
35.44278
34.78050
33.88840
33.32866
32.83592
32.12689
31.69110
31.42510
30.84916
29.49928
28.66675
27.56076
27.00503
27.24935
27.67956
28.41319
28.07458
26.85067
26.41973
27.33938
27.10720
25.89710
25.24276
24.61457
24.44213
24.45736
25.16378
26.58591
27.18559
26.65051
27.09436
28.49230
29.29495
30.63161
31.44152
32.83082
33.46750
34.08867
34.25638
34.04806
34.64796
35.37426
36.18983
37.65040
37.85913
36.59676
35.78687
35.60031
35.66045
35.03938
34.93671
35.02190
34.95686
35.35317
35.68699
36.38383
36.74143
36.43164
36.39065
36.25463
36.16785
35.51870
35.18619
34.62379
34.32159
33.99492
33.75712
34.02634
33.82724
33.44792
33.38294
33.82504
33.48332
32.29367
31.46901
30.67281
30.54630
31.22440
31.35466
31.21827
31.18043
31.31000
30.90599
29.69075
29.12327
28.75382
28.45874
27.88274
27.95556
28.74116
28.91716
28.65875
28.45440
28.13435
28.06763
28.30284
28.41159
28.58238
28.72229
29.04016
29.13317
29.11319
29.14746
29.27477
29.26385
29.18272
28.86835
28.13881
27.50758
26.55728
25.99774
25.18973
24.61910
23.93367
23.41793
22.40752
22.21938
22.86853
23.54147
25.01295
25.64928
26.04165
26.37932
26.91448
27.15780
26.72664
27.19315
26.92908
26.43873
25.98251
26.70331
27.77447
28.20965
27.44031
27.07992
27.64537
27.67415
27.83241
27.82272
28.24033
28.61616
29.32713
29.77823
30.20376
30.60917
31.48221
31.68780
31.17122
31.64005
32.98309
33.62012
34.33718
34.79793
35.45665
36.04167
36.85152
37.23015
37.62988
37.22298
35.80055
35.60355
36.74529
36.98021
36.28356
35.45007
34.58678
34.13114
33.78479
33.73092
33.98916
34.10300
34.19591
34.40472
35.06037
34.66420
34.22999
34.18415
34.04546
34.27590
34.63515
34.86658
35.02564
35.40499
35.78117
35.81382
35.26878
35.07018
34.91734
34.51537
33.63177
33.04637
31.98644
31.13359
30.60714
30.46807
30.44189
31.09110
32.34998
32.87181
31.87853
31.76109
32.42824
32.85929
33.59147
33.90749
34.02421
34.26791
34.72251
35.30164
36.01500
36.26564
36.16481
36.31300
36.78106
37.07218
37.49689
38.12031
39.49402
40.36121
41.63767
42.23721
42.62173
42.29292
41.23229
40.83949
40.50049
41.09797
42.38631
43.12334
44.35445
44.32751
43.10843
42.22404
41.19632
40.37556
40.18609
39.78675
39.97738
40.06106
40.00906
40.57833
42.05341
42.93297
44.35107
44.96805
44.28932
44.64675
45.40940
45.55921
45.66054
45.07688
44.76720
45.07619
45.47010
45.17646
44.40712
43.55567
42.49445
42.07987
42.08305
41.83495
41.60401
41.52063
42.25944
41.85258
40.95878
40.71610
40.70183
40.55556
40.91978
40.54176
40.34228
40.30192
40.73930
40.61874
40.04899
39.82568
39.56658
39.65955
39.99735
40.79289
41.86245
42.57528
43.07262
43.19674
43.00441
42.67921
41.88240
41.48265
41.08390
40.67015
40.60751
40.43941
39.95851
40.15618
41.12734
40.94489
39.60221
39.27574
39.80678
39.32645
38.56557
38.28324
38.33540
38.44185
38.75782
39.15019
40.01256
40.88008
42.25095
42.51942
41.32404
40.55286
39.08146
38.48710
38.42237
38.81889
39.39407
40.00147
39.54790
40.00739
40.86829
41.64370
42.82841
43.55535
44.58606
45.28662
45.74647
45.60918
44.86326
44.02531
43.12359
42.50229
41.37215
41.38525
42.17470
42.25908
41.96419
42.30378
43.02682
43.24809
42.91317
42.76385
42.52707
41.93659
40.79956
40.14635
40.07991
39.59012
38.91661
38.80798
38.92015
39.65214
40.00001
40.72790
42.17176
43.01324
43.81064
44.38498
45.31280
46.04349
47.36308
48.16142
49.50896
50.30209
51.52540
52.35035
53.40580
54.04729
55.03302
55.44832
56.10317
55.52875
54.16096
53.29720
52.35360
51.69374
50.57360
49.84654
48.83354
48.12465
46.85002
46.55539
47.45892
46.95659
45.70281
44.88656
44.30480
44.92402
46.14469
46.67117
48.02620
48.88863
50.33003
51.20078
51.88403
52.37323
53.70979
54.18525
53.15054
52.64163
51.78101
50.95866
49.81728
49.20805
49.64902
48.86078
47.62335
47.43629
48.51583
49.35787
50.64541
51.16107
51.35234
50.79891
49.59337
48.97414
48.44881
47.88282
47.02392
46.47382
45.05631
44.26509
43.68363
43.84718
45.03854
45.37945
45.20678
44.79919
44.44417
43.75798
42.29759
41.71279
41.52202
41.72392
41.23961
40.39247
39.47630
39.05848
38.25005
37.84988
37.40036
37.12162
37.03459
36.26694
35.77934
35.15910
34.90125
34.13691
32.69515
31.85235
30.63599
30.23730
31.23257
31.56375
31.75991
31.73577
31.75240
32.38353
33.63532
34.44916
35.35051
36.22811
37.58915
38.11527
37.64461
37.20413
36.48704
36.06792
35.54774
34.98574
34.13888
33.60861
32.66594
32.12699
31.66296
31.63235
32.00622
32.55549
33.89193
34.59923
35.54899
36.34962
37.47559
38.29630
39.49553
40.03710
40.41278
40.10709
39.97954
39.48328
37.99233
37.74737
39.13454
39.29561
39.58441
39.80259
40.79757
41.38632
42.38104
42.76781
43.41450
43.97920
44.89749
44.46074
43.11759
42.99321
44.05238
44.59973
45.70299
46.13669
46.09530
46.84444
47.43792
48.16686
49.54090
50.26229
51.27094
51.49920
50.96007
51.30897
52.46814
53.00711
53.37201
54.16780
55.60041
56.35560
56.81488
57.57750
58.19694
58.78305
58.52672
58.58889
58.97319
58.61125
58.09176
57.41937
55.98124
55.19584
54.17450
53.36315
52.33689
52.03734
52.88836
53.36713
53.74023
54.02064
54.32512
54.93465
55.80074
56.29318
56.69536
56.97975
57.77705
57.16173
55.97571
55.14236
54.35055
53.66323
52.30207
51.61268
50.73332
50.30290
49.94833
49.63998
48.84477
49.06946
50.34519
51.06076
52.14794
53.02415
53.95238
54.33136
53.80998
54.44056
55.61726
55.89444
55.06654
54.55123
53.45935
52.84030
52.46911
51.58572
51.04726
50.37584
50.17022
50.49792
50.96976
51.81185
53.09754
53.90044
54.99674
55.58132
56.37291
56.73760
56.68701
57.24232
57.81519
57.77603
56.78440
56.90192
57.69831
58.48364
58.07018
58.07371
58.14261
58.09991
58.12889
57.46535
56.28532
55.64366
54.84652
54.95994
55.92239
56.45419
56.17259
56.14228
56.07542
56.10712
55.98237
56.68751
57.26035
57.78925
58.35912
59.09827
59.24027
59.53925
60.11695
60.47316
60.85874
61.63523
62.49859
63.05875
63.54723
63.30144
63.06712
63.07537
63.32298
63.18825
62.76065
62.84951
63.91429
64.18394
65.55506
66.34367
67.29363
67.84200
68.69304
68.93550
68.63954
69.03354
70.35981
70.43122
69.30343
69.83625
71.20719
72.10657
73.57195
74.02191
73.20870
72.47130
71.03322
70.86132
71.72230
71.52623
70.74305
70.38853
70.43864
70.21291
69.86371
69.75339
69.81552
69.71983
69.47615
68.99690
67.75772
67.09318
66.17333
65.81081
66.11726
66.22261
66.38913
66.70663
67.70887
67.63675
66.52305
66.04758
65.78806
65.38086
64.43269
63.87503
62.98558
62.42320
61.62224
60.76135
59.69961
59.04207
58.15473
58.01636
58.84134
58.76175
58.23195
57.36295
57.46096
57.82443
58.61538
59.12724
59.66467
60.53725
60.26390
60.93207
61.50298
62.13965
63.15645
63.82784
64.87161
65.69849
66.34245
66.42434
65.62800
66.04953
67.43035
67.91911
66.85020
66.48245
66.10641
65.81988
65.34697
65.47943
66.33058
66.69044
66.91070
67.55279
68.86372
69.34107
69.09225
69.40970
70.47838
70.53166
69.67898
69.29436
69.55004
70.12629
70.38713
71.24367
71.81493
71.91118
71.27281
71.12539
71.16854
71.33892
71.88081
72.21748
72.82204
73.20732
74.07283
73.86431
72.64850
71.86578
70.51959
70.13751
71.31845
71.96224
73.09203
73.91691
75.14475
75.60958
75.27717
75.70534
76.11700
76.94262
76.81124
76.90456
77.03853
76.78939
75.79118
75.76520
76.53751
77.14562
78.19507
78.80965
79.50163
80.31538
80.32292
80.46520
80.85148
80.11353
79.02182
78.25376
76.98924
76.30586
77.06571
76.74679
75.57861
74.97625
74.84755
74.58167
73.97108
74.14794
75.36521
74.94890
73.57843
72.69361
71.20719
71.02558
72.36397
72.53456
71.67795
70.82074
69.83045
69.52067
70.37077
70.40937
70.01234
69.30297
68.55579
67.98709
66.95760
66.96960
68.08543
68.04405
66.76645
66.43377
66.69857
66.89053
67.42389
67.54568
67.41458
67.33533
67.08996
67.20123
67.80702
68.05991
68.62428
68.09224
66.68419
65.88831
65.49566
64.73213
63.70011
63.12812
62.05159
61.61540
61.15198
61.78025
62.55158
63.14473
64.13689
64.59668
64.08317
64.58938
65.35092
65.32753
64.35720
63.91478
63.40796
62.91404
61.85195
61.31180
60.27464
60.68566
61.89011
62.44612
63.31400
62.89199
61.64050
61.16594
61.52674
61.82208
62.28757
61.97818
60.73306
60.03339
59.16151
58.43923
58.99739
59.16975
59.29410
59.87513
59.87191
60.52219
60.68344
61.21783
61.41160
61.47647
61.51671
61.48167
61.16868
61.65956
62.99766
63.77073
65.04445
65.80940
67.27964
67.44399
66.15040
65.49455
64.96412
64.29122
63.10777
62.45096
62.28789
62.22451
62.24332
62.82235
64.13296
64.98690
66.02957
66.61064
67.28218
67.91595
68.17390
68.78141
70.09215
70.96898
71.85039
72.14538
71.49454
71.33434
71.01118
71.75568
72.69080
73.09701
72.54981
72.25163
71.73233
71.48864
71.13644
71.24173
71.90015
72.22582
72.63536
72.93036
72.86196
72.65246
72.03507
71.34687
70.00311
70.18179
71.55233
72.43175
73.63609
74.27691
74.48264
75.27204
76.31290
76.86008
77.02514
76.43265
75.37412
74.98183
75.13773
74.76386
73.76359
73.15035
72.24152
71.64995
71.86697
71.84668
72.65075
72.32338
70.91507
70.33476
70.23515
70.98015
72.27821
73.00371
73.13815
72.98445
72.64531
72.84454
73.73450
74.41915
75.29950
75.13775
73.85624
72.99903
71.75088
71.07803
70.39166
69.79979
69.96801
69.95829
69.94716
70.24872
71.04653
71.93625
72.80962
73.62421
73.22722
72.95477
72.34712
72.18265
72.13805
72.10318
71.90106
71.65147
71.56299
71.35690
70.77992
70.81721
71.48673
71.44475
70.68302
70.70697
71.60657
71.68830
71.02611
70.58110
69.70421
69.33164
68.92459
69.05478
69.72289
70.05173
70.30848
70.97577
72.46733
73.23615
73.77389
74.63652
75.29772
75.80628
76.75416
77.34139
78.11934
78.85192
79.01979
79.50590
80.33755
81.18584
81.48554
