1.49973
2.39897
3.89826
4.79428
6.27901
7.11714
8.35585
9.15150
10.38558
11.21425
12.65560
13.52303
14.97287
15.84254
17.16203
17.96582
19.18566
19.81242
20.65175
21.10621
21.74783
22.16026
22.87900
23.36318
24.25362
24.81398
25.78124
26.45407
27.66567
28.37802
29.54318
30.25117
31.34039
32.06421
33.29798
34.07206
35.41977
36.17668
37.36186
37.96635
38.64374
39.26278
40.48539
41.32585
42.78881
43.68633
45.16906
45.98255
47.12108
47.67427
48.29909
48.73692
49.53973
49.92368
50.40780
50.65133
50.87292
51.28657
52.33842
52.96839
54.04998
54.78650
56.08547
56.80447
57.76209
58.42452
59.59817
60.29254
61.45683
62.12273
63.12511
63.90500
65.32513
66.12387
67.23255
67.88818
68.92933
69.53023
70.46580
71.13256
72.38894
73.11694
74.31895
74.95767
75.85856
76.39960
77.29425
77.82593
78.63858
79.06634
79.59381
80.03781
80.93769
81.54453
82.64721
83.36367
84.64132
85.42019
86.72072
87.44361
88.49173
89.13303
90.21400
90.90249
92.11489
92.77877
93.75094
94.31484
95.21524
95.70143
96.41816
96.70772
96.90734
97.05242
97.28256
97.57896
98.28545
98.89512
100.17087
100.74255
101.34862
101.60899
101.81411
101.99050
102.32473
102.59859
103.15520
103.48346
104.02361
104.36800
104.92041
105.32898
106.12416
106.58056
107.30581
107.69250
108.24175
108.58942
109.18108
109.52751
110.02601
110.35368
110.96352
111.09256
110.91198
110.67422
110.01624
109.65605
109.06793
108.77730
108.44240
108.24685
107.92512
107.73262
107.46019
107.15590
106.43927
105.96712
105.06129
104.68261
104.38535
103.99035
103.05998
102.50510
101.54690
101.15749
100.85331
100.69139
100.51831
100.33722
99.91670
99.67072
99.26323
98.99274
98.49570
98.12708
97.41510
96.79568
95.50254
94.72431
93.39644
92.68114
91.66609
91.06021
90.09438
89.39024
88.07251
87.26574
85.91289
85.21725
84.34010
83.84210
83.09797
82.62857
81.84422
81.24441
80.10243
79.36333
78.08024
77.23479
75.81087
75.01888
73.84488
73.23426
72.46845
71.95214
71.01493
70.46634
69.58397
68.91559
67.60851
66.81628
65.46379
64.64297
63.25764
62.41338
61.00971
60.17716
58.79194
58.08879
57.26285
56.76239
55.98970
55.36021
54.13729
53.36321
51.99980
51.19674
49.86931
49.08364
47.79243
47.05765
45.93434
45.37873
44.74223
44.40577
43.97665
43.65452
43.01278
42.60818
41.87673
41.44339
40.74386
40.37337
39.83095
39.64498
39.57458
39.60767
39.80794
39.94652
40.21974
40.35154
40.45368
40.82517
41.86915
42.44775
43.36993
43.91367
44.79584
45.29289
46.06900
46.50975
47.22848
47.46909
47.54183
47.47475
47.16824
46.92825
46.42492
46.15115
45.73481
45.50874
45.16738
44.95020
44.53874
44.44993
44.57040
44.71161
45.04962
45.27953
45.68595
45.97112
46.50274
46.84040
47.43624
47.82633
48.50918
49.01817
49.90151
50.57154
51.82877
52.64425
53.98970
54.78905
56.11678
56.80782
57.72235
58.27765
59.18139
59.75008
60.75329
61.30436
62.15170
62.56851
63.12594
63.27850
63.22924
63.06311
62.54553
62.18098
61.45527
61.11301
60.69982
60.56991
60.55906
60.60506
60.78711
60.95667
61.30749
61.56944
62.08319
62.36974
62.83133
63.07032
63.39122
63.55463
63.69132
64.00937
64.90935
65.25171
65.47775
65.69531
66.10190
66.50991
67.44372
67.95509
68.71564
69.28671
70.34073
71.01591
72.25155
72.81048
73.36860
73.66414
73.99403
74.26630
74.74892
75.26579
76.43703
77.10939
78.19775
78.79442
79.60644
80.10776
80.94747
81.47339
82.35126
83.05767
84.42860
85.27002
86.71983
87.52678
88.68843
89.36462
90.45098
90.89631
91.26397
91.25827
90.86103
90.44272
89.47437
88.77385
87.46853
86.69850
85.38262
84.78563
84.18447
84.00995
84.06690
84.24594
84.78991
85.16655
85.87449
86.32853
87.08456
87.58780
88.50840
89.03435
89.78950
90.34741
91.38594
91.98538
92.90719
93.58770
94.87127
95.66347
96.95669
97.67205
98.75757
99.27287
99.84970
100.13587
100.42533
100.77236
101.59182
102.11036
102.99397
103.70170
105.08640
105.93570
107.39878
108.17575
109.14813
109.88061
111.22573
112.10786
113.59491
114.45122
115.69627
116.51947
117.91815
118.70101
119.82733
120.53994
121.74738
122.51488
123.85105
124.65192
125.99240
126.75082
127.81974
128.46260
129.52970
130.07304
130.75113
131.20201
131.98354
132.44343
133.14978
133.69059
134.77730
135.28406
135.84700
136.10109
136.37193
136.39199
136.19334
135.86789
134.99445
134.47954
133.60783
133.12826
132.39553
131.99650
131.39064
131.07089
130.63263
130.23500
129.35180
128.93393
128.46655
127.95240
126.76722
126.13510
125.16581
124.68939
124.10832
123.87824
123.70771
123.74036
124.04875
124.22628
124.52401
124.62184
124.61199
124.76576
125.24932
125.63414
126.39766
127.00402
128.21514
128.97084
130.28298
131.10255
132.49106
133.32047
134.70414
135.51963
136.85798
137.63653
138.89175
139.54218
140.42626
140.97045
141.89392
142.40130
143.16950
143.62496
144.35243
144.97401
146.25124
146.98890
148.15192
148.77506
149.65263
150.19784
151.12699
151.65909
152.49205
153.11136
154.31054
155.08170
156.43696
157.24348
158.59528
159.35172
160.51090
161.20587
162.37412
162.98183
163.76019
164.45140
165.84581
166.67220
168.04808
168.78526
169.78920
170.42572
171.46961
172.19548
173.52102
174.32006
175.59007
176.27381
177.14612
177.74874
178.82968
179.50963
180.64029
181.37192
182.64537
183.47568
184.93100
185.80710
187.28241
188.14225
189.49235
190.24285
191.35946
192.03692
193.12826
193.92959
195.39435
196.23108
197.49160
198.22346
199.36204
200.09381
201.34433
202.19956
203.68032
204.55980
205.89139
206.53458
207.20710
207.64955
208.36796
208.73376
209.17699
209.70244
210.88553
211.57086
212.71281
213.31146
214.16591
214.57298
215.05434
215.34392
215.82405
216.00267
216.10522
216.15581
216.25208
216.02864
215.20475
214.75996
214.00791
213.77182
213.78774
213.69428
213.43633
213.24817
212.80821
212.78583
213.13551
213.33660
213.69567
213.92432
214.32163
214.58844
215.01445
215.41126
216.20805
216.82516
218.02813
218.71777
219.81461
220.51410
221.68129
222.38330
223.55567
224.28672
225.53451
226.25233
227.40554
228.03250
228.91415
229.52990
230.56597
231.20358
232.21961
232.93601
234.26633
234.90793
235.66436
236.08739
236.70334
237.07715
237.70970
238.10639
238.79167
