1.49988
2.38898
3.84156
4.68958
6.02302
6.82348
8.12622
8.95273
10.37766
11.20548
12.51595
13.33113
14.72337
15.56738
16.97209
17.80202
19.16385
19.98034
21.33588
22.18822
23.62981
24.52425
25.99933
26.89241
28.37895
29.27289
30.77089
31.64210
32.98663
33.79918
35.15786
35.90940
37.03953
37.66353
38.59064
39.16525
40.13539
40.78442
41.94264
42.64467
43.81675
44.58345
45.85491
46.61344
47.86765
48.58691
49.61348
50.34895
51.65564
52.46499
53.69294
54.46797
55.64455
56.40174
57.70851
58.54470
59.99726
60.87074
62.32591
63.19673
64.60671
65.47732
66.95431
67.83517
69.29698
70.19316
71.63866
72.48884
73.85604
74.68583
76.09358
76.86047
77.94508
78.59086
79.65787
80.22082
81.05926
81.36649
81.52021
81.53299
81.40700
81.19136
80.51805
80.45242
80.83614
81.28815
82.38819
83.04008
84.11826
84.90911
86.37196
87.19514
88.35476
89.04421
90.14388
90.80417
91.93238
92.46235
93.08916
93.26912
93.20964
93.05075
92.53308
92.28651
91.92343
91.84478
92.02118
91.82762
91.03919
90.76201
90.57255
90.57098
90.79222
90.87445
90.92147
91.14323
91.83799
92.09105
92.24007
92.45436
92.97986
93.30937
93.92107
94.14694
94.26098
94.46000
94.99666
95.20503
95.32417
95.64376
96.51506
97.00807
97.79061
98.36916
99.47683
100.16042
101.34684
102.07949
103.36603
103.96743
104.60463
104.90841
105.25269
105.32563
105.21758
105.17230
105.11282
105.04998
104.90415
104.82669
104.73430
104.53937
103.97779
103.67530
103.28706
102.91484
102.15177
101.51888
100.21587
99.49258
98.39187
97.64318
96.31526
95.43966
93.94602
93.05216
91.57889
90.69153
89.20502
88.34033
87.05707
86.19715
84.72408
83.84488
82.38046
81.55017
80.28889
79.53014
78.26949
77.52145
76.27712
75.56357
74.41903
73.83109
73.12006
72.49274
71.20999
70.45290
69.18625
68.42496
67.17337
66.44769
65.28945
64.67256
63.77556
63.41989
63.16271
63.01119
62.78256
