0.00007132
0.00010434
0.00018506
0.00044597
0.00044597
0.00045273
0.00097414
0.00112255
0.00112255
0.00087419
0.00038118
0.00034442
0.00041437
0.00060520
0.00060520
0.00054969
0.00029077
0.00021046
0.00019864
0.00035975
0.00054434
0.00067612
0.00076262
0.00084281
0.00084281
0.00069496
0.00043630
0.00043630
0.00059623
0.00080674
0.00090557
0.00099545
0.00128963
0.00128963
0.00112672
0.00090140
0.00088596
0.00047026
0.00047731
0.00077101
0.00078494
0.00078494
0.00074186
0.00048316
0.00029371
0.00029371
0.00019968
0.00021585
0.00025536
0.00033519
0.00049732
0.00082942
0.00097176
0.00097176
0.00066188
0.00046481
0.00047112
0.00047112
0.00035025
0.00074365
0.00097008
0.00141007
0.00141007
0.00120824
0.00081320
0.00066014
0.00066014
0.00057032
0.00057032
0.00049139
0.00049139
0.00033572
0.00041013
0.00041013
0.00039733
0.00039733
0.00093121
0.00133559
0.00133559
0.00131358
0.00142398
0.00142398
0.00098271
0.00053427
0.00031598
0.00029658
0.00040410
0.00049665
0.00049665
0.00038032
0.00034447
0.00048957
0.00048957
0.00042533
0.00042533
0.00011746
0.00000000
0.00003222
0.00044949
0.00010111
0.00039882
0.00050177
0.00075060
0.00075060
0.00046094
0.00062026
0.00062026
0.00059521
0.00037692
0.00037280
0.00021593
0.00028226
0.00028430
0.00029391
0.00056488
0.00072420
0.00120971
0.00159353
0.00230115
0.00261839
0.00261839
0.00222785
0.00143189
0.00075713
0.00028906
0.00030387
0.00043000
0.00043000
0.00032560
0.00042771
0.00067796
0.00100174
0.00140001
0.00140001
0.00137300
0.00100270
0.00064231
0.00048306
0.00048306
0.00029977
0.00037474
0.00065969
0.00065969
0.00059035
0.00043418
0.00064767
0.00064767
0.00041272
0.00031972
0.00044189
0.00100542
0.00145506
0.00145506
0.00134867
0.00095597
0.00051443
0.00049406
0.00050117
0.00050117
0.00032859
0.00058757
0.00072358
0.00082529
0.00104393
0.00158823
0.00237115
0.00263182
0.00263182
0.00226438
0.00175537
0.00084268
0.00065994
0.00084192
0.00091138
0.00091138
0.00073935
0.00045757
0.00045757
0.00028636
0.00031490
0.00038388
0.00040258
0.00040258
0.00014818
0.00008094
0.00000000
0.00044949
0.00023708
0.00013883
0.00044505
0.00089938
0.00133009
0.00133009
0.00114322
0.00104353
0.00077170
0.00066057
0.00044730
0.00032006
0.00037760
0.00048329
0.00048329
0.00068924
0.00068924
0.00045821
0.00045171
0.00032038
0.00020097
0.00039089
0.00039089
0.00028480
0.00028392
0.00022171
0.00032376
0.00032376
0.00021938
0.00034729
0.00034729
0.00030741
0.00038171
0.00043751
0.00043751
0.00032890
0.00064345
0.00097971
0.00120977
0.00120977
0.00084845
0.00038245
0.00034210
0.00038007
0.00038007
0.00031079
0.00044729
0.00065822
0.00065822
0.00041328
0.00034574
0.00050928
0.00068104
0.00068104
0.00047916
0.00047916
0.00045136
0.00048432
0.00052058
0.00052058
0.00048337
0.00027702
0.00033829
0.00045593
0.00092982
0.00125510
0.00125510
0.00108397
0.00068407
0.00101480
0.00101480
0.00064996
0.00032186
0.00025962
0.00051965
0.00151057
0.00237204
0.00293777
0.00346732
0.00346732
0.00341994
0.00298730
0.00243218
0.00174353
0.00142732
0.00102716
0.00120573
0.00153987
0.00153987
0.00142420
0.00117119
0.00117119
0.00078957
0.00035023
0.00035023
0.00044273
0.00059922
0.00059922
0.00046317
0.00043197
0.00057692
0.00057692
0.00025476
0.00032096
0.00035614
0.00039096
0.00065826
0.00095681
0.00095681
0.00066397
0.00036428
0.00030008
0.00037127
0.00037127
0.00038731
0.00039712
0.00039712
0.00049758
0.00049758
0.00048847
0.00076342
0.00098306
0.00098306
0.00069056
0.00049011
0.00049011
0.00045541
0.00038164
0.00035633
