1.49981
2.39747
3.88879
4.78682
6.28150
7.17001
8.58665
9.46123
10.93801
11.81840
13.27678
14.17051
15.64807
16.53168
17.99350
18.88803
20.32969
21.19916
22.64286
23.53869
24.93513
25.77879
27.08690
27.87094
29.15318
29.91876
31.16809
32.00380
33.41488
34.30829
35.71937
36.60958
38.08356
38.91757
40.17979
40.82031
41.61062
42.18245
43.22837
43.81969
44.75792
45.35111
46.28968
46.98033
48.28137
49.04463
50.29965
51.01141
52.13761
52.84819
54.08560
54.83399
56.06916
56.82853
58.13420
58.80513
59.67349
60.17920
60.97150
61.47919
62.32574
62.82538
63.64080
64.16532
65.08537
65.69586
66.79262
67.43896
68.50356
69.14792
70.23685
70.90273
72.04183
72.68702
73.64460
74.16977
74.83427
75.31034
76.09581
76.72973
77.99608
78.66699
79.64769
80.21876
81.16518
81.54633
81.80360
82.07547
82.66511
83.05753
83.76795
84.27212
85.15419
85.86229
87.25853
87.98334
88.91967
89.50603
90.48019
91.12372
92.23751
92.91614
94.06690
94.62792
95.31026
95.73214
96.43464
96.86041
97.55350
98.11006
99.22424
99.73121
100.22940
100.56863
101.13618
101.58127
102.45172
102.97467
103.85575
104.39018
105.29497
105.81382
106.64868
107.10210
107.79700
108.07350
108.28361
108.36408
108.38888
108.38519
108.32751
108.35878
108.51002
108.65713
108.98779
109.21253
109.61702
109.88847
110.40022
110.60072
110.73921
110.96606
111.55204
111.91212
112.54780
112.94596
113.64048
113.87148
113.94804
114.01017
114.12578
114.15968
114.14032
114.06220
113.85883
113.50826
112.53346
112.14697
111.83696
111.82962
112.15523
112.34287
112.68471
112.93447
113.35881
113.72097
114.43278
114.99696
116.18495
116.67235
117.00572
117.40458
118.33688
118.74875
119.22859
119.38583
119.38249
119.35075
119.17896
119.17400
119.31603
119.37165
119.40280
119.53639
119.92678
120.16471
120.60171
120.73879
120.74010
120.86034
121.23872
121.44293
121.76793
121.90032
121.97829
122.24373
123.03527
123.41784
123.93295
124.12363
124.21731
124.28808
124.41340
124.50179
124.67592
124.85885
125.29230
125.68197
126.55104
126.96202
127.44678
127.80378
128.47988
128.78306
129.09768
129.42721
130.16671
130.49910
130.82537
131.25792
132.27101
132.96656
134.20830
134.97064
136.20761
136.96056
138.11655
138.81728
139.97530
140.67018
141.81236
142.56099
143.84700
144.55075
145.59143
146.20513
147.14406
147.74469
148.79511
149.31220
149.97688
150.38747
151.09286
151.47854
152.07220
152.28135
152.37942
152.24369
151.68734
151.30708
150.54411
150.19431
149.80464
149.58254
149.30483
149.01737
148.37031
147.95420
147.25991
146.75616
145.80313
145.45072
145.27619
145.23413
145.36733
145.29023
144.98594
144.60400
143.70050
142.98428
141.57809
140.74473
139.33049
138.60761
137.72110
137.21453
136.45590
136.19945
136.14790
136.18849
136.37883
136.67918
137.44904
137.91903
138.72768
139.21199
139.94751
140.34070
140.89788
141.25668
141.83483
142.33121
143.31553
143.96386
145.07050
145.70808
146.71162
147.33843
148.41561
149.00393
149.87100
150.49735
151.67218
152.41666
153.69601
154.45321
155.69632
156.47337
157.81506
158.61434
159.95402
160.70430
161.85723
162.50579
163.33767
164.05886
165.48030
166.30517
167.63685
168.44475
169.67656
170.44642
171.75476
172.53944
173.85550
174.65150
175.99920
176.74960
177.89071
178.52963
179.39600
180.11521
181.50104
182.31764
183.64344
184.42129
185.65281
186.40615
187.65877
188.52119
190.01865
190.90637
192.34115
193.21185
194.66261
195.44384
196.41317
197.12418
198.37136
199.03133
199.95187
200.51398
201.41993
201.94939
202.83581
203.29069
203.91770
204.32475
205.06070
205.31171
205.38558
205.42948
205.47980
205.52460
205.62997
205.55452
205.25149
204.90854
204.10736
203.56152
202.54619
201.96330
201.03249
200.40859
199.30520
198.64800
197.55252
196.86914
195.65074
194.95708
193.89639
193.23554
192.20240
191.45815
190.06736
189.23715
187.82438
187.12992
186.37200
185.88845
185.12750
184.67824
184.02037
183.64132
183.08854
182.72645
182.10204
181.74438
181.16640
180.79261
180.12877
179.70320
178.95616
178.53002
177.85051
177.45993
176.87008
176.53684
175.99771
175.87133
176.00623
176.15781
176.58121
176.69456
176.65855
176.70613
176.93561
176.87404
176.42370
176.36484
176.61935
176.61094
176.37338
176.24048
176.05311
175.78663
175.13650
174.75073
174.06298
173.82227
173.71635
173.66506
173.62380
173.70977
174.02889
174.29155
174.84739
175.22648
175.94064
176.34978
176.97788
177.46429
178.41324
179.04938
180.22686
180.87295
181.81363
182.54231
183.88593
184.67803
185.96779
186.83137
188.32711
189.21506
190.69000
191.46850
192.41910
193.08832
194.25752
194.96660
196.18569
196.86933
197.82777
198.48340
199.64968
200.43001
201.72798
202.50148
203.76052
204.53397
205.85356
206.69991
208.14253
208.93186
209.96751
210.65310
211.81739
212.53558
213.76690
214.51789
215.70341
216.45014
217.69651
218.44729
219.72323
220.36869
221.19672
221.64351
222.23707
222.72701
223.68224
224.34556
225.54398
226.33318
227.70663
228.43029
229.41473
230.05368
231.18102
231.72871
232.37227
232.78841
233.47859
233.91013
234.65303
235.02349
235.53547
235.64779
235.51279
235.30079
234.71254
234.37966
233.80771
233.60170
233.50548
233.39957
233.14774
233.06904
233.11953
232.87343
232.08706
231.45020
230.13089
229.43531
228.42613
227.91930
227.26366
226.97093
226.73915
226.49290
225.97000
225.69376
225.31062
225.05874
224.67716
224.36658
223.74590
223.36879
222.70163
222.44901
222.27852
222.23088
222.25054
222.33047
222.61109
222.55366
222.09208
221.81479
221.28606
221.15803
221.27828
221.27372
221.21357
221.18515
221.14922
221.26174
221.63966
222.06120
223.05597
223.59846
224.45180
224.92902
225.67404
226.05736
226.55372
226.81268
227.14286
227.35683
227.75481
227.81465
227.65322
227.29549
226.30079
225.63582
224.41860
223.66361
222.50059
221.79188
220.62807
219.88738
218.62042
217.89112
216.75227
216.16514
215.39314
214.99112
214.49617
214.07999
213.24256
212.73352
211.91111
211.35012
210.31661
209.67369
208.53382
207.97843
207.33093
206.99305
206.58501
206.28523
205.71964
205.29532
204.56981
203.94399
202.67551
201.89925
200.71538
199.90609
198.47232
197.60410
196.23830
195.49396
194.49303
194.02239
193.56187
193.18218
192.47306
191.86155
190.59928
189.87535
188.70660
187.97397
186.78569
186.07801
184.92813
184.18247
182.98801
182.26882
181.13138
180.45376
179.33563
