0.00074229
0.00128500
0.00182135
0.00247683
0.00252839
0.00266434
0.00266434
0.00272924
0.00294734
0.00314764
0.00326828
0.00332273
0.00338820
0.00338820
0.00287457
0.00201227
0.00172047
0.00189259
0.00225344
0.00243701
0.00258191
0.00258191
0.00246548
0.00275086
0.00275086
0.00231319
0.00233426
0.00274386
0.00274386
0.00289695
0.00289695
0.00287362
0.00310924
0.00313567
0.00313567
0.00276644
0.00252756
0.00256144
0.00279719
0.00309084
0.00337806
0.00337806
0.00305854
0.00262694
0.00245850
0.00241602
0.00241602
0.00205633
0.00134948
0.00070928
0.00000000
0.00000000
0.00000000
0.00096365
0.00000000
0.00000000
0.00040593
0.00107156
0.00181455
0.00201004
0.00246457
0.00263267
0.00276935
0.00304094
0.00333905
0.00333905
0.00296510
0.00217543
0.00204898
0.00220192
0.00268402
0.00341474
0.00369169
0.00369169
0.00351900
0.00316665
0.00241430
0.00262869
0.00309404
0.00322786
0.00348535
0.00357579
0.00357579
0.00346985
0.00307258
0.00238895
0.00223605
0.00235607
0.00297339
0.00303721
0.00321812
0.00357252
0.00362103
0.00362103
0.00319479
0.00301888
0.00259076
0.00208469
0.00190806
0.00209901
0.00254892
0.00287857
0.00299629
0.00299629
0.00257126
0.00309153
0.00346263
0.00356824
0.00356824
0.00338624
0.00326673
0.00326673
0.00298409
0.00325147
0.00332203
0.00344323
0.00344323
0.00322294
0.00263608
0.00194366
0.00188250
0.00208759
0.00265264
0.00311450
0.00337945
0.00366190
0.00379217
0.00379217
0.00348047
0.00283300
0.00219217
0.00172952
0.00136623
0.00152926
0.00179331
0.00201233
0.00206446
0.00220463
0.00262818
0.00297462
0.00319296
0.00319296
0.00278697
0.00278697
0.00262333
0.00220809
0.00302312
0.00315579
0.00350651
0.00350651
0.00289345
0.00288201
0.00197084
0.00149148
0.00149148
0.00110944
0.00082169
0.00147921
0.00194578
0.00221502
0.00242893
0.00248060
0.00248847
0.00289452
0.00304505
0.00304505
0.00254882
0.00254882
0.00244368
0.00278650
0.00278650
0.00316946
0.00359607
0.00359744
0.00359744
0.00334112
0.00293474
0.00278490
0.00278490
0.00255429
0.00238686
0.00276054
0.00300266
0.00311925
0.00324884
0.00339174
0.00339174
0.00329809
0.00315301
0.00294317
0.00284563
0.00245430
0.00212576
0.00230206
0.00230206
0.00220317
0.00198809
0.00205173
0.00245263
0.00245263
0.00225075
0.00222826
0.00239573
0.00239573
0.00252399
0.00296243
0.00297947
0.00297947
0.00294847
0.00299750
0.00299750
0.00290731
0.00301866
0.00330213
0.00330213
0.00303208
0.00288554
0.00303466
0.00310929
0.00310929
0.00276123
0.00305982
0.00305982
0.00289296
0.00312317
0.00329312
0.00329312
0.00294355
0.00221673
0.00248864
0.00301270
0.00330377
0.00330377
0.00299904
0.00275533
0.00259234
0.00236834
0.00219007
0.00270183
0.00312519
0.00313147
0.00313147
0.00307780
0.00304699
0.00310331
0.00310331
0.00302208
0.00288390
0.00316569
0.00333675
0.00333675
0.00321322
0.00296505
0.00274465
0.00268396
0.00240919
0.00210410
0.00220247
0.00255393
0.00290614
0.00304334
0.00315512
0.00337901
0.00337901
0.00306341
0.00278342
0.00267910
0.00267910
0.00247974
0.00250321
0.00270776
0.00273034
0.00288320
0.00288320
0.00272867
0.00295640
0.00295640
0.00270323
0.00298049
0.00320995
0.00320995
0.00305382
0.00305382
0.00261707
0.00246894
0.00272028
0.00272028
0.00297047
0.00297047
0.00296357
0.00308355
0.00308355
0.00278915
0.00278915
0.00275315
0.00258728
0.00258728
0.00241046
0.00228934
0.00250463
0.00293082
0.00324639
0.00338159
0.00338159
0.00300709
0.00250773
0.00209733
0.00247157
0.00290984
0.00290984
0.00275113
0.00208284
0.00137079
0.00100140
0.00075899
0.00038353
