1.49985
2.37811
3.77589
4.63077
6.05002
6.90759
8.34876
9.14371
10.28230
11.01947
12.32317
12.95850
13.68307
14.31216
15.45440
16.24727
17.64599
18.44733
19.72188
20.45858
21.64982
22.20663
22.79657
23.31629
24.37360
25.00996
26.10917
26.69436
27.52149
28.07277
29.07750
29.53752
30.00100
30.33110
30.93323
31.32324
31.98967
32.60055
33.85340
34.64975
36.04625
36.88749
38.29416
39.13188
40.35983
41.08345
42.13359
42.78187
43.86623
44.52847
45.63505
46.26335
47.21168
47.89961
49.17500
50.01092
51.44988
52.31558
53.76729
54.60389
55.88266
56.66152
57.97966
58.69519
59.70494
60.18097
60.71561
60.95494
61.22268
61.12348
60.48245
60.34959
60.48281
60.65616
61.12808
61.40861
61.88784
62.17837
62.66888
62.91195
63.23318
63.42867
63.75048
64.01527
64.55559
64.92846
65.59262
66.10947
67.14697
67.71442
68.54735
69.15462
70.30924
70.96247
71.99282
72.59654
73.57780
74.15442
75.10106
75.65091
76.53059
77.07909
78.02663
78.57695
79.45954
79.97302
80.82545
81.16394
81.40142
81.54341
81.71118
82.00425
82.78357
83.22192
83.93786
84.32750
84.80663
85.25173
86.22274
86.55238
86.67137
86.66409
86.46137
86.33629
86.14442
85.82587
85.01810
84.38113
83.10149
82.29404
80.88084
80.02059
78.61141
77.79822
76.50814
75.83357
74.98777
74.47555
73.65855
73.22242
72.60678
72.19778
71.54600
71.07455
70.19373
69.81302
69.44779
69.19398
68.73367
68.57187
68.49686
68.42686
68.27495
68.26733
68.39048
68.42570
68.41601
68.53447
68.91480
69.21600
69.84549
70.23040
70.91523
71.17442
71.31855
71.45867
71.74170
71.92196
72.23651
72.49930
73.05572
73.35798
73.82209
74.04693
74.32943
74.51678
74.85697
75.10347
75.58406
75.90661
76.50327
76.88601
77.55071
78.07092
79.03946
79.70846
80.93499
81.74772
83.12486
83.93772
85.24306
86.05183
87.38305
88.22725
89.67833
90.57697
92.04063
92.93067
94.30809
