1.49998
2.15919
2.46388
3.23314
4.71171
5.60116
7.05947
7.81630
8.29151
8.54333
8.72095
8.42800
7.28765
7.17102
8.03096
8.67012
9.93100
10.54831
11.48938
11.34952
10.09020
9.59832
9.23463
9.00032
8.56364
8.68152
9.49361
9.84958
10.37980
10.24465
9.17040
9.19987
10.29237
10.67596
10.85857
10.89274
10.63376
10.84681
11.63248
11.87616
11.89302
12.03915
12.32168
12.45328
12.46768
12.90408
13.87927
14.20555
13.99976
14.34377
15.23300
15.76900
16.46186
16.93621
17.77949
18.21206
18.60229
19.11506
20.10911
20.79488
21.93909
22.65761
23.36591
