0.00056627
0.00119865
0.00163629
0.00210945
0.00237421
0.00237421
0.00229477
0.00232533
0.00287017
0.00307752
0.00333825
0.00333825
0.00332735
0.00307974
0.00281946
0.00259811
0.00272451
0.00287763
0.00296135
0.00319400
0.00351244
0.00351244
0.00341668
0.00318229
0.00285331
0.00249128
0.00225232
0.00272581
0.00320134
0.00320134
0.00302763
0.00289284
0.00286643
0.00313768
0.00322832
0.00322832
0.00311024
0.00289396
0.00212570
0.00203795
0.00229273
0.00266800
0.00300982
0.00325123
0.00325123
0.00325117
0.00311908
0.00323608
0.00323608
0.00292936
0.00273335
0.00278132
0.00308530
0.00328717
0.00328717
0.00307574
0.00289013
0.00246020
0.00194620
0.00237038
0.00280624
0.00307789
0.00307789
0.00294096
0.00297778
0.00313803
0.00313803
0.00319908
0.00327407
0.00337345
0.00337345
0.00307217
0.00273423
0.00252195
0.00252195
0.00242814
0.00279061
0.00307512
0.00317972
0.00317972
0.00298303
0.00280817
0.00273613
0.00282693
0.00282693
0.00279245
0.00262756
0.00247991
0.00269901
0.00269901
0.00260270
0.00294474
0.00297319
0.00297319
0.00277439
0.00242034
0.00200409
0.00162028
0.00113441
0.00061488
