0.00070376
0.00115262
0.00147060
0.00194133
0.00251450
0.00268808
0.00268808
0.00270784
0.00322795
0.00330840
0.00330840
0.00280374
0.00303207
0.00306115
0.00322059
0.00330872
0.00330872
0.00319018
0.00302701
0.00274378
0.00279070
0.00297548
0.00318348
0.00318348
0.00278044
0.00243777
0.00267029
0.00282638
0.00310731
0.00336261
0.00336261
0.00301634
0.00311518
0.00316806
0.00316806
0.00289889
0.00276870
0.00256620
0.00275451
0.00311537
0.00339221
0.00344599
0.00344599
0.00314206
0.00296933
0.00255705
0.00235133
0.00268799
0.00298228
0.00334643
0.00334643
0.00331949
0.00308554
0.00305682
0.00312687
0.00312687
0.00314365
0.00316788
0.00316788
0.00293958
0.00251103
0.00260210
0.00286912
0.00286912
0.00295728
0.00295728
0.00275583
0.00285403
0.00310508
0.00326766
0.00341381
0.00349916
0.00349916
0.00331822
0.00281511
0.00231393
0.00259274
0.00259274
0.00257616
0.00226903
0.00254583
0.00309435
0.00326930
0.00326930
0.00314086
0.00289283
0.00289283
0.00286282
0.00259758
0.00247756
0.00247756
0.00243124
0.00247793
0.00247793
0.00258892
0.00258892
0.00241521
0.00183420
0.00138735
0.00087160
