0.00006801
0.00009452
0.00014571
0.00014571
0.00016225
0.00021189
0.00022009
0.00022009
0.00018146
0.00014234
0.00164751
0.00164751
0.00411258
0.00411258
0.00376355
0.00095380
0.00230929
0.00230929
0.00036675
0.00040777
0.00379620
0.00379620
0.00072970
0.00009298
0.00010380
0.00010380
0.00018041
0.00018041
0.00024339
0.00024339
0.00009718
0.00003408
0.00000000
0.00011549
0.00004384
0.00035897
0.00193146
0.00193146
0.00023141
0.00017048
0.00023141
0.00004593
0.00021083
0.00000000
0.00000000
0.00006789
0.00067917
0.00067917
0.00009761
0.00000000
0.00006854
0.00012254
0.00012254
0.00013287
0.00013287
0.00019337
0.00116355
0.00116355
0.00196101
0.00196101
0.00000000
0.00009761
0.00000000
0.00000000
0.00000000
0.00000000
0.00037274
0.00000000
0.00008380
0.00010322
0.00013669
0.00000000
0.00000000
0.00054382
0.00054382
0.00013669
0.00006492
0.00021967
0.00021967
0.00139623
0.00139623
0.00080665
0.00005902
0.00001864
0.00000000
0.00000000
0.00035897
0.00004384
0.00011549
0.00021083
0.00000000
0.00004413
0.00037274
0.00000000
0.00000000
0.00037442
0.00033776
0.00021434
0.00021054
0.00021054
0.00037442
0.00014552
0.00019938
0.00019938
0.00018565
0.00009398
0.00020826
0.00224661
0.00224661
0.00001366
0.00009444
0.00013387
0.00028664
0.00033123
0.00039581
0.00039581
0.00035091
0.00016299
0.00003596
0.00019458
0.00017385
0.00017385
0.00007583
0.00030507
0.00030507
0.00006246
0.00015983
0.00015983
0.00016973
0.00022491
0.00022491
0.00020813
0.00013457
0.00013457
0.00013603
0.00013603
0.00015930
0.00020234
0.00020234
0.00015825
0.00010212
0.00015353
0.00024437
0.00024437
0.00023414
0.00012907
0.00012907
0.00016419
0.00029806
0.00029806
0.00017546
0.00017546
0.00008948
0.00007955
0.00249377
0.00249377
0.00033771
0.00011229
0.00217403
0.00217403
0.00021333
0.00008710
0.00000000
0.00049040
0.00049040
0.00011390
0.00000000
0.00095694
0.00095694
0.00000000
0.00000000
0.00000000
0.00031223
0.00000000
0.00002453
0.00011771
0.00020961
0.00020961
0.00000000
0.00009252
0.00027363
0.00000000
0.00004804
0.00017997
0.00017997
0.00003757
0.00000000
0.00000000
0.00249721
0.00249721
0.00019489
0.00124737
0.00124737
0.00005686
0.00000000
0.00000000
0.00000000
0.00011746
0.00000000
0.00067131
0.00067131
0.00020493
0.00020493
0.00016727
0.00017664
0.00017664
0.00000000
0.00000000
0.00004424
0.00177623
0.00177623
0.00014174
0.00007670
0.00181325
0.00181325
0.00031544
0.00005257
0.00005257
0.00019220
0.00019861
0.00000000
0.00022894
0.00013896
0.00009318
0.00000000
0.00137978
0.00137978
0.00150831
0.00150831
0.00027496
0.00027496
0.00026237
0.00019115
0.00021882
0.00025122
0.00025122
0.00033852
0.00033852
0.00031439
0.00031439
0.00024818
0.00024471
0.00022389
0.00017077
0.00017077
0.00012302
0.00012302
0.00024018
0.00024018
0.00012577
0.00006033
0.00002610
0.00208424
0.00208424
0.00175258
0.00175258
0.00021673
0.00000000
0.00026435
0.00270466
0.00270466
0.00129706
0.00146646
0.00217310
0.00217310
0.00015188
0.00031223
0.00000000
0.00009426
0.00010798
0.00081904
0.00081904
0.00010798
0.00000000
0.00000000
0.00000000
0.00033823
0.00042107
0.00042107
0.00015961
0.00032216
0.00032216
0.00030495
0.00018235
0.00003021
0.00018354
0.00018354
0.00038919
0.00038919
0.00031259
0.00024908
0.00008984
0.00029822
0.00029822
0.00007749
0.00015593
0.00015593
0.00007749
0.00006999
0.00014374
0.00000000
0.00000000
0.00001191
0.00190668
0.00190668
0.00012091
0.00000000
0.00000000
0.00011171
0.00012722
0.00005326
0.00022635
0.00007591
0.00101607
0.00101607
0.00008587
0.00008587
0.00131797
0.00131797
0.00020734
0.00254028
0.00254028
0.00014176
0.00010958
0.00010958
0.00133560
0.00133560
0.00000000
0.00022635
0.00127918
0.00127918
0.00006924
0.00103640
0.00103640
0.00000000
0.00107112
0.00107112
0.00012722
0.00140867
0.00140867
0.00008228
0.00008716
0.00009828
0.00009828
0.00000257
0.00015355
0.00088583
0.00150558
0.00150558
0.00069326
0.00232184
0.00232184
0.00049658
0.00313784
0.00313784
0.00010420
0.00000000
0.00000000
0.00000000
0.00028114
0.00005417
0.00000000
0.00000000
0.00037331
0.00101782
0.00101782
0.00009970
0.00176733
0.00243921
0.00243921
0.00188658
0.00188658
0.00006397
0.00092357
0.00092357
0.00022763
0.00220876
0.00220876
0.00001662
0.00038102
0.00273609
0.00273609
0.00009736
0.00000000
0.00001926
0.00016061
0.00016061
0.00268051
0.00268051
0.00010858
0.00006899
0.00000000
0.00014531
0.00032739
0.00009736
0.00000000
0.00009475
0.00040363
0.00029351
0.00224515
0.00224515
0.00000000
0.00030902
0.00016527
0.00004216
0.00000000
0.00000563
0.00000563
0.00000000
0.00000000
0.00022443
0.00162735
0.00162735
0.00022443
0.00015796
0.00011211
0.00011211
0.00000000
0.00000000
0.00000000
0.00166506
0.00166506
0.00006924
0.00005763
0.00018235
0.00016638
0.00017317
0.00017317
0.00020030
0.00022668
0.00205655
0.00205655
0.00012818
0.00015363
0.00018970
0.00019634
0.00019634
0.00002576
0.00016050
0.00016050
0.00013723
0.00003946
0.00013178
0.00013723
0.00009332
0.00001705
0.00015254
0.00287855
0.00287855
0.00247350
0.00024598
0.00008444
0.00057270
0.00229274
0.00361299
0.00426976
0.00426976
0.00034587
0.00014998
0.00015753
0.00145649
0.00145649
0.00116438
0.00027156
0.00027156
0.00015543
0.00122519
0.00122519
0.00009439
0.00184513
0.00184513
0.00019597
0.00000000
0.00005654
0.00000000
0.00000000
0.00053435
0.00036181
0.00000000
0.00013087
0.00000000
0.00013087
0.00000000
0.00000000
0.00012336
0.00012336
0.00016257
0.00016257
0.00007001
0.00055331
0.00059628
0.00059628
0.00008155
0.00008155
0.00004760
0.00019299
0.00025086
0.00025086
0.00020014
0.00015925
0.00015925
0.00000000
0.00023473
0.00023473
0.00012214
0.00009660
0.00009660
0.00028245
0.00028245
0.00036473
0.00036473
0.00017217
0.00015991
0.00000000
0.00004972
0.00085634
0.00085634
0.00015029
0.00027124
0.00029620
0.00071066
0.00071066
0.00029620
0.00011968
0.00046793
0.00046793
0.00011968
0.00014716
0.00026727
0.00026727
0.00060569
0.00060569
0.00012917
0.00029782
0.00029782
0.00022204
0.00022204
0.00231793
0.00231793
0.00000000
0.00034429
0.00091641
0.00111982
0.00111982
0.00013646
0.00038850
0.00038850
0.00020925
0.00011220
0.00000000
0.00000000
0.00000000
0.00000000
0.00000000
0.00178322
0.00178322
0.00145293
0.00012002
0.00012002
0.00013181
0.00013181
0.00007862
0.00007862
0.00011002
0.00023982
0.00005928
0.00000000
0.00000000
0.00000000
0.00019412
0.00023154
0.00023154
0.00030660
0.00030660
0.00006542
0.00006595
0.00019883
0.00019883
0.00014973
0.00015961
0.00015961
0.00018545
0.00024049
0.00024049
0.00036570
0.00036570
0.00059946
0.00059946
0.00011608
0.00012088
0.00012088
0.00011740
0.00040357
0.00040357
0.00025555
0.00024421
0.00024421
0.00024209
0.00046177
0.00046177
0.00032480
0.00019726
0.00009537
0.00022411
0.00022411
0.00019421
0.00019421
0.00043987
0.00043987
0.00014686
0.00120139
0.00120139
0.00007827
0.00020511
0.00031971
0.00035623
0.00035623
0.00029764
0.00033550
0.00033550
0.00014877
0.00014877
0.00009004
0.00007358
0.00214430
0.00214430
0.00017148
0.00178757
0.00178757
0.00043364
0.00171885
0.00171885
0.00000000
0.00013229
0.00014545
0.00014545
0.00042866
0.00042866
0.00005288
0.00144099
0.00144099
0.00005568
0.00010453
0.00017596
0.00025506
0.00052038
0.00108258
0.00108258
0.00011952
0.00053381
0.00053381
0.00019104
0.00019104
0.00015993
0.00015993
0.00021691
0.00021691
0.00058289
0.00058289
0.00031850
0.00019016
0.00011778
0.00021226
0.00022331
0.00022331
0.00015279
0.00015279
0.00023809
0.00028584
0.00028584
0.00010893
0.00011492
0.00024540
0.00024540
0.00015515
0.00012539
0.00018155
0.00089179
0.00202757
0.00202757
0.00003826
0.00007270
0.00012929
0.00014720
0.00014720
0.00008957
0.00014614
0.00014614
0.00014558
0.00005257
0.00017408
0.00002142
0.00000000
0.00020617
0.00238667
0.00238667
0.00039220
0.00042105
0.00007331
0.00234945
0.00234945
0.00086019
0.00086019
0.00001627
0.00002726
0.00000000
0.00004195
0.00014787
0.00014787
0.00016972
0.00030292
0.00030292
0.00026828
0.00015027
0.00015027
0.00006740
0.00001753
0.00013868
0.00015270
0.00024694
0.00024694
0.00018696
0.00018696
0.00016578
0.00003696
0.00017107
0.00023616
0.00023616
0.00017222
0.00011471
0.00009010
0.00006479
0.00000000
0.00000000
0.00000000
0.00015942
0.00032158
0.00187354
0.00187354
0.00046922
0.00046922
0.00032158
0.00000000
0.00000000
0.00007310
0.00014831
0.00220458
0.00220458
0.00125533
0.00125533
0.00028143
0.00014031
0.00008831
0.00011021
0.00011021
0.00010651
0.00005134
0.00018573
0.00004723
0.00007397
0.00007397
0.00009227
0.00067796
0.00067796
0.00049731
0.00206012
0.00206012
0.00022426
0.00003466
0.00063860
0.00216604
0.00234890
0.00234890
0.00006079
0.00016149
0.00214965
0.00214965
0.00016504
0.00015450
0.00022578
0.00005235
0.00018332
0.00288550
0.00288550
0.00010141
0.00072134
0.00072134
0.00018332
0.00024223
0.00043220
0.00043220
0.00024223
0.00000000
0.00094219
0.00094219
0.00045374
0.00193310
0.00193310
0.00012941
0.00012941
0.00024803
0.00061875
0.00159218
0.00159218
0.00022093
0.00024816
0.00024816
0.00019080
0.00018534
0.00018534
0.00009324
0.00014219
0.00014219
0.00017783
0.00046897
0.00046897
0.00022090
0.00000000
0.00066675
0.00066675
0.00060306
0.00060306
0.00016437
0.00000000
0.00039440
0.00039440
0.00014865
0.00015709
0.00026062
0.00049260
0.00049260
0.00024883
0.00003008
0.00002525
0.00003504
0.00184179
0.00184179
0.00208200
0.00208200
0.00013401
0.00012498
0.00226539
0.00226539
0.00034538
0.00006056
0.00146446
0.00146446
0.00006056
0.00000000
0.00043480
0.00043480
0.00018334
0.00023160
0.00023160
0.00017600
0.00013649
0.00017302
0.00018666
0.00038265
0.00047201
0.00047201
0.00040730
0.00040730
0.00038744
0.00032313
0.00031975
0.00030012
0.00020286
0.00014872
0.00014872
0.00005893
0.00046886
0.00046886
0.00004293
0.00010618
0.00010618
0.00054664
0.00059606
0.00059606
0.00017192
0.00020482
0.00020482
0.00013004
0.00015346
0.00009369
0.00009369
0.00016971
0.00016971
0.00011806
0.00011806
0.00017364
0.00033322
0.00298129
0.00298129
0.00139809
0.00015553
0.00098431
0.00214235
0.00214235
0.00035907
0.00014232
0.00036096
0.00306286
0.00306286
0.00256142
0.00018188
0.00019474
0.00221228
0.00221228
0.00175808
0.00175808
0.00145046
0.00145046
0.00021625
0.00006288
0.00217892
0.00217892
0.00077125
0.00017424
0.00025078
0.00025965
0.00025965
0.00020181
0.00015660
0.00024803
0.00059631
0.00015759
0.00003167
0.00027743
0.00015759
0.00015455
0.00027020
0.00035137
0.00035137
0.00055461
0.00055461
0.00051314
0.00020349
0.00000000
0.00186038
0.00186038
0.00033105
0.00059130
0.00059130
0.00008479
0.00079729
0.00079729
0.00019759
0.00000000
0.00000000
0.00009668
0.00024146
0.00024146
0.00264782
0.00264782
0.00049776
0.00037390
0.00421491
0.00421491
0.00405720
0.00145886
0.00015726
0.00059631
0.00048402
0.00000000
0.00000000
0.00000000
0.00011481
0.00011481
0.00030094
0.00030094
0.00004692
0.00012371
0.00012371
0.00006281
0.00006469
0.00011124
0.00014586
0.00014586
0.00000196
0.00014344
0.00050469
0.00050469
0.00061407
0.00061407
0.00236058
0.00236058
0.00177917
0.00162989
0.00162989
0.00132486
0.00286687
0.00286687
0.00283251
0.00302967
0.00302967
0.00024690
0.00014743
0.00007525
0.00000000
