0.00063148
0.00114757
0.00157894
0.00189889
0.00239406
0.00281325
0.00287549
0.00287549
0.00275395
0.00240647
0.00256594
0.00304963
0.00308951
0.00308951
0.00282815
0.00280267
0.00250940
0.00196822
0.00233095
0.00290268
0.00326194
0.00333621
0.00333621
0.00329127
0.00331736
0.00331736
0.00314582
0.00280713
0.00312080
0.00326085
0.00326085
0.00314284
0.00280551
0.00271205
0.00281916
0.00308105
0.00312473
0.00312473
0.00272283
0.00252437
0.00210856
0.00205062
0.00185318
0.00185247
0.00234675
0.00290550
0.00290819
0.00290819
0.00278730
0.00293014
0.00293014
0.00313768
0.00343831
0.00343831
0.00335079
0.00292249
0.00247392
0.00297536
0.00327399
0.00327399
0.00307280
0.00292033
0.00306928
0.00326155
0.00326155
0.00316237
0.00312512
0.00339276
0.00339276
0.00308267
0.00260125
0.00252837
0.00266874
0.00282288
0.00323099
0.00358286
0.00358286
0.00358149
0.00316809
0.00265001
0.00230431
0.00230431
0.00197844
0.00195406
0.00182192
0.00235326
0.00249845
0.00249845
0.00250155
0.00302121
0.00314752
0.00314752
0.00277201
0.00204106
0.00187200
0.00189602
0.00189602
0.00176287
0.00133377
0.00056671
