0.00008116
0.00008116
0.00007174
0.00010304
0.00010304
0.00009325
0.00009325
0.00004043
0.00003499
0.00123310
0.00123310
0.00004685
0.00036827
0.00036827
0.00000000
0.00000000
0.00302898
0.00302898
0.00029227
0.00039923
0.00000000
0.00000000
0.00000000
0.00041177
0.00041177
0.00000000
0.00003992
0.00003992
0.00008103
0.00000000
0.00059307
0.00319443
0.00438443
0.00438443
0.00005183
0.00063868
0.00063868
0.00017768
0.00008752
0.00012346
0.00012346
0.00006873
0.00001357
0.00005766
0.00018442
0.00032479
0.00279409
0.00279409
0.00135317
0.00011175
0.00003792
0.00012075
0.00020568
0.00020568
0.00019221
0.00019221
0.00015016
0.00004986
0.00012298
0.00089850
0.00089850
0.00023133
0.00000000
0.00005861
0.00007134
0.00007134
0.00006151
0.00027865
0.00027865
0.00001671
0.00004386
0.00004386
0.00004880
0.00004880
0.00005070
0.00005070
0.00005174
0.00017233
0.00260483
0.00260483
0.00012298
0.00000000
0.00020806
0.00020806
0.00008849
0.00008849
0.00006850
0.00075843
0.00134829
0.00134829
0.00003400
0.00005384
0.00005384
0.00174568
0.00174568
0.00106067
0.00012978
0.00002570
0.00007064
0.00007064
0.00057502
0.00057502
0.00000931
0.00003194
0.00009953
0.00049728
0.00049728
0.00003061
0.00000917
0.00003142
0.00003142
0.00012854
0.00012854
0.00006781
0.00006781
0.00013110
0.00133419
0.00133419
0.00002415
0.00067122
0.00067122
0.00005891
0.00007435
0.00220766
0.00238234
0.00238234
0.00013270
0.00073718
0.00090736
0.00090736
0.00007309
0.00007309
0.00002704
0.00001446
0.00004925
0.00152348
0.00152348
0.00002380
0.00016257
0.00225357
0.00225357
0.00002901
0.00183766
0.00183766
0.00007406
0.00003819
0.00005517
0.00010680
0.00010680
0.00009707
0.00011067
0.00011067
0.00010302
0.00008167
0.00008879
0.00008879
0.00006264
0.00006264
0.00005459
0.00186350
0.00186350
0.00010273
0.00000000
0.00002340
0.00006772
0.00017927
0.00101670
0.00101670
0.00000000
0.00002570
0.00070630
0.00117447
0.00117447
0.00007515
0.00001574
0.00026080
0.00240403
0.00240403
0.00007272
0.00002207
0.00004371
0.00007272
0.00006286
0.00006286
0.00008923
0.00008923
0.00004160
0.00009384
0.00009384
0.00005915
0.00032484
0.00032484
0.00006169
0.00004951
0.00004951
0.00000674
0.00019837
0.00005833
0.00000296
0.00005047
0.00065698
0.00065698
0.00001826
0.00010510
0.00012805
0.00012805
0.00003997
0.00016117
0.00008809
0.00009123
0.00009566
0.00000000
0.00003278
0.00006991
0.00008665
0.00208044
0.00208044
0.00009566
0.00000000
0.00000000
0.00008826
0.00008826
0.00014508
0.00024779
0.00024779
0.00015899
0.00003606
0.00007947
0.00007947
0.00000000
0.00000000
0.00000000
0.00062571
0.00282478
0.00385242
0.00385242
0.00356476
0.00356476
0.00300907
0.00000000
0.00006251
0.00001213
0.00006251
0.00003908
0.00000000
0.00000000
0.00008283
0.00010455
0.00025267
0.00061747
0.00061747
0.00000000
0.00007403
0.00127474
0.00174109
0.00174109
0.00009531
0.00012193
0.00023642
0.00037494
0.00037494
0.00331642
0.00331642
0.00023642
0.00097937
0.00097937
0.00007247
0.00003537
0.00009357
0.00237810
0.00237810
0.00005558
0.00008962
0.00007403
0.00000000
0.00008092
0.00021829
0.00009725
0.00002184
0.00003589
0.00003589
0.00007054
0.00166141
0.00166141
0.00008809
0.00000000
0.00001226
0.00021829
0.00008052
0.00023250
0.00023250
0.00011914
0.00147445
0.00147445
0.00025267
0.00000000
0.00015404
0.00015404
0.00005493
0.00068894
0.00068894
0.00006957
0.00006142
0.00050251
0.00050251
0.00002296
0.00000000
0.00009185
0.00012631
0.00013227
0.00014415
0.00014415
0.00012124
0.00014197
0.00014197
0.00009250
