500
498
430
499
499
500
500
256
499
500
491
498
498
528
500
499
457
525
500
429
446
498
486
440
501
431
499
501
499
500
-1
511
500
500
496
501
499
500
499
499
498
500
500
500
500
498
499
500
495
499
499
411
499
500
498
451
500
499
446
500
500
410
499
514
499
499
500
526
493
528
500
500
497
499
500
500
500
499
501
475
498
499
280
-1
503
448
499
504
500
500
498
500
499
499
500
499
501
499
499
-1
444
499
500
523
499
434
499
500
449
498
500
499
449
500
500
429
500
-1
-1
490
500
498
353
499
500
500
502
499
999
501
499
431
202
525
499
500
502
499
499
499
456
499
499
499
500
499
496
501
446
500
418
500
499
500
498
500
496
500
499
499
428
500
519
500
499
500
498
296
433
499
534
500
445
499
502
584
511
461
499
433
500
499
462
413
433
398
449
500
499
499
405
411
-1
499
502
498
500
454
499
527
500
-1
-1
862
500
499
499
425
502
-1
497
471
499
503
501
496
-1
500
979
510
498
503
499
500
500
499
500
499
500
500
498
499
499
503
500
499
500
495
444
495
500
500
500
460
468
501
414
526
499
514
507
500
500
501
428
-1
499
499
500
501
499
500
425
445
-1
499
874
499
499
500
499
500
501
447
503
500
498
493
-1
498
495
470
500
499
903
483
501
500
755
499
500
500
497
500
426
461
499
499
497
395
500
499
500
499
497
498
499
500
501
500
500
445
537
500
504
500
500
539
459
500
500
499
430
499
499
500
500
500
523
500
499
500
500
448
503
500
410
499
-1
394
498
448
499
-1
434
698
499
499
479
500
505
500
-1
497
495
500
498
530
498
-1
500
501
435
449
500
467
495
536
440
499
499
498
423
499
503
433
500
497
453
499
500
499
499
500
500
498
497
501
-1
420
500
495
443
499
500
499
500
496
434
500
499
499
525
500
502
501
500
499
501
449
499
397
314
499
500
499
499
527
499
445
421
500
499
499
500
532
444
499
500
500
499
-1
499
499
501
499
499
499
445
500
497
498
500
497
499
438
394
499
499
416
491
254
513
500
498
499
506
499
500
500
499
498
552
499
525
500
500
499
499
500
410
421
411
500
446
520
499
449
503
366
500
500
499
499
500
529
500
523
456
497
-1
499
504
499
499
499
448
499
500
499
502
526
499
498
513
446
480
505
499
499
301
499
410
434
407
502
499
500
498
494
-1
499
500
499
498
524
498
500
365
499
500
499
500
500
499
-1
461
499
499
499
589
-1
500
500
-1
500
500
498
494
518
500
499
500
499
515
497
500
499
497
501
499
554
501
500
526
500
499
499
500
500
419
500
500
508
500
505
497
316
498
451
500
500
498
499
451
504
500
332
465
500
503
497
500
434
499
503
500
500
499
499
454
597
499
502
500
396
395
449
423
528
499
434
500
499
501
448
500
500
500
430
499
500
439
436
500
499
499
499
450
481
503
501
438
499
499
499
495
465
515
499
500
499
500
459
474
500
499
501
500
499
500
499
443
-1
498
418
446
499
528
498
497
500
503
499
500
501
498
500
499
500
499
499
500
-1
498
452
502
534
499
449
499
504
501
500
499
499
362
502
500
499
500
439
499
553
500
500
501
499
499
503
497
433
499
498
499
500
453
500
499
499
524
-1
499
498
500
500
500
500
499
499
530
444
498
447
539
499
500
514
507
500
500
499
499
497
500
499
500
500
519
500
449
504
500
499
463
500
496
430
447
499
449
-1
500
500
500
500
500
451
501
38
501
491
500
450
500
500
501
500
498
496
499
450
499
500
500
443
500
441
408
500
500
503
499
454
500
500
499
528
496
499
515
448
502
499
499
532
468
500
500
504
500
500
499
530
500
500
500
499
497
473
519
553
354
499
421
500
445
499
500
500
499
499
500
500
473
505
500
500
515
511
501
499
500
499
500
499
499
499
499
434
397
498
-1
449
500
460
444
500
499
499
498
499
500
500
499
425
442
500
500
499
499
499
487
500
499
500
260
494
498
502
501
-1
496
498
385
499
399
500
-1
501
417
500
500
446
500
-1
470
386
499
500
543
470
427
435
499
-1
500
499
499
449
499
500
502
499
431
452
499
501
499
419
500
499
528
499
444
499
499
499
499
500
486
499
459
445
500
8
-1
499
500
444
498
441
500
499
414
513
448
503
498
501
904
499
447
500
500
499
454
500
499
478
500
447
499
499
500
499
499
500
500
501
500
500
500
499
500
499
500
499
501
-1
506
500
499
500
500
499
501
500
500
526
-1
497
500
500
500
407
511
427
394
528
500
499
499
28
500
499
501
500
449
501
500
499
499
500
442
432
506
531
499
503
500
499
397
500
497
498
500
499
500
500
500
-1
499
419
500
500
499
499
494
500
499
499
-1
454
500
-1
434
499
500
429
511
497
532
499
431
498
499
19
445
500
534
499
498
500
498
499
500
525
501
447
500
452
18
501
444
500
500
497
499
498
-1
499
499
501
499
497
499
449
499
503
499
499
449
501
447
500
496
501
432
500
484
501
500
499
499
499
499
500
500
499
500
500
499
499
499
500
499
500
500
499
500
500
500
500
498
500
499
500
496
433
500
420
467
499
500
499
875
500
500
499
-1
500
500
500
500
500
503
544
500
500
499
499
389
499
18
500
499
491
500
441
500
511
500
499
443
499
452
496
500
486
492
499
499
498
504
359
500
500
505
442
36
500
507
466
501
502
500
488
499
500
-1
537
527
500
500
446
489
499
502
499
-1
445
495
500
500
500
499
499
-1
499
499
500
499
499
504
500
500
502
498
499
7
447
484
499
500
500
499
434
10
499
499
537
500
500
454
483
532
499
499
497
452
-1
498
499
497
500
500
491
500
499
499
497
499
519
418
499
980
499
455
501
467
497
500
500
499
499
546
500
499
499
401
500
499
500
495
500
499
499
495
500
500
500
277
499
500
500
498
499
500
497
498
445
438
499
500
499
433
500
500
500
499
499
-1
501
502
499
500
500
515
499
436
500
500
519
476
-1
499
440
400
499
527
499
498
499
447
500
442
444
499
504
874
495
499
500
538
496
466
500
500
500
544
500
419
500
455
500
499
453
410
494
449
496
445
500
-1
498
503
499
460
500
498
501
495
500
931
524
499
500
497
499
-1
500
499
500
499
499
499
499
500
500
500
500
499
443
500
500
500
407
500
501
499
498
841
505
500
499
501
450
499
499
11
531
499
500
517
499
500
273
277
498
500
499
501
449
446
498
524
496
465
507
500
448
530
462
500
499
-1
499
496
500
500
500
515
534
-1
500
-1
500
500
499
466
451
423
465
441
500
499
499
499
500
498
499
502
501
500
-1
499
499
499
500
500
500
499
410
499
499
500
405
434
499
337
417
499
500
499
498
500
880
502
499
500
435
500
433
499
500
411
432
444
500
505
513
499
-1
525
499
500
443
500
500
503
406
499
483
524
500
500
497
476
503
501
497
500
500
499
432
435
428
500
328
-1
499
500
472
500
505
498
499
909
499
524
500
515
-1
500
498
496
442
469
499
500
499
496
497
444
502
499
500
499
446
499
526
453
500
499
499
499
497
499
499
499
499
497
537
500
499
498
499
-1
499
516
487
450
499
473
496
547
500
457
502
512
500
500
499
499
499
546
451
500
499
500
-1
503
500
499
499
499
500
500
499
499
499
499
500
531
-1
500
20
501
500
499
499
451
533
499
418
500
-1
500
500
508
544
501
499
499
499
450
449
500
525
500
513
994
929
500
499
499
527
499
513
506
500
790
499
458
494
446
475
499
499
501
499
499
446
980
499
37
500
500
499
500
500
500
499
500
500
499
500
499
499
527
499
499
459
500
499
501
448
405
537
500
497
515
499
497
534
500
500
527
499
-1
495
500
506
500
442
500
497
499
500
499
499
500
497
499
496
447
441
498
492
500
499
499
432
503
499
419
-1
499
525
500
496
500
500
803
499
-1
520
496
500
448
530
500
499
500
443
499
499
442
499
420
499
434
500
499
499
-1
499
499
502
500
499
500
488
496
501
394
344
500
539
499
502
499
451
431
499
528
497
499
499
499
413
500
502
499
504
498
447
280
499
501
499
500
499
498
500
-1
462
448
439
-1
497
500
405
500
499
500
398
500
497
500
499
380
516
500
429
501
502
500
499
500
500
502
-1
500
500
929
501
499
497
455
499
498
501
-1
433
500
505
500
463
500
500
534
499
498
444
499
499
499
-1
446
499
498
500
500
448
503
527
497
499
501
500
502
500
494
499
536
464
-1
499
500
499
500
467
497
500
431
431
499
498
499
499
504
526
500
500
500
499
498
502
499
499
500
500
499
499
506
500
499
497
500
516
447
500
500
499
505
499
499
496
427
447
433
499
499
500
431
497
498
499
426
500
499
500
497
532
499
500
426
500
500
537
500
500
502
499
499
450
500
499
500
500
499
500
499
499
-1
500
499
532
466
500
454
500
490
497
499
497
500
501
500
541
433
502
500
498
434
-1
477
499
499
499
499
500
499
500
457
500
500
500
501
500
-1
500
500
500
500
500
493
500
500
500
499
500
410
504
499
501
499
506
500
500
-1
500
463
499
504
500
500
504
496
501
499
432
499
499
497
500
498
500
500
505
499
500
500
516
500
527
500
-1
500
500
500
499
500
428
497
500
499
437
499
499
500
500
500
500
419
498
537
499
500
499
420
501
439
500
500
484
500
434
522
814
499
500
270
499
507
466
514
499
499
499
499
497
500
499
-1
-1
499
526
536
500
499
499
499
500
501
502
405
499
501
499
489
384
500
500
500
500
499
499
499
499
500
502
500
500
499
496
-1
499
499
499
501
500
500
499
500
500
500
499
498
439
500
418
500
499
430
502
350
499
500
499
503
500
425
499
499
499
253
500
872
500
500
500
500
499
500
500
499
500
499
515
499
499
499
500
446
489
499
499
499
498
499
501
500
496
499
547
254
497
-1
406
498
527
499
414
499
499
515
499
499
496
500
499
502
500
500
418
499
505
501
12
500
500
444
497
499
432
532
500
526
433
497
500
497
427
445
499
500
453
499
12
487
499
500
402
432
500
-1
499
499
526
-1
533
429
499
100
-1
180
500
494
499
449
499
499
499
500
500
503
502
525
524
499
500
500
454
500
394
430
438
-1
16
500
499
-1
500
501
500
500
500
499
500
419
498
500
501
499
417
499
450
499
501
500
501
500
500
500
499
499
500
499
492
500
499
500
498
427
500
423
495
501
500
500
499
634
498
499
505
497
503
500
501
499
444
515
499
499
534
500
502
463
500
499
499
492
444
499
499
500
904
500
499
500
499
446
509
499
500
500
499
500
498
497
409
500
499
446
502
499
423
443
499
305
499
449
499
506
422
501
500
499
500
500
497
500
523
499
501
499
429
499
500
499
500
500
500
500
499
499
499
511
499
446
519
499
500
500
471
500
500
498
499
499
501
499
500
499
501
500
451
499
500
497
54
501
500
499
524
500
499
499
500
500
500
467
443
503
458
500
555
499
500
499
498
420
510
499
499
435
500
499
500
498
497
499
533
497
500
499
499
500
498
500
500
500
499
433
500
435
503
501
443
499
499
499
500
-1
500
502
-1
499
499
475
461
-1
500
499
430
499
499
500
499
499
500
486
500
445
499
499
500
506
430
500
497
506
500
499
521
501
500
491
127
500
500
499
500
500
499
500
626
499
446
412
501
496
498
499
459
501
538
497
499
531
499
501
501
500
545
499
500
500
495
500
500
-1
499
499
500
501
499
530
355
436
500
-1
500
499
499
502
498
466
500
500
463
499
500
499
499
500
499
499
500
499
500
432
499
500
528
500
531
501
-1
411
499
500
501
-1
499
537
500
500
499
500
500
500
500
498
500
499
503
-1
500
444
499
499
507
499
508
499
427
504
499
500
449
497
499
505
799
500
499
500
499
499
499
504
500
500
499
500
499
499
528
526
499
499
499
499
499
495
499
500
499
524
499
499
499
459
447
539
498
135
500
500
499
462
499
485
499
500
463
499
499
499
499
499
500
499
460
500
987
500
499
957
499
528
526
499
500
340
496
507
500
449
500
499
502
500
456
-1
447
499
450
499
499
500
497
521
498
500
500
500
499
500
500
500
500
439
500
528
500
499
-1
497
498
502
499
498
499
500
500
499
499
499
499
500
500
500
499
499
538
500
-1
499
500
499
499
501
500
511
504
498
499
506
500
518
499
500
499
443
499
449
499
460
500
497
500
500
499
499
434
500
499
499
451
499
500
440
456
500
500
498
450
499
443
500
514
499
499
501
500
500
499
500
500
500
501
500
496
452
500
499
500
448
416
496
499
442
499
496
499
446
499
499
500
500
500
499
500
499
495
438
500
498
500
500
535
500
467
-1
499
499
500
502
500
496
494
499
500
498
499
459
502
499
500
13
499
500
500
447
497
501
499
499
500
499
500
500
500
499
500
499
504
499
500
500
500
500
499
499
495
501
417
500
501
449
-1
500
-1
499
499
499
500
499
499
500
505
499
499
498
500
530
499
499
444
500
532
502
500
500
500
-1
500
450
499
500
527
500
501
-1
449
500
500
500
499
500
496
500
525
499
499
496
532
499
500
500
500
445
448
499
499
504
499
500
451
503
498
499
500
434
500
448
444
500
499
499
503
500
499
514
458
497
500
991
440
514
499
499
524
500
500
494
500
496
500
527
500
500
498
498
524
502
500
499
499
499
499
460
-1
499
499
497
417
491
432
499
500
503
535
500
501
499
500
500
437
503
503
499
503
432
-1
498
500
499
500
500
499
501
505
490
500
502
500
500
501
456
499
499
429
489
499
496
-1
447
499
526
508
499
500
500
444
507
500
499
526
451
500
499
517
459
-1
513
497
498
435
409
499
446
499
501
310
864
468
499
500
500
500
501
396
501
499
937
455
501
414
500
499
500
498
444
496
500
462
500
522
499
-1
406
499
500
501
499
499
722
582
464
499
500
432
444
499
499
500
500
499
500
498
384
500
496
499
500
605
500
499
500
499
501
499
499
495
500
499
500
499
500
500
499
-1
445
435
511
497
439
500
421
494
499
498
500
499
500
500
500
495
499
499
438
499
253
499
448
500
-1
499
500
445
452
498
500
453
429
500
503
499
523
499
500
500
500
444
500
-1
499
424
497
500
446
500
500
500
505
-1
500
500
497
730
500
499
498
459
502
502
503
498
454
500
434
500
499
499
500
550
-1
503
500
499
499
-1
499
499
-1
436
499
499
500
498
500
499
500
500
257
519
523
435
497
499
500
499
496
501
499
500
500
502
500
500
498
499
499
499
424
500
364
499
496
501
499
499
448
499
499
436
500
497
510
500
500
504
457
499
500
468
500
500
427
498
512
500
451
505
956
500
449
499
500
492
499
500
-1
499
499
500
-1
498
498
500
499
499
499
497
499
445
501
431
500
499
419
498
516
499
499
499
429
445
499
499
452
500
499
500
434
445
500
499
502
500
500
499
500
500
445
468
499
527
500
500
500
431
499
499
466
499
499
477
497
-1
499
500
402
500
500
451
501
428
499
435
515
501
499
547
467
499
497
500
446
499
499
510
426
499
527
495
500
499
499
499
528
500
499
500
414
500
441
500
-1
498
499
499
447
425
553
499
500
500
500
499
503
499
445
483
499
445
499
983
500
500
496
-1
454
501
-1
500
501
500
500
499
499
499
499
-1
499
500
499
499
500
499
496
435
500
500
497
500
500
503
499
500
-1
499
502
501
499
499
500
498
500
499
498
500
500
398
498
500
455
512
498
860
498
500
434
500
500
434
500
500
497
500
502
500
500
500
500
499
500
520
499
442
500
807
442
524
500
433
539
447
499
503
499
500
500
464
409
500
499
501
499
446
500
500
426
499
-1
445
499
500
398
-1
541
500
500
499
499
-1
-1
499
500
499
499
455
-1
499
433
502
499
499
499
499
431
500
410
500
515
499
499
499
500
498
501
-1
500
499
456
500
499
969
501
448
502
499
501
499
527
497
499
500
501
448
500
-1
499
499
502
497
499
438
499
442
499
445
499
502
533
-1
296
496
500
496
-1
500
-1
500
499
500
925
499
446
500
500
513
499
444
500
-1
500
500
750
496
499
507
499
499
422
500
500
499
499
500
500
499
511
506
500
500
444
500
500
501
499
500
535
436
500
499
485
499
500
502
502
498
500
500
499
499
499
505
526
499
501
498
499
979
499
531
-1
446
499
504
500
500
500
467
443
-1
500
499
466
501
500
500
541
499
364
502
496
500
447
500
450
-1
500
446
495
445
499
499
503
500
493
496
500
444
-1
-1
500
499
499
501
496
499
500
500
500
457
500
500
501
499
500
450
500
446
451
500
499
503
442
500
32
499
499
499
499
-1
500
500
498
505
458
499
435
500
499
526
500
500
499
503
499
500
452
-1
499
444
499
499
499
498
500
500
499
500
500
499
499
-1
443
499
499
539
499
448
500
448
545
500
500
500
527
539
500
500
-1
608
499
499
416
497
443
500
516
499
499
499
-1
500
500
500
500
500
500
499
499
500
512
448
499
499
500
451
-1
502
500
497
-1
500
-1
500
499
-1
500
499
499
499
500
434
499
499
499
499
449
498
500
446
500
501
479
499
497
499
500
500
499
500
478
499
-1
500
499
500
450
499
535
499
498
500
500
500
500
499
516
499
500
415
502
461
499
501
497
-1
499
499
-1
525
500
531
427
500
500
502
531
499
502
-1
463
548
750
503
529
499
498
499
499
500
496
279
499
500
499
500
501
499
501
499
503
871
498
500
500
500
500
501
499
499
499
260
472
432
499
471
541
499
499
501
499
499
499
500
503
500
500
499
955
461
499
449
499
501
500
500
500
501
523
500
35
499
499
497
500
472
527
500
500
500
500
500
461
500
499
497
499
498
498
432
-1
506
-1
500
499
499
433
434
500
424
499
499
512
500
499
499
499
424
500
442
432
501
433
434
506
527
469
500
500
452
498
450
-1
419
423
499
499
499
523
-1
499
440
500
499
500
498
498
500
503
499
499
526
500
500
500
504
-1
499
499
445
429
435
499
500
500
500
442
499
499
497
535
499
500
499
499
882
499
499
500
-1
500
431
380
442
-1
499
499
498
500
504
499
499
500
500
504
504
-1
500
499
499
500
499
500
503
500
499
-1
501
500
499
502
524
500
499
499
796
500
500
522
499
536
499
501
500
500
433
500
448
499
368
-1
424
461
499
499
499
23
500
446
-1
454
499
499
502
506
440
499
502
500
501
465
499
453
500
499
499
500
500
499
432
-1
451
499
500
500
456
499
500
510
500
500
500
500
499
499
522
499
499
499
499
499
-1
499
492
525
500
500
499
499
511
468
500
500
498
505
535
498
500
500
499
406
499
500
499
500
447
530
536
499
500
507
500
499
504
495
445
500
524
503
499
495
534
499
447
451
495
500
-1
499
499
500
500
500
499
499
499
500
743
528
450
499
500
499
500
499
499
-1
494
-1
500
499
499
499
499
499
499
499
499
501
499
499
500
499
-1
420
500
499
498
500
448
500
499
-1
451
500
500
434
511
500
499
504
501
427
500
492
499
499
537
499
499
524
410
505
500
499
460
498
500
499
-1
484
504
501
448
449
500
499
500
499
500
499
502
-1
486
500
499
500
499
404
499
459
518
498
500
499
545
500
436
500
497
503
500
499
500
499
499
447
499
462
500
501
423
310
507
499
499
474
367
499
522
501
499
446
-1
500
504
503
499
469
454
499
510
497
504
441
445
444
499
482
433
531
499
499
418
497
498
499
500
421
497
499
499
499
499
426
498
-1
500
524
433
499
499
496
499
499
500
446
377
501
500
500
498
495
500
524
502
499
499
500
500
500
433
503
499
449
499
500
500
513
-1
500
500
500
456
500
500
499
500
443
500
499
499
496
500
499
429
499
502
499
499
523
446
499
496
447
499
449
499
-1
-1
521
499
498
499
397
440
499
443
500
499
500
500
499
499
500
500
449
457
498
499
500
500
463
499
499
499
433
-1
500
443
496
397
500
500
499
499
537
498
500
499
509
446
499
500
500
431
538
438
499
497
501
499
501
424
499
500
463
500
499
500
525
500
542
500
523
504
406
500
499
466
500
499
500
530
500
983
499
500
450
382
500
500
-1
499
500
500
499
500
499
498
445
-1
500
499
499
499
523
-1
413
497
500
500
-1
499
532
445
500
276
499
499
499
466
499
499
496
510
500
500
534
-1
443
500
499
607
873
499
499
499
449
447
473
499
409
500
500
500
500
506
446
500
502
529
448
447
503
466
450
499
500
500
448
499
501
451
499
527
499
501
499
477
17
500
499
500
500
500
500
501
950
459
499
460
499
283
499
500
500
499
499
532
499
433
499
501
499
496
499
500
499
499
487
-1
497
499
456
499
499
500
500
500
498
499
500
499
500
499
500
418
500
499
525
498
499
450
444
499
500
499
498
500
499
500
804
497
499
499
500
500
499
500
498
451
500
445
499
499
446
500
500
500
916
500
500
497
446
499
499
496
499
501
500
21
500
500
499
501
443
406
455
502
500
501
499
509
500
499
451
498
533
500
449
497
499
434
499
500
500
442
-1
500
525
499
500
432
500
499
499
500
416
498
-1
466
501
426
500
397
462
500
499
501
499
449
500
503
500
499
500
500
499
500
500
500
524
499
-1
530
503
501
463
500
499
498
499
-1
500
421
499
499
522
500
500
501
430
500
499
499
453
500
446
499
499
500
500
499
499
500
451
500
499
-1
446
501
500
539
458
545
511
500
500
500
432
496
500
499
500
501
440
500
499
499
502
-1
437
500
500
500
500
495
499
424
496
500
500
499
498
382
-1
499
500
500
499
461
502
447
500
502
492
497
500
499
500
519
496
525
499
443
-1
499
500
500
499
422
499
498
499
500
500
461
500
500
500
435
459
500
499
449
499
949
499
500
499
499
509
501
500
518
499
499
499
-1
497
499
500
528
500
500
499
499
501
502
435
436
498
500
444
499
500
451
500
500
499
528
499
500
446
500
500
499
500
499
500
461
500
499
482
502
498
511
498
-1
478
498
499
494
500
499
413
499
-1
500
-1
500
498
499
500
493
500
974
499
498
466
496
499
500
499
-1
499
497
499
499
497
-1
456
449
499
445
499
500
500
499
502
499
499
-1
500
503
500
499
524
511
500
445
535
499
510
499
747
500
500
-1
500
500
450
499
448
498
500
384
499
499
499
500
450
526
499
500
500
443
-1
532
500
497
500
501
498
563
501
500
457
501
508
499
499
499
499
500
500
500
500
500
497
499
403
448
500
499
499
451
499
450
500
-1
499
499
498
499
524
500
499
432
500
437
497
503
500
-1
500
498
499
498
451
442
449
539
-1
496
501
499
499
499
496
-1
499
18
501
500
500
-1
501
463
501
505
500
500
499
499
500
448
500
500
499
499
433
501
441
499
504
634
500
500
500
499
498
499
499
533
495
435
499
461
454
527
500
500
500
445
524
499
449
428
499
500
500
500
499
500
499
500
499
438
496
-1
502
499
500
499
500
480
499
500
500
497
499
428
445
499
500
459
499
500
500
504
500
449
500
499
500
500
499
501
499
499
437
500
454
500
499
500
403
501
499
499
503
496
499
500
49
499
499
444
500
500
428
502
500
502
498
500
445
497
499
464
448
499
499
462
258
496
499
446
428
496
-1
499
500
455
499
538
500
500
498
498
499
499
500
500
500
500
524
500
499
500
553
500
511
500
499
500
499
448
500
501
500
499
499
460
450
445
497
448
496
539
499
502
499
432
527
499
30
500
474
-1
500
501
500
499
-1
500
503
502
500
499
446
495
-1
500
433
500
499
500
500
449
448
442
502
525
500
500
499
500
409
498
499
505
499
500
499
499
499
502
-1
499
499
499
-1
500
498
500
500
500
499
500
500
529
500
498
843
427
499
511
396
454
445
500
432
500
500
500
500
498
499
523
499
441
499
503
449
498
500
502
500
500
500
499
500
453
499
500
533
-1
500
504
500
499
500
500
501
445
499
268
522
500
500
500
524
501
500
499
500
499
496
500
499
433
499
499
499
454
499
524
500
499
500
437
441
499
500
440
449
500
460
500
495
500
517
501
499
504
438
499
500
499
499
500
499
499
500
499
-1
458
500
499
499
499
495
499
445
505
499
444
499
499
499
497
499
499
499
499
498
499
538
502
419
501
499
512
459
448
500
499
527
499
504
502
486
499
-1
868
501
500
499
500
499
391
507
499
509
499
501
496
503
501
499
500
500
446
500
499
500
499
497
500
499
500
447
513
475
500
500
492
500
499
448
500
499
538
499
499
500
498
500
500
505
435
500
500
500
498
512
424
500
497
499
271
-1
499
500
-1
500
498
500
499
500
499
499
499
500
499
500
542
445
499
503
491
499
497
500
500
499
499
285
504
499
499
501
500
499
500
500
499
449
499
432
498
490
499
500
-1
499
428
526
499
499
500
500
505
450
498
499
500
440
538
-1
499
221
497
499
500
500
425
-1
-1
499
510
500
499
460
459
498
500
501
500
500
-1
513
450
283
499
500
501
417
500
498
-1
523
499
500
499
392
499
450
497
499
499
-1
499
499
499
499
426
500
500
499
499
484
497
500
499
499
499
500
500
499
500
510
431
505
401
498
499
499
500
445
499
500
501
500
500
496
500
500
499
501
500
500
527
500
501
500
499
499
499
500
504
500
483
462
495
502
499
429
500
496
444
527
499
500
500
499
499
451
531
449
500
498
499
531
440
496
500
499
-1
499
446
500
498
500
499
481
500
499
500
525
499
500
500
357
502
496
495
499
500
508
500
500
499
499
502
102
500
499
432
535
500
470
499
500
501
445
514
497
500
502
499
-1
-1
499
492
499
499
500
-1
497
500
499
500
499
442
995
502
448
502
500
447
499
498
495
500
306
499
-1
499
288
521
503
446
507
500
500
420
499
449
500
504
500
500
510
502
435
499
500
-1
499
500
499
499
498
499
500
500
500
499
499
528
503
499
500
499
485
499
500
459
500
515
517
500
500
500
499
500
500
449
500
-1
498
501
499
500
499
499
440
500
495
501
502
443
499
478
499
499
430
-1
499
499
499
499
500
450
499
499
500
528
443
500
499
500
499
500
-1
500
808
503
500
535
499
499
478
-1
499
435
501
418
499
496
499
500
500
549
499
499
499
500
500
499
535
-1
448
499
500
501
500
500
501
500
444
524
500
501
531
500
499
499
444
496
449
460
500
500
499
497
533
500
499
500
499
497
515
500
500
523
499
499
506
426
-1
500
499
468
499
500
500
502
500
230
529
499
497
537
499
500
499
500
450
443
499
500
500
500
499
-1
496
446
506
500
500
500
500
500
502
499
446
501
466
499
499
498
500
500
447
-1
500
500
500
499
456
498
500
529
500
454
500
500
499
840
500
434
501
503
435
500
-1
428
500
499
499
-1
499
499
515
499
499
500
553
498
499
499
505
500
499
500
-1
499
496
500
-1
499
499
499
499
499
-1
497
500
500
500
500
499
536
503
499
499
500
531
500
500
496
499
500
499
500
501
503
500
498
435
445
500
499
500
383
453
501
499
500
500
500
499
929
466
494
499
476
500
500
-1
499
500
500
499
500
503
502
527
532
500
531
443
499
500
499
452
499
499
499
497
499
436
434
499
500
499
498
499
499
513
498
-1
500
500
499
499
499
500
498
500
394
-1
784
419
497
501
499
500
426
452
421
499
499
527
431
496
454
569
499
499
499
461
499
532
277
499
499
499
499
500
500
505
499
500
499
499
500
502
499
499
497
443
500
499
432
500
499
500
498
499
499
499
500
500
499
499
500
503
499
-1
501
500
499
500
502
500
494
500
500
506
467
500
432
495
499
499
500
500
500
448
451
500
500
-1
500
500
500
499
407
539
499
500
-1
499
500
547
500
500
500
513
500
500
439
500
213
450
523
499
530
500
420
421
515
500
499
501
504
506
499
500
499
500
499
499
499
500
498
499
477
495
-1
499
503
506
499
441
500
495
588
539
500
500
447
499
514
500
500
500
500
499
498
500
505
499
394
498
499
500
-1
450
503
500
494
499
499
506
524
534
499
499
497
500
442
498
501
944
501
500
499
499
440
-1
513
-1
500
499
488
510
500
443
498
499
500
441
473
495
498
500
497
499
500
500
499
484
500
-1
846
499
497
499
500
500
500
532
499
500
499
451
500
500
446
500
500
500
473
498
498
499
499
498
445
497
431
496
449
437
531
512
453
496
545
498
500
443
499
500
500
500
499
501
499
500
430
498
512
509
499
-1
449
500
499
439
500
500
500
502
877
495
499
499
499
465
446
500
500
499
500
501
499
437
-1
444
497
499
500
499
499
500
467
503
499
504
499
499
499
499
-1
499
499
502
500
499
443
-1
500
395
540
499
499
500
499
500
430
500
498
499
539
491
502
38
499
-1
499
499
500
500
498
499
436
528
433
500
499
516
500
497
509
503
503
499
499
429
500
410
507
500
499
501
500
500
-1
499
499
498
125
499
508
500
536
500
446
447
499
500
379
520
431
444
500
499
498
525
499
443
499
499
430
496
530
402
500
499
884
499
500
499
511
501
499
499
409
499
453
500
445
433
499
430
504
499
519
605
468
501
499
500
499
530
500
500
508
500
503
445
-1
499
500
500
500
309
499
531
469
500
498
500
445
500
499
499
459
500
528
499
499
508
498
501
497
499
499
496
498
445
419
500
500
430
500
500
499
500
499
519
467
499
499
499
500
523
499
499
500
500
500
499
503
500
499
523
501
500
500
500
429
499
432
524
499
539
503
509
429
500
-1
499
500
499
499
446
17
519
500
411
500
499
499
442
447
501
500
-1
499
926
499
500
499
444
538
499
480
444
500
500
499
498
500
499
505
500
503
505
500
499
423
517
499
499
502
500
500
499
423
500
500
500
501
460
500
500
527
408
496
499
500
499
500
443
500
500
500
500
499
499
445
501
500
433
498
499
505
498
500
499
504
500
499
-1
524
499
499
-1
500
500
536
449
504
423
445
499
431
-1
499
445
500
499
499
-1
519
499
518
499
500
499
500
532
558
488
497
502
500
488
499
499
500
430
500
497
499
500
500
500
425
499
499
499
500
499
539
410
447
500
499
502
500
499
528
501
501
497
499
501
429
432
499
500
491
500
500
499
500
499
458
500
500
500
462
532
500
500
567
499
499
499
499
499
446
500
499
414
500
501
499
500
500
499
-1
499
507
500
454
499
500
499
501
499
443
498
500
500
497
497
437
498
500
444
382
499
500
-1
499
338
499
498
499
524
436
500
500
502
499
493
499
500
499
499
500
499
872
449
449
499
500
500
499
428
500
500
-1
499
499
500
450
499
500
500
531
500
498
499
432
500
499
497
500
500
499
428
499
-1
-1
500
496
499
505
498
500
499
500
12
500
455
500
499
501
-1
499
499
359
500
496
500
435
499
496
500
499
499
500
531
527
406
477
499
500
499
463
500
527
500
499
499
495
499
922
499
421
-1
496
499
400
499
500
498
506
499
499
500
500
406
498
500
499
500
517
504
504
533
417
385
500
500
408
499
506
500
501
501
499
537
500
496
447
450
500
500
499
500
833
497
499
500
-1
193
500
499
502
500
504
398
500
453
502
497
543
504
411
499
500
499
932
499
500
499
500
4
491
500
445
499
501
495
499
499
464
500
499
-1
500
499
499
-1
426
422
501
500
499
499
500
500
457
499
502
499
499
440
500
499
464
452
509
499
501
466
500
463
499
497
504
500
500
499
500
499
499
495
710
499
500
499
525
499
-1
38
499
500
500
499
500
500
500
500
500
442
499
499
498
179
499
437
500
499
461
502
500
501
499
499
499
-1
495
511
400
499
499
486
499
500
494
500
499
435
500
499
500
499
496
499
505
525
576
-1
501
527
448
503
499
452
450
506
-1
-1
505
419
500
499
499
501
500
505
500
503
499
496
503
501
500
537
446
499
499
499
505
499
502
500
500
500
461
500
497
496
498
504
499
499
499
499
500
499
503
465
504
499
545
449
499
499
499
510
499
499
499
499
486
502
500
500
499
499
499
500
500
429
506
499
499
-1
499
500
500
446
977
499
511
498
499
500
459
500
500
449
507
499
500
495
529
499
499
499
500
499
500
499
499
499
500
417
921
-1
472
491
499
450
499
504
447
500
442
445
499
500
500
500
500
500
454
500
499
-1
-1
499
500
500
499
500
-1
499
501
500
435
499
542
499
501
420
500
522
497
500
443
508
500
499
499
510
499
499
450
499
501
500
500
499
496
500
500
500
498
500
426
500
520
499
499
524
499
500
524
500
450
500
500
503
500
500
521
496
500
499
446
499
498
426
499
499
500
500
454
499
499
347
501
500
502
497
500
499
484
435
500
444
499
499
499
487
500
500
499
501
500
499
500
500
433
500
499
499
500
526
501
499
499
499
436
495
500
499
499
-1
499
499
500
499
500
501
500
463
359
499
505
499
399
334
499
19
499
499
500
501
-1
499
499
499
500
288
498
500
407
448
502
499
446
500
499
502
499
-1
501
462
492
499
442
500
-1
497
500
499
-1
500
496
499
498
499
500
499
500
499
449
448
500
447
495
917
500
464
499
500
500
418
451
399
-1
499
425
440
443
500
500
513
500
500
520
499
500
422
500
501
502
499
500
499
500
499
499
500
499
542
503
446
499
446
512
-1
463
499
499
499
499
503
500
461
500
499
-1
500
499
449
-1
499
499
500
498
499
433
496
499
446
499
499
499
514
500
496
464
499
500
500
499
499
500
500
499
452
507
355
425
501
499
444
499
497
477
499
454
500
449
499
455
501
500
500
499
499
470
500
411
500
498
497
500
500
499
-1
500
499
500
434
524
-1
500
499
513
509
499
545
499
498
499
500
-1
498
500
500
448
499
500
497
499
-1
448
500
508
499
499
406
507
500
500
501
449
499
499
499
499
499
499
301
447
529
500
500
500
500
500
499
499
444
499
499
499
507
-1
500
500
499
851
447
499
521
501
500
425
499
498
499
-1
499
499
503
498
500
500
500
499
498
499
496
501
499
436
529
429
499
501
499
445
499
499
499
500
499
500
500
496
500
972
499
499
493
502
500
499
500
500
500
499
500
-1
499
497
500
435
500
427
500
512
500
445
500
-1
503
499
499
531
499
499
467
440
500
499
498
500
499
499
503
29
504
499
453
500
429
500
499
499
527
517
499
524
390
467
525
518
499
-1
500
497
499
499
499
498
500
499
499
500
500
502
499
499
502
500
449
500
500
500
499
503
443
444
495
445
499
498
451
504
451
500
48
499
499
527
500
193
501
500
499
500
499
500
500
-1
498
499
450
-1
496
499
500
470
-1
448
499
526
499
500
430
500
500
500
500
500
499
505
440
499
500
30
501
499
500
500
501
501
430
500
-1
443
500
500
-1
500
450
500
500
499
500
434
499
447
499
477
499
416
499
499
836
446
495
-1
499
499
434
500
517
501
501
433
501
487
499
500
461
500
445
497
-1
466
500
500
500
751
518
499
501
499
371
500
499
499
505
500
500
444
502
447
447
499
444
502
504
448
488
500
499
446
499
500
501
500
500
444
503
499
524
500
500
500
500
480
-1
502
500
500
396
500
460
500
454
498
638
499
501
502
499
499
499
447
499
499
412
500
4
147
499
441
500
526
499
499
498
499
498
500
500
499
500
444
499
453
498
431
500
499
498
508
499
543
500
499
500
500
531
499
500
498
500
430
500
500
500
500
529
500
500
499
446
498
443
500
499
446
499
502
500
537
499
500
500
501
499
499
500
-1
449
500
499
500
500
497
499
498
506
500
450
497
499
499
499
500
499
502
498
500
497
500
446
498
428
498
436
501
499
499
461
499
522
499
553
500
498
496
499
499
490
436
499
500
500
499
500
499
500
499
311
431
499
445
501
500
500
452
499
499
500
412
-1
502
499
536
12
497
552
-1
500
500
500
499
435
499
498
499
500
540
500
468
497
466
499
499
500
508
499
-1
448
499
500
497
500
516
500
393
546
499
499
499
496
499
499
408
499
505
444
500
500
428
501
497
-1
500
517
499
499
503
495
497
497
406
502
500
497
499
499
500
525
499
500
433
497
95
426
499
499
423
499
498
500
497
499
497
-1
498
500
497
500
499
432
500
499
496
500
498
486
448
459
421
501
10
500
499
501
499
-1
500
500
499
501
533
499
500
500
496
500
494
499
496
499
443
499
499
499
504
501
496
499
529
500
499
498
500
499
-1
869
504
501
500
500
504
-1
500
444
500
499
449
499
499
541
499
500
499
500
-1
444
499
448
501
500
440
499
435
500
977
499
495
460
501
500
448
500
500
500
428
450
499
31
500
459
500
532
449
499
500
407
500
496
500
539
500
502
499
524
500
499
508
468
496
499
500
499
446
499
500
498
499
495
506
501
500
504
514
499
499
421
500
499
68
500
494
496
500
499
-1
500
502
499
500
498
500
499
499
500
499
499
17
501
500
528
499
499
500
499
452
500
500
499
499
499
499
500
499
444
500
497
499
494
499
448
432
-1
499
500
450
501
499
499
531
497
499
467
499
497
500
500
499
508
500
499
825
499
408
462
504
499
500
500
445
500
499
500
499
500
449
499
498
500
-1
500
440
406
464
452
499
499
500
446
499
501
499
443
499
499
500
499
-1
497
869
499
434
18
497
499
-1
499
498
445
535
434
499
498
499
501
499
529
499
500
498
499
500
499
500
500
499
499
499
464
500
500
501
383
499
500
499
500
500
495
500
500
455
499
500
499
-1
460
501
500
500
496
432
501
432
500
499
500
500
499
186
467
447
443
499
501
499
345
470
499
500
500
443
503
445
429
499
502
501
445
500
499
867
499
500
499
451
506
501
499
500
499
499
500
499
499
526
505
699
502
515
-1
500
447
451
500
500
441
512
500
499
499
499
-1
499
500
499
446
499
499
499
499
501
432
499
498
502
433
499
500
435
500
499
499
500
500
500
499
577
499
499
447
500
499
499
499
498
447
452
449
459
499
446
499
435
499
379
499
501
500
499
499
531
500
445
499
500
447
456
497
499
498
501
271
444
500
346
440
431
477
500
500
500
533
528
448
500
514
522
499
500
499
503
501
499
500
500
972
819
497
539
502
457
500
499
504
447
499
433
500
499
-1
499
499
499
500
509
481
452
-1
499
500
500
500
503
500
497
-1
-1
-1
499
499
528
498
499
500
815
490
500
517
500
500
-1
499
500
-1
499
499
499
440
423
499
500
436
499
499
499
500
499
500
500
500
518
528
540
500
499
459
499
447
500
452
499
499
497
510
505
499
535
500
443
432
112
441
446
460
501
500
498
499
3
499
500
-1
506
500
500
445
502
500
443
524
500
465
526
500
471
499
445
499
500
453
536
434
499
499
498
497
447
498
443
497
500
500
499
503
500
500
538
500
440
434
462
432
499
498
500
499
500
500
500
500
500
499
501
399
499
499
445
500
503
499
504
867
-1
500
395
500
522
-1
503
500
499
504
428
499
500
507
470
504
499
457
500
432
-1
499
500
499
500
498
433
499
523
501
453
500
499
500
499
499
498
511
499
874
500
499
499
499
499
499
500
432
499
498
468
417
500
500
267
499
499
500
-1
500
188
499
499
501
431
500
467
500
500
499
503
499
977
500
433
500
409
500
500
499
442
500
494
501
446
500
448
501
500
498
434
499
499
498
450
504
499
500
500
448
500
499
499
515
500
500
443
501
499
500
500
499
548
499
500
500
499
499
500
499
500
500
500
527
449
434
500
506
500
499
500
-1
498
451
500
57
500
951
500
499
503
446
498
499
500
499
500
499
495
500
499
435
498
500
523
500
508
90
500
501
500
448
500
445
500
500
502
500
500
499
499
500
500
500
499
500
675
504
500
499
500
499
499
453
523
498
500
-1
495
442
499
499
494
509
-1
501
499
499
499
500
499
363
18
501
455
466
499
500
521
499
498
502
499
18
515
500
500
435
501
500
499
-1
500
461
500
500
499
497
532
502
498
500
499
500
500
511
-1
436
504
499
500
499
541
499
500
500
500
511
500
501
502
499
499
499
499
499
500
500
500
522
500
-1
500
445
503
500
499
500
487
503
499
499
490
530
499
501
-1
499
499
500
434
499
500
499
492
433
498
500
499
499
499
499
450
501
488
448
500
499
499
500
464
984
496
502
499
466
499
500
493
500
444
539
504
500
499
486
-1
520
445
500
503
499
792
449
500
499
499
446
499
499
499
504
500
431
499
499
500
501
500
498
509
499
500
500
500
499
503
500
470
500
499
499
458
499
452
500
497
499
499
499
500
499
500
433
500
499
499
500
536
499
449
496
500
499
499
500
499
504
499
500
547
500
526
500
499
500
500
514
499
528
467
497
499
500
498
498
499
522
500
500
499
500
464
497
501
500
500
502
500
491
498
500
404
436
500
500
500
500
500
498
499
500
498
-1
499
500
529
497
499
499
495
-1
500
500
500
500
500
499
499
499
412
502
500
499
500
499
500
499
464
500
499
500
500
500
495
-1
445
501
498
347
499
499
499
500
499
499
505
502
500
500
499
499
498
500
504
466
500
500
499
499
448
499
499
500
517
499
500
499
501
499
500
875
500
499
500
463
499
500
499
500
-1
500
499
978
14
500
499
501
440
505
500
502
530
419
499
497
498
436
499
499
-1
752
871
499
499
499
-1
500
500
499
499
396
512
502
500
498
499
499
497
500
500
499
536
606
526
446
446
499
499
500
507
519
499
499
451
499
501
499
496
499
515
499
449
500
495
500
499
498
499
500
503
501
502
499
495
499
501
500
500
444
500
499
440
425
499
445
499
522
499
503
525
515
499
499
499
506
499
499
500
460
500
504
555
522
499
500
500
499
500
434
-1
-1
500
500
934
-1
500
429
494
448
498
500
500
-1
506
500
499
500
499
500
501
500
533
500
500
982
499
499
499
499
499
-1
499
500
500
436
-1
534
411
506
498
460
499
498
500
500
500
499
500
499
501
499
499
499
414
447
500
262
498
500
500
952
496
528
507
500
499
496
501
501
-1
499
500
445
499
496
500
500
499
498
499
499
503
500
499
499
498
502
500
416
502
500
498
446
499
-1
499
500
432
499
499
471
445
499
104
499
500
412
499
453
500
499
499
526
501
494
499
500
500
500
499
500
500
500
446
521
449
502
496
499
500
537
499
500
504
739
519
460
506
498
499
444
-1
499
499
500
444
499
499
500
500
500
499
499
490
434
499
499
499
499
443
499
505
501
499
499
514
500
499
499
500
500
500
757
452
500
500
499
500
499
446
500
499
500
435
500
499
500
499
499
500
495
499
500
448
500
499
-1
402
500
501
500
502
443
-1
500
501
452
498
428
449
500
500
500
499
500
504
499
433
-1
500
500
528
500
433
499
500
502
451
500
499
443
536
424
499
499
500
31
496
497
462
500
499
500
500
499
500
506
499
464
499
502
500
500
500
433
499
500
500
503
500
500
499
499
499
499
500
498
872
526
431
499
499
500
500
-1
499
499
500
265
500
500
448
500
-1
499
499
499
445
500
499
499
497
499
526
499
455
499
500
500
500
-1
523
500
496
425
506
500
499
500
499
453
-1
433
498
499
873
258
453
500
496
500
499
444
500
381
500
-1
444
500
500
499
499
499
500
502
500
499
500
-1
881
499
500
493
499
501
499
460
500
499
468
500
-1
500
499
499
500
499
426
499
951
499
509
499
499
679
448
499
494
-1
499
428
407
500
498
430
432
499
499
499
499
499
500
499
495
639
532
467
-1
499
500
445
499
814
498
929
499
500
-1
527
505
499
499
495
500
500
499
500
515
500
499
499
-1
504
545
526
500
497
501
513
499
498
499
499
-1
499
447
498
500
499
499
500
449
499
499
445
523
434
379
496
500
571
511
501
499
500
501
500
500
523
500
381
499
500
431
515
-1
451
499
434
501
500
451
505
18
500
500
448
509
454
500
459
544
502
497
498
498
437
500
499
500
500
504
500
498
502
448
500
499
496
501
17
501
445
499
505
495
436
500
502
500
500
501
499
-1
499
500
444
499
-1
499
500
441
499
500
517
499
415
443
498
501
500
496
429
498
260
500
496
443
500
499
500
438
501
501
500
445
499
499
499
499
499
497
443
499
498
500
-1
504
503
509
502
444
499
499
499
441
501
500
500
498
499
513
430
502
499
500
499
500
500
447
409
499
499
500
504
499
494
499
500
498
440
499
500
499
499
499
497
500
499
-1
500
499
499
433
499
500
501
512
500
499
-1
499
466
502
453
499
427
498
502
500
498
502
499
498
500
495
-1
500
499
448
500
446
499
453
425
500
444
500
422
499
497
500
-1
502
497
500
499
445
500
556
499
500
499
502
496
450
504
481
500
498
500
500
499
502
499
500
500
-1
445
446
500
500
499
499
464
499
562
420
499
466
499
500
500
500
-1
509
505
498
499
496
496
-1
499
503
499
499
499
500
499
496
503
500
-1
523
499
412
526
499
499
500
531
500
499
499
531
500
499
519
500
499
500
507
499
434
500
500
500
497
499
500
496
500
499
500
500
499
495
425
501
500
-1
523
501
501
500
500
499
499
500
527
500
513
499
498
-1
444
500
500
445
430
503
500
429
500
501
497
444
460
525
500
434
511
511
499
500
500
499
500
496
499
499
496
500
499
495
500
499
498
433
500
500
-1
500
435
499
498
500
500
487
498
499
499
500
500
499
500
499
500
421
438
500
499
500
500
512
500
500
501
500
499
497
191
500
496
500
500
499
435
500
499
504
500
513
376
499
499
500
502
500
502
399
499
497
500
973
500
499
500
500
494
499
497
499
499
499
500
496
499
468
464
500
439
500
499
-1
498
407
500
463
-1
539
499
506
465
500
498
-1
500
499
499
499
500
499
449
517
539
499
433
500
502
500
500
499
500
502
-1
804
466
499
449
455
500
520
497
500
499
499
499
450
530
507
500
434
516
500
501
435
500
499
500
500
499
498
500
494
499
500
500
500
-1
498
500
499
453
498
499
-1
501
500
440
500
500
500
499
