 0.10000	 19.39404678	196.51678467	207.37171936	 20.58248520	195.82299805	207.96818542	           0	           2
 0.10000	 21.24245453	195.26254272	208.21115112	 22.15955162	194.08610535	208.36445618	          -1	           3
 0.10000	 22.83481407	193.56060791	208.63969421	 24.07119751	193.08071899	209.33895874	          -2	           4
 0.10000	 24.67975426	192.72471619	209.89585876	 25.43041611	192.07702637	211.02032471	          -3	           5
 0.10000	 25.93200874	191.75396729	211.69131470	 26.81816673	191.32058716	212.81965637	          -4	           6
 0.10000	 27.41151428	191.02265930	213.42318726	 28.48661804	190.45744324	214.30099487	          -5	           7
 0.10000	 29.17919350	190.23808289	214.82713318	 30.39635658	190.07624817	215.68594360	          -6	           8
 0.10000	 31.13458061	189.97438049	216.18472290	 32.38819504	189.81219482	216.98933411	          -7	           9
 0.10000	 33.13549042	189.68951416	217.46990967	 34.37068939	189.45375061	218.28504944	          -8	          10
 0.10000	 35.13592148	189.18603516	218.66972351	 36.42946625	188.55899048	219.09355164	          -9	          11
 0.10000	 37.06452942	188.05914307	219.48387146	 37.81116867	187.03584290	220.28489685	         -10	          12
 0.10000	 38.27587128	186.47808838	220.81240845	 39.03532791	185.67741394	221.82649231	         -11	          13
 0.10000	 39.49127960	185.00440979	222.20686340	 40.18903732	183.69303894	222.40609741	         -12	          14
 0.10000	 40.53604126	182.87568665	222.53489685	 40.98894882	181.45825195	222.71180725	         -13	          15
 0.10000	 41.26607895	180.63133240	222.92121887	 41.73185730	179.29364014	223.41001892	         -14	          16
 0.10000	 41.97607040	178.55801392	223.86140442	 42.28337097	177.49635315	224.87322998	         -15	          17
 0.10000	 42.62537384	176.85469055	225.39839172	 43.42861176	175.81553650	226.11972046	         -16	          18
 0.10000	 43.88274002	175.19747925	226.58399963	 44.61237717	174.16517639	227.38822937	         -17	          19
 0.10000	 45.10481644	173.58830261	227.86668396	 45.99489975	172.69657898	228.67791748	         -18	          20
 0.10000	 46.65992355	172.23817444	229.06829834	 47.95313263	171.62915039	229.51815796	         -19	          21
 0.10000	 48.71737671	171.34146118	229.88999939	 49.98551941	171.05561829	230.63578796	         -20	          22
 0.10000	 50.64577484	170.65763855	231.09577942	 51.51830292	169.67808533	231.82115173	         -21	          23
 0.10000	 51.89258575	169.10887146	232.40634155	 52.12175751	168.18359375	233.56335449	         -22	          24
 0.10000	 52.55130386	167.79301453	234.24870300	 53.63193893	167.49623108	235.24441528	         -23	          25
 0.10000	 54.17405701	167.37695312	235.95039368	 54.91264725	167.27763367	237.25097656	         -24	          26
 0.10000	 55.36851120	167.49009705	237.99470520	 56.04075623	168.28993225	239.06948853	         -25	          27
 0.10000	 56.51934052	168.66452026	239.72993469	 57.43875885	169.10284424	240.82937622	         -26	          28
 0.10000	 57.88241196	169.59544373	241.43414307	 58.38365173	170.71598816	242.29394531	         -27	          29
 0.10000	 58.80236435	171.38099670	242.72711182	 59.63483810	172.51593018	243.24150085	         -28	          30
 0.10000	 60.22603226	173.06683350	243.63084412	 61.34843445	173.77679443	244.32460022	         -29	          31
 0.10000	 62.09579849	174.05302429	244.73579407	 63.42662430	174.24929810	245.39570618	         -30	          32
 0.10000	 64.21979523	174.22822571	245.81329346	 65.49483490	173.93096924	246.54194641	         -31	          33
 0.10000	 66.29045868	173.75474548	246.91648865	 67.63587189	173.40855408	247.47834778	         -32	          34
 0.10000	 68.52075958	173.33554077	247.60758972	 70.01054382	173.41816711	247.46669006	         -33	          35
 0.10000	 70.86386871	173.61169434	247.26701355	 72.15577698	174.14218140	246.72296143	         -34	          36
 0.10000	 72.81706238	174.63427734	246.36705017	 73.61819458	175.74787903	245.76284790	         -35	          37
 0.10000	 74.18832397	176.23132324	245.26531982	 75.21412659	176.69355774	244.27497864	         -36	          38
 0.10000	 75.66181183	177.11535645	243.62124634	 76.11534119	177.99517822	242.49595642	         -37	          39
 0.10000	 76.35688782	178.43823242	241.75407410	 76.67028046	179.07682800	240.43513489	         -38	          40
 0.10000	 76.86770630	179.39036560	239.61801147	 77.15594482	179.76593018	238.19609070	         -39	          41
 0.10000	 77.54050446	180.05743408	237.43957520	 78.47296906	180.62574768	236.41328430	         -40	          42
 0.10000	 79.07049561	180.85130310	235.78358459	 80.13240814	181.03622437	234.74270630	         -41	          43
 0.10000	 80.75821686	181.10981750	234.10488892	 81.78854370	181.17436218	233.01890564	         -42	          44
 0.10000	 82.37564850	181.10223389	232.34486389	 83.28833008	180.80479431	231.19433594	         -43	          45
 0.10000	 83.84163666	180.63801575	230.50883484	 84.77376556	180.36682129	229.36744690	         -44	          46
 0.10000	 85.34461212	180.23141479	228.68879700	 86.33731842	180.05073547	227.58064270	         -45	          47
 0.10000	 86.82544708	179.98918152	226.83006287	 87.39682770	179.95822144	225.44480896	         -46	          48
 0.10000	 87.94779968	180.05403137	224.74281311	 89.11501312	180.39326477	223.86604309	         -47	          49
 0.10000	 89.80384064	180.61048889	223.33374023	 90.94862366	181.00001526	222.44854736	         -48	          50
 0.10000	 91.65427399	181.32292175	221.99801636	 92.86260986	182.00292969	221.42935181	         -49	          51
 0.10000	 93.42675018	182.41159058	220.86390686	 94.00418854	183.06010437	219.64239502	         -50	          52
 0.10000	 94.37882996	183.44760132	218.92541504	 95.03096771	184.08102417	217.73408508	         -51	          53
 0.10000	 95.20218658	184.58447266	217.01129150	 95.08779907	185.57293701	215.89068604	         -52	          54
 0.10000	 95.09981537	186.15513611	215.20851135	 95.19984436	187.12188721	214.06799316	         -53	          55
 0.10000	 95.30537415	187.75427246	213.44056702	 95.52206421	188.89770508	212.49639893	         -54	          56
 0.10000	 95.87741852	189.50686646	211.94154358	 96.84282684	190.31101990	211.12445068	         -55	          57
 0.10000	 97.25853729	190.95358276	210.65522766	 97.66106415	192.24674988	210.01312256	         -56	          58
 0.10000	 98.03266907	192.87599182	209.49177551	 98.81240845	193.63047791	208.45777893	         -57	          59
 0.10000	 99.19721985	194.15264893	207.83763123	 99.75902557	195.07456970	206.79830933	         -58	          60
 0.10000	 99.90868378	195.57019043	206.06550598	 99.82067108	196.29643250	204.75761414	         -59	          61
 0.10000	 99.76433563	196.55384827	203.90010071	 99.62246704	196.65197754	202.41160583	         -60	          62
 0.10000	 99.54386139	196.72216797	201.52072144	 99.45046997	196.79499817	200.02670288	         -61	          63
 0.10000	 99.19561768	197.02912903	199.19857788	 98.47972870	197.70309448	198.06741333	         -62	          64
 0.10000	 98.06362915	198.07447815	197.36459351	 97.33532715	198.70730591	196.21768188	         -63	          65
 0.10000	 96.99616241	198.90730286	195.41105652	 96.60148621	198.86071777	193.96598816	         -64	          66
 0.10000	 96.46511841	199.13294983	193.12170410	 96.44498444	199.98190308	191.88673401	         -65	          67
 0.10000	 96.41524506	200.46615601	191.13200378	 96.37033844	201.29479980	189.88436890	         -66	          68
 0.10000	 96.24036407	201.66493225	189.07798767	 95.85985565	202.04920959	187.68072510	         -67	          69
 0.10000	 95.63146210	202.32720947	186.85997009	 95.23038483	202.82736206	185.50585938	         -68	          70
 0.10000	 94.99313354	203.11117554	184.68893433	 94.58394623	203.54882812	183.31536865	         -69	          71
 0.10000	 94.43079376	203.91003418	182.50827026	 94.39768219	204.65643311	181.20892334	         -70	          72
 0.10000	 94.10420990	205.14653015	180.51631165	 93.17938995	205.94029236	179.64338684	         -71	          73
 0.10000	 92.88437653	206.58393860	179.09059143	 92.87325287	207.81086731	178.22935486	         -72	          74
 0.10000	 92.63990021	208.57307434	177.81614685	 91.95724487	209.81835938	177.33659363	         -73	          75
 0.10000	 91.57077026	210.59071350	177.09228516	 90.90579987	211.89689636	176.77963257	         -74	          76
 0.10000	 90.66831970	212.74291992	176.59823608	 90.58074951	214.21276855	176.31983948	         -75	          77
 0.10000	 90.37500763	215.07002258	176.15277100	 89.78302002	216.41760254	175.87046814	         -76	          78
 0.10000	 89.67646790	217.29989624	175.74610901	 89.88851166	218.77932739	175.63697815	         -77	          79
 0.10000	 90.06945801	219.65556335	175.57679749	 90.48903656	221.09129333	175.49191284	         -78	          80
 0.10000	 90.73355103	221.95256042	175.45408630	 91.13240814	223.39598083	175.41284180	         -79	          81
 0.10000	 91.43134308	224.24104309	175.41909790	 92.01029205	225.62159729	175.48118591	         -80	          82
 0.10000	 92.34965515	226.45101929	175.51879883	 92.88214111	227.84893799	175.60945129	         -81	          83
 0.10000	 93.29509735	228.62724304	175.43875122	 94.09578705	229.71350098	174.78683472	         -82	          84
 0.10000	 94.56330872	230.41052246	174.46984863	 95.34645081	231.61180115	174.03472900	         -83	          85
 0.10000	 95.72674561	232.38935852	173.79934692	 96.17395782	233.77996826	173.46485901	         -84	          86
 0.10000	 96.62439728	234.51084900	173.20460510	 97.63328552	235.49687195	172.69938660	         -85	          87
 0.10000	 98.20722198	236.11766052	172.40010071	 99.12802887	237.18692017	171.89582825	         -86	          88
 0.10000	 99.71640015	237.78512573	171.57803345	100.78964996	238.65985107	171.00418091	         -87	          89
 0.10000	101.26983643	239.37046814	170.73864746	101.78892517	240.75067139	170.46925354	         -88	          90
 0.10000	101.84431458	241.61457825	170.22904968	101.38677979	242.97232056	169.78732300	         -89	          91
 0.10000	101.44300842	243.78720093	169.41346741	102.00994110	244.97232056	168.69142151	         -90	          92
 0.10000	102.31876373	245.70275879	168.27043152	102.81598663	246.90527344	167.52635193	         -91	          93
 0.10000	103.24515533	247.66632080	167.32015991	104.06916809	248.91432190	167.42054749	         -92	          94
 0.10000	104.71175385	249.54119873	167.42141724	105.98079681	250.33824158	167.39665222	         -93	          95
 0.10000	106.77421570	250.75633240	167.43496704	108.18170166	251.25234985	167.57438660	         -94	          96
 0.10000	108.91143799	251.76161194	167.69369507	109.82525635	252.91851807	167.96476746	         -95	          97
 0.10000	110.55927277	253.43077087	168.03492737	111.94539642	253.99890137	167.98745728	         -96	          98
 0.10000	112.83543396	254.11186218	168.00181580	114.31519318	253.88368225	168.06437683	         -97	          99
 0.10000	115.20356750	253.76318359	168.09240723	116.68607330	253.54782104	168.12377930	         -98	         100
 0.10000	117.57299042	253.42742920	168.17698669	119.05448914	253.25720215	168.32276917	         -99	         101
 0.10000	119.91516113	253.02043152	168.40866089	121.27600861	252.40649414	168.53639221	        -100	         102
 0.10000	122.09481049	252.07696533	168.69569397	123.45681000	251.57395935	169.06651306	        -101	         103
 0.10000	124.29559326	251.32679749	169.26763916	125.74103546	251.07476807	169.57334900	        -102	         104
 0.10000	126.53261566	250.68608093	169.74008179	127.63571167	249.69871521	169.97392273	        -103	         105
 0.10000	128.33685303	249.15588379	170.11289978	129.55339050	248.31159973	170.34339905	        -104	         106
 0.10000	130.32800293	247.88780212	170.50195312	131.68838501	247.33380127	170.79829407	        -105	         107
 0.10000	132.49226379	246.98014832	170.98187256	133.81759644	246.35578918	171.29801941	        -106	         108
 0.10000	134.66108704	246.07875061	171.43040466	136.12628174	245.78712463	171.55239868	        -107	         109
 0.10000	137.00718689	245.63314819	171.63542175	138.48251343	245.41574097	171.78958130	        -108	         110
 0.10000	139.36582947	245.28430176	171.88491821	140.83935547	245.06373596	172.04858398	        -109	         111
 0.10000	141.72021484	244.89384460	172.07543945	143.17677307	244.54931641	172.00131226	        -110	         112
 0.10000	144.03903198	244.31011963	171.94139099	145.46180725	243.85742188	171.81576538	        -111	         113
 0.10000	146.31422424	243.58853149	171.74063110	147.74160767	243.14927673	171.61579895	        -112	         114
 0.10000	148.56381226	242.79074097	171.58432007	149.87680054	242.06965637	171.63681030	        -113	         115
 0.10000	150.55448914	241.48136902	171.66642761	151.41386414	240.25343323	171.69509888	        -114	         116
 0.10000	152.05342102	239.64268494	171.85231018	153.26481628	238.93194580	172.37670898	        -115	         117
 0.10000	153.86694336	238.27511597	172.49240112	154.59437561	236.96928406	172.37672424	        -116	         118
 0.10000	154.89602661	236.14414978	172.18757629	155.05397034	234.72914124	171.71766663	        -117	         119
 0.10000	155.28999329	234.03039551	171.20402527	155.80175781	233.28987122	170.00495911	        -118	         120
 0.10000	156.19180298	232.68434143	169.46766663	156.98728943	231.52481079	168.94778442	        -119	         121
 0.10000	157.28834534	230.87438965	168.40612793	157.50437927	229.94647217	167.24864197	        -120	         122
 0.10000	157.42991638	229.36010742	166.57266235	156.91586304	228.42872620	165.51704407	        -121	         123
 0.10000	156.77478027	227.86079407	164.83717346	156.77694702	226.92127991	163.66995239	        -122	         124
 0.10000	156.77955627	226.33152771	162.99485779	156.79338074	225.31347656	161.89562988	        -123	         125
 0.10000	156.89657593	224.67420959	161.27513123	157.22700500	223.57804871	160.30824280	        -124	         126
 0.10000	157.40026855	222.80303955	159.89077759	157.62449646	221.37924194	159.48045349	        -125	         127
 0.10000	157.94424438	220.55470276	159.32766724	158.73406982	219.28457642	159.23077393	        -126	         128
 0.10000	159.30969238	218.61427307	159.38951111	160.38340759	217.76821899	160.00399780	        -127	         129
 0.10000	161.02209473	217.23828125	160.34461975	162.11433411	216.37872314	160.90455627	        -128	         130
 0.10000	162.66665649	215.75793457	161.24201965	163.41418457	214.58584595	161.80113220	        -129	         131
 0.10000	163.82533264	213.85920715	162.12889099	164.41766357	212.58340454	162.64588928	        -130	         132
 0.10000	164.77873230	211.91186523	163.11882019	165.36332703	210.99543762	164.15036011	        -131	         133
 0.10000	165.71513367	210.44218445	164.76200867	166.30633545	209.54609680	165.80751038	        -132	         134
 0.10000	166.67037964	208.90354919	166.31680298	167.28076172	207.69204712	166.95339966	        -133	         135
 0.10000	167.63555908	206.97471619	167.35777283	168.21008301	205.78907776	168.07141113	        -134	         136
 0.10000	168.53741455	205.04682922	168.45436096	169.08804321	203.76464844	169.00106812	        -135	         137
 0.10000	169.18507385	202.91960144	169.28688049	168.93275452	201.47790527	169.60939026	        -136	         138
 0.10000	168.79284668	200.63281250	169.87741089	168.52375793	199.28659058	170.47898865	        -137	         139
 0.10000	168.46549988	198.39790344	170.59153748	168.56590271	196.92414856	170.33830261	        -138	         140
 0.10000	168.55099487	196.02821350	170.29342651	168.44911194	194.53512573	170.36978149	        -139	         141
 0.10000	168.26301575	193.65983582	170.30433655	167.76625061	192.27702332	170.00907898	        -140	         142
 0.10000	167.34024048	191.48953247	169.94609070	166.40110779	190.32354736	170.01661682	        -141	         143
 0.10000	165.96081543	189.54145813	170.02905273	165.46374512	188.12768555	170.01058960	        -142	         144
 0.10000	164.98756409	187.36741638	170.03944397	163.91989136	186.32432556	170.17527771	        -143	         145
 0.10000	163.45819092	185.55503845	170.14503479	163.00337219	184.14421082	169.92350769	        -144	         146
 0.10000	162.75135803	183.29185486	169.80055237	162.37461853	181.85739136	169.58471680	        -145	         147
 0.10000	162.37994385	180.96238708	169.52090454	162.78901672	179.52062988	169.53500366	        -146	         148
 0.10000	162.92480469	178.63403320	169.55886841	163.00727844	177.14060974	169.65031433	        -147	         149
 0.10000	163.07730103	176.24882507	169.58035278	163.22596741	174.79652405	169.24124146	        -148	         150
 0.10000	163.23277283	173.90275574	169.16227722	163.08247375	172.41291809	169.22389221	        -149	         151
 0.10000	163.09347534	171.51947021	169.30345154	163.24732971	170.04501343	169.52178955	        -150	         152
 0.10000	163.31181335	169.16122437	169.66230774	163.37226868	167.68786621	169.93023682	        -151	         153
 0.10000	163.51057434	166.80111694	169.92884827	163.87431335	165.37307739	169.65512085	        -152	         154
 0.10000	164.04780579	164.51646423	169.45167542	164.26651001	163.09497070	169.03085327	        -153	         155
 0.10000	164.41851807	162.25532532	168.75529480	164.70574951	160.87133789	168.25819397	        -154	         156
 0.10000	164.83770752	160.03248596	167.96905518	164.99130249	158.62374878	167.48129272	        -155	         157
 0.10000	165.05397034	157.73348999	167.38905334	165.10900879	156.24943542	167.59016418	        -156	         158
 0.10000	165.08412170	155.35922241	167.69714355	164.92063904	153.88221741	167.89096069	        -157	         159
 0.10000	164.96942139	152.98678589	167.91082764	165.28771973	151.52833557	167.77886963	        -158	         160
 0.10000	165.43785095	150.65014648	167.67529297	165.65075684	149.18162537	167.46592712	        -159	         161
 0.10000	165.69262695	148.34669495	167.13987732	165.62339783	147.11021423	166.29588318	        -160	         162
 0.10000	165.53593445	146.36018372	165.81170654	165.30186462	145.11038208	165.01911926	        -161	         163
 0.10000	165.12460327	144.38011169	164.53025818	164.78150940	143.18598938	163.69265747	        -162	         164
 0.10000	164.43859863	142.52703857	163.18998718	163.64837646	141.55502319	162.36764526	        -163	         165
 0.10000	163.21426392	140.95191956	161.86576843	162.54321289	139.90678406	161.02729797	        -164	         166
 0.10000	162.14302063	139.41505432	160.39236450	161.50328064	138.84356689	159.16352844	        -165	         167
 0.10000	161.15731812	138.53529358	158.39541626	160.71772766	138.08006287	157.03700256	        -166	         168
 0.10000	160.24971008	137.97106934	156.27920532	159.19427490	138.08413696	155.22131348	        -167	         169
 0.10000	158.58726501	138.13476562	154.56295776	157.58061218	138.22093201	153.45660400	        -168	         170
 0.10000	157.00465393	138.23149109	152.76924133	156.07829285	138.16764832	151.59298706	        -169	         171
 0.10000	155.74302673	138.14668274	150.76094055	155.64115906	138.15998840	149.26585388	        -170	         172
 0.10000	155.39451599	138.01162720	148.41589355	154.76138306	137.51768494	147.15046692	        -171	         173
 0.10000	154.29313660	137.25588989	146.43116760	153.36729431	136.87513733	145.31584167	        -172	         174
 0.10000	152.73716736	136.55963135	144.76031494	151.56576538	135.92628479	144.07289124	        -173	         175
 0.10000	151.02619934	135.45088196	143.53634644	150.44978333	134.54010010	142.49520874	        -174	         176
 0.10000	150.04789734	134.01139832	141.89241028	149.32186890	133.15315247	140.90184021	        -175	         177
 0.10000	149.02137756	132.55822754	140.30207825	148.75096130	131.46563721	139.31320190	        -176	         178
 0.10000	148.57917786	130.82293701	138.71218872	148.31907654	129.73280334	137.71751404	        -177	         179
 0.10000	147.96554565	129.23927307	137.05735779	147.08992004	128.75222778	135.94300842	        -178	         180
 0.10000	146.57722473	128.45063782	135.27191162	145.71594238	127.93801117	134.15785217	        -179	         181
 0.10000	145.15490723	127.73937225	133.48614502	144.14057922	127.66582489	132.38504028	        -180	         182
 0.10000	143.59492493	127.32785034	131.75692749	142.85429382	126.39304352	130.84867859	        -181	         183
 0.10000	142.51702881	125.66674805	130.44168091	142.19432068	124.23838806	130.12107849	        -182	         184
 0.10000	142.10757446	123.44332886	129.71247864	142.17033386	122.30998230	128.73341370	        -183	         185
 0.10000	142.25503540	121.50500488	128.34527588	142.47019958	120.05338287	128.04103088	        -184	         186
 0.10000	142.73777771	119.23362732	127.79388428	143.39195251	117.96357727	127.34164429	        -185	         187
 0.10000	143.82510376	117.24951935	127.01498413	144.63444519	116.16384888	126.37365723	        -186	         188
 0.10000	145.07121277	115.48355103	125.98519897	145.78117371	114.34404755	125.31937408	        -187	         189
 0.10000	145.92503357	113.54327393	124.94058990	145.67504883	112.16088104	124.41853333	        -188	         190
 0.10000	145.46635437	111.36366272	124.06398773	144.96011353	110.09686279	123.44382477	        -189	         191
 0.10000	144.61096191	109.35844421	123.07324219	143.91889954	108.18974304	122.44027710	        -190	         192
 0.10000	143.65148926	107.38282013	122.15380859	143.45562744	105.92855072	121.84986115	        -191	         193
 0.10000	143.41798401	105.05250549	121.66094971	143.49476624	103.58934784	121.34640503	        -192	         194
 0.10000	143.70883179	102.73436737	121.17860413	144.34690857	101.39960480	120.93980408	        -193	         195
 0.10000	144.70454407	100.59185028	120.78385925	145.27821350	 99.23777008	120.49602509	        -194	         196
 0.10000	145.58691406	 98.40381622	120.37903595	146.03988647	 96.97939301	120.27374268	        -195	         197
 0.10000	146.31045532	 96.12524414	120.23103333	146.77104187	 94.69953156	120.20048523	        -196	         198
 0.10000	146.94784546	 93.82012939	120.21403503	147.06365967	 92.32767487	120.28256226	        -197	         199
 0.10000	147.16276550	 91.44833374	120.43013000	147.36421204	 90.03372192	120.88188171	        -198	         200
 0.10000	147.48097229	 89.14813232	120.96544647	147.65376282	 87.66967773	120.79148102	        -199	         201
 0.10000	147.82722473	 86.79585266	120.68565369	148.24722290	 85.37178802	120.48197174	        -200	         202
 0.10000	148.38404846	 84.49607086	120.34124756	148.48643494	 83.02419281	120.07753754	        -201	         203
 0.10000	148.27281189	 82.16711426	119.91671753	147.42852783	 80.95227814	119.67517090	        -202	         204
 0.10000	147.13496399	 80.12796021	119.47318268	146.91735840	 78.70372772	119.05947876	        -203	         205
 0.10000	147.06562805	 77.85485840	118.80756378	147.79544067	 76.60787201	118.40892792	        -204	         206
 0.10000	148.15425110	 75.82028961	118.17083740	148.71356201	 74.48076630	117.79723358	        -205	         207
 0.10000	148.87904358	 73.67079926	117.44734192	148.81678772	 72.39177704	116.66834259	        -206	         208
 0.10000	148.96716309	 71.58955383	116.29466248	149.53826904	 70.27799225	115.84706116	        -207	         209
 0.10000	149.59759521	 69.45006561	115.50507355	149.25851440	 68.13546753	114.87001801	        -208	         210
 0.10000	149.02787781	 67.32322693	114.56572723	148.48591614	 65.98762512	114.15507507	        -209	         211
 0.10000	148.38432312	 65.10311890	114.04148102	148.55299377	 63.61529922	114.10529327	        -210	         212
 0.10000	148.80218506	 62.75362778	114.12749481	149.48524475	 61.41975403	114.13983154	        -211	         213
 0.10000	149.88002014	 60.63012314	114.29969025	150.53919983	 59.38761139	114.81684113	        -212	         214
 0.10000	150.88308716	 58.60144806	115.07907104	151.31993103	 57.21603394	115.44773102	        -213	         215
 0.10000	151.83343506	 56.54746246	115.75510406	153.00076294	 55.82223892	116.35277557	        -214	         216
 0.10000	153.67744446	 55.34820938	116.70140076	154.80659485	 54.56185532	117.29428864	        -215	         217
 0.10000	155.44604492	 53.98040009	117.53287506	156.41433716	 52.85329819	117.72558594	        -216	         218
 0.10000	156.99896240	 52.18535233	117.85182953	157.97921753	 51.06913376	118.04725647	        -217	         219
 0.10000	158.57513428	 50.44491196	118.29109192	159.55343628	 49.48533630	118.89756012	        -218	         220
 0.10000	160.26504517	 49.06550217	119.24740601	161.58744812	 48.65491486	119.82051086	        -219	         221
 0.10000	162.44647217	 48.50553513	120.03153229	163.93836975	 48.43114090	120.15013123	        -220	         222
 0.10000	164.82611084	 48.52884293	120.23003387	166.26051331	 48.94554520	120.34893036	        -221	         223
 0.10000	167.13433838	 49.11220169	120.46102905	168.60646057	 49.26052475	120.69762421	        -222	         224
 0.10000	169.45957947	 49.42453766	120.92074585	170.80560303	 49.83943176	121.43237305	        -223	         225
 0.10000	171.64985657	 49.92176437	121.72441864	173.05834961	 49.75092697	122.20725250	        -224	         226
 0.10000	173.94169617	 49.82712173	122.34497070	175.39236450	 50.19735718	122.27597809	        -225	         227
 0.10000	176.22891235	 50.49993134	122.39299011	177.53326416	 51.11830521	122.79585266	        -226	         228
 0.10000	178.20388794	 51.63507462	123.09306335	179.08052063	 52.70501709	123.66957092	        -227	         229
 0.10000	179.58569336	 53.33598328	124.05823517	180.37860107	 54.37343979	124.79332733	        -228	         230
 0.10000	180.82836914	 55.05608368	125.16180420	181.53123474	 56.27440262	125.67816162	        -229	         231
 0.10000	182.00215149	 57.01315308	125.86857605	182.86920166	 58.23092651	125.96774292	        -230	         232
 0.10000	183.34809875	 58.98543549	126.03842163	184.08760071	 60.28293228	126.15925598	        -231	         233
 0.10000	184.49305725	 61.08018494	126.22686005	185.13513184	 62.42820358	126.35541534	        -232	         234
 0.10000	185.32640076	 63.30192566	126.28010559	185.26544189	 64.74404144	125.87633514	        -233	         235
 0.10000	185.34425354	 65.63501740	125.80166626	185.57629395	 67.10936737	125.93784332	        -234	         236
 0.10000	185.89338684	 67.94577026	126.01020813	186.68626404	 69.21300507	126.11721039	        -235	         237
 0.10000	187.27310181	 69.86196899	126.31646729	188.40618896	 70.68598938	126.84846497	        -236	         238
 0.10000	189.10160828	 71.16643524	127.14867401	190.29486084	 71.92906189	127.63812256	        -237	         239
 0.10000	191.00988770	 72.38118744	127.93439484	192.22494507	 73.11303711	128.41696167	        -238	         240
 0.10000	192.85423279	 73.59246063	128.83883667	193.70729065	 74.41933441	129.75161743	        -239	         241
 0.10000	194.22604370	 74.94358826	130.26159668	195.04243469	 75.88004303	131.09950256	        -240	         242
 0.10000	195.72622681	 76.36830139	131.41441345	197.07583618	 76.99590302	131.58955383	        -241	         243
 0.10000	197.92199707	 77.29399109	131.58178711	199.36691284	 77.63242340	131.37434387	        -242	         244
 0.10000	200.21516418	 77.82961273	131.16134644	201.59539795	 78.10208893	130.64579773	        -243	         245
 0.10000	202.41958618	 78.32144165	130.36820984	203.79310608	 78.74371338	129.94282532	        -244	         246
 0.10000	204.56684875	 79.11962128	129.68727112	205.74539185	 79.96307373	129.30528259	        -245	         247
 0.10000	206.40597534	 80.33019257	128.82070923	207.30255127	 80.65274048	127.66367340	        -246	         248
 0.10000	207.86145020	 80.92276764	127.01541138	208.81112671	 81.50836945	126.01467133	        -247	         249
 0.10000	209.35710144	 81.59398651	125.30764771	210.15644836	 81.29981995	124.07456970	        -248	         250
 0.10000	210.58639526	 81.16847229	123.29845428	211.20982361	 80.97018433	121.95037079	        -249	         251
 0.10000	211.60404968	 80.89788818	121.14824677	212.29270935	 80.86328888	119.81809998	        -250	         252
 0.10000	212.70214844	 80.78157043	119.02458954	213.38240051	 80.55001068	117.70973206	        -251	         253
 0.10000	213.79653931	 80.42068481	116.92466736	214.49420166	 80.27686310	115.60618591	        -252	         254
 0.10000	214.97184753	 79.91658020	114.93743134	215.78269958	 78.92460632	114.16002655	        -253	         255
 0.10000	216.26696777	 78.34876251	113.67152405	217.05760193	 77.36587524	112.86260223	        -254	         256
 0.10000	217.62521362	 76.86054230	112.38601685	218.69799805	 76.18109131	111.59037018	        -255	         257
 0.10000	219.40060425	 75.71579742	111.28266907	220.62097168	 74.86605072	111.09645081	        -256	         258
 0.10000	221.42585754	 74.52230835	110.89868927	222.83653259	 74.21415710	110.49767303	        -257	         259
 0.10000	223.63941956	 74.17170715	110.09912872	224.83227539	 74.40715027	109.22288513	        -258	         260
 0.10000	225.49743652	 74.35518646	108.62254333	226.43310547	 73.96064758	107.52021027	        -259	         261
 0.10000	227.05331421	 73.91143036	106.87358856	228.11738586	 74.11207581	105.83773804	        -260	         262
 0.10000	228.74299622	 74.18701172	105.19948578	229.79537964	 74.25905609	104.13510895	        -261	         263
 0.10000	230.30462646	 74.34573364	103.40189362	230.95040894	 74.51291656	102.06005096	        -262	         264
 0.10000	231.17436218	 74.74131775	101.22206116	231.25518799	 75.30252838	 99.83502197	        -263	         265
 0.10000	231.14163208	 75.67025757	 99.02500153	230.66307068	 76.32708740	 97.76616669	        -264	         266
 0.10000	230.38882446	 76.71652222	 97.00656891	229.91018677	 77.36647034	 95.74427032	        -265	         267
 0.10000	229.74282837	 77.75557709	 94.95404816	229.68255615	 78.39824677	 93.60197449	        -266	         268
 0.10000	229.54382324	 78.75473022	 92.79105377	229.18406677	 79.27431488	 91.43248749	        -267	         269
 0.10000	228.87463379	 79.67302704	 90.69106293	228.16819763	 80.45526886	 89.62586212	        -268	         270
 0.10000	227.93516541	 80.98350525	 88.93919373	227.84562683	 81.93558502	 87.78542328	        -269	         271
 0.10000	227.94625854	 82.46272278	 87.06658173	228.39842224	 83.22721100	 85.85972595	        -270	         272
 0.10000	228.62924194	 83.71379852	 85.14248657	228.95788574	 84.58246613	 83.96646881	        -271	         273
 0.10000	229.25927734	 84.90933990	 83.18720245	229.90901184	 85.06523895	 81.84583282	        -272	         274
 0.10000	230.26249695	 85.30937958	 81.05808258	230.82226562	 85.90287018	 79.80091095	        -273	         275
 0.10000	231.03594971	 86.32897186	 79.04046631	231.13546753	 87.14070892	 77.78442383	        -274	         276
 0.10000	231.37712097	 87.72106171	 77.14335632	231.98197937	 88.81665039	 76.31817627	        -275	         277
 0.10000	232.55682373	 89.36553955	 75.89958191	233.85206604	 89.97338867	 75.45176697	        -276	         278
 0.10000	234.42182922	 90.57315063	 75.10137177	235.00891113	 91.78974915	 74.45130157	        -277	         279
 0.10000	235.17829895	 92.63166046	 74.18875122	235.05566406	 94.11519623	 74.01266479	        -278	         280
 0.10000	235.09454346	 94.99085236	 73.81842804	235.22009277	 96.42494202	 73.40086365	        -279	         281
 0.10000	235.51693726	 97.22313690	 73.11643219	236.32048035	 98.38016510	 72.60388184	        -280	         282
 0.10000	236.95129395	 98.95764923	 72.32966614	238.26112366	 99.58304596	 71.95491028	        -281	         283
 0.10000	238.85565186	100.21949005	 71.73602295	239.47586060	101.55009460	 71.43324280	        -282	         284
 0.10000	239.79077148	102.36268616	 71.21759033	240.11386108	103.77519989	 70.83423615	        -283	         285
 0.10000	240.53695679	104.51762390	 70.55963135	241.54084778	105.51199341	 70.05986786	        -284	         286
 0.10000	242.18382263	106.10042572	 69.84664917	243.36549377	106.99741364	 69.63498688	        -285	         287
 0.10000	243.93003845	107.67783356	 69.48384094	244.61132812	108.98526001	 69.21606445	        -286	         288
 0.10000	245.05114746	109.74141693	 69.01972198	245.81515503	110.97491455	 68.64638519	        -287	         289
 0.10000	246.30705261	111.68665314	 68.41167450	247.19078064	112.82231903	 67.99450684	        -288	         290
 0.10000	247.65147400	113.57322693	 67.82797241	248.29307556	114.92057800	 67.69402313	        -289	         291
 0.10000	248.67898560	115.72558594	 67.60879517	249.31817627	117.07305145	 67.46305084	        -290	         292
 0.10000	249.78089905	117.83995819	 67.41177368	250.69029236	119.03029633	 67.36316681	        -291	         293
 0.10000	251.17582703	119.77455139	 67.49102783	251.83171082	121.01026917	 68.02932739	        -292	         294
 0.10000	252.36004639	121.73531342	 68.07136536	253.32591248	122.80622101	 67.66223145	        -293	         295
 0.10000	254.02436829	123.35825348	 67.54461670	255.35345459	124.05080414	 67.57304382	        -294	         296
 0.10000	256.05114746	124.53562164	 67.28240204	256.94967651	125.33149719	 66.38481140	        -295	         297
 0.10000	257.49884033	125.81512451	 65.86596680	258.41952515	126.62764740	 65.00732422	        -296	         298
 0.10000	258.98846436	127.06359863	 64.46944427	259.97189331	127.70761871	 63.54096222	        -297	         299
 0.10000	260.54733276	128.03602600	 62.93783951	261.48184204	128.44697571	 61.84165573	        -298	         300
 0.10000	261.95578003	128.80403137	 61.16994095	262.60333252	129.51571655	 60.02152634	        -299	         301
 0.10000	262.97384644	130.05529785	 59.40864563	263.57318115	131.12371826	 58.54584122	        -300	         302
 0.10000	263.78869629	131.80638123	 58.00533676	263.94262695	133.00025940	 57.11258698	        -301	         303
 0.10000	263.82131958	133.71542358	 56.58407593	263.25183105	134.84202576	 55.77617645	        -302	         304
 0.10000	262.92080688	135.53338623	 55.30940628	262.35061646	136.68919373	 54.54406738	        -303	         305
 0.10000	261.93597412	137.45439148	 54.32402039	261.21099854	138.76289368	 54.41878510	        -304	         306
 0.10000	260.60086060	139.42044067	 54.38721085	259.35333252	140.24275208	 54.27136612	        -305	         307
 0.10000	258.58316040	140.66871643	 54.09648895	257.27102661	141.21633911	 53.62274551	        -306	         308
 0.10000	256.41476440	141.38165283	 53.41292953	254.93609619	141.38615417	 53.17158127	        -307	         309
 0.10000	254.06266785	141.18794250	 53.12717438	252.72366333	140.52407837	 53.23455429	        -308	         310
 0.10000	251.89965820	140.17355347	 53.27855682	250.50628662	139.62565613	 53.33876419	        -309	         311
 0.10000	249.64375305	139.39306641	 53.41693497	248.17852783	139.15916443	 53.62676239	        -310	         312
 0.10000	247.28320312	139.10876465	 53.66141891	245.78730774	139.18243408	 53.60245895	        -311	         313
 0.10000	244.91741943	139.23571777	 53.38618088	243.58279419	139.33395386	 52.71067047	        -312	         314
 0.10000	242.75195312	139.52658081	 52.42807007	241.36410522	140.03750610	 52.18106079	        -313	         315
 0.10000	240.66290283	140.41958618	 51.76821136	239.83123779	141.13600159	 50.74660492	        -314	         316
 0.10000	239.23843384	141.60383606	 50.25847244	238.16752625	142.43801880	 49.62076950	        -315	           0
