0.00030115
0.00037384
0.00049352
0.00049352
0.00042210
0.00032744
0.00037561
0.00037561
0.00032686
0.00034585
0.00085286
0.00127051
0.00127051
0.00116502
0.00058516
0.00054626
0.00062962
0.00093614
0.00093614
0.00064574
0.00038552
0.00030932
0.00103220
0.00134852
0.00173443
0.00183067
0.00187953
0.00203145
0.00203145
0.00241109
0.00288388
0.00288388
0.00241458
0.00193636
0.00193026
0.00147136
0.00121282
0.00086410
0.00053686
0.00053686
0.00044838
0.00045711
0.00045711
0.00038708
0.00067008
0.00082087
0.00100382
0.00100382
0.00083494
0.00059685
0.00102406
0.00154179
0.00176371
0.00202256
0.00202256
0.00146945
0.00112423
0.00063550
0.00063550
0.00069292
0.00069292
0.00048951
0.00072232
0.00072232
0.00044587
0.00031945
0.00040813
0.00040813
0.00032987
0.00053457
0.00053457
0.00039373
0.00028878
0.00028178
0.00046701
0.00076043
0.00076043
0.00075965
0.00043410
0.00041846
0.00043656
0.00043656
0.00031294
0.00042444
0.00042444
0.00039828
0.00075972
0.00108712
0.00108712
0.00083016
0.00062231
0.00047638
0.00040902
0.00031847
0.00030158
0.00054209
0.00082700
0.00082700
0.00030070
0.00030070
0.00052642
0.00052642
0.00035819
0.00053080
0.00066647
0.00066647
0.00050060
0.00030902
0.00058318
0.00058318
0.00046127
0.00047603
0.00127831
0.00217630
0.00239127
0.00239127
0.00225264
0.00176222
0.00088173
0.00069732
0.00056875
0.00025934
0.00039809
0.00039809
0.00027070
0.00051110
0.00051110
0.00050220
0.00041470
0.00039221
0.00030429
0.00055491
0.00055491
0.00033202
0.00033202
0.00043129
0.00043129
0.00041351
0.00028372
0.00056727
0.00122557
0.00217103
0.00287525
0.00319817
0.00319817
0.00329634
0.00333603
0.00333603
0.00330614
0.00322457
0.00231840
0.00141951
0.00131480
0.00131480
0.00105521
0.00087993
0.00087993
0.00083071
0.00086973
0.00104731
0.00156195
0.00180888
0.00201456
0.00201456
0.00184888
0.00134573
0.00054325
0.00043640
0.00042894
0.00045146
0.00045146
0.00032573
0.00037272
0.00037272
0.00051044
0.00051044
0.00074479
0.00074479
0.00070537
0.00064220
0.00063981
0.00063981
0.00061042
0.00057303
0.00059926
0.00059926
0.00054231
0.00101541
0.00101541
0.00050999
0.00050243
0.00052171
0.00062808
0.00062808
0.00061394
0.00062443
0.00062443
0.00058315
0.00049145
0.00064034
0.00151695
0.00215204
0.00237444
0.00237444
0.00211049
0.00171888
0.00171888
0.00135539
0.00131716
0.00152175
0.00159567
0.00159567
0.00182398
0.00260369
0.00306294
0.00309539
0.00309539
0.00254978
0.00213807
0.00176158
0.00122273
0.00105730
0.00075303
0.00059320
0.00052614
0.00052614
0.00061885
0.00081297
0.00097315
0.00167059
0.00220613
0.00229371
0.00229371
0.00162939
0.00095120
0.00103827
0.00103827
0.00074894
0.00092879
0.00092879
0.00117230
0.00148759
0.00199622
0.00201046
0.00201046
0.00133934
0.00052152
0.00073758
0.00134324
0.00183781
0.00183781
0.00170766
0.00169535
0.00205617
0.00258997
0.00286988
0.00286988
0.00303017
0.00323144
0.00323144
0.00285903
0.00252905
0.00199130
0.00149720
0.00090792
0.00065178
0.00035699
0.00090200
0.00090200
0.00078282
0.00095994
0.00095994
0.00070778
0.00043871
0.00046234
0.00046234
0.00074054
0.00098695
0.00185002
0.00254361
0.00304868
0.00304868
0.00238250
0.00175241
0.00066293
0.00058854
0.00058854
0.00068396
0.00183941
0.00247895
0.00317280
0.00317280
0.00266825
0.00199951
0.00101551
0.00084811
0.00110826
0.00110826
0.00069151
0.00085551
0.00129614
0.00129614
0.00121071
0.00121071
0.00105644
0.00074034
0.00055169
0.00055169
0.00079141
0.00079141
0.00075441
0.00065682
0.00114792
0.00182433
0.00217182
0.00217182
0.00204574
0.00158049
0.00098166
0.00061234
0.00069125
0.00069125
0.00067471
0.00050125
0.00032233
0.00055957
0.00055957
0.00055066
0.00076706
0.00076706
0.00104598
0.00106947
0.00106947
0.00076322
0.00048883
0.00047624
0.00063904
0.00063904
0.00103438
0.00137148
0.00137148
0.00130728
0.00073166
0.00058213
0.00070745
0.00070745
0.00096434
0.00105848
0.00105848
0.00077642
0.00068442
0.00131215
0.00141366
0.00141366
0.00143089
0.00143089
0.00132070
0.00112172
0.00112172
0.00087371
0.00143197
0.00143197
0.00109970
0.00122317
0.00138542
0.00138542
0.00101577
0.00101577
0.00072447
0.00072447
0.00073514
0.00073514
0.00072960
0.00126942
0.00167103
0.00167103
0.00108225
0.00066466
0.00066466
0.00087994
0.00110497
0.00110497
0.00096735
0.00072098
0.00063330
0.00097496
0.00097496
0.00066845
0.00057655
0.00101039
0.00147782
0.00147782
0.00164344
0.00164344
0.00160249
0.00216063
0.00216063
0.00172559
0.00149476
0.00190433
0.00196207
0.00196207
0.00170076
0.00078300
0.00137570
0.00204202
0.00212467
0.00212467
0.00152397
0.00098175
0.00082287
0.00138068
0.00138068
0.00098516
0.00099664
0.00099664
0.00063620
0.00063620
0.00077598
0.00150244
0.00229499
0.00255993
0.00255993
0.00244170
0.00155015
0.00068526
0.00101761
0.00101761
0.00078773
0.00066255
0.00090632
0.00090632
0.00081352
0.00073843
0.00069990
0.00079286
0.00090450
0.00110821
0.00193986
0.00232074
0.00272112
0.00301116
0.00327043
0.00363031
0.00363031
0.00385171
0.00385171
0.00374392
0.00335055
0.00275354
0.00191171
0.00156850
0.00092103
0.00074545
0.00083144
0.00096489
0.00096489
0.00076484
0.00066634
0.00104635
0.00112189
0.00112189
0.00076769
0.00109524
0.00109524
0.00105320
0.00101355
0.00101355
0.00087286
0.00109975
0.00109975
0.00101267
0.00096291
0.00075277
0.00075277
0.00060517
0.00056133
0.00103745
0.00129257
0.00129257
0.00083879
0.00083879
0.00061813
0.00113815
0.00113815
0.00123516
0.00228878
0.00284892
0.00284892
0.00248258
0.00232395
0.00192447
0.00163893
0.00123241
0.00091895
0.00091895
0.00105236
0.00105236
0.00110067
0.00132662
0.00132662
0.00099818
0.00107999
0.00107999
0.00102622
0.00102622
0.00096563
0.00109861
0.00109861
0.00095833
0.00063582
0.00084042
0.00084042
0.00067016
0.00046430
0.00059177
0.00078602
0.00139596
0.00186251
0.00186251
0.00170989
0.00108137
0.00045635
0.00069420
0.00120688
0.00120688
0.00085871
0.00045879
0.00062075
0.00062075
0.00045459
0.00051534
0.00051534
0.00038681
0.00028457
0.00038345
0.00043852
0.00043852
0.00040813
0.00040813
0.00034208
0.00034208
0.00033041
0.00034647
0.00053383
0.00053383
0.00047296
0.00033446
0.00061370
0.00061370
0.00053807
0.00050734
0.00074666
0.00104781
0.00104781
0.00102677
0.00102677
0.00045933
0.00058091
0.00077486
0.00077486
0.00081856
0.00081856
0.00061971
0.00077985
0.00077985
0.00060366
0.00041117
0.00046547
0.00046547
0.00056318
0.00056318
0.00055724
0.00062473
0.00062473
0.00052227
0.00056850
0.00078486
0.00078486
0.00130925
0.00130925
0.00116347
0.00075267
0.00071783
0.00050210
0.00060237
0.00060237
0.00062730
0.00099647
0.00099647
0.00119194
0.00119194
0.00091819
0.00101911
0.00155868
0.00155868
0.00133066
0.00112301
0.00069555
0.00072993
0.00072993
0.00050652
0.00036678
0.00040816
0.00066347
0.00066347
0.00064741
0.00064741
0.00042585
0.00092239
0.00092239
0.00052204
0.00079506
0.00079506
0.00074629
0.00074629
0.00067645
0.00054352
0.00054352
0.00044843
0.00056160
0.00079576
0.00109969
0.00157307
0.00223814
0.00223814
0.00165446
0.00165446
0.00131134
0.00094475
0.00092439
0.00065181
0.00055370
0.00052464
0.00030100
0.00043324
0.00043324
0.00049733
0.00049733
0.00047999
0.00045031
0.00045031
0.00052876
0.00052876
0.00050631
0.00026345
0.00040337
0.00040337
0.00080311
0.00080311
0.00063718
0.00045274
0.00035169
0.00053508
0.00053508
0.00049017
0.00061419
0.00070805
0.00090769
0.00155651
0.00169392
0.00169392
0.00147689
0.00104921
0.00079221
0.00073520
0.00108725
0.00143806
0.00143806
0.00104074
0.00047522
0.00042583
0.00042583
0.00041800
0.00049834
0.00049834
0.00060876
0.00060876
0.00092592
0.00123882
0.00123882
0.00096301
0.00136899
0.00136899
0.00089394
0.00071564
0.00038406
0.00045679
0.00048657
0.00132909
0.00174556
0.00174556
0.00168512
0.00125204
0.00118242
0.00152558
0.00152558
0.00120143
0.00091649
0.00041529
0.00055858
0.00055858
0.00048356
0.00050792
0.00073245
0.00075755
0.00094408
0.00125185
0.00125185
0.00098502
0.00049725
0.00037523
0.00044333
0.00061596
0.00061596
0.00051945
0.00098319
0.00122968
0.00133931
0.00145165
0.00145165
0.00119210
0.00101991
0.00103883
0.00103883
0.00097066
0.00096006
0.00109067
0.00109067
0.00098474
0.00077612
0.00109589
0.00156817
0.00191850
0.00251171
0.00251171
0.00185777
0.00126006
0.00180283
0.00205239
0.00248563
0.00248563
0.00198307
0.00118336
0.00107782
0.00114749
0.00114749
0.00114444
0.00058203
0.00058203
0.00036609
0.00051739
0.00055933
0.00091640
0.00149936
0.00165857
0.00165857
0.00139154
0.00110306
0.00090634
0.00049363
0.00075361
0.00075361
0.00038280
0.00068534
0.00068534
0.00046353
0.00046353
0.00041021
0.00091390
0.00112342
0.00112342
0.00102057
0.00087878
0.00080788
0.00080788
0.00056859
0.00046258
0.00020699
0.00043104
0.00058463
0.00060183
0.00060183
0.00057453
0.00081083
0.00081083
0.00072637
0.00050174
0.00050890
0.00076626
0.00076626
0.00061427
0.00061427
0.00060138
0.00060138
0.00109276
0.00150287
0.00168964
0.00203596
0.00217522
0.00217522
0.00179845
0.00134659
0.00134659
0.00115003
0.00069321
0.00036896
0.00048778
0.00050755
0.00050755
0.00042136
0.00048148
0.00084897
0.00128137
0.00182224
0.00238080
0.00238080
0.00172355
0.00096298
0.00067082
0.00036767
0.00033832
0.00050730
0.00050730
0.00051600
0.00057119
0.00057119
0.00078159
0.00078159
0.00058269
0.00088844
0.00135845
0.00135845
0.00131559
0.00157142
0.00157142
0.00125906
0.00094035
0.00063716
0.00089729
0.00089729
0.00078350
0.00056476
0.00041782
0.00046745
0.00073867
0.00073867
0.00062206
0.00062206
0.00086233
0.00139064
0.00139064
0.00070449
0.00059004
0.00089203
0.00089203
0.00045748
0.00045748
0.00048887
0.00048887
0.00038513
0.00060073
0.00088961
0.00088961
0.00072651
0.00071231
0.00051392
0.00051392
0.00059731
0.00059731
0.00058795
0.00066927
0.00068514
0.00068514
0.00054629
0.00089099
0.00127687
0.00127687
0.00104476
0.00121497
0.00125900
0.00125900
0.00088269
0.00088269
0.00081336
0.00067812
0.00095135
0.00095135
0.00084921
0.00067746
0.00067746
0.00046721
0.00077892
0.00097708
0.00097708
0.00061279
0.00043968
0.00085139
0.00113918
0.00113918
0.00103977
0.00089456
0.00100950
0.00100950
0.00091562
0.00091562
0.00076395
0.00097090
0.00097090
0.00078511
0.00052160
0.00052160
0.00056099
0.00056699
0.00129592
0.00216415
0.00261902
0.00261902
0.00235933
0.00175746
0.00083460
0.00031087
0.00055704
0.00074252
0.00074252
0.00051447
0.00051447
0.00042559
0.00044229
0.00136931
0.00207326
0.00261581
0.00312378
0.00363545
0.00363545
0.00304551
0.00262542
0.00182157
0.00115938
0.00058143
0.00074876
0.00074876
0.00060318
0.00060318
0.00067159
0.00067159
0.00040315
0.00035214
0.00045399
0.00045923
0.00045923
0.00066244
0.00070363
0.00091712
0.00091712
0.00066961
0.00066961
0.00053388
0.00053388
0.00050809
0.00041042
0.00041042
0.00065347
0.00065347
0.00066834
0.00066834
0.00057750
0.00074862
0.00094815
0.00094815
0.00090533
0.00073567
0.00073567
0.00053029
0.00046060
0.00043223
0.00077652
0.00093815
0.00093815
0.00071213
0.00071213
0.00076845
0.00076845
0.00052641
0.00074665
0.00074665
0.00056144
0.00053837
0.00053837
0.00042012
0.00050579
0.00077883
0.00082934
0.00082934
0.00055503
0.00048083
0.00046061
0.00039686
0.00063947
0.00063947
