0.00006297
0.00000616
0.00007131
0.00008345
0.00011077
0.00088408
0.00088408
0.00021117
0.00008345
0.00022973
0.00023342
0.00023342
0.00000000
0.00017582
0.00000616
0.00003390
0.00000000
0.00000000
0.00003823
0.00016578
0.00016578
0.00006589
0.00009448
0.00009448
0.00006869
0.00008341
0.00008341
0.00061510
0.00061510
0.00048143
0.00000000
0.00000000
0.00000000
0.00001018
0.00064528
0.00064528
0.00001018
0.00000000
0.00006606
0.00006606
0.00005580
0.00010173
0.00069310
0.00069310
0.00011272
0.00008183
0.00042617
0.00042617
0.00003250
0.00014507
0.00000000
0.00154879
0.00154879
0.00014507
0.00003352
0.00000000
0.00005990
0.00008327
0.00008327
0.00003232
0.00009862
0.00009862
0.00012341
0.00012341
0.00007771
0.00013722
0.00013722
0.00009310
0.00003958
0.00009606
0.00000065
0.00000065
0.00019305
0.00019305
0.00111496
0.00111496
0.00105356
0.00004866
0.00005437
0.00005437
0.00004378
0.00000000
0.00010132
0.00000000
0.00000000
0.00001539
0.00073940
0.00073940
0.00001539
0.00000000
0.00000000
0.00081431
0.00081431
0.00003492
0.00015499
0.00000000
0.00006644
0.00006644
0.00008054
0.00008054
0.00000541
0.00000541
0.00040759
0.00040759
0.00000000
0.00000000
0.00000000
0.00003446
0.00003446
0.00100741
0.00100741
0.00004984
0.00010168
0.00010168
0.00005971
0.00005971
0.00005192
0.00005454
0.00005454
0.00003861
0.00003428
0.00008667
0.00008743
0.00008743
0.00006282
0.00007019
0.00008905
0.00068955
0.00068955
0.00008905
0.00000000
0.00001881
0.00011426
0.00139497
0.00139497
0.00092307
0.00092307
0.00086620
0.00001873
0.00001873
0.00011414
0.00012234
0.00012234
0.00002305
0.00000000
0.00081042
0.00081042
0.00014836
0.00011680
0.00058486
0.00058486
0.00128815
0.00128815
0.00009948
0.00009948
0.00010631
0.00013344
0.00090226
0.00090226
0.00005398
0.00150096
0.00150096
0.00033126
0.00005676
0.00149501
0.00149501
0.00033126
0.00081342
0.00081342
0.00219619
0.00219619
0.00010613
0.00012896
0.00012896
0.00010753
0.00006199
0.00126933
0.00126933
0.00095794
0.00010209
0.00001561
0.00005501
0.00010347
0.00010347
0.00009209
0.00009209
0.00006773
0.00008122
0.00012082
0.00012082
0.00005396
0.00015084
0.00015084
0.00012250
0.00014396
0.00014396
0.00011716
0.00011716
0.00009244
0.00005971
0.00009692
0.00010665
0.00010665
0.00000000
0.00000000
0.00000000
0.00207960
0.00207960
0.00017737
0.00016233
0.00010994
0.00008508
0.00143271
0.00143271
0.00020855
0.00195798
0.00195798
0.00023317
0.00009891
0.00012628
0.00135604
0.00135604
0.00035388
0.00121514
0.00121514
0.00011989
0.00195935
0.00195935
0.00158015
0.00158015
0.00148193
0.00182604
0.00182604
0.00020940
0.00038683
0.00000571
0.00017065
0.00175199
0.00175199
0.00285898
0.00285898
0.00030268
0.00009072
0.00005626
0.00010502
0.00007754
0.00007754
0.00000450
0.00094549
0.00094549
0.00011286
0.00197866
0.00197866
0.00010545
0.00119670
0.00119670
0.00080584
0.00173019
0.00173019
0.00000000
0.00016943
0.00134359
0.00134359
0.00005503
0.00028281
0.00149082
0.00149082
0.00062716
0.00036794
0.00036794
0.00009568
0.00209097
0.00209097
0.00026006
0.00000000
0.00000000
0.00000000
0.00001532
0.00002271
0.00013689
0.00013689
0.00010785
0.00000000
0.00000000
0.00000000
0.00030976
0.00040425
0.00018637
0.00007671
0.00154497
0.00154497
0.00036388
0.00176246
0.00176246
0.00012681
0.00200412
0.00200412
0.00184614
0.00096216
0.00020668
0.00012668
0.00008627
0.00008627
0.00013437
0.00017291
0.00164324
0.00164324
0.00000000
0.00013549
0.00084900
0.00146930
0.00146930
0.00000000
0.00002306
0.00004399
0.00029984
0.00187173
0.00187173
0.00151808
0.00151808
0.00005833
0.00000000
0.00011634
0.00006948
0.00012252
0.00017068
0.00284219
0.00284219
0.00037549
0.00046245
0.00025942
0.00065316
0.00207094
0.00207094
0.00048089
0.00035367
0.00150190
0.00150190
0.00146808
0.00146808
0.00135137
0.00135137
0.00035367
0.00048089
0.00008907
0.00002584
0.00145255
0.00145255
0.00172298
0.00190940
0.00190940
0.00127258
0.00077574
0.00077574
0.00103016
0.00104111
0.00104111
0.00003446
0.00093050
0.00093050
0.00007096
0.00000000
0.00000000
0.00014460
0.00021120
0.00021120
0.00012668
0.00012668
0.00020617
0.00021101
0.00021101
0.00011993
0.00164453
0.00164453
0.00011404
0.00013827
0.00013827
0.00012861
0.00000000
0.00006080
0.00006080
0.00000000
0.00008926
0.00001098
0.00099668
0.00099668
0.00039263
0.00006200
0.00012864
0.00015342
0.00015342
0.00017642
0.00021582
0.00021582
0.00013818
0.00013818
0.00011177
0.00010064
0.00005578
0.00004227
0.00013001
0.00013001
0.00012039
0.00018386
0.00014186
0.00009291
0.00019416
0.00019416
0.00010490
0.00017787
0.00017787
0.00001918
0.00012664
0.00018336
0.00018336
0.00018331
0.00013037
0.00004867
0.00018386
0.00008554
0.00092523
0.00092523
0.00011285
0.00067406
0.00067406
0.00010350
0.00018545
0.00018545
0.00009193
0.00009193
0.00008982
0.00016857
0.00016857
0.00005179
0.00010496
0.00003662
0.00003662
0.00017939
0.00033384
0.00046812
0.00046812
0.00030322
0.00015973
0.00009750
0.00009750
0.00008716
0.00000000
0.00013862
0.00000000
0.00015528
0.00015528
0.00013737
0.00013257
0.00018310
0.00018310
0.00029952
0.00029952
0.00027814
0.00025120
0.00025120
0.00012085
0.00012085
0.00025343
0.00025343
0.00025298
0.00006370
0.00001959
0.00011372
0.00045129
0.00045129
0.00165343
0.00165343
0.00104401
0.00015350
0.00008787
0.00008787
0.00007743
0.00030993
0.00067548
0.00067548
0.00010838
0.00077312
0.00077312
0.00013492
0.00021973
0.00030993
0.00000000
0.00006269
0.00006269
0.00001908
0.00000000
0.00000000
0.00000000
0.00000000
0.00010925
0.00019080
0.00019080
0.00018385
0.00002878
0.00172009
0.00172009
0.00006533
0.00000000
0.00005901
0.00043897
0.00061328
0.00005901
0.00010975
0.00000000
0.00007242
0.00029117
0.00029117
0.00035314
0.00035314
0.00031313
0.00000000
0.00000000
0.00006347
0.00098056
0.00098056
0.00006347
0.00025788
0.00047866
0.00047866
0.00018602
0.00008333
0.00061328
0.00018971
0.00000000
0.00021607
0.00021607
0.00006872
0.00024608
0.00024608
0.00185774
0.00185774
0.00008308
0.00012186
0.00156837
0.00156837
0.00068570
0.00002326
0.00008942
0.00018869
0.00018869
0.00255415
0.00255415
0.00127233
0.00199658
0.00199658
0.00023759
0.00016658
0.00170324
0.00170324
0.00196017
0.00196017
0.00024953
0.00070089
0.00193058
0.00193058
0.00017347
0.00015186
0.00000000
0.00000000
0.00000000
0.00219047
0.00219047
0.00140888
0.00008909
0.00013337
0.00011206
0.00028045
0.00015969
0.00009545
0.00016741
0.00000000
0.00008033
0.00008033
0.00099055
0.00099055
0.00018142
0.00005855
0.00000000
0.00000000
0.00027113
0.00205125
0.00205125
0.00103317
0.00192408
0.00192408
0.00011727
0.00141410
0.00220277
0.00278842
0.00278842
0.00011805
0.00010993
0.00000000
0.00203964
0.00203964
0.00031158
0.00009790
0.00012391
0.00012391
0.00020026
0.00181618
0.00181618
0.00008311
0.00012402
0.00016893
0.00040919
0.00250169
0.00250169
0.00012051
0.00041475
0.00087614
0.00300413
0.00603913
0.00603913
0.00085431
0.00000000
0.00044356
0.00012993
0.00215820
0.00215820
0.00011078
0.00029650
0.00277108
0.00277108
0.00273630
0.00054479
0.00054479
0.00028476
0.00016790
0.00016790
0.00012423
0.00230643
0.00230643
0.00012782
0.00008351
0.00007455
0.00002214
0.00002214
0.00017778
0.00019963
0.00013499
0.00162186
0.00162186
0.00191704
0.00191704
0.00274857
0.00305482
0.00305482
0.00010644
0.00026614
0.00000323
0.00050369
0.00188217
0.00319837
0.00319837
0.00180178
0.00180178
0.00030744
0.00000422
0.00007028
0.00215163
0.00215163
0.00015164
0.00015126
0.00010610
0.00085346
0.00196575
0.00196575
0.00010993
0.00012203
0.00000000
0.00008050
0.00026923
0.00026923
0.00000000
0.00000000
0.00000000
0.00024881
0.00251930
0.00251930
0.00164662
0.00000000
0.00000460
0.00005752
0.00013044
0.00013044
0.00010810
0.00010810
0.00010253
0.00136617
0.00136617
0.00016718
0.00018449
0.00000000
0.00020074
0.00000000
0.00000000
0.00022433
0.00023701
0.00023701
0.00010190
0.00023545
0.00192041
0.00192041
0.00021060
0.00008802
0.00015632
0.00015632
0.00007616
0.00020976
0.00020976
0.00246257
0.00246257
0.00015837
0.00015837
0.00004613
0.00036566
0.00025873
0.00186290
0.00186290
0.00000000
0.00000532
0.00013263
0.00014916
0.00020811
0.00021056
0.00156629
0.00156629
0.00012676
0.00133130
0.00133130
0.00106494
0.00000971
0.00000971
0.00000000
0.00092756
0.00092756
0.00235692
0.00235692
0.00000000
0.00108613
0.00108613
0.00089292
0.00149106
0.00149106
0.00012684
0.00000000
0.00011542
0.00041642
0.00041642
0.00012119
0.00019765
0.00019765
0.00013520
0.00018759
0.00018759
0.00007101
0.00007101
0.00008828
0.00012646
0.00012646
0.00008025
0.00000000
0.00000000
0.00112917
0.00112917
0.00001349
0.00017559
0.00040442
0.00089930
0.00089930
0.00017248
0.00017248
0.00015574
0.00007058
0.00065522
0.00065522
0.00015962
0.00015962
0.00000979
0.00000000
0.00177469
0.00177469
0.00282536
0.00282536
0.00059905
0.00113903
0.00113903
0.00157176
0.00157176
0.00001601
0.00008639
0.00037053
0.00000000
0.00011146
0.00050197
0.00050197
0.00022235
0.00022235
0.00010480
0.00116165
0.00116165
0.00021290
0.00040443
0.00040443
0.00035033
0.00025379
0.00018224
0.00013736
0.00009296
0.00009296
0.00018449
0.00016718
0.00004301
0.00013641
0.00024046
0.00024046
0.00138280
0.00138280
0.00012776
0.00011624
0.00013080
0.00192070
0.00192070
0.00003905
0.00017854
0.00000000
0.00002231
0.00002231
0.00011952
0.00016240
0.00141844
0.00141844
0.00132142
0.00023738
0.00004561
0.00015016
0.00016817
0.00001487
0.00000000
0.00000000
0.00016503
0.00002663
0.00008929
0.00002405
0.00136234
0.00136234
0.00000000
0.00018674
0.00018674
0.00013286
0.00011406
0.00099547
0.00099547
0.00005001
0.00013748
0.00013748
0.00023670
0.00024902
0.00013365
0.00103464
0.00103464
0.00006785
0.00000000
0.00024902
0.00013192
0.00027175
0.00007023
0.00161283
0.00161283
0.00176925
0.00176925
0.00022552
0.00172066
0.00172066
0.00039271
0.00159678
0.00227419
0.00227419
0.00190827
0.00141057
0.00011662
0.00022552
0.00000000
0.00000000
0.00000000
0.00096112
0.00096112
0.00165097
0.00165097
0.00048807
0.00048807
0.00013685
0.00091156
0.00091156
0.00007523
0.00003402
0.00000000
0.00015016
0.00000000
0.00000000
0.00000000
0.00002180
0.00057808
0.00057808
0.00019119
0.00019119
0.00008574
0.00008574
0.00013955
0.00151546
0.00151546
0.00049706
0.00216131
0.00216131
0.00011163
0.00000932
0.00000000
0.00000000
0.00219774
0.00219774
0.00017244
0.00017244
0.00000000
0.00015848
0.00075563
0.00075563
0.00027718
0.00220200
0.00220200
0.00015512
0.00072597
0.00125328
0.00125328
0.00004437
0.00010599
0.00000000
0.00000000
0.00008184
0.00008853
0.00175783
0.00175783
0.00128033
0.00133629
0.00133629
0.00060459
0.00060459
0.00020517
0.00020517
0.00014357
0.00018859
0.00018859
0.00000000
0.00011487
0.00011487
0.00039935
0.00039935
0.00010714
0.00017027
0.00017027
0.00008081
0.00025513
0.00025513
0.00013753
0.00013753
0.00004845
0.00008732
0.00008732
0.00001901
0.00177216
0.00177216
0.00239232
0.00239232
0.00023963
0.00000000
0.00000000
0.00000000
0.00000000
0.00218332
0.00218332
0.00013071
0.00004144
0.00138673
0.00138673
0.00004812
0.00000000
0.00000000
0.00002730
0.00012369
0.00012369
0.00014585
0.00014585
0.00009377
0.00017564
0.00017564
