 0.10000	 42.81314850	169.58187866	 68.82054901	 41.43162537	169.89149475	 69.31543732	           0	           2
 0.10000	 40.64151764	170.19062805	 69.62344360	 39.41162872	170.87153625	 70.14505768	          -1	           3
 0.10000	 38.70608902	171.33552551	 70.45219421	 37.60839462	172.22538757	 70.95291138	          -2	           4
 0.10000	 36.87949371	172.66419983	 71.24150085	 35.57574081	173.24792480	 71.69689941	          -3	           5
 0.10000	 34.72948837	173.35568237	 71.97891235	 33.32133484	173.06076050	 72.40050507	          -4	           6
 0.10000	 32.52115631	173.01211548	 72.80584717	 31.31454849	173.16882324	 73.68156433	          -5	           7
 0.10000	 30.68586540	172.97499084	 74.29298401	 29.93972397	172.24844360	 75.37115479	          -6	           8
 0.10000	 29.47034645	171.77847290	 75.97498322	 28.73544502	170.86964417	 76.91318512	          -7	           9
 0.10000	 28.14701653	170.45776367	 77.45115662	 26.95492744	170.04087830	 78.25812531	          -8	          10
 0.10000	 26.32092857	169.59631348	 78.71177673	 25.39945793	168.62161255	 79.38050842	          -9	          11
 0.10000	 24.94996452	167.93142700	 79.73717499	 24.40255356	166.61437988	 80.19766998	         -10	          12
 0.10000	 24.14917374	165.85488892	 80.60396576	 23.96698189	164.63690186	 81.45864868	         -11	          13
 0.10000	 23.56991768	164.02127075	 81.97849274	 22.48444176	163.29435730	 82.71385956	         -12	          14
 0.10000	 22.02992058	162.94020081	 83.40302277	 21.57744026	162.59097290	 84.78900909	         -13	          15
 0.10000	 21.55084038	162.46704102	 85.67839050	 21.93583107	162.50451660	 87.12672424	         -14	          16
 0.10000	 22.27032661	162.36105347	 87.94757843	 23.03259277	161.90077209	 89.15333557	         -15	          17
 0.10000	 23.47952461	161.65307617	 89.89140320	 24.23647308	161.20109558	 91.10360718	         -16	          18
 0.10000	 24.67325020	161.20747375	 91.88795471	 25.27198601	161.69268799	 93.17351532	         -17	          19
 0.10000	 25.77011108	161.87271118	 93.89838409	 26.77546883	162.10614014	 94.98528290	         -18	          20
 0.10000	 27.41151237	161.96501160	 95.60281372	 28.40873718	161.26545715	 96.47598267	         -19	          21
 0.10000	 29.15635490	160.96215820	 96.86874390	 30.55888939	160.60023499	 97.25297546	         -20	          22
 0.10000	 31.41217613	160.47004700	 97.49651337	 32.85768890	160.43368530	 97.88909149	         -21	          23
 0.10000	 33.70049667	160.30296326	 98.16518402	 35.05276108	159.92570496	 98.68831635	         -22	          24
 0.10000	 35.86821365	159.71429443	 98.99452972	 37.23706818	159.37428284	 99.49980164	         -23	          25
 0.10000	 38.04865265	159.15139771	 99.80860138	 39.38676071	158.73612976	100.33984375	         -24	          26
 0.10000	 40.19399643	158.50579834	100.65656281	 41.57567596	158.24279785	101.17452240	         -25	          27
 0.10000	 42.28173828	157.81132507	101.52369690	 43.13641357	156.69029236	102.03397369	         -26	          28
 0.10000	 43.51828003	156.09971619	102.59333801	 43.73526764	155.32656860	103.85956573	         -27	          29
 0.10000	 44.18249130	154.85714722	104.48189545	 45.28070831	154.15237427	105.22010040	         -28	          30
 0.10000	 46.05661392	153.86370850	105.56916046	 47.50437546	153.69738770	105.92080688	         -29	          31
 0.10000	 48.34599304	153.42671204	106.07881927	 49.70029068	152.79949951	106.21800232	         -30	          32
 0.10000	 50.37839508	152.21292114	106.26468658	 51.21232224	150.96835327	106.21513367	         -31	          33
 0.10000	 51.54210663	150.14704895	106.36576843	 51.71231842	148.74063110	106.85485840	         -32	          34
 0.10000	 51.92820740	147.94950867	107.21833038	 52.40506744	146.73158264	107.94918823	         -33	          35
 0.10000	 52.73407364	146.01199341	108.36999512	 53.35162354	144.84521484	109.07844543	         -34	          36
 0.10000	 53.77142715	144.13504028	109.42923737	 54.51546478	142.91450500	109.87874603	         -35	          37
 0.10000	 55.14364624	142.33483887	110.15090942	 56.43954086	141.68498230	110.53051758	         -36	          38
 0.10000	 57.16275024	141.26622009	110.85708618	 58.27365494	140.58506775	111.59748077	         -37	          39
 0.10000	 58.94137955	140.01611328	111.78785706	 59.91422272	138.88116455	111.67851257	         -38	          40
 0.10000	 60.55724335	138.26727295	111.55495453	 61.72398758	137.38996887	111.21504211	         -39	          41
 0.10000	 62.24277115	136.69892883	110.97245026	 62.73015594	135.35671997	110.51725006	         -40	          42
 0.10000	 63.18761063	134.63323975	110.24800873	 64.15878296	133.58070374	109.80641174	         -41	          43
 0.10000	 64.71947479	132.93513489	109.53536987	 65.65605927	131.86141968	109.07082367	         -42	          44
 0.10000	 66.02561951	131.10153198	108.76892853	 66.25118256	129.71641541	108.24322510	         -43	          45
 0.10000	 66.55074310	128.90861511	107.99254608	 67.22832489	127.60475922	107.69741821	         -44	          46
 0.10000	 67.83222961	126.98375702	107.46253204	 69.09347534	126.29587555	107.03598785	         -45	          47
 0.10000	 69.87540436	125.94874573	106.76641083	 71.23303223	125.51255798	106.30603027	         -46	          48
 0.10000	 72.04402161	125.31134796	105.98049164	 73.38713837	125.06751251	105.36264801	         -47	          49
 0.10000	 74.21266174	125.06445312	105.01257324	 75.58997345	125.31728363	104.47940063	         -48	          50
 0.10000	 76.42762756	125.30005646	104.15991211	 77.80880737	125.03060150	103.64559174	         -49	          51
 0.10000	 78.62178040	124.81754303	103.33380127	 79.95183563	124.36817169	102.81058502	         -50	          52
 0.10000	 80.72461700	124.04889679	102.48699951	 81.96295166	123.40642548	101.94023895	         -51	          53
 0.10000	 82.72080994	123.12915802	101.54850006	 84.00605011	122.86878204	100.82306671	         -52	          54
 0.10000	 84.63854218	122.59114075	100.25003052	 85.42214203	121.93957520	 99.15100098	         -53	          55
 0.10000	 85.71620178	121.69155121	 98.34001923	 85.81869507	121.53769684	 96.85263824	         -54	          56
 0.10000	 85.94042969	121.46351624	 95.96653748	 86.18211365	121.34593964	 94.49201202	         -55	          57
 0.10000	 86.36126709	121.56163025	 93.63922119	 86.69705200	122.37270355	 92.42445374	         -56	          58
 0.10000	 86.82051086	122.77484131	 91.63198090	 86.91210938	123.37301636	 90.26102448	         -57	          59
 0.10000	 86.88488770	123.60231781	 89.39412689	 86.69033051	123.75376129	 87.91603088	         -58	          60
 0.10000	 86.57492065	123.80751038	 87.02792358	 86.37460327	123.74919128	 85.54383850	         -59	          61
 0.10000	 86.21952820	123.99490356	 84.69479370	 85.91362762	124.84117889	 83.49631500	         -60	          62
 0.10000	 85.80765533	125.21635437	 82.68824768	 85.73046112	125.63354492	 81.25095367	         -61	          63
 0.10000	 85.84568787	126.01238251	 80.44594574	 86.30142975	126.78582764	 79.24613953	         -62	          64
 0.10000	 86.59762573	127.31873322	 78.58839417	 87.14609528	128.33169556	 77.63014984	         -63	          65
 0.10000	 87.50535583	128.88569641	 77.02311707	 88.18069458	129.73695374	 75.99110413	         -64	          66
 0.10000	 88.47584534	130.14193726	 75.24681854	 88.78009033	130.57420349	 73.84442902	         -65	          67
 0.10000	 88.87207794	130.94358826	 73.03165436	 88.78187561	131.71600342	 71.75035095	         -66	          68
 0.10000	 89.02629089	132.07574463	 70.96497345	 89.89172363	132.45227051	 69.80060577	         -67	          69
 0.10000	 90.24870300	132.65306091	 69.00205994	 90.61092377	132.85897827	 67.56240082	         -68	          70
 0.10000	 90.83282471	133.15071106	 66.74337769	 91.18412018	133.87107849	 65.47705078	         -69	          71
 0.10000	 91.36915588	134.39770508	 64.77456665	 91.62976074	135.45776367	 63.74775314	         -70	          72
 0.10000	 91.73749542	135.98928833	 63.03276062	 91.76560211	136.71917725	 61.72401810	         -71	          73
 0.10000	 92.04897308	137.01722717	 60.92608261	 92.91973877	137.24063110	 59.72673035	         -72	          74
 0.10000	 93.33042908	137.18614197	 58.93036270	 93.83615112	136.71443176	 57.60064697	         -73	          75
 0.10000	 94.13182831	136.61993408	 56.75854492	 94.58355713	136.72343445	 55.33327484	         -74	          76
 0.10000	 94.81914520	136.84313965	 54.47558975	 95.10578156	137.22650146	 53.05531693	         -75	          77
 0.10000	 95.41555786	137.21580505	 52.21292114	 96.08123779	136.80012512	 50.93592453	         -76	          78
 0.10000	 96.60524750	136.62902832	 50.22718811	 97.68557739	136.36593628	 49.22182465	         -77	          79
 0.10000	 98.27114105	136.46858215	 48.54868317	 99.05532074	137.12040710	 47.45001221	         -78	          80
 0.10000	 99.61441803	137.18612671	 46.75071335	100.56128693	136.80633545	 45.65279388	         -79	          81
 0.10000	101.13800049	136.62332153	 44.99032974	102.12333679	136.33694458	 43.89825058	         -80	          82
 0.10000	102.68576813	136.14775085	 43.22584152	103.58721924	135.83140564	 42.07147980	         -81	          83
 0.10000	104.06813812	135.43345642	 41.42768478	104.71002960	134.45465088	 40.49236679	         -82	          84
 0.10000	105.14268494	133.92095947	 39.91617966	105.90483093	133.07031250	 38.94617462	         -83	          85
 0.10000	106.44706726	132.66322327	 38.35917664	107.50782013	132.16775513	 37.42382431	         -84	          86
 0.10000	107.98410797	131.84773254	 36.73423386	108.45526886	131.29783630	 35.42220688	         -85	          87
 0.10000	108.88530731	131.04627991	 34.67590332	109.82031250	130.70468140	 33.55552673	         -86	          88
 0.10000	110.23896027	130.74266052	 32.76256561	110.66209412	131.19248962	 31.39704895	         -87	          89
 0.10000	110.81513214	131.58396912	 30.60437775	110.87482452	132.46240234	 29.39175224	         -88	          90
 0.10000	110.80073547	132.97082520	 28.65658188	110.47047424	133.81175232	 27.46110153	         -89	          91
 0.10000	110.27421570	134.30030823	 26.73472595	109.94458771	135.01335144	 25.45842361	         -90	          92
 0.10000	109.64194489	135.62602234	 24.87626457	109.04548645	136.85314941	 24.25582123	         -91	          93
 0.10000	108.54223633	137.57507324	 24.07698441	107.50370026	138.65510559	 24.12429237	         -92	          94
 0.10000	106.97438812	139.33473206	 24.37835312	106.25374603	140.38171387	 25.17330360	         -93	          95
 0.10000	106.05741119	141.09410095	 25.68377686	106.22287750	142.29748535	 26.56205559	         -94	          96
 0.10000	106.08036804	143.00437927	 27.09639931	105.55854034	144.11796570	 27.95307159	         -95	          97
 0.10000	105.09989929	144.71740723	 28.43859863	104.07471466	145.54402161	 29.15404892	         -96	          98
 0.10000	103.54431915	146.07200623	 29.64912224	102.77600861	147.01432800	 30.52541542	         -97	          99
 0.10000	102.38171387	147.46850586	 31.19145393	101.92909241	148.05024719	 32.49642563	         -98	         100
 0.10000	101.41588593	148.20608521	 33.21587372	100.28900146	148.10270691	 34.19828796	         -99	         101
 0.10000	 99.61164093	148.03498840	 34.78231430	 98.45309448	147.87715149	 35.71935272	        -100	         102
 0.10000	 97.76232910	147.82080078	 36.28817749	 96.60923004	147.77209473	 37.24354935	        -101	         103
 0.10000	 95.92604828	147.83734131	 37.82057190	 94.80801392	148.11968994	 38.77733612	        -102	         104
 0.10000	 94.12059784	148.19903564	 39.34752274	 92.95700836	148.23269653	 40.29092789	        -103	         105
 0.10000	 92.23757935	148.12149048	 40.81452179	 91.02108002	147.69168091	 41.57662582	        -104	         106
 0.10000	 90.31307220	147.59056091	 42.11808777	 89.21001434	147.68862915	 43.12764359	        -105	         107
 0.10000	 88.54850769	147.70971680	 43.73326492	 87.47248840	147.73489380	 44.77606201	        -106	         108
 0.10000	 86.75852966	147.53738403	 45.28246307	 85.53694916	146.90057373	 45.87240982	        -107	         109
 0.10000	 84.87931824	146.37605286	 46.18418503	 83.95118713	145.25511169	 46.54201126	        -108	         110
 0.10000	 83.40876770	144.66259766	 46.94204330	 82.60250854	143.82299805	 47.88600922	        -109	         111
 0.10000	 82.03968811	143.32740784	 48.37865829	 81.01470947	142.52764893	 49.12411118	        -110	         112
 0.10000	 80.31360626	142.04992676	 49.41667175	 78.99664307	141.35989380	 49.60576630	        -111	         113
 0.10000	 78.38921356	140.72080994	 49.77328873	 77.79573822	139.38380432	 50.09978867	        -112	         114
 0.10000	 77.27743530	138.65782166	 50.19671249	 76.23006439	137.58593750	 50.19480896	        -113	         115
 0.10000	 75.59994507	136.94760132	 50.20972443	 74.54148102	135.88670349	 50.21981430	        -114	         116
 0.10000	 73.90882874	135.26504517	 50.35693741	 72.83894348	134.32864380	 50.83139801	        -115	         117
 0.10000	 72.34053802	133.59516907	 50.97204971	 71.81631470	132.19223022	 50.91100693	        -116	         118
 0.10000	 71.50559235	131.39532471	 51.18377686	 71.07199860	130.27360535	 52.07841492	        -117	         119
 0.10000	 70.87841034	129.50907898	 52.50717545	 70.69670105	128.12524414	 53.05331421	        -118	         120
 0.10000	 70.53370667	127.36546326	 53.50172424	 70.17993927	126.23573303	 54.42045975	        -119	         121
 0.10000	 70.05391693	125.52306366	 54.95025635	 69.96164703	124.29588318	 55.80511093	        -120	         122
 0.10000	 69.97613525	123.61078644	 56.38363647	 70.13214111	122.56438446	 57.44470596	        -121	         123
 0.10000	 70.15376282	121.92569733	 58.07395172	 70.03645325	120.84754181	 59.10810089	        -122	         124
 0.10000	 70.21209717	120.25515747	 59.75854111	 70.88764954	119.42549896	 60.80782318	        -123	         125
 0.10000	 71.27003479	118.90505981	 61.43035507	 71.92943573	118.00947571	 62.43468094	        -124	         126
 0.10000	 72.17955017	117.54194641	 63.15826416	 72.33331299	116.93489838	 64.51971436	        -125	         127
 0.10000	 72.44039154	116.45211792	 65.26816559	 72.64294434	115.48764801	 66.39702606	        -126	         128
 0.10000	 72.60942078	114.89846039	 67.07287598	 72.28162384	113.93246460	 68.17081451	        -127	         129
 0.10000	 72.14466858	113.19728088	 68.66681671	 71.97911072	111.79743958	 69.17574310	        -128	         130
 0.10000	 71.98536682	110.93459320	 69.42170715	 72.21124268	109.48089600	 69.70783234	        -129	         131
 0.10000	 72.17359161	108.58599091	 69.76188660	 71.81494904	107.13447571	 69.65900421	        -130	         132
 0.10000	 71.79622650	106.25592804	 69.47759247	 72.04906464	104.86710358	 68.97471619	        -131	         133
 0.10000	 72.25449371	104.04469299	 68.68166351	 72.73696136	102.71648407	 68.18313599	        -132	         134
 0.10000	 72.85013580	101.86739349	 67.91698456	 72.75129700	100.42049408	 67.54008484	        -133	         135
 0.10000	 72.70671082	 99.55548096	 67.30790710	 72.63414001	 98.12024689	 66.88348389	        -134	         136
 0.10000	 72.57048798	 97.22650146	 66.84500885	 72.45169067	 95.76161194	 67.13716888	        -135	         137
 0.10000	 72.26280975	 94.90632629	 67.32912445	 71.76775360	 93.54325867	 67.70592499	        -136	         138
 0.10000	 71.44330597	 92.73538971	 67.92025757	 70.84914398	 91.40380096	 68.26506042	        -137	         139
 0.10000	 70.50035858	 90.60347748	 68.47064209	 69.91794586	 89.25203705	 68.75360107	        -138	         140
 0.10000	 69.60488129	 88.52968597	 69.18418884	 69.18949127	 87.59021759	 70.27543640	        -139	         141
 0.10000	 68.93634033	 87.00427246	 70.90628052	 68.47864532	 86.04562378	 71.96360779	        -140	         142
 0.10000	 68.42787933	 85.40196228	 72.58744049	 68.76816559	 84.26770020	 73.50657654	        -141	         143
 0.10000	 68.77858734	 83.68869781	 74.19315338	 68.47002411	 83.00270844	 75.48989868	        -142	         144
 0.10000	 68.50027466	 82.40880585	 76.16298676	 68.82610321	 81.23663330	 77.03861237	        -143	         145
 0.10000	 69.20230103	 80.55809784	 77.49053955	 70.10722351	 79.49047089	 78.02721405	        -144	         146
 0.10000	 70.73714447	 78.95886230	 78.38269043	 71.90686798	 78.23430634	 78.97707367	        -145	         147
 0.10000	 72.72138977	 78.05757141	 79.31088257	 74.12316132	 78.26333618	 79.80007935	        -146	         148
 0.10000	 75.01088715	 78.28813171	 79.93094635	 76.50744629	 78.24976349	 79.85916138	        -147	         149
 0.10000	 77.39862823	 78.15018463	 79.82508850	 78.85202026	 77.78772736	 79.77528381	        -148	         150
 0.10000	 79.73187256	 77.85839081	 79.61225891	 81.03401184	 78.43663788	 79.14719391	        -149	         151
 0.10000	 81.86577606	 78.66786194	 78.90306854	 83.29557800	 78.92771912	 78.53733826	        -150	         152
 0.10000	 84.16192627	 79.00778961	 78.31921387	 85.62086487	 79.03714752	 77.97811127	        -151	         153
 0.10000	 86.43823242	 78.85618591	 77.65487671	 87.62982941	 78.23654938	 76.98966217	        -152	         154
 0.10000	 88.20993805	 77.83690643	 76.43327332	 88.82921600	 77.14234924	 75.25833893	        -153	         155
 0.10000	 89.36902618	 76.65896606	 74.72859955	 90.41765594	 75.75138855	 74.16021729	        -154	         156
 0.10000	 91.16712952	 75.39862823	 73.81487274	 92.55113983	 75.12948608	 73.30703735	        -155	         157
 0.10000	 93.38120270	 75.07575989	 72.97115326	 94.75878143	 75.20259857	 72.39539337	        -156	         158
 0.10000	 95.57310486	 75.29032135	 72.02960968	 96.88555145	 75.49052429	 71.33462524	        -157	         159
 0.10000	 97.76421356	 75.57552338	 71.17420959	 99.24676514	 75.65660858	 71.37699890	        -158	         160
 0.10000	100.14157104	 75.70710754	 71.34046173	101.61293793	 75.81138611	 71.07624817	        -159	         161
 0.10000	102.48979187	 75.71737671	 70.91278839	103.89018250	 75.28153229	 70.60565186	        -160	         162
 0.10000	104.77030945	 75.14354706	 70.50177765	106.26520538	 75.05010223	 70.45481110	        -161	         163
 0.10000	107.14513397	 75.22457886	 70.47087860	108.48366547	 75.88916016	 70.58196259	        -162	         164
 0.10000	109.28247070	 76.29256439	 70.64259338	110.56751251	 77.05524445	 70.75434113	        -163	         165
 0.10000	111.42252350	 77.32692719	 70.74974823	112.90550232	 77.47075653	 70.58928680	        -164	         166
 0.10000	113.79949188	 77.47266388	 70.66311646	115.24444580	 77.33276367	 71.03481293	        -165	         167
 0.10000	116.04905701	 77.07502747	 71.33625793	117.21921539	 76.37769318	 71.96094513	        -166	         168
 0.10000	117.83037567	 75.88430023	 72.39458466	118.65991974	 74.89675903	 73.15794373	        -167	         169
 0.10000	119.07938385	 74.45757294	 73.81858826	119.57929993	 74.00259399	 75.15615082	        -168	         170
 0.10000	119.80732727	 73.82903290	 76.00643158	120.02378082	 73.77303314	 77.48828125	        -169	         171
 0.10000	120.19238281	 73.62330627	 78.35681915	120.47280884	 73.23451233	 79.77680206	        -170	         172
 0.10000	120.82451630	 72.88578796	 80.52541351	121.70057678	 72.14768982	 81.49194336	        -171	         173
 0.10000	122.05918121	 71.64889526	 82.14651489	122.34249878	 70.72929382	 83.29566956	        -172	         174
 0.10000	122.78289795	 70.22419739	 83.89277649	123.86337280	 69.52267456	 84.65863037	        -173	         175
 0.10000	124.47994995	 69.09933472	 85.15400696	125.49091339	 68.40638733	 86.01611328	        -174	         176
 0.10000	126.14842224	 68.00747681	 86.47776794	127.30677032	 67.36062622	 87.17440796	        -175	         177
 0.10000	128.06001282	 66.99948883	 87.50139618	129.41436768	 66.47286224	 87.86754608	        -176	         178
 0.10000	130.10533142	 66.01808929	 88.21453094	131.01010132	 65.08058929	 88.95465088	        -177	         179
 0.10000	131.55586243	 64.51853943	 89.39084625	132.47599792	 63.58827972	 90.12111664	        -178	         180
 0.10000	132.89524841	 62.92114258	 90.54956818	133.35598755	 61.67222214	 91.23756409	        -179	         181
 0.10000	133.62593079	 60.89556122	 91.59579468	134.06498718	 59.55482101	 92.10077667	        -180	         182
 0.10000	134.20500183	 58.72242737	 92.40409088	134.23513794	 57.30799103	 92.89797211	        -181	         183
 0.10000	134.20716858	 56.46754837	 93.21028137	134.01808167	 55.09084702	 93.77131653	        -182	         184
 0.10000	134.10134888	 54.23114014	 94.01459503	134.52731323	 52.81078339	 94.23191071	        -183	         185
 0.10000	134.96972656	 52.05330276	 94.42089844	135.99208069	 51.01763916	 94.77861786	        -184	         186
 0.10000	136.61437988	 50.44833374	 95.08340454	137.67822266	 49.62221909	 95.73952484	        -185	         187
 0.10000	138.31805420	 49.12533188	 96.12267303	139.38931274	 48.29633331	 96.76266479	        -186	         188
 0.10000	140.07878113	 47.85903931	 97.13233948	141.30357361	 47.23137665	 97.72447205	        -187	         189
 0.10000	142.03385925	 46.85227585	 98.08118439	143.28112793	 46.25406647	 98.65768433	        -188	         190
 0.10000	143.89979553	 45.74224091	 99.05933380	144.63789368	 44.62862778	 99.73928070	        -189	         191
 0.10000	145.12344360	 44.18398666	100.35077667	145.88836670	 43.94165039	101.61732483	        -190	         192
 0.10000	146.40008545	 43.51383209	102.21939850	147.24565125	 42.44123459	102.83763123	        -191	         193
 0.10000	147.76673889	 41.97859955	103.40420532	148.61421204	 41.49057007	104.54012299	        -192	         194
 0.10000	149.04920959	 41.33068466	105.30873871	149.62223816	 41.31735992	106.69342041	        -193	         195
 0.10000	149.95372009	 41.31240463	107.52700806	150.47604370	 41.33867645	108.93125916	        -194	         196
 0.10000	150.75708008	 41.35149384	109.78282928	151.18536377	 41.37761307	111.21859741	        -195	         197
 0.10000	151.37373352	 41.33001328	112.09452820	151.62625122	 41.14679718	113.56039429	        -196	         198
 0.10000	151.59916687	 41.06337357	114.45366669	151.27050781	 40.96908569	115.91298676	        -197	         199
 0.10000	150.93241882	 40.88772964	116.74061584	150.13903809	 40.72067642	118.00127411	        -198	         200
 0.10000	149.67300415	 40.61127853	118.76055908	148.89598083	 40.41230011	120.02672577	        -199	         201
 0.10000	148.43106079	 40.30452728	120.78724670	147.65617371	 40.13833618	122.05964661	        -200	         202
 0.10000	147.19229126	 40.07350922	122.82588196	146.42123413	 40.01234818	124.11000824	        -201	         203
 0.10000	146.00648499	 40.02508926	124.90645599	145.39759827	 40.12691498	126.27240753	        -202	         204
 0.10000	145.04461670	 40.23502731	127.09078979	144.47775269	 40.50041199	128.45272827	        -203	         205
 0.10000	144.14358521	 40.60026932	129.27967834	143.59736633	 40.66475677	130.67369080	        -204	         206
 0.10000	143.33421326	 40.73130035	131.52859497	143.00431824	 40.89339447	132.98143005	        -205	         207
 0.10000	142.80256653	 40.90298080	133.85534668	142.46467590	 40.75182724	135.30754089	        -206	         208
 0.10000	142.19221497	 40.75676727	136.16265869	141.57974243	 40.93137360	137.51947021	        -207	         209
 0.10000	141.45439148	 40.96951675	138.40744019	141.65165710	 40.91967010	139.89251709	        -208	         210
 0.10000	141.88735962	 40.91787338	140.75900269	142.50292969	 40.89050674	142.12559509	        -209	         211
 0.10000	142.93804932	 41.13709259	142.87185669	143.75010681	 41.98036575	143.80828857	        -210	         212
 0.10000	144.11203003	 42.31526566	144.55921936	144.48591614	 42.61790848	145.97908020	        -211	         213
 0.10000	144.60479736	 42.72035599	146.86329651	144.54875183	 42.66416168	148.36016846	        -212	         214
 0.10000	144.67001343	 42.87909317	149.22375488	145.05186462	 43.61189651	150.47456360	        -213	         215
 0.10000	145.36904907	 43.91117096	151.25950623	146.03433228	 44.25786209	152.55709839	        -214	         216
 0.10000	146.49298096	 44.19480133	153.32585144	147.29295349	 43.64495468	154.46745300	        -215	         217
 0.10000	147.69876099	 43.28673553	155.18241882	148.25865173	 42.59019852	156.38491821	        -216	         218
 0.10000	148.56958008	 42.16736603	157.11122131	149.04986572	 41.44636154	158.33346558	        -217	         219
 0.10000	149.36404419	 41.04212189	159.06912231	149.95346069	 40.40336990	160.28956604	        -218	         220
 0.10000	150.18530273	 40.13641357	161.11358643	150.33152771	 39.89686584	162.58535767	        -219	         221
 0.10000	150.58843994	 39.84246445	163.44284058	151.26466370	 39.92848969	164.77726746	        -220	         222
 0.10000	151.65130615	 39.97458267	165.58549500	152.28848267	 40.00207520	166.94177246	        -221	         223
 0.10000	152.70831299	 40.28445816	167.68318176	153.41993713	 41.14406967	168.68362427	        -222	         224
 0.10000	153.76489258	 41.71592712	169.28338623	154.22758484	 42.80783463	170.20016479	        -223	         225
 0.10000	154.29988098	 43.35514450	170.90838623	154.00488281	 43.98883438	172.23435974	        -224	         226
 0.10000	154.07467651	 44.47194672	172.98748779	154.54020691	 45.34205627	174.11544800	        -225	         227
 0.10000	154.79202271	 45.87224197	174.79380798	155.23228455	 46.75824738	175.91935730	        -226	         228
 0.10000	155.33912659	 47.32162857	176.60935974	155.28263855	 48.28929901	177.75248718	        -227	         229
 0.10000	155.04396057	 48.81373215	178.44091797	154.24354553	 49.49541092	179.50938416	        -228	         230
 0.10000	154.03460693	 50.10100937	180.13845825	154.09498596	 51.29364395	181.04434204	        -229	         231
 0.10000	154.29216003	 52.01747513	181.53700256	154.94459534	 53.19108200	182.20272827	        -230	         232
 0.10000	155.16461182	 53.93161011	182.65896606	155.28215027	 55.19539261	183.45535278	        -231	         233
 0.10000	155.36131287	 55.95884705	183.91870117	155.48510742	 57.24075699	184.68443298	        -232	         234
 0.10000	155.52725220	 58.03059387	185.10713196	155.54397583	 59.40067673	185.71391296	        -233	         235
 0.10000	155.56819153	 60.17135239	186.17280579	155.70156860	 61.35311508	187.08505249	        -234	         236
 0.10000	155.48114014	 62.05097961	187.60562134	154.59825134	 63.03659058	188.31028748	        -235	         237
 0.10000	154.34906006	 63.65383148	188.91360474	154.42645264	 64.57232666	190.09585571	        -236	         238
 0.10000	154.25343323	 65.18518066	190.72897339	153.68588257	 66.22062683	191.65223694	        -237	         239
 0.10000	153.34184265	 66.94097900	192.06245422	152.74197388	 68.25086975	192.47494507	        -238	         240
 0.10000	152.44706726	 69.07426453	192.67335510	152.04377747	 70.50362396	192.87211609	        -239	         241
 0.10000	151.86531067	 71.37383270	192.99433899	151.67570496	 72.84709930	193.19036865	        -240	         242
 0.10000	151.54388428	 73.72761536	193.29470825	151.30059814	 75.19830322	193.44548035	        -241	         243
 0.10000	151.20077515	 76.07985687	193.57579041	151.11140442	 77.54352570	193.88391113	        -242	         244
 0.10000	151.09690857	 78.43991852	193.85269165	151.13058472	 79.88024139	193.44044495	        -243	         245
 0.10000	151.23098755	 80.73589325	193.19097900	151.51672363	 82.13896179	192.74922180	        -244	         246
 0.10000	151.65695190	 82.99681091	192.52720642	151.83090210	 84.45517731	192.22898865	        -245	         247
 0.10000	152.05992126	 85.29904175	192.02691650	152.65911865	 86.62470245	191.66636658	        -246	         248
 0.10000	152.87007141	 87.44341278	191.36515808	152.99060059	 88.79504395	190.72889709	        -247	         249
 0.10000	152.97264099	 89.65219116	190.46350098	152.77822876	 91.11719513	190.21441650	        -248	         250
 0.10000	152.58213806	 91.97172546	190.02372742	152.12947083	 93.35543060	189.66818237	        -249	         251
 0.10000	151.75053406	 94.09910583	189.33863831	150.93846130	 95.15695953	188.65487671	        -250	         252
 0.10000	150.48483276	 95.75856018	188.16770935	149.77259827	 96.69255829	187.23698425	        -251	         253
 0.10000	149.35050964	 97.25537872	186.67967224	148.66687012	 98.19304657	185.73097229	        -252	         254
 0.10000	148.15457153	 98.78533173	185.29211426	147.15905762	 99.79202271	184.80030823	        -253	         255
 0.10000	146.57885742	100.40103149	184.48770142	145.62530518	101.43196106	183.96438599	        -254	         256
 0.10000	145.01338196	101.94989777	183.56155396	143.94248962	102.62503815	182.75967407	        -255	         257
 0.10000	143.34402466	103.08535767	182.27510071	142.41900635	103.92850494	181.45100403	        -256	         258
 0.10000	141.88081360	104.47525024	180.98602295	141.00991821	105.46532440	180.27384949	        -257	         259
 0.10000	140.49749756	105.94721222	179.71656799	139.68162537	106.52242279	178.59869385	        -258	         260
 0.10000	139.25251770	106.95512390	177.93972778	138.66650391	107.79012299	176.84164429	        -259	         261
 0.10000	138.29174805	108.37186432	176.26979065	137.66040039	109.48825073	175.49406433	        -260	         262
 0.10000	137.13687134	109.97479248	174.95085144	136.06958008	110.42985535	174.00219727	        -261	         263
 0.10000	135.50973511	110.75801849	173.38264465	134.69442749	111.36456299	172.28135681	        -262	         264
 0.10000	134.20251465	111.72688293	171.62516785	133.38153076	112.33675385	170.53009033	        -263	         265
 0.10000	132.81784058	112.64920807	169.90661621	131.75404358	113.07323456	168.94041443	        -264	         266
 0.10000	131.20782471	113.38814545	168.30291748	130.46363831	114.00022888	167.15560913	        -265	         267
 0.10000	130.03744507	114.39797211	166.47407532	129.38806152	115.08277893	165.30993652	        -266	         268
 0.10000	128.98934937	115.71321106	164.81109619	128.37286377	117.01867676	164.40893555	        -267	         269
 0.10000	128.00354004	117.79338074	164.14756775	127.37764740	119.08733368	163.72378540	        -268	         270
 0.10000	127.05535889	119.85001373	163.37850952	126.62545013	121.08052826	162.63908386	        -269	         271
 0.10000	126.24533844	121.82196808	162.30621338	125.45847321	123.04183197	161.93359375	        -270	         272
 0.10000	124.84219360	123.66287231	161.73321533	123.57021332	124.42066956	161.49958801	        -271	         273
 0.10000	122.97442627	125.07767487	161.35932922	122.34934235	126.42977905	161.19177246	        -272	         274
 0.10000	121.80139160	127.06503296	160.87176514	120.73934937	127.72990417	160.04925537	        -273	         275
 0.10000	120.17246246	128.18075562	159.51957703	119.33839417	128.94723511	158.53849792	        -274	         276
 0.10000	118.80756378	129.41081238	157.98352051	117.85079956	130.19844055	157.14079285	        -275	         277
 0.10000	117.40903473	130.67964172	156.52552795	116.93530273	131.52455139	155.38177490	        -276	         278
 0.10000	116.54800415	131.79928589	154.61968994	115.76618195	131.85159302	153.34162903	        -277	         279
 0.10000	115.54901123	131.74784851	152.47631836	115.67035675	131.34138489	151.03854370	        -278	         280
 0.10000	115.56026459	130.99407959	150.21800232	115.13626862	130.21621704	149.00894165	        -279	         281
 0.10000	114.96504211	129.89776611	148.18727112	114.78681946	129.60586548	146.72805786	        -280	         282
 0.10000	114.71444702	129.41848755	145.85353088	114.61309814	129.13742065	144.38479614	        -281	         283
 0.10000	114.76881409	128.78713989	143.57298279	115.32594299	127.95166016	142.46023560	        -282	         284
 0.10000	115.84227753	127.48703766	141.89132690	116.95754242	126.75854492	141.20426941	        -283	         285
 0.10000	117.73240662	126.53627014	140.80969238	119.12288666	126.55148315	140.25100708	        -284	         286
 0.10000	119.96806335	126.47626495	139.95994568	121.39122009	126.25714111	139.54524231	        -285	         287
 0.10000	122.26219177	126.11946869	139.38177490	123.73683167	125.88110352	139.26490784	        -286	         288
 0.10000	124.60842896	125.67292023	139.23858643	126.03285217	125.21035767	139.28221130	        -287	         289
 0.10000	126.90491486	125.02098083	139.36791992	128.37236023	124.83928680	139.60905457	        -288	         290
 0.10000	129.25814819	124.80921936	139.74131775	130.74148560	124.87805176	139.94027710	        -289	         291
 0.10000	131.60717773	125.08560181	140.04734802	132.96516418	125.69987488	140.20112610	        -290	         292
 0.10000	133.77722168	126.06989288	140.28692627	135.12747192	126.71059418	140.39447021	        -291	         293
 0.10000	135.92105103	127.05626678	140.63012695	137.16070557	127.56049347	141.30458069	        -292	         294
 0.10000	137.94166565	127.76343536	141.69657898	139.27735901	127.97177124	142.34368896	        -293	         295
 0.10000	140.05067444	127.79998016	142.76603699	141.13722229	127.03888702	143.46366882	        -294	         296
 0.10000	141.80799866	126.55551147	143.81265259	142.95109558	125.70324707	144.27441406	        -295	         297
 0.10000	143.46015930	124.99637604	144.48934937	143.91957092	123.59022522	144.72906494	        -296	         298
 0.10000	144.33711243	122.79731750	144.76501465	145.19717407	121.57617188	144.64559937	        -297	         299
 0.10000	145.65641785	120.80951691	144.57249451	146.33290100	119.47991943	144.43292236	        -298	         300
 0.10000	146.74723816	118.68746185	144.36552429	147.43450928	117.35677338	144.31324768	        -299	         301
 0.10000	147.96034241	116.66779327	144.08073425	148.98950195	115.81129456	143.40715027	        -300	         302
 0.10000	149.44876099	115.23852539	142.89065552	149.97041321	114.29672241	141.84790039	        -301	         303
 0.10000	150.05911255	113.60292816	141.28498840	149.73808289	112.36672211	140.50047302	        -302	         304
 0.10000	149.76831055	111.55885315	140.10993958	150.09007263	110.16716766	139.65576172	        -303	         305
 0.10000	150.42312622	109.37213898	139.40492249	151.20793152	108.13470459	139.08955383	        -304	         306
 0.10000	151.74900818	107.48132324	138.79618835	152.78408813	106.61560059	138.14396667	        -305	         307
 0.10000	153.20585632	105.89968872	137.80508423	153.54034424	104.50475311	137.37133789	        -306	         308
 0.10000	153.71118164	103.71875763	136.97451782	153.89575195	102.50773621	136.11160278	        -307	         309
 0.10000	153.97686768	101.76705933	135.61270142	154.06250000	100.51851654	134.78889465	        -308	         310
 0.10000	154.09165955	 99.78389740	134.27566528	154.07859802	 98.57947540	133.38441467	        -309	         311
 0.10000	154.27085876	 97.87201691	132.86776733	154.90728760	 96.76882172	132.07807922	        -310	         312
 0.10000	155.23466492	 96.12655640	131.54388428	155.71269226	 95.11358643	130.54821777	        -311	         313
 0.10000	155.95013428	 94.43695831	130.00845337	156.25021362	 93.19740295	129.22099304	        -312	         314
 0.10000	156.39456177	 92.50296021	128.66999817	156.57958984	 91.46208954	127.60685730	        -313	         315
 0.10000	156.62142944	 90.67613983	127.17263031	156.56718445	 89.21443176	126.84215546	        -314	         316
 0.10000	156.64721680	 88.42694855	126.41517639	156.93508911	 87.33052826	125.43301392	        -315	           0
