1.49979
2.39399
3.87142
4.75452
6.21487
7.11126
8.60775
9.46374
10.72442
11.55743
12.98897
13.73069
14.68830
15.29841
16.28898
17.03966
18.45973
19.23096
20.38802
20.99976
21.84479
22.38489
23.22396
23.96568
25.41286
26.24315
27.47398
28.05162
28.65428
28.98260
29.38864
29.67551
30.19710
30.51707
31.03222
31.28569
31.58619
31.82007
32.27186
32.36524
32.23724
32.17637
32.05902
32.09745
32.33495
32.49724
32.81012
33.04171
33.50875
33.80934
34.30577
34.76096
35.62905
36.37124
37.83909
38.60602
39.61169
40.10039
40.62947
40.98513
41.56502
41.96400
42.60709
43.16886
44.27371
45.00481
46.31621
47.09695
48.41136
49.15985
50.33755
51.01609
51.99651
52.67597
53.94171
54.59344
55.42369
55.87206
56.49099
56.88217
57.50360
57.90303
58.57953
58.99634
59.70524
60.12844
60.76795
61.25547
62.20603
62.71967
63.44094
63.84438
64.45895
64.77025
65.20447
65.40331
65.61424
65.87627
66.50035
66.91239
67.66745
68.14662
69.00575
69.43771
70.02235
70.32286
70.74780
70.74994
70.31016
70.08740
69.76100
69.41433
68.64144
68.17557
67.37708
66.93064
66.25753
65.89305
65.40569
64.91747
63.83384
63.31777
62.67270
62.33178
61.89851
61.63331
61.19311
60.99881
60.80501
60.67856
60.49626
60.26671
59.62828
59.55639
59.96633
60.11574
60.28915
60.31114
60.21786
60.09977
59.77667
59.62845
59.38569
59.55624
60.32681
60.82183
61.72116
62.17386
62.78343
63.10489
63.48175
63.95615
65.05377
65.76620
67.07005
67.69806
68.36394
69.01410
70.32659
71.10509
72.41578
73.19604
74.48553
75.29049
76.60047
77.40888
78.77901
79.62511
81.06153
81.85751
83.00605
83.76383
85.11767
85.76073
86.47394
86.76743
86.97630
87.03922
86.99207
86.98851
87.07403
86.89182
86.27808
85.71310
84.49312
83.70581
82.35558
81.68336
80.93832
80.31195
79.09201
78.28527
76.83898
75.99599
74.64152
73.84690
72.64811
71.82547
70.45232
69.63432
68.28315
67.46341
66.08171
65.22886
63.77057
62.91534
61.51531
60.72611
59.54340
58.76123
57.37690
56.56400
55.22576
54.50869
53.53860
53.10817
52.73010
52.41797
51.81668
51.43821
50.78622
50.40638
49.74870
49.61266
49.86153
49.90923
49.87333
49.86314
49.88025
49.85470
49.67845
49.85458
50.59566
50.91684
51.22501
51.57145
52.39037
52.77614
53.24652
53.62484
54.38073
54.82560
55.55522
55.98312
56.66106
57.14847
58.03485
58.58796
59.56719
60.02168
60.51150
60.93574
61.82132
62.29886
62.97357
63.55773
64.72883
65.50484
66.91161
67.70096
68.85845
69.64644
71.01243
71.84661
73.25860
74.08298
75.37393
76.15517
77.45843
78.26048
79.56575
80.28664
81.37250
82.01146
83.05503
83.69165
84.77947
85.36619
86.14210
86.63621
87.44657
88.07135
89.29799
89.89276
90.54672
91.17502
92.46130
93.25658
94.58431
95.30853
96.40528
96.85685
97.15937
97.44067
97.97302
98.37179
99.22184
99.46181
99.37268
99.45915
99.75680
100.01806
100.57191
101.05615
102.07467
102.64483
103.46009
104.10102
105.35114
105.98837
106.84218
107.26492
107.78950
108.09629
108.55104
108.91443
109.60495
110.02441
110.70415
111.24848
112.36612
112.96068
113.86435
114.21308
114.42921
114.56172
114.69774
114.98671
115.76064
116.30376
117.30769
118.01417
119.30275
120.08162
121.39529
122.02521
122.75415
123.07863
123.35293
123.63872
124.23316
124.79147
126.00481
126.68222
127.69605
128.43007
129.73754
130.51050
131.78687
132.56660
133.88510
134.68166
135.99275
136.82657
138.21941
139.05651
140.45563
141.29206
142.63598
143.45170
144.82686
145.59695
146.77578
147.45365
148.48932
149.24499
150.64101
151.52947
153.01508
153.88700
155.28791
156.12935
157.53698
158.36228
159.70425
160.51009
161.84505
162.69342
164.12666
164.88233
165.78780
166.54996
168.01206
168.80131
169.93274
170.48712
171.15584
171.55276
172.18155
172.54806
173.14290
173.51247
174.17668
174.45282
174.70531
174.78070
174.76498
174.77542
174.81539
174.83797
174.87736
174.88282
174.87088
174.86982
174.87960
174.86367
174.79621
174.81253
174.93683
175.04072
175.25871
175.45845
175.92080
176.08824
176.14010
176.39039
177.12775
177.60987
178.53053
178.90404
179.14680
179.42854
180.02955
180.40526
181.06571
181.36453
181.62756
181.95335
182.68150
183.33732
184.69307
185.49886
186.85063
187.65427
188.99078
189.79032
191.13533
191.84085
192.79586
193.39392
194.36930
194.95448
195.96823
196.38888
196.73019
196.85724
196.88235
196.93757
197.05743
197.18614
197.49806
197.67062
197.97440
198.06083
198.05919
197.98314
197.71068
197.57927
197.40804
197.36757
197.42289
197.37533
197.16664
197.04027
196.82464
196.64874
196.24524
196.10180
196.07079
195.87461
195.25779
195.14957
195.42834
195.39517
195.09981
194.78273
194.01734
193.54817
192.70865
192.24028
191.51116
191.06080
190.28705
189.87990
189.31565
188.85250
187.90734
187.39274
186.60398
186.13781
185.36739
184.98179
184.49695
184.05552
183.10442
182.54007
181.61910
181.00491
179.90186
179.13574
177.73693
176.88080
175.42984
174.56261
173.11679
172.26315
170.90932
170.09469
168.73901
167.88231
166.41060
165.53000
164.06496
163.20039
161.78806
160.90224
159.40903
158.52337
157.08165
156.23114
154.87571
153.99224
152.50870
151.61179
150.11850
149.22468
147.73106
146.83517
145.35370
144.45794
142.97452
142.08995
140.62564
139.79398
138.63800
137.93727
136.77528
136.05593
134.82878
134.09515
132.91450
132.17444
130.96046
130.26849
129.30798
128.53113
127.06989
126.19362
124.72609
123.85032
122.40167
121.53227
120.14699
119.27215
117.85386
117.13329
116.31985
115.78733
114.93680
114.36696
113.34845
112.76957
111.80761
111.48881
111.41806
111.55522
112.11883
112.46447
113.03584
113.45391
114.25204
114.80426
115.84821
116.52109
117.72509
118.46531
119.72172
120.44536
121.60526
122.21929
123.07804
123.59287
124.42953
125.03649
126.17921
126.92176
128.22791
129.10770
130.57230
131.43464
132.83911
133.57940
134.53566
135.14241
136.14872
136.72541
137.63639
138.20123
139.18419
139.71374
140.45588
140.75061
140.96851
141.01927
140.87060
141.02573
141.61947
142.08193
143.04865
143.59697
144.44409
144.91666
145.58418
145.88107
146.17240
146.34690
146.62192
146.76184
146.93480
147.19773
147.87952
148.21774
148.66788
148.96542
149.50174
149.74596
150.00445
150.27776
150.88212
151.20006
151.63797
