1.49997
1.68443
1.11312
1.32294
1.93973
2.29111
2.66353
1.91149
1.37963
2.00603
3.47347
3.41652
2.82080
3.41208
4.20233
4.35279
4.07698
4.07920
4.97281
5.51871
6.31218
6.74443
6.47162
6.86207
7.67795
6.95497
6.05006
6.23529
7.18138
7.80600
7.88811
8.09418
8.51651
8.13221
6.91444
6.21153
5.19535
4.33238
3.36085
4.12198
4.91894
5.54606
5.32029
5.50293
6.28664
6.63259
7.22659
6.78474
5.93641
5.78165
5.65525
6.27373
7.75715
7.80050
6.32821
5.48356
4.05182
3.72768
5.02573
4.81901
3.62877
3.11298
4.13242
3.54391
2.22732
1.93567
3.07913
3.42879
2.53305
2.40784
3.23610
3.95356
5.30004
5.81175
5.76713
5.45821
5.15954
4.94403
4.88615
4.92676
5.82886
6.47482
5.97302
5.47070
4.61568
4.63724
5.30666
6.10138
7.07559
7.14126
6.06730
5.72455
6.04176
5.67122
4.54766
3.65743
3.58462
3.22448
3.11186
3.44276
3.62726
2.91264
2.49436
2.18880
2.47745
3.23234
4.55538
4.43107
3.07139
2.50572
2.58634
3.07958
3.86634
4.15552
4.53402
4.33897
4.41591
4.41560
4.00834
3.64373
3.10485
3.19247
3.87278
3.88283
2.97217
2.63412
2.35573
2.91108
3.80179
4.63627
6.03854
6.60236
6.68717
6.80961
6.66571
6.75635
7.09596
7.43892
8.14685
8.81056
10.17311
10.83064
11.32170
11.71828
11.65293
11.76284
12.14462
11.86953
11.77427
11.32557
11.60676
10.93417
10.11734
9.93177
10.63021
10.14702
8.67649
8.02989
8.30806
8.46613
8.81918
9.09917
9.49027
9.19689
9.16659
8.53186
8.54794
9.42715
9.57363
9.90632
9.72020
9.59050
10.10872
10.81366
11.24424
11.28463
11.35016
11.98558
11.89365
12.25891
11.90881
11.16646
10.22027
10.73888
10.97097
10.48269
9.15266
8.74819
9.43377
10.05576
9.73378
9.57867
9.11253
8.22749
8.45883
9.01107
8.84065
8.63365
8.61220
8.36044
8.69719
9.38638
9.90858
10.37704
11.39674
12.12286
12.40208
12.76035
12.28097
12.79356
13.50534
13.93277
14.02096
14.55002
14.44100
15.16625
15.38714
15.19897
13.89026
13.65477
14.72304
15.41731
16.61321
17.22149
17.41731
17.88706
18.92116
18.91159
19.91353
20.71748
22.03850
22.32241
21.04160
20.33204
19.45776
18.78493
17.87869
17.91455
18.62813
18.48180
17.44554
16.70758
16.26032
15.61173
14.90480
14.59530
13.92256
14.04419
14.75372
15.43389
15.50953
16.12822
15.10558
15.77743
16.70331
17.38975
16.64539
16.39965
16.96144
17.66423
17.45870
16.65760
16.17468
17.05373
17.60049
17.72523
17.44684
18.23547
18.64101
19.16030
19.15541
18.99651
19.00559
18.76997
17.56311
16.80768
15.77119
15.93153
16.44260
15.91772
14.81069
14.96671
16.31164
16.51069
15.12387
15.49713
16.86720
16.76019
16.87423
17.06136
17.03501
17.63329
17.63925
18.15005
19.35039
19.68990
18.97269
19.59444
20.73916
21.49289
22.74766
22.95338
21.83529
21.25428
20.25319
19.94458
19.62000
19.07033
18.31200
18.30993
19.28566
19.99327
19.10489
18.63213
18.91949
19.47706
19.52296
20.17538
20.23329
20.53443
22.01706
22.36544
21.59991
20.70009
19.58464
19.43457
19.01368
18.19365
18.65524
18.35299
17.52915
18.16933
18.92606
19.69152
20.79970
21.52128
20.52669
21.11392
21.99134
22.64554
22.22302
21.66789
21.11187
20.60499
20.54231
20.69449
21.11700
21.07661
21.31605
21.53184
20.93640
20.56161
20.30230
20.41842
20.88581
21.24387
21.53323
22.43422
22.30895
22.25079
22.02982
21.35860
20.31818
19.58598
18.92698
18.62606
18.17785
18.90737
19.86867
19.88789
19.03036
18.39294
17.66954
17.31798
17.67669
18.31530
17.96046
17.92501
17.81442
17.28048
16.09031
15.27767
14.14221
13.82544
14.99734
15.63794
16.42895
16.85140
16.14259
15.88426
15.45712
15.25840
15.28173
15.91428
16.15944
16.20311
15.98491
15.60430
15.73300
15.94259
16.07032
16.51761
17.48318
18.17951
18.89672
18.17936
17.42958
16.86167
15.64776
15.20870
15.12781
15.04199
15.19720
15.26612
15.59299
15.49711
14.89314
14.36483
13.63622
12.83784
11.41343
10.83705
11.53847
12.22821
12.82871
13.42272
13.76727
14.53430
14.47778
14.71839
15.21177
14.69988
13.66505
13.65428
13.50030
13.81895
14.89931
14.51054
14.19786
13.62415
12.29964
12.46418
13.89753
14.41159
14.95095
14.79234
13.79373
13.80214
14.89800
15.17602
14.03964
13.64081
13.05694
12.65258
12.29621
12.93925
13.16162
13.60282
13.33502
13.16629
13.14746
13.97707
14.88131
15.38897
15.04940
14.88014
14.93467
15.04795
14.96002
14.28930
14.33146
14.01669
14.13108
14.50932
15.08093
15.03591
15.61112
16.43335
17.07009
17.72147
18.23774
17.50951
16.91301
16.95465
17.43816
17.04094
16.67450
17.26057
17.76479
17.29732
16.23603
16.05584
17.14218
17.52312
16.40330
15.58810
14.20040
13.41561
12.61104
13.13931
14.03260
14.11735
13.58921
13.84559
14.85810
15.42966
15.91720
15.97635
15.75266
15.97707
16.04371
15.73183
16.00704
16.45393
17.76463
18.18121
18.25764
18.90085
19.34455
19.03825
17.84373
17.30061
17.45338
17.38153
17.18820
16.99520
15.95307
15.55615
15.22386
15.34060
15.75451
15.93500
16.04131
16.18052
16.46212
16.73076
17.59261
18.48261
19.70379
20.26138
20.49210
20.89517
21.80769
21.53189
20.26963
19.58139
19.28094
19.30907
20.00608
20.18459
20.15003
19.84572
19.20713
18.94229
18.77350
18.36488
18.45628
18.32140
17.95634
17.80134
17.50428
17.45798
17.65083
17.03357
16.80223
16.83683
17.20570
17.67200
18.20030
19.00915
19.80304
20.44018
19.67695
19.03661
19.25491
19.30257
19.26987
19.12101
18.75191
19.01419
19.50561
19.04264
18.66411
18.02125
18.78131
18.32605
17.69361
17.30159
16.37946
16.94245
18.03514
18.24687
17.69583
17.07725
18.16130
18.14202
17.60514
16.88832
17.44976
17.28422
17.30849
18.13635
18.89437
19.43746
19.66097
20.01138
20.41464
21.11689
22.16263
22.37235
21.27405
21.14065
22.15425
22.67025
23.52648
23.79276
23.75197
23.89758
24.39060
24.37468
23.91833
23.20491
22.60961
23.40156
23.93265
24.58659
24.15917
23.97422
24.44546
24.54112
24.48422
24.71019
24.64891
25.28670
24.95523
24.81260
25.13882
25.19231
25.29124
25.65699
26.62392
27.13916
27.11961
26.27604
25.03516
24.31341
24.32685
24.15221
23.84347
23.41899
22.39354
22.51569
23.74234
24.50494
25.56071
26.08474
25.34323
25.58636
26.39569
27.17064
26.66963
26.68407
26.86202
27.01538
27.55082
27.30293
26.57082
26.55573
26.76671
27.52928
27.28392
27.75031
27.18968
26.51703
25.73276
25.92700
26.53295
27.25880
26.66256
26.39727
27.22295
27.78213
26.95802
26.72670
27.37772
28.11910
27.89143
27.02942
26.13034
26.46219
26.76284
27.28778
27.90743
28.17761
29.01941
28.98907
27.85984
27.84914
27.98272
27.62236
26.91282
26.82637
27.02841
27.30222
26.90050
26.18730
25.60059
25.89024
26.43186
27.22947
28.41724
27.80528
27.86627
28.40706
28.49131
28.34383
28.73951
28.47362
27.47573
26.82503
25.65708
24.91225
23.91560
23.68910
24.61701
25.32138
26.08518
26.94452
26.61093
26.68507
26.86978
27.19648
28.12891
28.40142
28.15273
28.48950
29.52422
30.31008
31.54471
32.02143
30.94623
30.11892
29.08248
28.48001
27.46169
27.17210
27.60865
27.42538
26.76803
26.35586
26.33091
27.00986
28.41078
28.98137
28.86278
29.44372
30.61369
31.29380
30.66723
30.17598
28.85775
29.22462
30.51187
31.29073
31.80791
31.97235
31.62991
32.13195
32.54287
33.12531
33.26398
33.76831
34.32829
34.86259
35.94076
36.69231
37.94119
37.59177
36.28554
35.74873
34.54697
33.84773
32.62791
32.34295
32.65980
33.52265
34.45568
34.15156
33.32698
32.52958
33.27931
33.12703
34.31107
34.01049
32.74126
32.33090
31.58724
31.81093
32.78382
32.08883
31.07867
30.69149
31.64928
31.95010
31.21382
31.01690
30.75885
30.30942
29.29599
28.78455
28.39460
28.84799
29.12263
29.80633
31.19108
31.43548
30.03404
29.17882
28.64849
28.08089
28.15391
27.66661
26.28213
25.98234
26.76833
27.39182
28.56742
29.32094
29.19378
29.00936
29.33914
29.22291
30.10205
30.10591
29.78903
30.09295
30.59462
30.20360
30.32574
29.75371
28.63769
28.94564
30.19542
30.18679
28.83306
28.12869
27.06601
26.65001
26.63473
25.90793
24.41043
24.56774
26.06296
26.58991
25.88462
25.14339
24.01391
23.63056
24.05229
24.40129
25.29254
25.60741
25.93581
25.94427
24.94168
24.31681
25.31071
25.21593
23.82054
23.62612
24.83243
25.32374
25.22775
25.83788
26.60105
25.91767
25.16685
24.67623
23.97302
23.20847
23.12326
23.31844
23.39911
23.56910
23.47080
23.45612
23.20934
23.96087
24.93106
25.47519
24.91282
24.43459
23.19289
22.64900
22.19038
21.71798
20.71883
20.30375
19.99176
19.23751
17.85039
17.27823
17.84025
18.68026
18.90951
19.51714
20.48478
20.11066
19.01131
19.08510
20.31345
20.33285
19.24397
18.67290
18.00648
17.41083
16.08135
15.84835
16.66533
17.38285
16.90132
16.31729
14.87922
14.07104
12.94251
12.88611
13.62547
13.98010
13.93916
14.82737
14.75041
14.94420
16.20573
16.03263
14.90922
14.15875
14.80487
15.22721
16.36602
16.44727
15.76651
16.16338
16.71011
16.89768
17.19260
17.38774
17.58391
17.77438
18.21487
18.24405
18.13772
17.99913
17.56861
18.41309
18.80840
18.99205
19.91212
20.65127
21.71075
22.45561
22.24801
22.17461
21.88979
21.79991
21.78973
21.69995
21.60331
20.91625
19.42463
18.58905
17.56461
16.99112
18.16479
19.01668
20.17018
19.98125
18.71067
17.93203
16.57423
15.98283
15.55808
15.86372
16.43388
17.24971
17.19946
16.94948
16.12199
16.21803
17.71679
17.84961
16.51595
16.28519
16.26591
16.49370
17.88600
18.09251
16.70197
15.81907
14.68003
14.31924
15.25816
15.39110
15.14897
15.15931
15.32101
14.80572
14.57412
14.91402
15.50089
15.24167
14.42769
13.92170
12.97687
13.16644
14.32496
15.15476
15.88526
15.51102
14.21727
13.45233
13.83705
13.75624
13.14717
13.31009
13.49583
13.73003
13.76312
14.06842
13.84259
13.42670
13.41534
14.24235
14.48650
14.60053
13.74171
14.38371
15.27450
15.99271
15.23721
15.73749
16.52884
17.25165
18.59886
19.36714
19.94211
20.42523
21.45316
21.03988
20.19367
19.51739
20.26890
20.59509
21.29381
21.49314
21.39292
21.19020
20.74638
20.19622
19.42600
19.35231
19.68725
19.67087
19.99743
19.96278
20.09699
20.38274
20.89756
20.46341
19.23857
19.00377
19.51846
20.34881
19.86091
20.26762
20.98596
21.20772
21.96480
21.70463
20.33857
19.53986
18.51443
18.35146
18.76284
18.91665
19.17266
19.40254
19.90426
20.17519
20.30747
21.12733
22.28650
22.89246
22.02072
22.19575
23.22878
23.95356
24.87903
25.54367
25.54361
25.23238
25.65884
25.02708
24.90981
25.69108
26.59919
27.47802
28.26122
28.13285
27.50488
27.14485
26.73938
26.51848
26.31069
27.14732
27.50920
28.34502
28.00230
27.48065
27.00521
26.15523
25.28384
25.73928
27.21411
28.08950
29.48025
29.42386
28.00771
27.71019
29.13457
29.24527
27.87728
28.13577
29.08504
29.00940
27.63704
26.89260
25.64386
25.98803
27.20252
26.61653
25.51522
25.38199
26.04794
26.93467
27.11456
26.99385
28.40405
29.05488
30.03108
30.83187
31.83839
32.51892
33.96744
34.21444
34.42277
33.76012
33.44501
33.11055
33.91337
33.49995
32.68798
32.72263
32.72224
32.96908
33.03620
33.44210
33.31366
32.43150
32.51866
32.11377
31.79674
31.46625
31.86401
32.30506
33.45890
34.21289
33.85026
33.84223
33.74979
33.42733
32.44184
32.77596
33.63630
34.24277
33.41924
33.03387
32.29769
32.34802
32.69309
32.81702
32.85975
32.92577
32.92607
33.26958
33.39665
33.69380
34.41136
34.82060
35.45843
36.09636
35.17828
35.19048
36.21122
36.59669
37.93834
37.86267
36.42493
35.97049
35.03899
34.49110
35.41732
35.66619
34.73466
34.07218
33.69273
33.55215
33.10122
32.88428
32.67905
32.60448
32.57297
32.59241
32.69359
32.78709
33.00586
33.09516
33.10627
33.44077
33.82579
33.10074
32.62522
33.00789
33.99610
34.32662
34.37997
34.28208
33.95244
33.36005
32.04190
31.14893
30.07845
29.38218
28.29722
27.44053
26.06425
25.83165
27.24845
27.57644
26.64492
26.09954
26.66806
27.42478
26.76536
26.03552
25.33991
24.69159
23.39993
22.88902
24.12120
24.78481
25.87427
26.19556
25.93829
25.67976
25.01471
24.51954
23.94110
23.34487
23.71849
23.94800
24.34139
23.49229
23.08105
23.01563
22.22541
22.63396
24.13189
24.92510
25.88561
26.05746
25.61239
25.41980
25.24803
25.22940
24.35813
23.70857
23.46263
23.87094
25.35939
25.63306
24.65476
23.91952
24.61690
24.64107
23.91928
23.97051
22.93924
22.36145
21.28008
21.10719
21.27518
21.68194
22.69725
21.99966
20.82477
19.94091
19.03130
19.41965
20.45931
20.76103
20.13531
19.72824
20.20205
21.07883
20.60324
20.39766
20.09903
20.37994
20.81810
20.30247
19.95138
19.16084
19.59866
20.30360
21.70288
22.43289
22.41557
22.69491
23.49476
23.42116
22.51375
22.00941
21.27716
20.48811
19.05556
18.73363
19.09945
19.86792
21.36294
21.59234
20.38164
19.96595
19.15250
19.77573
20.78789
21.67603
22.31390
22.47112
22.18829
21.73786
20.73417
20.75575
19.96506
19.23168
20.13189
21.01445
22.40734
23.01764
23.28141
23.49155
24.11024
23.52962
22.08919
21.34262
20.18073
20.46073
21.94342
22.70328
23.04914
22.60179
21.98080
21.32450
21.22084
21.55681
21.58980
22.47476
22.49466
22.45555
23.36615
23.52701
22.81371
22.17420
20.72079
20.25658
20.78546
21.51556
20.57758
19.83732
18.56093
18.57632
19.85810
20.01450
19.01051
19.72843
20.82465
21.12299
19.90772
19.47347
19.28548
18.86171
18.00707
18.44246
19.37254
18.65443
17.31752
17.62223
19.06818
19.18618
18.29333
18.35336
17.70451
18.10920
19.41154
19.60315
18.43587
18.40682
19.50306
20.07564
19.66661
20.40910
21.49882
22.01457
21.01901
20.80216
21.00837
20.82719
20.02372
19.63997
19.60163
18.99105
17.89015
18.57782
19.70827
20.19463
19.95560
19.60704
20.36675
19.67705
18.85222
19.09801
20.24248
19.73347
18.62032
18.46959
19.74745
20.41249
21.50527
21.98124
20.95648
20.17696
18.97962
18.36659
17.49471
17.30415
17.85459
18.67580
18.03210
17.18211
15.96367
15.10229
13.76282
13.26192
14.23383
14.92143
16.31045
16.43016
15.08435
14.54934
13.87662
13.21140
12.48015
11.81663
11.76731
11.88313
12.16299
13.00835
12.74606
13.13048
14.24730
15.06553
16.39207
17.07900
18.42205
18.82118
18.55626
19.03066
19.58612
19.20941
18.12266
17.49756
18.39034
19.22328
20.13788
19.41636
18.55547
18.44505
18.96809
19.36203
19.91889
19.46820
18.07596
17.60389
18.56502
18.14499
17.02234
16.25832
14.99710
15.53860
16.95985
17.71917
18.82390
18.99022
17.94624
17.10094
16.29632
17.02115
17.78522
18.23296
18.84172
18.79670
18.24146
17.56122
16.17644
16.04266
17.25421
17.39327
16.28433
16.54418
17.64668
17.00132
15.90103
15.43252
14.09886
13.62280
14.98573
14.76049
13.37359
13.14795
14.34217
14.75592
13.56474
13.83594
15.02578
15.62285
15.66835
14.97224
13.50795
13.58065
15.03879
15.77957
17.13390
17.65892
18.94743
19.09159
17.99441
17.21757
16.34932
15.76074
15.62111
16.04408
15.88474
15.47083
14.77771
14.86078
15.70450
16.16742
16.89361
17.00475
17.85545
18.34373
19.17016
19.50324
19.75665
19.84611
19.87754
19.10022
18.00989
18.00448
19.27579
19.91851
21.01653
20.81022
19.35390
18.93216
19.94981
20.66960
21.03858
20.40752
20.06419
20.05375
19.90430
19.52563
18.31282
18.02082
17.83713
18.58199
19.48721
20.26149
20.91473
20.92084
20.12607
19.57087
20.28896
19.98353
18.88787
18.25441
17.22699
17.23787
18.28098
19.06158
20.26276
20.88588
21.27347
21.55287
21.83011
21.96047
21.88150
22.49667
23.61264
23.81027
23.50300
22.63036
22.68295
22.76197
22.74897
22.22960
20.80007
20.08429
19.78866
19.02257
19.17760
19.13886
18.88381
18.72966
17.61013
16.85392
16.85380
16.27516
15.15666
14.60982
15.59843
15.45460
14.24322
13.60836
12.56595
12.76465
13.13825
13.18476
12.90766
13.00634
12.95731
12.89423
12.93346
12.31507
10.84182
10.55606
11.85009
12.32413
12.89429
12.28734
11.00366
10.13537
8.91642
8.99478
10.41549
10.96527
10.41652
9.52783
8.10198
7.84709
8.91767
9.06926
8.27077
8.33823
8.95366
9.81832
10.82998
11.00380
10.22680
9.97785
9.57614
10.01363
10.98548
11.03236
10.12880
9.61160
10.03534
9.84242
11.02819
11.24768
10.09474
10.20244
11.39398
11.69502
11.70260
11.96058
12.22149
12.37267
13.05659
12.65820
11.50772
11.73415
13.08453
12.85322
11.59915
11.21147
12.41629
13.13411
13.02448
13.00087
12.13126
12.63156
13.56312
13.87096
15.14622
14.84159
13.62172
12.79113
11.74043
11.04209
10.13598
10.67560
11.55072
11.46594
11.23372
11.64031
12.72846
12.25962
10.91203
10.32771
9.55271
9.29009
10.14332
10.69617
12.17954
12.50558
11.96381
11.52849
10.24286
10.29257
11.76156
12.62736
13.67029
14.54290
15.70664
15.29206
14.03651
13.61618
12.26889
11.68466
10.83427
9.96245
9.63959
8.80968
8.94488
9.66477
10.91291
11.30960
10.12374
9.34715
8.20017
8.09202
8.61829
7.77313
7.19075
7.82104
9.01166
9.83255
11.14376
11.90404
13.35185
13.70236
13.15815
12.36303
10.98202
11.28075
12.39747
12.91330
12.73026
12.75338
12.22619
11.41629
12.03146
12.05979
11.36643
10.62722
11.34113
11.74815
12.43717
12.35911
11.76134
11.15680
9.81031
9.14555
8.44065
7.77491
7.98659
7.64947
7.60880
8.20047
8.50040
8.32942
8.74905
9.10738
9.81949
10.29079
11.27277
11.10577
9.86526
9.58503
10.48941
10.71907
9.54838
9.15330
8.48302
7.85974
8.64338
8.67529
8.73127
8.75319
8.99683
9.32827
9.80572
10.14961
10.65547
10.74457
10.29240
10.74510
11.53943
12.09492
12.95051
13.50284
14.21364
15.05728
15.50805
16.39696
16.61220
17.21406
18.17799
18.12751
17.08708
16.55242
15.94541
15.37410
15.10487
15.74096
16.96274
17.79326
19.17920
20.07719
21.51749
22.37117
23.56841
24.35953
24.47911
24.11721
24.03616
24.57068
24.68158
24.65145
24.97210
25.38927
26.32012
26.97147
27.58234
28.11868
27.52080
27.21757
26.84442
26.21347
26.21491
25.74526
25.64634
25.51939
25.44431
25.20315
24.85475
24.70992
24.69420
25.36084
25.91931
26.07831
25.77468
25.62848
25.62365
25.42092
24.53630
23.77148
23.39885
23.47952
24.75957
25.09543
24.17598
24.85724
25.87311
25.60557
24.36129
23.53387
22.30290
21.50130
20.48241
20.23892
21.37197
21.14825
20.49533
20.83932
21.47460
22.15436
23.50447
24.03588
23.07974
22.48271
23.58352
23.21722
23.26193
22.37035
22.07864
22.08827
22.49670
21.62784
20.75136
20.76141
21.72622
22.60348
23.94258
24.02128
23.20130
23.09728
21.87383
21.79186
22.56469
22.83897
21.66167
20.81142
20.78253
21.05024
21.85822
22.29630
21.86738
22.55630
22.29275
21.48399
21.73547
22.30947
22.98997
22.28028
21.60597
20.98489
20.41101
19.60436
20.20696
20.60407
21.54223
21.65395
21.28816
21.73856
22.19761
22.46372
22.93663
23.43377
24.61698
25.42540
26.11677
26.62504
27.80723
28.04077
27.52297
27.22653
26.46965
26.88302
27.68027
28.36841
29.20818
29.51870
28.72069
28.09004
28.68815
29.51354
30.60468
31.26871
32.32472
32.93432
33.86764
34.63509
35.77291
36.52563
36.31798
36.08371
35.80391
35.99514
36.63013
37.27216
37.83027
37.56705
36.92405
36.29265
36.92117
37.42115
37.69370
