1.49986
2.39615
3.87900
4.77357
6.22007
7.08858
8.53255
9.39208
10.81340
11.67187
13.10671
13.98672
15.43369
16.28915
17.62113
18.34945
19.40816
20.13009
21.43253
22.24040
23.62783
24.48782
25.95304
26.83639
28.31637
29.19871
30.63976
31.45848
32.67845
33.40428
34.52235
35.31672
36.76651
37.59719
38.92068
39.69508
40.93282
41.72942
43.10065
43.99422
45.45123
46.33590
47.80333
48.69837
50.18811
51.05984
52.35821
53.14131
54.40548
55.14371
56.30516
56.92610
57.78355
58.30985
59.15566
59.84122
61.15558
61.96184
63.34038
64.15310
65.49581
66.18623
67.10838
