1.49988
2.38780
3.83618
4.64635
5.85912
6.62644
7.91781
8.72971
10.12104
10.99442
12.47887
13.37127
14.83943
15.73590
17.22680
18.12258
19.59364
20.44545
21.78800
22.65666
24.15059
25.03721
26.49937
27.37793
28.84421
29.71146
31.13565
31.99131
33.42464
34.26771
35.61784
36.37469
37.49263
38.18593
39.36394
40.11718
41.43811
42.26696
43.68856
44.56532
46.01768
46.90637
48.39616
49.28981
50.73343
51.57553
52.90145
53.69016
54.98072
55.80403
57.21777
58.10722
59.59946
60.47732
61.83691
62.72214
64.19467
65.04963
66.39634
67.21726
68.59533
69.45279
70.83326
