0.00042159
0.00089179
0.00133486
0.00168553
0.00205960
0.00223884
0.00257114
0.00287561
0.00293680
0.00293680
0.00269711
0.00261617
0.00309087
0.00326904
0.00353134
0.00353134
0.00343678
0.00314301
0.00257734
0.00207957
0.00191490
0.00181262
0.00207202
0.00216419
0.00220506
0.00241982
0.00241982
0.00233676
0.00227071
0.00249524
0.00267084
0.00301603
0.00335607
0.00342302
0.00342302
0.00313405
0.00305869
0.00305869
0.00303562
0.00274023
0.00264653
0.00253733
0.00227713
0.00227713
0.00204833
0.00235264
0.00261013
0.00261013
0.00277698
0.00296092
0.00327320
0.00327320
0.00283952
0.00252520
0.00280950
0.00320904
0.00324274
0.00324274
0.00301141
0.00290017
0.00283159
0.00233333
0.00239906
0.00239906
0.00198056
0.00198056
0.00191377
0.00218648
0.00218648
0.00214982
0.00176597
0.00187561
0.00222351
0.00228043
0.00257273
0.00257273
0.00254424
0.00218530
0.00247566
0.00270346
0.00270346
0.00299464
0.00311673
0.00321434
0.00321434
0.00325695
0.00325695
0.00331680
0.00331680
0.00314884
0.00250296
0.00242866
0.00281129
0.00282364
0.00282364
0.00266360
0.00186094
0.00195023
0.00238076
0.00288345
0.00349619
0.00349619
0.00348032
0.00296451
0.00241029
0.00284605
0.00284605
0.00274004
0.00267438
0.00199825
0.00228226
0.00251586
0.00318356
0.00361521
0.00361521
0.00357576
0.00316769
0.00289910
0.00272302
0.00262644
0.00199546
0.00149954
0.00150988
0.00185419
0.00201653
0.00264432
0.00292744
0.00315834
0.00315834
0.00311354
0.00341925
0.00341925
0.00309189
0.00285654
0.00336333
0.00391762
0.00391762
0.00338551
0.00316799
0.00316799
0.00283509
0.00240733
0.00268564
0.00269354
0.00310821
0.00310821
0.00300259
0.00304203
0.00319342
0.00342341
0.00347247
0.00347247
0.00282128
0.00270255
0.00229592
0.00191719
0.00193110
0.00193110
0.00192107
0.00209034
0.00262730
0.00274075
0.00329764
0.00364315
0.00364315
0.00340756
0.00296665
0.00272879
0.00264507
0.00247371
0.00193688
0.00252474
0.00313535
0.00314040
0.00345095
0.00345095
0.00315310
0.00266126
0.00247459
0.00262373
0.00278852
0.00289368
0.00289368
0.00287142
0.00287142
0.00283620
0.00256989
0.00249844
0.00285365
0.00312921
0.00312921
0.00307290
0.00339181
0.00339181
0.00336872
0.00309894
0.00277414
0.00233184
0.00233184
0.00260919
0.00282882
0.00283174
0.00310635
0.00317255
0.00317255
0.00268281
0.00315187
0.00315187
0.00312570
0.00312570
0.00298635
0.00298635
0.00275711
0.00260442
0.00236585
0.00233868
0.00238228
0.00308700
0.00343536
0.00358032
0.00358032
0.00336744
0.00292561
0.00257057
0.00250310
0.00250310
0.00241425
0.00232588
0.00205606
0.00188375
0.00180533
0.00236082
0.00286155
0.00286155
0.00283308
0.00228491
0.00241965
0.00268613
0.00318125
0.00318475
0.00343483
0.00358814
0.00358814
0.00343806
0.00316384
0.00260016
0.00228412
0.00242734
0.00311715
0.00354180
0.00377681
0.00377681
0.00313981
0.00271722
0.00273121
0.00320519
0.00343327
0.00343327
0.00317945
0.00319218
0.00319218
0.00280819
0.00234482
0.00245305
0.00328108
0.00350560
0.00357877
0.00357877
0.00337960
0.00310487
0.00327671
0.00327671
0.00312022
0.00262923
0.00262650
0.00248144
0.00277009
0.00277009
0.00286289
0.00286289
0.00290118
0.00290118
0.00308926
0.00351945
0.00351945
0.00349706
0.00317060
0.00324294
0.00324294
0.00329808
0.00336054
0.00336054
0.00327887
0.00340393
0.00340393
0.00310022
0.00246417
0.00191922
0.00176854
0.00162129
0.00207124
0.00229868
0.00251349
0.00278343
0.00300312
0.00300312
0.00289378
0.00272111
0.00235735
0.00250152
0.00262917
0.00262917
0.00240940
0.00186876
0.00122827
0.00063972
