 0.10000	 56.43487930	 48.93246841	 31.75291443	 57.92635727	 48.87963104	 31.60255814	           0	           2
 0.10000	 58.80017853	 48.90829086	 31.81556892	 59.97209167	 49.14286423	 32.72189331	          -1	           3
 0.10000	 60.71520996	 48.91362762	 33.17451477	 61.74093628	 47.90755844	 33.60513306	          -2	           4
 0.10000	 62.39414978	 47.56674576	 34.12167740	 63.42282486	 47.59347916	 35.21293259	          -3	           5
 0.10000	 63.73254013	 47.16159821	 35.93907547	 63.55041885	 46.02387619	 36.89935303	          -4	           6
 0.10000	 63.32604980	 45.28891373	 37.36732864	 62.73641205	 44.01420593	 37.89366913	          -5	           7
 0.10000	 62.15222168	 43.33500671	 37.97743225	 61.01505280	 42.41008377	 37.65939713	          -6	           8
 0.10000	 60.13191986	 42.32932663	 37.50692749	 58.87228012	 43.14344025	 37.48789215	          -7	           9
 0.10000	 58.14703751	 43.25484467	 36.96695709	 57.43629456	 42.91389847	 35.69086075	          -8	          10
 0.10000	 57.52450180	 42.56639481	 34.86552811	 58.60406876	 42.00680161	 33.98734665	          -9	          11
 0.10000	 58.95235825	 41.39236450	 33.42981720	 59.03237534	 40.07135773	 32.72398376	         -10	          12
 0.10000	 59.31942368	 39.35810089	 32.25674057	 59.98357010	 38.25864410	 31.48239136	         -11	          13
 0.10000	 60.70801544	 37.90262604	 31.08527565	 62.15630722	 38.02801132	 30.71642685	         -12	          14
 0.10000	 63.01519012	 37.90430450	 30.47967911	 64.41320038	 37.48726273	 30.13218689	         -13	          15
 0.10000	 65.25637817	 37.28149796	 29.89599419	 66.61885834	 36.79806900	 29.49678040	         -14	          16
 0.10000	 67.40779877	 37.11115646	 29.19827271	 68.11566925	 38.38408279	 28.84008789	         -15	          17
 0.10000	 68.33395386	 39.21829605	 28.58320236	 68.26669312	 40.66187286	 28.18176651	         -16	          18
 0.10000	 67.85676575	 41.42887497	 27.95098877	 66.72545624	 42.37625504	 27.68205452	         -17	          19
 0.10000	 65.85203552	 42.50779724	 27.51088715	 64.51838684	 41.84617233	 27.32834053	         -18	          20
 0.10000	 63.65633011	 41.61626053	 27.21270561	 62.21860504	 41.26634598	 26.96754265	         -19	          21
 0.10000	 61.33863831	 41.41697311	 27.07940483	 60.23405838	 42.25425720	 27.65255928	         -20	          22
 0.10000	 59.42050171	 42.52651215	 27.92367744	 57.96667480	 42.64173508	 28.27389526	         -21	          23
 0.10000	 57.11772919	 42.78921127	 28.53296661	 55.71349335	 42.93579865	 29.03931618	         -22	          24
 0.10000	 55.12854385	 43.58658600	 29.24932861	 55.21395111	 45.08406448	 29.23615456	         -23	          25
 0.10000	 54.65288544	 45.76445007	 29.41526985	 53.25308228	 46.13641357	 29.80510139	         -24	          26
 0.10000	 52.44609070	 45.99667740	 30.17783356	 51.52821350	 44.97024918	 30.77260590	         -25	          27
 0.10000	 50.87111664	 44.90891647	 31.38423538	 50.12096405	 45.67346954	 32.43413162	         -26	          28
 0.10000	 49.58634567	 46.09325027	 33.02336502	 48.63055801	 46.85647964	 33.89122009	         -27	          29
 0.10000	 48.13196564	 47.32969284	 34.47128677	 47.32840347	 48.06996155	 35.49872971	         -28	          30
 0.10000	 47.22182465	 48.71884918	 36.11273575	 47.62300873	 49.94263840	 36.88153839	         -29	          31
 0.10000	 48.20408249	 50.42892456	 37.36684799	 49.57265091	 50.55869293	 37.96672058	         -30	          32
 0.10000	 50.35057068	 50.90724182	 38.25466537	 51.61871719	 51.69280624	 38.41101074	         -31	          33
 0.10000	 51.99570465	 52.36436844	 38.87641144	 51.80225754	 53.51133728	 39.82347870	         -32	          34
 0.10000	 51.41391373	 53.72835922	 40.60568237	 50.56669235	 53.08139801	 41.66091537	         -33	          35
 0.10000	 49.82239151	 52.87049103	 42.12054062	 48.33721161	 52.84309769	 42.32850647	         -34	          36
 0.10000	 47.71696472	 52.30936050	 42.70293808	 47.65636826	 51.01950073	 43.46604156	         -35	          37
 0.10000	 47.23455048	 50.23188782	 43.57220840	 46.23380661	 49.22132492	 43.09617996	         -36	          38
 0.10000	 45.67680740	 48.53678513	 42.92276764	 44.80176163	 47.33585739	 42.72011185	         -37	          39
 0.10000	 44.23821259	 46.64546585	 42.59987259	 43.28608322	 45.48951340	 42.52063370	         -38	          40
 0.10000	 42.61627960	 45.05038071	 42.11129761	 41.61508942	 44.92996597	 41.00116730	         -39	          41
 0.10000	 40.98732376	 44.85081100	 40.36190796	 39.89347458	 44.69456482	 39.34781647	         -40	          42
 0.10000	 39.46524429	 45.02034760	 38.62686920	 39.39160156	 46.15995407	 37.65460205	         -41	          43
 0.10000	 39.10923004	 46.52185059	 36.88107300	 38.42271042	 46.55822372	 35.54822922	         -42	          44
 0.10000	 38.03103256	 46.60691833	 34.74023056	 37.38846970	 46.59760666	 33.38523102	         -43	          45
 0.10000	 36.98459244	 46.76893997	 32.60009766	 36.40240860	 47.43764877	 31.39046669	         -44	          46
 0.10000	 35.77824402	 47.43532944	 30.74256706	 34.61045074	 46.80946732	 30.03964043	         -45	          47
 0.10000	 33.81459808	 46.40657806	 29.92267609	 32.58755493	 45.68732071	 30.39871979	         -46	          48
 0.10000	 31.75417900	 45.35114670	 30.44235229	 30.29812431	 45.09581375	 30.18874168	         -47	          49
 0.10000	 29.56521797	 44.57833862	 30.12025452	 28.71377563	 43.34512711	 30.18259811	         -48	          50
 0.10000	 28.52118492	 42.48466873	 30.00363731	 28.73250771	 41.14201736	 29.36935806	         -49	          51
 0.10000	 29.30379486	 40.45201492	 29.28523254	 30.69522285	 40.00422668	 29.62113953	         -50	          52
 0.10000	 31.48138046	 39.66433334	 29.89583015	 32.77606583	 39.23492432	 30.51903534	         -51	          53
 0.10000	 33.31195831	 38.67013931	 30.96880913	 33.70804214	 37.43496704	 31.72103691	         -52	          54
 0.10000	 33.63850403	 36.65923309	 32.16909790	 32.97206116	 35.46436691	 32.78174210	         -53	          55
 0.10000	 32.53611374	 34.78895569	 33.18130112	 31.67829132	 33.76665115	 33.86327362	         -54	          56
 0.10000	 31.16838837	 33.15196991	 34.27200317	 30.27410698	 32.13229370	 34.90936661	         -55	          57
 0.10000	 29.90023613	 31.55265808	 35.48297882	 29.61980247	 30.69042015	 36.67605209	         -56	          58
 0.10000	 29.28457451	 30.27697563	 37.39789581	 28.51837730	 29.80007362	 38.59398651	         -57	          59
 0.10000	 28.04381943	 29.52721405	 39.30413818	 27.20584679	 29.08390427	 40.46455383	         -58	          60
 0.10000	 26.69320488	 28.99415398	 41.19526672	 25.82960510	 29.13408852	 42.41209412	         -59	          61
 0.10000	 25.40140533	 29.29282188	 43.18485641	 24.84556007	 29.80786324	 44.47822952	         -60	          62
 0.10000	 24.59614754	 29.74622726	 45.33901215	 24.41117096	 29.12250710	 46.68967819	         -61	          63
 0.10000	 24.34258080	 28.51512146	 47.34793854	 24.38907051	 27.17707825	 48.02223206	         -62	          64
 0.10000	 24.24028397	 26.39841270	 48.44383621	 23.73820686	 25.14023972	 49.08538437	         -63	          65
 0.10000	 23.42386436	 24.39293480	 49.47089005	 22.90205383	 23.16395569	 50.15217972	         -64	          66
 0.10000	 22.36423874	 22.47639847	 50.36326599	 21.18469429	 21.55165100	 50.33508682	         -65	          67
 0.10000	 20.51407242	 20.95687103	 50.39297867	 19.42854500	 19.93531036	 50.55342484	         -66	          68
 0.10000	 18.76941681	 19.33526611	 50.66889191	 17.69170380	 18.38034058	 51.08781433	         -67	          69
 0.10000	 17.07368660	 17.83284187	 50.73067093	 16.54631042	 17.28100395	 49.43957520	         -68	          70
 0.10000	 16.34629631	 17.36640549	 48.56642532	 16.38302612	 18.26686668	 47.36740494	         -69	          71
 0.10000	 16.55381966	 18.62344551	 46.55904388	 17.26154137	 18.96045113	 45.28018951	         -70	          72
 0.10000	 17.17761803	 19.22517776	 44.42424393	 16.35542488	 19.75501251	 43.28708267	         -71	          73
 0.10000	 15.69639015	 19.51525879	 42.72327805	 14.79200363	 18.34669685	 42.46600723	         -72	          74
 0.10000	 14.04054546	 17.86270332	 42.36411667	 12.62049484	 17.38576508	 42.43654633	         -73	          75
 0.10000	 11.78118324	 17.06396294	 42.46804428	 10.43575954	 16.40385246	 42.52528381	         -74	          76
 0.10000	  9.53984165	 16.46158981	 42.57973099	  8.29035378	 17.28397751	 42.68680191	         -75	          77
 0.10000	  7.51802254	 17.74273109	 42.72724533	  6.22569036	 18.49710274	 42.82548141	         -76	          78
 0.10000	  5.63482380	 19.14197159	 42.61658096	  5.08367538	 20.33106613	 41.88782501	         -77	          79
 0.10000	  4.94314480	 21.09855270	 41.44099808	  5.14262724	 22.40645599	 40.73503113	         -78	          80
 0.10000	  5.15655041	 23.05125999	 40.10848618	  5.13684416	 23.73608017	 38.77449417	         -79	          81
 0.10000	  4.87002373	 24.37634659	 38.20213699	  4.06137228	 25.58313751	 37.82986832	         -80	          82
 0.10000	  3.65305257	 26.22309875	 37.34813690	  3.02389646	 27.11785889	 36.32246017	         -81	          83
 0.10000	  2.93245673	 27.52159119	 35.52468872	  3.30292511	 27.82505798	 34.10393143	         -82	          84
 0.10000	  3.45888424	 28.01895332	 33.24071503	  3.64891601	 28.34881592	 31.79070663	         -83	          85
 0.10000	  3.92669201	 28.32843590	 30.93675041	  4.60929871	 27.97410393	 29.64995956	         -84	          86
 0.10000	  5.02030325	 27.60336304	 28.94256973	  5.68330860	 26.69069481	 27.95517921	         -85	          87
 0.10000	  6.16859579	 26.23034477	 27.35533524	  7.13471127	 25.54425430	 26.43663979	         -86	          88
 0.10000	  7.58622646	 25.29891586	 25.69897079	  7.90758991	 25.24333954	 24.23522186	         -87	          89
 0.10000	  8.61866474	 25.14052582	 23.69424057	 10.10762691	 24.96643066	 23.73179626	         -88	          90
 0.10000	 11.00161266	 24.89714813	 23.66915894	 12.50003719	 24.86451721	 23.62804604	         -89	          91
 0.10000	 13.37207127	 24.75429726	 23.44149208	 14.72657299	 24.47124863	 22.86440849	         -90	          92
 0.10000	 15.52487278	 24.15948486	 22.59427643	 16.73902130	 23.35071564	 22.24808693	         -91	          93
 0.10000	 17.58381844	 23.10775757	 22.06029701	 19.06073761	 23.14369583	 21.80341339	         -92	          94
 0.10000	 19.94467545	 22.99854279	 21.72455406	 21.41381645	 22.69929504	 21.68801689	         -93	          95
 0.10000	 22.01208496	 22.04089928	 21.82252884	 22.01730728	 20.60217094	 22.24653244	         -94	          96
 0.10000	 22.44719315	 19.82287979	 22.37972832	 23.69983673	 18.99788284	 22.36744118	         -95	          97
 0.10000	 23.95971298	 18.13755798	 22.41392326	 23.57262993	 16.68991280	 22.48038483	         -96	          98
 0.10000	 22.90201187	 16.11447716	 22.65080261	 21.41924095	 16.13834572	 22.87598610	         -97	          99
 0.10000	 20.81100655	 15.99132156	 23.52276230	 20.62146187	 15.64277267	 24.96931648	         -98	         100
 0.10000	 20.54009056	 16.00509262	 25.78911209	 20.60678291	 17.21608162	 26.67171478	         -99	           0
