0.00013414
0.00019980
0.00019980
0.00018935
0.00027090
0.00027090
0.00021879
0.00017085
0.00015930
0.00017912
0.00030657
0.00040520
0.00053755
0.00053755
0.00051408
0.00024997
0.00024997
0.00029706
0.00034858
0.00034858
0.00027656
0.00027656
0.00023568
0.00011372
0.00017175
0.00020635
0.00042862
0.00055437
0.00055437
0.00032360
0.00024576
0.00024576
0.00015938
0.00015509
0.00015509
0.00025796
0.00060316
0.00073059
0.00073059
0.00055143
0.00055143
0.00052796
0.00075335
0.00075335
0.00060780
0.00035522
0.00034347
0.00031550
0.00027406
0.00027406
0.00054116
0.00085634
0.00146933
0.00229299
0.00284121
0.00290032
0.00313183
0.00335463
0.00335463
0.00289456
0.00238489
0.00170795
0.00210940
0.00228597
0.00228597
0.00192572
0.00175261
0.00120318
0.00041593
0.00017236
0.00012993
0.00017542
0.00037741
0.00055979
0.00057409
0.00078586
0.00078586
0.00086776
0.00086776
0.00082002
0.00092240
0.00122290
0.00163415
0.00177059
0.00179406
0.00179406
0.00153542
0.00099362
0.00114850
0.00144880
0.00144880
0.00141749
0.00112521
0.00075904
0.00027579
0.00009017
0.00008050
0.00006409
0.00006409
0.00002118
