 0.10000	 56.20925522	 51.79097748	 53.29541779	 57.14038086	 52.85417175	 52.79294205	           0	           2
 0.10000	 58.00026321	 52.79916382	 52.53347397	 58.94900894	 51.63809586	 52.57397079	          -1	           3
 0.10000	 59.83170319	 51.54990005	 52.72523880	 61.02706146	 52.34106064	 53.16682434	          -2	           4
 0.10000	 61.79594421	 52.73898315	 53.41199493	 63.09013748	 53.39140320	 53.79796982	          -3	           5
 0.10000	 63.76840210	 53.91660690	 54.06932449	 64.84824371	 54.75461197	 54.68692017	          -4	           6
 0.10000	 64.80250549	 55.64609146	 54.57235718	 63.53322220	 56.09273911	 53.90956116	          -5	           7
 0.10000	 63.54100418	 56.73554993	 53.27989197	 64.78569794	 57.31696701	 52.67776489	          -6	           8
 0.10000	 65.23102570	 57.83124542	 52.08878708	 65.30381012	 58.79520798	 50.94193649	          -7	           9
 0.10000	 66.05339050	 59.04093552	 50.50877762	 67.45460510	 58.61991501	 50.83898926	          -8	          10
 0.10000	 68.21118164	 58.14696884	 50.72295761	 69.21836853	 57.07711029	 50.42179871	          -9	          11
 0.10000	 69.09587860	 56.46522141	 49.77342987	 67.84500885	 56.44215012	 48.94608688	         -10	          12
 0.10000	 67.18112183	 56.32151031	 48.35094070	 65.97251892	 56.13534164	 47.48244095	         -11	          13
 0.10000	 65.84130859	 56.16360092	 46.59269333	 66.77535248	 56.12990570	 45.41957092	         -12	          14
 0.10000	 66.97010040	 56.91553497	 45.02623367	 66.65318298	 58.25529861	 45.62158966	         -13	          15
 0.10000	 65.95269775	 58.50248337	 46.12959290	 64.95443726	 57.50598145	 46.63983536	         -14	          16
 0.10000	 64.24880981	 57.03064728	 46.93264771	 62.90105820	 56.42030716	 47.17940521	         -15	          17
 0.10000	 62.76082993	 55.61495590	 47.55558014	 63.89120865	 54.71136093	 47.95011139	         -16	          18
 0.10000	 64.12600708	 54.03385925	 48.49378967	 64.14452362	 53.03022766	 49.60832596	         -17	          19
 0.10000	 63.38701248	 52.84993744	 50.05952835	 62.16111374	 53.62833023	 49.68391037	         -18	          20
 0.10000	 61.32054901	 53.84803772	 49.44973373	 59.91063309	 53.90421295	 48.94114685	         -19	          21
 0.10000	 59.32065201	 54.07308197	 48.28307343	 58.99070740	 54.40052414	 46.85703659	         -20	          22
 0.10000	 58.97808075	 54.84779358	 46.07643509	 59.37168503	 55.89663696	 45.07914352	         -21	          23
 0.10000	 59.63993454	 56.48360825	 44.45217896	 60.01235199	 57.53610992	 43.45050812	         -22	          24
 0.10000	 60.74540710	 57.66159439	 42.94390488	 61.91717148	 56.75459671	 42.71107864	         -23	          25
 0.10000	 62.78242111	 56.94789505	 42.86521530	 63.30305481	 58.14849091	 43.59823608	         -24	          26
 0.10000	 64.04003143	 58.64365387	 43.74464798	 65.47839355	 58.93782043	 43.43775558	         -25	          27
 0.10000	 66.29094696	 59.32408524	 43.44218063	 67.48719025	 60.19696045	 43.68001938	         -26	          28
 0.10000	 68.22103119	 60.69124985	 43.84246826	 69.37801361	 61.59150314	 44.15955734	         -27	          29
 0.10000	 70.23503113	 61.71907806	 44.40174484	 71.56105804	 61.17285538	 44.84106445	         -28	          30
 0.10000	 72.44401550	 61.01916885	 44.91979980	 73.86660004	 60.71230316	 44.55675888	         -29	          31
 0.10000	 74.51387024	 61.23888397	 44.89387894	 74.27801514	 62.44159698	 45.75861740	         -30	          32
 0.10000	 73.54147339	 62.81873322	 46.11209488	 72.22026062	 62.17515945	 45.81173706	         -31	          33
 0.10000	 71.48006439	 62.54190826	 46.16851044	 71.38345337	 63.87764740	 46.84404373	         -32	          34
 0.10000	 71.49925232	 63.99580002	 47.72870255	 72.12925720	 62.98913193	 48.64496994	         -33	          35
 0.10000	 72.04120636	 62.14764404	 48.95136642	 71.20971680	 60.93976593	 48.63631439	         -34	          36
 0.10000	 70.82763672	 60.22209167	 48.25120926	 70.33781433	 59.32004166	 47.15773392	         -35	          37
 0.10000	 70.08628845	 58.55461884	 46.75798798	 69.82180786	 57.10166550	 46.49748993	         -36	          38
 0.10000	 69.59358978	 56.23240280	 46.46890640	 69.12938690	 54.82149887	 46.67559052	         -37	          39
 0.10000	 68.89355469	 53.98574829	 46.90935135	 68.65561676	 52.59235764	 47.41045761	         -38	          40
 0.10000	 68.24627686	 52.06404495	 48.01263809	 67.37005615	 51.91999817	 49.22138977	         -39	          41
 0.10000	 66.79354095	 52.07055283	 49.89564133	 65.98721313	 53.01316071	 50.73893356	         -40	          42
 0.10000	 65.31143951	 52.71718597	 51.25445175	 64.89714813	 51.27577972	 51.27906799	         -41	          43
 0.10000	 64.50284576	 50.54207230	 51.61948776	 63.88077164	 49.42793655	 52.40786362	         -42	          44
 0.10000	 63.41246796	 49.29434586	 53.16457367	 62.93060303	 50.07846069	 54.34897614	         -43	          45
 0.10000	 62.37363052	 50.59744263	 54.82868195	 61.23470688	 51.54986954	 55.04170227	         -44	          46
 0.10000	 60.56365967	 52.11238861	 55.24884033	 59.60205078	 53.16029739	 55.72529984	         -45	          47
 0.10000	 58.70768356	 53.21292877	 55.64118195	 57.70605469	 52.29210663	 55.00978088	         -46	          48
 0.10000	 56.98172379	 51.93109512	 54.61640549	 55.73847961	 51.37074280	 53.99169540	         -47	          49
 0.10000	 55.19456863	 51.76636887	 53.39384842	 54.57334518	 53.12965012	 53.32081223	         -48	          50
 0.10000	 53.95461655	 53.59811783	 52.86531067	 52.94701385	 53.52933121	 51.75638199	         -49	          51
 0.10000	 52.32372665	 53.54867554	 51.10783386	 51.28189468	 53.56107712	 50.02895737	         -50	          52
 0.10000	 50.66447830	 53.56683350	 49.37443542	 49.53921890	 53.35187912	 48.40623093	         -51	          53
 0.10000	 49.44351578	 53.89417267	 47.69448471	 50.44277954	 54.99711609	 47.50781250	         -52	          54
 0.10000	 50.73625946	 55.74149323	 47.09612274	 50.66301346	 56.82307434	 46.05946732	         -53	          55
 0.10000	 51.05583954	 57.63259888	 46.04896927	 52.07607651	 58.28101730	 46.93694687	         -54	          56
 0.10000	 52.08613586	 58.61727524	 47.77154922	 51.22688675	 58.42655182	 48.98610687	         -55	          57
 0.10000	 50.47348022	 58.84899521	 49.23874664	 49.76679993	 59.91874313	 48.46023560	         -56	          58
 0.10000	 48.87789154	 59.96867371	 48.32909012	 47.90185547	 58.89246368	 48.70188522	         -57	          59
 0.10000	 47.00244522	 58.88670731	 48.67380142	 45.91737366	 59.85322571	 48.30192566	         -58	          60
 0.10000	 45.18296432	 60.33272171	 48.10097885	 43.98685074	 61.18964767	 47.80994797	         -59	          61
 0.10000	 43.16775513	 61.32454681	 47.46287537	 41.93232727	 60.97296143	 46.68837738	         -60	          62
 0.10000	 41.31731796	 60.36684799	 46.43509674	 41.10672760	 58.88215637	 46.46934128	         -61	          63
 0.10000	 40.27345276	 58.54239655	 46.46271896	 38.98115158	 59.29681015	 46.35921860	         -62	          64
 0.10000	 38.55459213	 59.99378967	 46.73623276	 38.96860504	 61.07451248	 47.69038391	         -63	          65
 0.10000	 39.15634155	 61.70549774	 48.30370712	 39.48513794	 62.74736404	 49.33141327	         -64	          66
 0.10000	 39.95573425	 62.90149689	 50.08272552	 40.65961456	 62.18894196	 51.19927216	         -65	          67
 0.10000	 41.55640411	 62.25408173	 51.23574829	 42.15996552	 63.06515121	 50.12771606	         -66	          68
 0.10000	 42.97758102	 62.93459320	 49.77524185	 43.97485352	 61.81948853	 49.88387680	         -67	          69
 0.10000	 44.55900192	 61.33868790	 50.37103271	 44.99481201	 61.14044189	 51.79250717	         -68	          70
 0.10000	 45.51087189	 60.55115509	 52.23553848	 46.26976013	 59.30480957	 51.88825989	         -69	          71
 0.10000	 46.86956024	 58.71309662	 52.20419312	 47.72000885	 58.15755844	 53.30778503	         -70	          72
 0.10000	 48.40026093	 58.27793503	 53.88433456	 49.48977280	 59.18953705	 54.36568832	         -71	          73
 0.10000	 49.71961594	 59.86400604	 54.91520309	 49.29271698	 60.91266251	 55.89902115	         -72	          74
 0.10000	 48.83972931	 61.57030106	 56.31373978	 47.84167480	 62.68468857	 56.42274857	         -73	          75
 0.10000	 47.19185257	 62.66719055	 57.04500961	 46.97352219	 61.51576233	 57.98117065	         -74	          76
 0.10000	 46.81604385	 60.91300201	 58.63044357	 46.65847015	 60.14241791	 59.90764236	         -75	          77
 0.10000	 46.74971390	 59.24717331	 59.90957642	 47.08826447	 58.52870941	 58.63715363	         -76	          78
 0.10000	 47.21185684	 57.93108368	 57.97590256	 47.10849762	 56.79032898	 57.00747681	         -77	          79
 0.10000	 47.61408615	 56.62811661	 56.28083420	 48.64843750	 57.50432205	 55.63880539	         -78	          80
 0.10000	 49.52411270	 57.68791580	 55.73470306	 50.55799484	 57.42543030	 56.78921509	         -79	          81
 0.10000	 51.32649612	 57.26232529	 57.22791290	 52.68190002	 56.88332367	 57.74641800	         -80	          82
 0.10000	 53.51153564	 56.69079208	 58.03653717	 54.95106125	 56.33557510	 58.26309204	         -81	          83
 0.10000	 55.55445099	 56.40835953	 58.92670059	 55.72697067	 56.90983963	 60.32972336	         -82	          84
 0.10000	 55.34508133	 57.31973648	 61.03393555	 53.98529816	 57.79452133	 61.45269012	         -83	          85
 0.10000	 53.58539581	 58.54242325	 61.75345993	 53.88356400	 60.01238632	 61.76849747	         -84	          86
 0.10000	 53.64849472	 60.50668335	 62.48288345	 53.00170898	 59.85654831	 63.66981125	         -85	          87
 0.10000	 52.86243820	 59.89539719	 64.55794525	 53.00003815	 60.50981140	 65.91928864	         -86	          88
 0.10000	 53.46863174	 60.56257629	 66.68550110	 54.69897842	 60.19997025	 67.46289062	         -87	          89
 0.10000	 55.43480682	 59.83753204	 67.83238220	 56.63695908	 58.97887039	 68.09111023	         -88	          90
 0.10000	 57.26021194	 58.43658829	 68.44691467	 58.10468292	 57.56723404	 69.33030701	         -89	          91
 0.10000	 58.46778107	 56.81270218	 69.65908051	 58.60821533	 55.33595276	 69.88045502	         -90	          92
 0.10000	 59.08690643	 54.57511139	 69.84239960	 60.26444626	 53.75406265	 69.40785980	         -91	          93
 0.10000	 61.06829834	 53.35282516	 69.36107635	 62.49243164	 52.93952942	 69.58582306	         -92	          94
 0.10000	 63.37737274	 52.84618759	 69.71884918	 64.82537079	 53.21072006	 69.86073303	         -93	          95
 0.10000	 65.44287109	 52.68130493	 70.24586487	 65.01689148	 51.37628174	 70.85031128	         -94	          96
 0.10000	 65.61356354	 50.75487900	 71.11041260	 67.10930634	 50.77545166	 71.00081635	         -95	          97
 0.10000	 68.00730133	 50.75612259	 70.95003510	 69.49462891	 50.87790680	 70.80081940	         -96	          98
 0.10000	 70.38496399	 50.92610550	 70.68182373	 71.82814026	 51.14952850	 70.33998108	         -97	          99
 0.10000	 72.60305786	 50.70813751	 70.45968628	 73.03957367	 49.43009567	 71.11219025	         -98	         100
 0.10000	 73.38748169	 48.62768555	 71.32340240	 73.86441040	 47.20833969	 71.40996552	         -99	         101
 0.10000	 74.40956879	 46.50408173	 71.53699493	 75.63741302	 45.68994522	 71.81799316	        -100	         102
 0.10000	 76.31446075	 45.11161423	 71.94715881	 77.45275116	 44.29630661	 72.48505402	        -101	         103
 0.10000	 78.29171753	 44.44821167	 72.77317810	 79.09021759	 45.71322250	 72.88286591	        -102	         104
 0.10000	 79.98626709	 45.64663696	 72.93186951	 80.70046234	 44.33049774	 72.84490204	        -103	         105
 0.10000	 81.01974487	 43.48934937	 72.86003113	 80.98518372	 41.99091721	 72.91671753	        -104	         106
 0.10000	 81.41539764	 41.23824310	 73.15779877	 82.75523376	 40.77125549	 73.64411926	        -105	         107
 0.10000	 82.75868988	 40.07235718	 74.21089935	 81.46990967	 39.41595078	 74.60831451	        -106	         108
 0.10000	 80.68125916	 39.43511581	 75.04086304	 79.49903870	 40.21421432	 75.53596497	        -107	         109
 0.10000	 79.50994873	 40.86118698	 76.16120148	 80.67610168	 41.48285675	 76.87065125	        -108	         110
 0.10000	 81.23918915	 41.61933517	 77.55893707	 82.26390076	 42.22081375	 78.47421265	        -109	         111
 0.10000	 82.98216248	 42.58826828	 78.87235260	 84.36174011	 42.97224808	 79.31847382	        -110	         112
 0.10000	 84.70662689	 43.78966522	 79.16772461	 83.91854095	 44.81371307	 78.40621185	        -111	         113
 0.10000	 83.54055786	 45.55912399	 78.07320404	 82.88314056	 46.85676575	 77.70806885	        -112	         114
 0.10000	 82.38292694	 47.53837967	 77.40118408	 81.43199921	 48.52211380	 76.78703308	        -113	         115
 0.10000	 80.72279358	 48.92351913	 76.40652466	 79.35990143	 49.20050430	 75.84518433	        -114	         116
 0.10000	 78.67171478	 49.37693787	 75.29328156	 77.76602936	 49.34256744	 74.09820557	        -115	         117
 0.10000	 77.55284882	 50.09083939	 73.64599609	 78.21487427	 51.37078857	 74.06222534	        -116	         118
 0.10000	 78.01542664	 52.23719025	 73.92358398	 76.93620300	 53.12136841	 73.37303925	        -117	         119
 0.10000	 76.41211700	 53.62820053	 72.84590149	 75.66307831	 54.01692963	 71.60605621	        -118	         120
 0.10000	 75.07278442	 54.21796799	 70.95764160	 73.82421875	 54.55150223	 70.19641876	        -119	         121
 0.10000	 73.53180695	 54.49047089	 69.34774780	 74.01953888	 53.99983597	 68.01689911	        -120	         122
 0.10000	 74.39099884	 53.68913269	 67.25869751	 75.08752441	 53.27124023	 65.99775696	        -121	         123
 0.10000	 75.79865265	 52.72209930	 66.04714203	 76.27494049	 52.23731613	 67.38425446	        -122	         124
 0.10000	 76.55283356	 52.02706146	 68.21369171	 76.94708252	 51.91656494	 69.65657806	        -123	         125
 0.10000	 76.51129150	 52.09352493	 70.42371368	 75.09426880	 52.58175278	 70.48172760	        -124	         126
 0.10000	 74.84189606	 52.83647919	 71.30702972	 75.97457886	 52.88147736	 72.28929901	        -125	         127
 0.10000	 75.99604034	 52.37155914	 73.03044128	 75.01490784	 51.23759460	 73.06520081	        -126	         128
 0.10000	 74.68894196	 50.41087341	 73.20604706	 74.23939514	 48.98832703	 73.36104584	        -127	         129
 0.10000	 74.75634766	 48.25458145	 73.42581940	 76.25518036	 48.19930267	 73.43776703	        -128	         130
 0.10000	 77.12814331	 48.27950668	 73.23564148	 78.35118866	 48.68573380	 72.46836853	        -129	         131
 0.10000	 78.93837738	 49.36729050	 72.48651123	 78.91321564	 50.60700989	 73.33040619	        -130	         132
 0.10000	 79.59686279	 51.19126511	 73.29862213	 80.81362152	 51.31348419	 72.43016815	        -131	         133
 0.10000	 81.31997681	 50.60285568	 72.20997620	 80.84648132	 49.29697037	 72.77587891	        -132	         134
 0.10000	 80.68264008	 48.48468018	 72.42520905	 80.66344452	 47.81748199	 71.08203888	        -133	         135
 0.10000	 80.07657623	 47.59653091	 70.43666077	 78.72480011	 47.98503494	 69.91539001	        -134	         136
 0.10000	 77.92008972	 47.65068054	 70.13970184	 77.53868866	 46.67597198	 71.21401215	        -135	         137
 0.10000	 77.23646545	 46.13866043	 71.86921692	 76.79246521	 45.30674744	 73.03553009	        -136	         138
 0.10000	 76.64525604	 44.51752472	 73.44174957	 76.67309570	 43.14662933	 74.04972839	        -137	         139
 0.10000	 76.98078156	 42.63735962	 74.72483063	 77.85073090	 42.75844574	 75.94070435	        -138	         140
 0.10000	 78.23511505	 42.36503983	 76.65291595	 78.26947784	 41.21704483	 77.61763000	        -139	         141
 0.10000	 78.99607086	 40.71614456	 77.79328156	 80.40283966	 40.61780167	 77.28252411	        -140	         142
 0.10000	 81.14332581	 40.63591766	 76.77172089	 82.14061737	 39.57011795	 76.42621613	        -141	         143
 0.10000	 83.01711273	 39.67375565	 76.25111389	 83.81592560	 40.92658997	 76.45648193	        -142	         144
 0.10000	 84.23132324	 41.50001144	 75.90120697	 84.23119354	 41.69176483	 74.41364288	        -143	         145
 0.10000	 84.43640900	 42.05139160	 73.61502075	 84.94607544	 42.90016174	 72.48844147	        -144	         146
 0.10000	 85.37263489	 43.27067947	 71.78868103	 86.26552582	 43.70756531	 70.66574860	        -145	         147
 0.10000	 86.83912659	 43.78632736	 69.97743225	 87.81979370	 43.47887802	 68.88510132	        -146	         148
 0.10000	 88.39966583	 43.71095657	 68.23741150	 89.34922028	 44.42747498	 67.32382965	        -147	         149
 0.10000	 89.22601318	 45.29919052	 67.13756561	 88.08469391	 46.03649902	 67.77272797	        -148	         150
 0.10000	 87.41924286	 46.56360245	 68.07067108	 86.20652771	 47.25005341	 68.62526703	        -149	         151
 0.10000	 85.71962738	 47.99776077	 68.74105835	 85.33615875	 49.38166809	 68.30800629	        -150	         152
 0.10000	 85.67712402	 50.07891846	 68.76346588	 86.60730743	 49.79733276	 69.90599060	        -151	         153
 0.10000	 87.42609406	 49.77413177	 70.27838135	 88.88965607	 49.61432648	 69.99135590	        -152	         154
 0.10000	 89.52887726	 49.82354355	 70.58914948	 89.28378296	 50.38899612	 71.95655060	        -153	         155
 0.10000	 89.26240540	 50.73488235	 72.78668976	 89.29336548	 51.37224960	 74.14402771	        -154	         156
 0.10000	 88.89575195	 51.54514694	 74.93241119	 87.71788788	 51.36534119	 75.84343719	        -155	         157
 0.10000	 87.03711700	 51.46289825	 76.42344666	 85.84510040	 52.00333023	 77.15612030	        -156	         158
 0.10000	 85.54404449	 51.91449738	 77.99935913	 85.96327972	 51.27567673	 79.29005432	        -157	         159
 0.10000	 86.50665283	 50.67590332	 79.68327332	 87.56078339	 49.68405533	 79.28980255	        -158	         160
 0.10000	 88.38667297	 49.32726669	 79.30716705	 89.81164551	 49.38712692	 79.77143860	        -159	         161
 0.10000	 90.48933411	 48.97994995	 79.34169006	 90.39105225	 48.20123672	 78.06358337	        -160	         162
 0.10000	 90.41125488	 47.67826462	 77.33182526	 90.07482910	 46.72903824	 76.22029877	        -161	         163
 0.10000	 90.65625000	 46.43165970	 75.60123444	 92.13704681	 46.63130569	 75.47048950	        -162	         164
 0.10000	 92.68912506	 47.31428146	 75.66674805	 92.44254303	 48.60935593	 76.38210297	        -163	         165
 0.10000	 91.81277466	 49.17569733	 76.68617249	 90.31527710	 49.09801865	 76.72117615	        -164	         166
 0.10000	 89.75945282	 49.77046967	 76.94188690	 89.88034058	 51.25828171	 77.08954620	        -165	         167
 0.10000	 90.20159149	 51.93040085	 77.59478760	 90.80838013	 53.29029465	 77.77493286	        -166	         168
 0.10000	 90.45201111	 54.07989883	 78.01852417	 89.03419495	 54.45558548	 78.33246613	        -167	         169
 0.10000	 88.27840424	 53.98778915	 78.47505951	 87.98136139	 52.51753235	 78.45767975	        -168	         170
 0.10000	 88.38332367	 51.73297501	 78.27429199	 89.73511505	 51.15693283	 77.97223663	        -169	         171
 0.10000	 90.52708435	 50.86325455	 77.65892792	 91.32103729	 50.41962814	 76.46578217	        -170	         172
 0.10000	 91.90557861	 50.10956955	 75.85456085	 92.79403687	 49.34262848	 74.92036438	        -171	         173
 0.10000	 93.27263641	 49.73930740	 74.26959229	 93.12747192	 51.23161316	 74.31388855	        -172	         174
 0.10000	 93.26047516	 51.73775864	 73.58178711	 93.43033600	 51.14138412	 72.21597290	        -173	         175
 0.10000	 93.90029144	 51.41542053	 71.49927521	 95.01712036	 52.31278610	 71.05529785	        -174	         176
 0.10000	 95.04479980	 53.19535065	 71.22859955	 93.98466492	 53.80478668	 72.09716034	        -175	         177
 0.10000	 93.63822174	 54.54728699	 72.46908569	 93.69831085	 56.00460052	 72.81891632	        -176	         178
 0.10000	 93.01939392	 56.59220505	 72.87857056	 91.59541321	 56.19098282	 72.63082123	        -177	         179
 0.10000	 91.00007629	 56.86013412	 72.54366302	 91.35488129	 58.31542587	 72.62104034	        -178	         180
 0.10000	 91.88700867	 59.03932571	 72.57082367	 93.34217072	 59.39498520	 72.49549866	        -179	         181
 0.10000	 93.73775482	 60.12106705	 72.14048767	 93.33156586	 61.32093811	 71.33739471	        -180	         182
 0.10000	 92.67758179	 61.89706421	 71.11376190	 91.27893066	 62.26826477	 71.50827789	        -181	         183
 0.10000	 90.53302765	 62.06444168	 71.04792023	 90.60236359	 61.17025375	 69.84568024	        -182	         184
 0.10000	 89.84165955	 60.94683456	 69.41998291	 88.46275330	 61.24013901	 69.93205261	        -183	         185
 0.10000	 87.84170532	 61.83494949	 69.66717529	 87.85469818	 62.98320389	 68.70231628	        -184	         186
 0.10000	 88.02111816	 63.75287247	 68.26718903	 88.68264008	 65.02297974	 67.82148743	        -185	         187
 0.10000	 89.25643921	 65.62231445	 67.47353363	 90.40726471	 66.07676697	 66.62564087	        -186	         188
 0.10000	 90.92594910	 66.72724152	 66.96846771	 90.60916138	 67.23408508	 68.34411621	        -187	         189
 0.10000	 90.41166687	 67.56930542	 69.15522766	 89.84300232	 67.99311829	 70.47664642	        -188	         190
 0.10000	 89.48953247	 68.18719482	 71.28056335	 88.78912354	 68.29879761	 72.60203552	        -189	         191
 0.10000	 88.65744781	 68.68757629	 73.40249634	 88.91757965	 69.73838806	 74.44049072	        -190	         192
 0.10000	 89.26364136	 70.23762512	 75.10400391	 90.22637939	 70.61811829	 76.18930817	        -191	         193
 0.10000	 90.50310516	 71.42346191	 76.47978973	 90.44149780	 72.85189819	 76.02641296	        -192	         194
 0.10000	 89.71163177	 73.35960388	 75.88741302	 88.29680634	 72.86347198	 75.92917633	        -193	         195
 0.10000	 87.41201019	 72.70092010	 75.93027496	 85.95932770	 72.34458160	 75.82007599	        -194	         196
 0.10000	 85.16332245	 72.37582397	 76.23831177	 84.43623352	 72.81360626	 77.47491455	        -195	         197
 0.10000	 83.97673035	 73.04026031	 78.21439362	 83.41207123	 73.16825104	 79.59806061	        -196	         198
 0.10000	 82.88069916	 73.86615753	 79.79933929	 82.53455353	 74.86812592	 78.73823547	        -197	         199
 0.10000	 82.49186707	 75.58855438	 78.20109558	 82.85769653	 76.77156067	 77.35501862	        -198	         200
 0.10000	 83.11689758	 77.40521240	 76.77175140	 83.57443237	 78.37367249	 75.72193909	        -199	         201
 0.10000	 84.14729309	 78.66464996	 75.09230042	 85.39376068	 78.52882385	 74.26940155	        -200	         202
 0.10000	 86.13304901	 78.49344635	 73.75843811	 87.30911255	 78.41725922	 72.83087158	        -201	         203
 0.10000	 88.18818665	 78.34974670	 72.65268707	 89.64167023	 78.22064209	 72.99931335	        -202	         204
 0.10000	 90.44013214	 78.14118195	 73.40584564	 91.54346466	 78.16223145	 74.42153931	        -203	         205
 0.10000	 91.96858215	 77.71078491	 75.07341766	 92.25384521	 76.48394012	 75.88768005	        -204	         206
 0.10000	 91.68318939	 75.91130066	 76.28285980	 90.18757629	 75.98568726	 76.36820221	        -205	         207
 0.10000	 89.45666504	 75.81864929	 75.87079620	 89.06029510	 75.54367828	 74.45064545	        -206	         208
 0.10000	 89.17548370	 75.39093018	 73.57166290	 90.06608582	 75.17704773	 72.38399506	        -207	         209
 0.10000	 90.61835480	 75.25856781	 71.67861176	 91.54696655	 75.60179138	 70.55189514	        -208	         210
 0.10000	 92.19525909	 76.19365692	 70.35435486	 93.03276825	 77.25720978	 71.00017548	        -209	         211
 0.10000	 92.97286987	 78.11163330	 71.27545929	 91.93369293	 79.17950439	 71.44581604	        -210	         212
 0.10000	 91.27434540	 79.73999786	 71.69049072	 90.08700562	 80.40628815	 72.31903076	        -211	         213
 0.10000	 89.23678589	 80.69329834	 72.37220001	 87.81037903	 80.85431671	 71.93926239	        -212	         214
 0.10000	 86.95428467	 81.01497650	 71.71974945	 85.52552032	 81.30983734	 71.37500763	        -213	         215
 0.10000	 84.74973297	 81.58109283	 71.01285553	 83.65785217	 82.18300629	 70.18051910	        -214	         216
 0.10000	 82.97494507	 82.50727844	 69.69509888	 81.83390045	 82.97084045	 68.84006500	        -215	         217
 0.10000	 81.12294006	 83.39913177	 68.49496460	 79.90647125	 84.17372131	 68.08372498	        -216	         218
 0.10000	 79.51857758	 84.93872833	 68.35519409	 79.83729553	 86.01129150	 69.35405731	        -217	         219
 0.10000	 79.98915100	 86.33305359	 70.18041229	 80.46628571	 85.95140839	 71.55024719	        -218	         220
 0.10000	 80.07583618	 86.37135315	 72.24375153	 78.95896912	 87.34070587	 71.99364471	        -219	         221
 0.10000	 78.29630280	 87.94876099	 71.97361755	 77.33261871	 89.09790039	 71.99430847	        -220	         222
 0.10000	 76.52169037	 89.20617676	 71.61993408	 75.68672180	 88.29737854	 70.76750946	        -221	         223
 0.10000	 75.15621948	 87.79259491	 70.24503326	 74.50828552	 86.88655090	 69.24059296	        -222	         224
 0.10000	 73.74945831	 86.40438843	 69.20656586	 72.75670624	 86.10774994	 70.29108429	        -223	         225
 0.10000	 71.90851593	 86.05384064	 69.99507141	 71.76894379	 86.49061584	 68.56694031	        -224	         226
 0.10000	 71.11218262	 86.12977600	 68.06871033	 70.21854401	 85.01113129	 68.51552582	        -225	         227
 0.10000	 69.56243134	 84.39825439	 68.57151794	 68.38579559	 83.47171021	 68.49185181	        -226	         228
 0.10000	 67.71102142	 82.89373779	 68.63363647	 66.83664703	 81.94096375	 69.39357758	        -227	         229
 0.10000	 66.09908295	 81.63700104	 68.97734070	 65.94168091	 82.13915253	 67.57281494	        -228	         230
 0.10000	 65.27457428	 82.22476959	 66.97514343	 63.79447174	 82.10829926	 66.76244354	        -229	         231
 0.10000	 62.93608475	 82.03528595	 66.50341797	 61.53016281	 81.80358124	 66.03542328	        -230	         232
 0.10000	 60.77398300	 81.93634796	 65.56658173	 59.84702682	 82.57476807	 64.57537079	        -231	         233
 0.10000	 59.27150726	 82.93605042	 63.98572159	 58.45602036	 83.67130280	 62.96393967	        -232	         234
 0.10000	 57.66389084	 83.66355133	 62.53713608	 56.26909256	 83.11528778	 62.47603607	        -233	         235
 0.10000	 55.98787689	 82.28929138	 62.25621033	 56.91669464	 81.14020538	 61.99764252	        -234	         236
 0.10000	 56.81302261	 80.28179932	 61.74848938	 55.77724075	 79.27050018	 61.35577774	        -235	         237
 0.10000	 55.27441406	 78.53807068	 61.21367645	 54.46154785	 77.30316925	 60.96064377	        -236	         238
 0.10000	 54.35499954	 76.54764557	 61.43778610	 54.88454819	 76.24842834	 62.80887985	        -237	         239
 0.10000	 55.29603577	 75.54487610	 63.19048691	 55.87038040	 74.23109436	 62.75025940	        -238	         240
 0.10000	 56.40308380	 73.50631714	 62.77162170	 57.59524918	 72.65233612	 63.08672714	        -239	         241
 0.10000	 57.83124161	 71.81703949	 63.32435989	 57.31977081	 70.45775604	 63.69917679	        -240	         242
 0.10000	 56.86383057	 69.70034790	 63.86642838	 55.82801437	 68.65480042	 64.15532684	        -241	         243
 0.10000	 55.10161591	 68.22248077	 63.84713364	 54.11251068	 68.06290436	 62.73094559	        -242	         244
 0.10000	 53.56642914	 68.22746277	 62.03501511	 53.00727081	 68.88707733	 60.80944824	        -243	         245
 0.10000	 52.50257492	 69.58076477	 60.53786469	 51.65282822	 70.66619873	 61.12920380	        -244	         246
 0.10000	 51.70458221	 71.56377411	 61.09258270	 52.66545105	 72.60588837	 60.60214233	        -245	         247
 0.10000	 53.41723633	 72.88398743	 60.19331741	 54.61466217	 72.55970001	 59.35021973	        -246	         248
 0.10000	 55.41862869	 72.15568542	 59.35746002	 56.29742050	 71.28263855	 60.20310974	        -247	         249
 0.10000	 56.91235733	 70.79529572	 60.64327240	 57.93785858	 70.03015900	 61.42574692	        -248	         250
 0.10000	 58.63713455	 69.60276794	 61.79682541	 59.88228989	 68.84848785	 62.15764236	        -249	         251
 0.10000	 60.65569687	 68.83722687	 62.61724854	 61.67774963	 69.54142761	 63.45936966	        -250	         252
 0.10000	 61.95592499	 70.02162170	 64.16758728	 61.98632050	 70.85251617	 65.41593170	        -251	         253
 0.10000	 61.22967148	 71.11072540	 65.82904053	 59.90673447	 70.71886444	 65.24079132	        -252	         254
 0.10000	 59.01722717	 70.61888123	 65.33235168	 57.66592026	 70.56696320	 65.98103333	        -253	         255
 0.10000	 56.86772156	 70.46370697	 66.38287354	 55.59761429	 70.18442535	 67.13005829	        -254	         256
 0.10000	 54.81718826	 70.05047607	 67.55727386	 53.63497925	 69.84407043	 68.45698547	        -255	         257
 0.10000	 52.78337097	 69.84339142	 68.16613007	 52.52750015	 70.15788269	 66.72205353	        -256	         258
 0.10000	 51.82237625	 69.86885071	 66.24349213	 50.76903152	 68.91009521	 66.71363831	        -257	         259
 0.10000	 50.07073212	 68.53288269	 66.28974915	 49.45743179	 68.53186798	 64.92101288	        -258	         260
 0.10000	 49.01237488	 68.46718597	 64.14170837	 48.48783493	 68.26715088	 62.75078583	        -259	         261
 0.10000	 47.64418030	 68.45140839	 62.49766159	 46.62787628	 69.11071777	 63.38216019	        -260	         262
 0.10000	 45.93652725	 68.94430542	 63.93358231	 45.49306488	 67.82108307	 64.82316589	        -261	         263
 0.10000	 44.61723328	 67.61447144	 64.82228088	 43.67183304	 68.31378174	 63.89125061	        -262	         264
 0.10000	 43.10618210	 68.71203613	 63.31586838	 42.24506760	 69.36508942	 62.27574158	        -263	         265
 0.10000	 42.34540558	 70.04509735	 61.69501877	 43.43709564	 71.02604675	 61.38556290	        -264	         266
 0.10000	 44.19142151	 71.44353485	 61.12799454	 45.64272308	 71.55680847	 60.76665497	        -265	         267
 0.10000	 46.30829620	 72.13230133	 60.57827759	 46.77041626	 73.54201508	 60.35726929	        -266	         268
 0.10000	 46.86812592	 74.42663574	 60.48892975	 46.68675995	 75.80943298	 61.04080963	        -267	         269
 0.10000	 46.22943115	 76.32293701	 61.62113571	 45.06184769	 76.12829590	 62.54238129	        -268	         270
 0.10000	 44.93333817	 76.68693542	 63.23606491	 45.86916733	 77.80894470	 63.57544708	        -269	         271
 0.10000	 46.21702957	 78.49963379	 64.03544617	 46.69076538	 79.61942291	 64.91378784	        -270	         272
 0.10000	 46.53899384	 80.07864380	 65.67249298	 45.74512100	 80.21965027	 66.93722534	        -271	         273
 0.10000	 44.92509460	 80.15698242	 67.30226135	 43.59637833	 79.57429504	 66.92184448	        -272	         274
 0.10000	 42.78816605	 79.95993805	 67.01056671	 42.55919647	 81.40354156	 67.34720612	        -273	         275
 0.10000	 41.78694534	 81.63405609	 67.74766541	 40.76597977	 80.58713531	 68.08127594	        -274	         276
 0.10000	 40.13613510	 80.44316101	 68.70746613	 39.57318497	 80.92138672	 70.01278687	        -275	         277
 0.10000	 39.17667007	 81.17432404	 70.77964783	 38.66222382	 81.71842194	 72.07920837	        -276	         278
 0.10000	 37.90085983	 81.73925781	 72.55829620	 36.58198547	 81.02646637	 72.51011658	        -277	         279
 0.10000	 35.79878235	 81.46506500	 72.44660950	 35.61708832	 82.93991089	 72.24263763	        -278	         280
 0.10000	 35.79868698	 83.81230164	 72.11842346	 36.79789352	 84.92106628	 71.97034454	        -279	         281
 0.10000	 37.23902512	 85.68752289	 71.80507660	 37.72285461	 87.06763458	 71.47261810	        -280	         282
 0.10000	 38.24400711	 87.69380188	 71.09098816	 39.30382919	 88.46592712	 70.36278534	        -281	         283
 0.10000	 39.84204865	 88.21289825	 69.68748474	 40.17060471	 86.93152618	 68.98050690	        -282	         284
 0.10000	 39.59840775	 86.26978302	 68.76931000	 38.16608810	 86.20452118	 69.20981598	        -283	         285
 0.10000	 37.40597153	 86.58446503	 69.50561523	 36.81865692	 87.88742828	 69.96051788	        -284	         286
 0.10000	 36.46570587	 88.60382843	 70.37493896	 36.30982208	 89.80476379	 71.25988770	        -285	         287
 0.10000	 35.48560715	 90.02101135	 71.54922485	 34.33522034	 89.23680115	 70.99122620	        -286	         288
 0.10000	 33.74630356	 88.70581055	 71.41673279	 33.84321976	 88.03519440	 72.75488281	        -287	         289
 0.10000	 33.44738388	 88.08747101	 73.56130219	 32.53921509	 88.99196625	 74.34025574	        -288	         290
 0.10000	 31.90081978	 89.36960602	 74.84973907	 30.58162880	 89.56771851	 75.53557587	        -289	         291
 0.10000	 30.44048691	 90.31433868	 76.01754761	 31.44233322	 91.42463684	 76.13384247	        -290	         292
 0.10000	 32.30550385	 91.67865753	 76.15193176	 33.56280136	 90.91837311	 75.85027313	        -291	         293
 0.10000	 34.33186340	 91.35093689	 76.02716064	 34.28320694	 92.73145294	 76.61159515	        -292	         294
 0.10000	 34.61737823	 93.51005554	 76.91452026	 35.49363327	 94.69537354	 77.19169617	        -293	         295
 0.10000	 35.89406967	 95.20329285	 77.81713104	 36.09946442	 95.42430878	 79.28629303	        -294	         296
 0.10000	 36.56182098	 95.53866577	 80.04965973	 37.72846603	 95.32461548	 80.96780396	        -295	         297
 0.10000	 38.14227676	 95.98005676	 81.42501831	 37.78171921	 97.43339539	 81.33833313	        -296	         298
 0.10000	 37.85286713	 98.32721710	 81.41192627	 38.14966583	 99.78668976	 81.58900452	        -297	         299
 0.10000	 38.72513962	100.47792053	 81.61420441	 40.15414429	100.92500305	 81.52631378	        -298	         300
 0.10000	 40.79431534	101.55135345	 81.44087219	 41.37171936	102.92192078	 81.24710846	        -299	         301
 0.10000	 41.79728317	103.70498657	 81.12454987	 42.40272522	105.06449127	 80.93800354	        -300	         302
 0.10000	 43.19505310	105.43667603	 80.72983551	 44.52587128	104.88045502	 80.31840515	        -301	         303
 0.10000	 45.37825394	105.16482544	 80.36490631	 46.22811890	106.24614716	 80.96331787	        -302	         304
 0.10000	 46.54014206	107.07575226	 81.11839294	 46.49990082	108.57451630	 81.07841492	        -303	         305
 0.10000	 46.48010254	109.46903992	 80.98514557	 46.25283813	110.93634796	 80.77313995	        -304	         306
 0.10000	 46.48913956	111.67168427	 80.31143188	 47.42113113	112.29232025	 79.31346893	        -305	         307
 0.10000	 47.65056229	112.47112274	 78.46195984	 47.44721985	112.26146698	 76.99078369	        -306	         308
 0.10000	 47.40486908	112.12429047	 76.10259247	 47.28334427	111.57930756	 74.71046448	        -307	         309
 0.10000	 47.48894119	112.00363922	 73.94411469	 48.02883911	113.39347839	 73.78147125	        -308	         310
 0.10000	 48.35969162	114.20014191	 73.56003571	 49.01655197	115.50876617	 73.23506927	        -309	         311
 0.10000	 49.03063965	116.38089752	 73.01496887	 48.37488556	117.67507935	 72.63465881	        -310	         312
 0.10000	 48.22407150	118.56149292	 72.60678864	 48.30569839	120.02942657	 72.90288544	        -311	         313
 0.10000	 48.35304642	120.91346741	 73.06134033	 48.40297699	122.38710785	 73.33552551	        -312	         314
 0.10000	 48.75487137	123.19979858	 73.49388885	 49.86709976	124.19208527	 73.66103363	        -313	         315
 0.10000	 50.07862091	125.00780487	 73.97603607	 49.65966797	126.27133942	 74.66714478	        -314	         316
 0.10000	 49.62940216	127.03518677	 75.14138794	 49.80918884	128.25228882	 75.99925995	        -315	           0
