0.00002091
0.00003168
0.00003168
0.00002151
0.00004830
0.00006831
0.00006831
0.00006128
0.00003970
0.00003627
0.00004520
0.00004520
0.00003177
0.00003628
0.00003628
0.00005251
0.00008099
0.00008099
0.00005140
0.00003623
0.00004537
0.00004537
0.00003474
0.00003474
0.00007562
0.00012569
0.00012569
0.00009305
0.00004314
0.00004214
0.00003778
0.00010492
0.00015484
0.00015551
0.00015551
0.00007390
0.00004634
0.00001145
0.00008397
0.00008397
0.00007379
0.00005129
0.00005415
0.00005415
0.00002991
0.00004831
0.00012286
0.00297056
0.00297056
0.00023482
0.00001826
0.00000000
0.00026552
0.00004061
0.00006023
0.00006023
0.00008665
0.00010411
0.00010411
0.00005932
0.00005154
0.00004803
0.00007611
0.00007611
0.00008974
0.00009052
0.00009052
0.00009516
0.00009516
0.00007539
0.00007539
0.00009092
0.00009092
0.00007589
0.00018393
0.00031747
0.00040914
0.00072969
0.00087149
0.00087149
0.00057309
0.00012168
0.00012168
0.00012902
0.00012902
0.00005369
0.00016621
0.00199300
0.00199300
0.00032037
0.00007848
0.00007848
0.00004514
0.00004514
0.00000000
0.00039469
0.00011784
0.00000000
0.00002073
0.00002073
