0.00042124
0.00075033
0.00128467
0.00184466
0.00184466
0.00155858
0.00098362
0.00069777
0.00056145
0.00049730
0.00084487
0.00175068
0.00190824
0.00190824
0.00140755
0.00096765
0.00135849
0.00149816
0.00149816
0.00155468
0.00174326
0.00174326
0.00107180
0.00154794
0.00189400
0.00207317
0.00250436
0.00250436
0.00168534
0.00164928
0.00169091
0.00192445
0.00192445
0.00117757
0.00149657
0.00149657
0.00126820
0.00180530
0.00180530
0.00245570
0.00299471
0.00299471
0.00282795
0.00221836
0.00325272
0.00325272
0.00297792
0.00186052
0.00186052
0.00130497
0.00158875
0.00189260
0.00230899
0.00278735
0.00296169
0.00305965
0.00305965
0.00301572
0.00287991
0.00305315
0.00305315
0.00303002
0.00303002
0.00268898
0.00251095
0.00216759
0.00213127
0.00213127
0.00208518
0.00150182
0.00107656
0.00092991
0.00102994
0.00210818
0.00210818
0.00184947
0.00158259
0.00218494
0.00308949
0.00314315
0.00340973
0.00340973
0.00275485
0.00340177
0.00395056
0.00395056
0.00311130
0.00262246
0.00205173
0.00253797
0.00345770
0.00345770
0.00284267
0.00213265
0.00171463
0.00196650
0.00223517
0.00223517
0.00245870
0.00294105
0.00391490
0.00448454
0.00448454
0.00429700
0.00390167
0.00306620
0.00218639
0.00180626
0.00206823
0.00244035
0.00244035
0.00213239
0.00165961
0.00155528
0.00137690
0.00119715
0.00137715
0.00202188
0.00202188
0.00184157
0.00249539
0.00249539
0.00244782
0.00204873
0.00171843
0.00150746
0.00194020
0.00194020
0.00147600
0.00171222
0.00178184
0.00178184
0.00140017
0.00158625
0.00158625
0.00129140
0.00156115
0.00223452
0.00223452
0.00221120
0.00170287
0.00177003
0.00216959
0.00216959
0.00149659
0.00126162
0.00162552
0.00225930
0.00270923
0.00338470
0.00338470
0.00332332
0.00301025
0.00224558
0.00143546
0.00121282
0.00151923
0.00202942
0.00273925
0.00273925
0.00282089
0.00328224
0.00328224
0.00262471
0.00216793
0.00212165
0.00184878
0.00120423
0.00141148
0.00150664
0.00207980
0.00207980
0.00188838
0.00165786
0.00215654
0.00215654
0.00160950
0.00161014
0.00190143
0.00190143
0.00208752
0.00210436
0.00240541
0.00283763
0.00292349
0.00292349
0.00241361
0.00288289
0.00300582
0.00362508
0.00375756
0.00375756
0.00362961
0.00277107
0.00191132
0.00181412
0.00181412
0.00178100
0.00176097
0.00295411
0.00408850
0.00408850
0.00306406
0.00144187
0.00123737
0.00154120
0.00200136
0.00242037
0.00242037
0.00197340
0.00140789
0.00131590
0.00187796
0.00241120
0.00241120
0.00222826
0.00169244
0.00168108
0.00147453
0.00207891
0.00207891
0.00150766
0.00128406
0.00156334
0.00208792
0.00210812
0.00210812
0.00193145
0.00115350
0.00144976
0.00217184
0.00275633
0.00331545
0.00331545
0.00285239
0.00253874
0.00182634
0.00171567
0.00205940
0.00205940
0.00149557
0.00128563
0.00115856
0.00095888
0.00085119
0.00108120
0.00108120
0.00099120
0.00099120
0.00115148
0.00163006
0.00163006
0.00196275
0.00266540
0.00338509
0.00352225
0.00352225
0.00328312
0.00328312
0.00280805
0.00304797
0.00413394
0.00413394
0.00373075
0.00267300
0.00188664
0.00146536
0.00137092
0.00169422
0.00169422
0.00230559
0.00230559
0.00110191
0.00104912
0.00178307
0.00236411
0.00278426
0.00306749
0.00306749
0.00260343
0.00242490
0.00242490
0.00191288
0.00215244
0.00304736
0.00386760
0.00386760
0.00376522
0.00376522
0.00332595
0.00288914
0.00216425
0.00160822
0.00182676
0.00182676
0.00176071
0.00187838
0.00222289
0.00274046
0.00303420
0.00347007
0.00347007
0.00331331
0.00229652
0.00136614
0.00217029
0.00343246
0.00349712
0.00349712
0.00268807
0.00207904
0.00196426
0.00189154
0.00337198
0.00337198
0.00319755
0.00166507
0.00162976
0.00191627
0.00191627
0.00179129
0.00179129
0.00206782
0.00260454
0.00260454
0.00252906
0.00363210
0.00444101
0.00444101
0.00370255
0.00370255
0.00235155
0.00318932
0.00372857
0.00372857
0.00278493
0.00187270
0.00182754
0.00163482
0.00171171
0.00265118
0.00355688
0.00355688
0.00264423
0.00291786
0.00291786
0.00287163
0.00287163
0.00196635
0.00226497
0.00274896
0.00304040
0.00304040
0.00282936
0.00368898
0.00368898
0.00315393
0.00217791
0.00217791
0.00231251
0.00283622
0.00307656
0.00307656
0.00271016
0.00321640
0.00403678
0.00447651
0.00447651
0.00328107
0.00309399
0.00433693
0.00433693
0.00356382
0.00261464
0.00289192
0.00289192
0.00288918
0.00253650
0.00245057
0.00341808
0.00382318
0.00382318
0.00416236
0.00416236
0.00311711
0.00378422
0.00474738
0.00474738
0.00432904
0.00441618
0.00441618
0.00409253
0.00409253
0.00389758
0.00337448
0.00244756
0.00315351
0.00474780
0.00474780
0.00416216
0.00494591
0.00494591
0.00485423
0.00479049
0.00415003
0.00407222
0.00437343
0.00437343
0.00411620
0.00262266
0.00257372
0.00326398
0.00423744
0.00423744
0.00382184
0.00397680
0.00397680
0.00378841
0.00378841
0.00360836
0.00286293
0.00353312
0.00353312
0.00389712
0.00389712
0.00339097
0.00339097
0.00305068
0.00335180
0.00466600
0.00466600
0.00438295
0.00359817
0.00386982
0.00489521
0.00489521
0.00398264
0.00413432
0.00459625
0.00459625
0.00406751
0.00406751
0.00419012
0.00419012
0.00352499
0.00336740
0.00455307
0.00455307
0.00345208
0.00334956
0.00444784
0.00444784
0.00498806
0.00498806
0.00375416
0.00303768
0.00267808
0.00267808
0.00276096
0.00313410
0.00401082
0.00438815
0.00438815
0.00388533
0.00305456
0.00298560
0.00300008
0.00370949
0.00431611
0.00433032
0.00433032
0.00353144
0.00305099
0.00325901
0.00325901
0.00264450
0.00222318
0.00298338
0.00431825
0.00431825
0.00316541
0.00326662
0.00384107
0.00472006
0.00472006
0.00458704
0.00309406
0.00250735
0.00319946
0.00432922
0.00432922
0.00366832
0.00366832
0.00352530
0.00285795
0.00317807
0.00361159
0.00361159
0.00298238
0.00298238
0.00296016
0.00273880
0.00226877
0.00198509
0.00247489
0.00247605
0.00293632
0.00396531
0.00396531
0.00313822
0.00297660
0.00350302
0.00402735
0.00402735
0.00355897
0.00355897
0.00295530
0.00260155
0.00260155
0.00212583
0.00212583
0.00162083
0.00219402
0.00247316
0.00247316
0.00191483
0.00261385
0.00387866
0.00387866
0.00333314
0.00185615
0.00142588
0.00142588
0.00166643
0.00227315
0.00290946
0.00290946
0.00216715
0.00216715
0.00271142
0.00271142
0.00222330
0.00313622
0.00313622
0.00190620
0.00146739
0.00148185
0.00190187
0.00255811
0.00255811
0.00309962
0.00366656
0.00366656
0.00253136
0.00228440
0.00228440
0.00276531
0.00288148
0.00288148
0.00237149
0.00234762
0.00232428
0.00240643
0.00278451
0.00298486
0.00298486
0.00224198
0.00277484
0.00357381
0.00357381
0.00323122
0.00336255
0.00336255
0.00386172
0.00386172
0.00304662
0.00241223
0.00228120
0.00249785
0.00263111
0.00315584
0.00315584
0.00297909
0.00291138
0.00294830
0.00294830
0.00189694
0.00152836
0.00280145
0.00280145
0.00231600
0.00145346
0.00200908
0.00276917
0.00315076
0.00315076
0.00341680
0.00347668
0.00347668
0.00286762
0.00270929
0.00297461
0.00297461
0.00303227
0.00409612
0.00422089
0.00422089
0.00403823
0.00403823
0.00346461
0.00274100
0.00245975
0.00245975
0.00271646
0.00314948
0.00314948
0.00304706
0.00387051
0.00390334
0.00390334
0.00336096
0.00276091
0.00312251
0.00312251
0.00275658
0.00301776
0.00349479
0.00431010
0.00431010
0.00371432
0.00322447
0.00287868
0.00340817
0.00393683
0.00393683
0.00303547
0.00239376
0.00316770
0.00316770
0.00302618
0.00300037
0.00373601
0.00373601
0.00347550
0.00321755
0.00268035
0.00303282
0.00303282
0.00300686
0.00231420
0.00197169
0.00204777
0.00204777
0.00179337
0.00192591
0.00197544
0.00197544
0.00138246
0.00107749
0.00199470
0.00199470
0.00236799
0.00236799
0.00192445
0.00273867
0.00273867
0.00243273
0.00159860
0.00159860
0.00175598
0.00211693
0.00246221
0.00248968
0.00248968
0.00233350
0.00230830
0.00247044
0.00292245
0.00292245
0.00234335
0.00201768
0.00168249
0.00182325
0.00185368
0.00222877
0.00317807
0.00317807
0.00216691
0.00318273
0.00318273
0.00223522
0.00198952
0.00198952
0.00187346
0.00151608
0.00251630
0.00273668
0.00273668
0.00255996
0.00255996
0.00305120
0.00383908
0.00383908
0.00422474
0.00429979
0.00429979
0.00383091
0.00264678
0.00252512
0.00252512
0.00217655
0.00217655
0.00177102
0.00288292
0.00288309
0.00288309
0.00258040
0.00258040
0.00231948
0.00231948
0.00260700
0.00314586
0.00314586
0.00303456
0.00303456
0.00288432
0.00367381
0.00392278
0.00392278
0.00350517
0.00339208
0.00339208
0.00281082
0.00331314
0.00352653
0.00352653
0.00268811
0.00268811
0.00223762
0.00264163
0.00264163
0.00305119
0.00305119
0.00219262
0.00195765
0.00223987
0.00269873
0.00269873
0.00273895
0.00312959
0.00312959
0.00248344
0.00238816
0.00257492
0.00277702
0.00297868
0.00342127
0.00384675
0.00384675
0.00315259
0.00256580
0.00273375
0.00310279
0.00372493
0.00372493
0.00332736
0.00400667
0.00437104
0.00437104
0.00389483
0.00307737
0.00264329
0.00264329
0.00213678
0.00246790
0.00246790
0.00233337
0.00262519
0.00262519
0.00269770
0.00269770
0.00246177
0.00220079
0.00325096
0.00415836
0.00415836
0.00372837
0.00329015
0.00237215
0.00271643
0.00308291
0.00308291
0.00253000
0.00253000
0.00224216
0.00222152
0.00310030
0.00340959
0.00340959
0.00291174
0.00278922
0.00213287
0.00256885
0.00256885
0.00175788
0.00166966
0.00235839
0.00235839
0.00274564
0.00349225
0.00405752
0.00405752
0.00391507
0.00391507
0.00366805
0.00283047
0.00204257
0.00226759
0.00282581
0.00282581
0.00309439
0.00486645
0.00486645
0.00425534
0.00316716
0.00240032
0.00245675
0.00255378
0.00443910
0.00443910
0.00391155
0.00331830
0.00172323
0.00249820
0.00304410
0.00304410
0.00206082
0.00211298
0.00211298
0.00161380
0.00205627
0.00205627
0.00176548
0.00307651
0.00307651
0.00305549
0.00254104
0.00152601
0.00156379
0.00259973
0.00351876
0.00351876
0.00212475
0.00189109
0.00243094
0.00269262
0.00269262
0.00372007
0.00372007
0.00296750
0.00392977
0.00442458
0.00442458
0.00324486
0.00337132
0.00337132
0.00284894
0.00285449
0.00285449
0.00165803
0.00161922
0.00226502
0.00267631
0.00267631
0.00178111
0.00223118
0.00239613
0.00239613
0.00206983
0.00221119
0.00329290
0.00333705
0.00333705
0.00311088
0.00222831
0.00222831
0.00307129
0.00307129
0.00299604
0.00231194
0.00266908
0.00266908
0.00203035
0.00163159
0.00167826
0.00167826
0.00235350
0.00312275
0.00312275
0.00223977
0.00339947
0.00461862
0.00461862
0.00378385
0.00314400
0.00448391
0.00448391
0.00243001
0.00270753
0.00410872
0.00410872
0.00290902
0.00231436
0.00452339
0.00452339
0.00411897
0.00259216
0.00258126
0.00328668
0.00328668
0.00325592
0.00195955
0.00432757
0.00432757
0.00323716
0.00203171
0.00229212
0.00356875
0.00356875
0.00324893
0.00324893
0.00229730
0.00199291
0.00299583
0.00331457
0.00331457
0.00312190
0.00322259
0.00392706
0.00392706
0.00360005
0.00272164
0.00186284
0.00161689
0.00215082
0.00230570
0.00230570
0.00174734
0.00269061
0.00326334
0.00336494
0.00336494
0.00293708
0.00316323
0.00316323
0.00235669
0.00165639
0.00180718
0.00236737
0.00236737
0.00227029
0.00286593
0.00345982
0.00345982
0.00321944
0.00269417
0.00226355
0.00209464
0.00237949
0.00336654
0.00362564
0.00362564
0.00259591
0.00199796
0.00264079
0.00264079
0.00175476
0.00146999
0.00230830
0.00337113
0.00372615
0.00372615
0.00295360
0.00393964
0.00393964
0.00324090
0.00351688
0.00400050
0.00412886
0.00412886
0.00342525
0.00394191
0.00394191
0.00363155
0.00363155
0.00345495
0.00345495
0.00226640
0.00175627
0.00078324
