1.49988
2.38557
3.81977
4.71340
6.17151
7.04933
8.47010
9.34643
10.82055
11.70716
13.14445
13.99495
15.34367
16.23112
17.72716
18.57773
19.76661
20.49679
21.70082
22.25452
22.87140
23.33610
24.22016
24.74752
25.64983
26.25867
27.40469
28.08901
29.33322
29.89046
30.51202
30.95795
31.80325
32.26533
32.96339
33.44988
34.33692
35.01134
36.36794
37.11342
38.31326
39.00657
40.11482
40.78008
41.73924
42.49591
43.94909
44.80738
46.25392
47.09749
48.47231
49.22384
50.26358
50.85139
51.75326
52.30031
53.22958
53.70845
54.29913
54.64566
55.14325
55.66865
56.81313
57.47775
58.57526
59.20642
60.19713
60.81363
61.85052
62.47734
63.55986
64.01679
64.36691
64.70970
65.44161
65.93782
66.88925
67.29682
67.70730
67.96413
68.38478
68.66292
69.16552
69.50133
70.12839
70.37562
70.59670
70.53387
70.13024
69.90643
69.55796
69.36995
69.07234
68.98535
68.99211
68.84168
68.26097
68.08587
68.01540
68.12966
68.63086
68.93398
69.49304
69.72779
69.91961
70.00399
70.01995
70.05091
70.12400
70.28742
70.72916
70.97512
71.31405
71.55669
72.00642
72.45107
73.51184
74.13374
75.18936
75.69462
76.34070
76.49893
76.37711
76.33794
76.29638
76.27973
76.27193
76.20570
75.98181
75.92326
75.98710
75.90044
75.67328
75.40155
74.61755
74.27081
73.84807
73.53628
72.92673
72.57178
72.01932
71.47275
70.23195
69.75126
69.46918
69.19149
68.66853
68.37926
67.90674
67.79330
67.92398
67.84049
67.43534
67.34470
67.40661
67.57871
68.07452
68.41828
69.05653
69.54741
70.49418
71.01169
71.79099
72.33343
73.35056
73.98468
75.08559
75.71167
76.69930
77.30505
78.33650
79.02643
80.29377
81.08919
82.47412
83.25255
84.39184
85.18085
86.53182
87.35075
88.68868
89.50682
90.88688
91.71933
93.12385
93.89105
94.96405
95.56988
96.38647
97.07156
98.39289
99.11564
100.14772
100.79193
101.78618
102.48913
103.70065
104.38036
105.35462
105.92158
106.80027
107.30008
108.06798
108.58230
109.51535
109.98970
110.63299
111.02984
111.71988
112.16074
112.91801
113.37673
114.14595
114.42456
114.49070
114.73060
115.39196
115.79684
116.49056
116.99454
117.95323
118.52975
119.49266
120.05454
120.93045
121.42886
122.19936
122.67034
123.41617
123.88174
124.64371
125.11245
125.79648
126.09831
126.35715
126.51407
126.68752
127.04541
127.99203
128.50919
129.33753
129.82645
130.62961
131.04037
131.58252
131.88487
132.28603
132.55669
133.00233
133.49165
134.60425
135.23376
136.26038
136.89398
137.93159
138.68890
140.08761
140.96050
142.33110
143.21544
144.71326
145.59845
146.98511
147.83718
149.17245
149.97935
151.20673
151.85876
152.76532
153.19970
153.74094
153.80735
153.47523
153.23830
152.74671
152.41582
151.79549
151.47955
151.08187
150.74307
149.98886
149.71981
149.63428
149.41391
148.83830
148.65411
148.55652
148.58583
148.88721
148.77451
148.20025
147.69617
146.54390
145.99793
145.39218
144.96932
144.19982
143.85028
143.42542
143.14077
142.63993
142.27415
141.55536
141.08368
140.22229
139.71975
138.90368
138.44430
137.70350
137.50171
137.69150
137.63907
137.39872
137.15052
136.61373
136.28622
135.73546
135.39747
134.79536
134.57203
134.43258
134.40491
134.46689
134.57533
134.87260
135.06187
135.41753
135.49086
135.34458
135.41746
135.78143
135.96732
136.26004
136.41207
136.55276
136.94605
138.02797
138.73569
140.06164
140.75245
141.66671
142.15724
142.82392
143.19628
143.81542
143.99185
143.98676
143.89958
143.55825
143.33352
142.91335
142.58195
141.92306
141.35121
140.13106
139.37177
138.04716
137.22105
135.80353
135.05107
134.07886
133.47599
132.49482
131.79591
130.49403
129.73609
128.58661
127.84600
126.57666
125.80816
124.51673
123.69164
122.24550
121.45285
120.34608
119.70920
118.72423
118.15093
117.20622
116.65887
115.78197
115.26532
114.42764
113.99607
113.40288
113.06461
112.51856
112.28121
112.11410
111.84241
111.18742
110.74454
109.95035
109.51682
108.96134
108.49435
107.58427
107.07178
106.26959
105.98412
105.88767
105.89239
106.04830
106.09504
106.06553
106.19249
106.77991
106.94142
107.05892
107.06894
107.04930
106.85949
106.27553
105.93253
105.38416
104.90584
103.93549
103.27928
102.07249
101.33229
100.03494
99.40292
98.66190
98.16971
97.31820
96.77422
95.78418
95.17159
94.10517
93.45682
92.37619
91.63510
90.27247
89.52897
88.41686
87.92144
87.43527
87.24572
87.14103
87.09701
87.06023
87.04380
86.97503
87.03089
87.31818
87.36487
87.30161
87.12973
86.54757
86.25278
85.85820
85.49744
84.72146
84.30476
83.67662
83.36163
83.00799
82.54955
81.48542
80.81587
79.63335
78.88676
77.58436
76.76203
75.33308
74.47889
73.05241
72.19704
70.82560
69.99637
68.64007
67.77029
66.27476
65.42647
64.18622
63.35932
61.91149
61.04859
59.70681
58.89686
57.54820
56.75448
55.49540
54.77913
53.66432
53.06990
52.21876
51.82853
51.41548
51.27277
51.27891
51.22561
50.97683
51.13827
51.88885
52.17009
52.33921
52.67856
53.54039
53.98856
54.66931
55.01732
55.35966
55.81235
56.84114
57.44916
58.44662
59.06569
60.11550
60.76121
61.87091
62.56078
63.75247
64.53243
65.89743
66.70684
68.04630
68.81876
70.04676
70.76847
71.86973
72.50673
73.51100
74.12424
75.17273
75.87326
77.13859
77.95580
79.39038
80.23412
81.62003
82.38329
83.50568
84.02617
84.47264
84.96054
85.97919
86.57764
87.58612
87.97491
88.14785
88.34322
88.66591
89.14992
90.36444
90.88956
91.31577
91.78866
92.75680
93.39299
94.53584
95.20801
96.17176
96.78729
97.79646
98.47097
99.69310
100.40081
101.50306
102.32617
103.81783
104.70830
106.19384
107.08357
108.53258
109.31450
110.34094
111.04341
112.27255
113.00604
114.22436
114.98932
116.32023
117.07117
118.20098
118.91362
120.15653
120.85394
121.91811
122.62073
123.89382
124.61133
125.69424
126.27084
126.99936
127.56750
128.53863
129.21078
130.38139
131.06553
132.17687
132.73750
133.37607
133.80665
134.44678
135.03789
136.27654
136.94880
137.92070
138.63378
139.95763
140.76118
142.11847
142.93082
144.28941
145.10002
146.43556
147.24239
148.59933
149.40578
150.73919
151.51718
152.77746
153.49526
154.61779
155.31512
156.48932
157.22256
158.49666
159.17214
160.08785
160.71389
161.85359
162.37874
162.90005
163.22783
163.75812
164.05634
164.50987
164.80277
165.32654
165.63835
166.08976
166.59843
167.69806
168.48918
169.94061
170.79921
172.16914
173.03080
174.39515
175.06716
175.74676
176.39944
177.73683
178.43160
179.33090
179.91007
180.87235
181.55280
182.76157
183.50562
184.78229
185.51944
186.68992
187.41389
188.63698
189.35749
190.55364
191.27372
192.48478
193.21769
194.42859
195.11466
196.10910
196.73496
197.81135
198.46033
199.53222
200.19483
201.27639
201.95893
202.99367
203.72059
205.06900
205.76216
206.69103
207.00579
207.06881
207.13827
207.22048
207.33788
207.62959
207.83775
208.24298
208.55546
209.18544
209.67721
210.71690
211.34451
212.39842
213.11685
214.36731
215.13053
216.40911
217.26393
218.71538
219.58756
220.98538
221.80158
223.09950
223.88009
225.11352
225.92012
227.30572
228.15026
229.57054
230.43092
231.80656
232.61815
233.94653
234.75186
236.10101
236.96080
238.36610
239.19002
240.47955
241.29066
242.55886
243.35002
244.55167
245.31944
246.64371
247.45988
248.82214
249.67320
251.07013
251.81500
252.80267
253.46989
254.63294
255.30020
256.37477
256.93584
257.72206
258.22358
259.11948
259.61532
260.31897
260.78841
261.63545
262.09729
262.79612
263.10477
263.42197
263.58682
263.68013
264.04408
265.10170
265.61328
266.24441
266.76564
267.77509
268.47681
269.80391
270.51803
271.45326
272.06309
273.05138
273.73059
274.97167
275.77672
277.20804
278.00589
279.26879
280.01566
281.26043
281.92215
282.88984
283.30852
283.64031
283.91109
284.44646
284.65908
284.82839
284.96185
285.22200
285.51957
286.23750
286.66534
287.38793
287.78125
288.31064
288.65183
289.17445
289.63307
290.65536
291.21832
292.11756
292.40138
292.42058
292.24764
291.66803
291.30380
290.66479
290.28745
289.65887
289.30575
288.75810
288.43968
287.93398
287.70853
287.46185
287.39419
287.40561
287.31116
286.98858
286.83974
286.67756
286.46933
285.97399
285.65721
285.08884
284.73037
284.10192
283.70725
283.03327
282.54534
281.57588
280.98798
280.09627
279.47501
278.38602
277.72162
276.59417
275.94439
274.88386
274.42432
273.99130
273.82515
273.72488
273.71739
273.83566
273.73147
273.29483
273.03453
272.58013
272.28948
271.74444
271.58812
271.60422
271.74766
272.25152
272.50369
272.83875
273.23043
274.10774
274.64210
275.57154
276.04154
276.63671
276.96405
277.42533
277.72691
278.28893
278.58364
278.99768
279.19355
279.44577
279.57437
279.74125
279.91287
280.30641
280.50439
280.77557
280.95642
281.28441
281.62634
282.45910
283.02041
284.05468
284.73018
285.94258
286.71883
288.02456
288.79437
290.05087
290.81423
292.09966
292.94553
294.42493
295.29855
296.72911
297.62312
299.08882
299.97908
301.47441
302.36538
303.82737
304.71212
306.06669
306.92789
308.38064
309.23520
310.63735
311.48366
312.90082
313.77932
315.15957
315.98863
317.37096
318.21888
319.65471
320.51077
321.90682
322.75096
324.17635
325.04040
326.49978
327.38149
328.79446
329.52987
330.47192
330.91139
331.30596
331.69584
332.51355
332.82511
333.05950
333.05559
332.79115
332.65549
332.48473
332.40343
332.33848
332.19641
331.71879
331.46525
331.12810
330.72531
329.76535
329.13283
328.00296
327.21848
325.79445
324.95632
323.57958
322.81753
321.69918
321.03106
319.91134
319.35660
318.70398
318.15725
317.08627
316.44938
315.41537
314.81630
313.91165
313.30124
312.16576
311.56553
310.80076
310.33925
309.71431
309.35199
308.78908
308.45874
307.88973
307.74035
307.74833
307.95197
308.60974
309.02994
309.75758
310.25721
311.19310
311.73442
312.60659
313.16977
314.17903
314.79176
315.80750
316.57356
318.02908
318.81718
319.92618
320.62722
321.83050
322.52725
323.65175
324.32577
325.45437
326.16575
327.38996
328.18376
329.59032
330.45265
331.92714
332.75243
333.95907
334.69880
335.92111
336.68635
338.00743
338.82486
340.15775
340.96347
342.32531
343.04744
344.07321
344.57529
345.19245
345.47130
345.71081
345.99506
346.61093
346.95266
347.46775
347.62900
347.64032
347.66490
347.71865
347.60361
347.18519
346.92839
346.47987
346.16859
345.58764
345.37319
345.21344
345.25932
345.57733
345.73816
345.97303
346.11856
346.37734
346.46631
346.46415
346.43735
346.31684
346.23142
346.03739
346.08676
346.46343
346.75935
347.43889
347.86869
348.54521
348.97698
349.69843
350.17375
350.90509
351.43691
352.36589
352.95123
353.97361
354.45565
354.98591
355.39353
356.24930
356.49773
356.41098
356.41233
356.37760
356.34831
356.27909
356.20730
356.04038
355.88408
355.59272
355.15418
354.01895
353.43878
352.54672
352.25613
352.21309
352.16924
352.14011
352.07518
351.88198
351.78419
351.62738
351.58414
351.62308
351.52248
351.16845
351.04647
350.99610
350.99063
351.04571
351.05684
350.96703
351.01102
351.22871
351.33114
351.50458
351.54832
351.44831
351.68049
352.54292
352.85356
353.10978
353.05185
352.52490
352.42988
352.59315
352.74993
353.13222
353.40204
353.89096
354.19333
354.70831
355.01614
355.53534
355.80194
356.13861
356.47533
357.18894
357.68691
358.60305
359.26903
360.52391
361.26094
362.46879
363.08181
363.84110
364.37670
365.36367
365.78190
366.19461
366.29421
366.16455
366.00838
365.61084
365.41458
365.12577
365.12601
365.41567
365.54850
365.78768
365.73815
365.41687
365.03498
364.05595
363.54308
362.78241
362.32003
361.53169
361.00039
360.01697
359.41712
358.45010
357.87201
356.93418
356.31965
355.26257
354.61778
353.50891
352.95610
352.26931
351.90064
351.45019
351.03584
350.16424
349.75097
349.29594
348.82011
347.78697
347.16615
346.12528
345.50690
344.46468
343.99950
343.54433
343.27208
342.82340
342.80381
343.16377
343.40887
343.88803
344.20428
344.74286
345.24352
346.33843
346.94001
347.85782
348.40446
349.29556
349.84672
350.74356
351.49146
352.89740
353.78046
355.27192
356.14965
357.56107
358.45063
359.94305
360.81069
362.17479
362.89596
363.86362
364.46292
365.46354
366.13026
367.32567
368.04964
369.21067
370.01197
371.43155
372.28114
373.69309
374.50615
375.77041
376.41532
377.22352
377.63228
378.13795
378.36252
378.60009
378.75070
379.01312
379.20089
379.56758
379.76642
380.06023
380.24578
380.56410
380.75816
381.04744
381.39379
382.15659
382.77649
384.01231
384.85066
386.28679
387.14792
388.58513
389.44378
390.86271
391.75072
393.22518
394.10876
395.57824
396.46192
397.91990
398.79170
400.24597
401.08351
402.39552
403.15261
404.32831
405.11678
406.46712
407.28388
408.62880
409.44453
410.70883
411.50806
412.88809
413.72995
415.10786
415.96200
417.41245
418.28379
419.74644
420.62247
422.06643
422.94223
424.41906
425.27748
426.62185
427.49508
428.99313
429.88934
431.38663
432.27899
433.74620
434.61983
436.07865
436.86358
437.89629
438.65920
440.05331
440.85372
442.12981
442.85956
443.97857
444.77302
446.22880
447.07262
448.41940
449.20408
450.48542
451.12666
452.00038
452.56910
453.57605
454.18139
455.15506
455.89257
457.22590
458.02648
459.34231
460.17601
461.60574
462.45438
463.81872
464.66515
465.99370
466.86662
468.30642
469.17900
470.55334
471.38814
472.75275
473.47752
474.41748
474.97587
475.84729
476.23914
476.55429
476.99139
478.04367
478.50615
478.99547
479.35965
479.97353
480.34557
481.00234
481.34110
481.87125
482.20416
482.79920
483.05529
483.38840
483.66306
484.22242
484.54082
485.08211
485.35039
485.68911
485.91782
486.31667
486.41127
486.35314
486.11508
485.33816
485.03218
484.80453
484.57262
484.05667
483.85676
483.70351
483.69898
483.89258
483.90077
483.78759
483.66691
483.40614
483.18162
482.66358
482.53671
482.61738
482.71546
482.98505
483.21955
483.72214
484.16776
485.05471
485.72601
486.96923
487.58351
488.32432
488.79885
489.57956
490.10819
491.15231
491.62748
492.23688
492.60040
493.17477
493.52779
494.16029
494.50697
495.08441
495.40536
495.89205
496.10068
496.21299
496.53170
497.41919
498.07008
499.27997
500.07903
501.43533
502.11164
502.88881
503.40769
504.26571
504.79124
505.69866
506.18105
506.86771
507.25758
507.83533
508.06499
508.20061
508.34624
508.64192
508.81914
509.11443
509.29022
509.58408
509.67421
509.65068
509.71422
509.94451
509.96758
509.82356
509.65469
509.23067
509.08212
509.05570
508.83217
508.17269
507.85300
507.40909
507.14830
506.79551
506.64949
506.60789
506.42261
505.94114
505.56719
504.82235
504.37335
503.63876
503.10685
502.04306
501.58644
501.17874
500.93702
500.61962
500.28155
499.53090
499.10448
498.44036
497.91094
496.84339
496.33338
495.70816
495.32898
494.72265
494.27737
493.46678
493.00556
492.25717
491.99307
491.89472
491.74733
491.40813
491.28045
491.19191
491.11833
490.95556
490.91220
490.93019
491.08638
491.61984
491.97297
492.64968
492.98246
493.43515
493.52114
493.32180
493.11610
492.61354
492.37284
492.02832
491.98787
492.17682
492.30955
492.63371
492.57075
492.06926
491.68662
490.89780
490.36336
489.36636
488.93964
488.57672
488.34381
488.01446
487.62403
486.67490
486.26191
485.85212
485.56228
485.06353
484.82930
484.57199
484.36619
483.98771
483.57479
482.63330
482.03591
480.97515
480.34220
479.32993
478.74289
477.81323
477.25046
476.33496
476.04187
476.00150
476.11901
476.61239
476.77369
476.87859
476.75057
476.21173
475.91186
475.42757
475.08645
474.43236
474.00803
473.24910
472.77894
471.93858
471.65724
471.61359
471.50804
471.26515
470.94180
470.12507
469.68095
468.99678
468.56741
467.81459
467.42454
466.87577
466.64674
466.44077
466.20093
465.61038
465.19725
464.40698
463.90224
462.98236
462.60070
462.32650
462.07516
461.54129
461.36167
461.32369
461.20986
460.85876
460.81820
461.05955
461.18146
461.40836
461.57048
461.86430
462.09780
462.61755
462.74563
462.61115
462.75880
463.33089
463.53619
463.67633
463.83499
464.16546
464.39269
464.82993
465.00197
465.06508
465.07427
464.98332
464.82371
464.34581
464.20653
464.18239
464.43006
465.24565
465.79979
466.82169
467.42472
468.41451
469.06985
470.24942
471.00238
472.24437
472.85729
473.54000
474.17511
475.46659
476.29986
477.75619
478.61726
479.90302
480.64800
481.83546
482.43076
483.22048
483.60008
483.97830
484.41339
485.38934
486.07190
487.29912
488.14231
489.59064
490.45874
491.91685
492.75142
494.02745
494.75217
495.79192
496.52269
497.81793
498.57032
499.76459
500.60473
502.10134
502.98370
504.41010
505.28110
506.75040
507.63214
509.08606
509.96476
511.44241
512.31702
513.74911
514.56782
515.84411
516.64377
518.01744
518.88924
520.33746
521.17693
522.39051
523.12905
524.36357
525.12674
526.44580
527.16034
528.13815
528.81980
530.06885
530.81360
532.05494
532.70688
533.60328
534.09561
534.82005
535.38383
536.47841
537.15923
538.24243
538.80407
539.38819
539.90729
540.93008
541.54290
542.57300
543.25242
544.49668
545.15100
546.00737
546.44947
546.99791
547.56704
548.77871
549.58858
551.02773
551.85413
553.15975
553.93766
555.07053
555.70067
556.63715
557.13087
557.85068
558.12888
558.31354
558.41635
558.50693
558.58797
558.76651
558.87738
559.07018
559.21173
559.45599
559.61106
559.86041
560.18565
561.05648
561.29834
561.23870
561.33116
561.58495
561.83922
562.44677
562.52901
562.22726
562.01161
561.51711
561.27566
560.95517
560.76738
560.43915
560.20238
559.78929
559.38550
558.49288
557.93420
556.96397
556.40960
555.56823
555.05110
554.25203
553.73720
552.83823
552.27536
551.30198
550.75182
549.88785
549.39021
548.59874
548.22923
547.79769
547.65727
547.73087
547.49462
546.68813
546.16974
545.21960
544.77718
544.20343
544.11041
544.43152
544.57610
544.78842
544.95408
545.23667
545.65880
546.65971
547.32476
548.49420
549.28809
550.65704
551.48779
552.85322
553.73119
555.15622
555.99542
557.36115
558.23601
559.70282
560.59981
562.08100
562.94887
564.29300
565.04376
566.04159
566.69689
567.86459
568.52293
569.51258
570.11339
571.11847
571.73421
572.79979
573.45812
574.59649
575.25284
576.30682
576.68198
576.85422
576.97263
577.16897
577.30844
577.54287
577.74884
578.12757
578.48134
579.28523
579.63048
579.94327
580.04915
580.08934
579.90819
579.30863
578.87115
577.99277
577.47415
576.58960
576.14657
575.59246
575.24855
574.65517
574.29445
573.68274
573.32134
572.72578
572.40046
571.90812
571.61119
571.11253
570.83843
570.41840
570.09912
569.49991
568.90973
567.66198
566.82838
565.37725
564.50400
563.04628
562.21095
561.00678
560.37673
559.57967
559.06869
558.20182
557.58816
556.43064
555.73274
554.52723
553.93707
553.18384
552.61349
551.54955
550.90109
549.79212
549.12514
548.00221
547.26835
545.91624
545.11414
543.77993
542.97763
541.63839
540.84600
539.55281
538.74648
537.36345
536.53381
535.15003
534.35048
533.07310
532.33972
531.18867
530.48567
529.31300
528.59541
527.44571
526.73794
525.50137
524.84858
523.91850
523.30619
522.18627
521.58639
520.73770
520.13274
519.01763
518.32374
517.15351
516.35625
514.98724
514.15921
512.76762
511.92365
510.49460
509.65856
508.29874
507.53539
506.42135
505.73298
504.55399
503.81759
502.54186
501.80805
500.63534
499.95699
498.86692
498.21990
497.19831
496.39982
494.91471
494.04328
492.67815
491.97295
491.10498
490.68712
490.24801
489.95613
489.41348
489.19258
488.99254
488.86721
488.65740
488.52123
488.29501
488.01531
487.31579
486.98083
486.52340
486.35371
486.28466
486.12758
485.69589
485.40408
484.85567
484.51211
483.94141
483.49083
482.55017
482.22865
482.11004
482.01927
481.86809
481.85317
481.89916
482.21379
483.17003
483.70840
484.59127
485.14258
486.10008
486.73567
487.88889
488.62013
489.91230
490.67926
491.94381
492.77872
494.24964
495.02381
496.07442
496.52965
496.84480
497.26418
498.22906
498.76823
499.63937
500.08010
500.63362
501.01414
501.75944
501.97998
501.85355
502.03897
502.65182
503.10653
504.03881
504.47698
505.03173
505.23636
505.30447
505.32486
505.29782
505.31139
505.41311
505.45505
505.48393
505.45818
505.37276
505.11032
504.38770
503.92834
503.16245
502.75013
502.14127
501.78553
501.20505
500.89201
500.43208
500.03754
499.20265
498.71082
497.90022
497.42863
496.68191
496.06758
494.79322
494.15552
493.31456
492.80123
491.95222
491.33555
490.19080
489.50794
488.36844
487.69090
486.56900
485.90372
484.81343
484.07272
482.71936
481.96907
480.87961
480.06792
478.60503
