1.50000
1.78810
0.90157
1.07395
2.24051
2.69413
2.74954
3.33900
3.26969
3.79525
5.00101
5.64649
6.48870
6.68110
6.07438
5.26102
5.86379
6.55760
6.59693
5.81233
5.18369
4.62241
5.04047
5.00451
4.36507
3.84275
2.58820
2.95586
4.16770
4.87450
4.95768
5.53448
6.85136
7.54855
8.39921
9.18856
10.63042
11.34298
11.42445
12.12724
12.97794
13.52529
14.33781
14.69359
15.04889
15.08815
14.82469
14.77441
14.92809
14.15222
13.70447
13.06618
12.64884
13.46703
13.78654
13.28611
12.34230
11.68558
10.73041
11.17109
12.04749
12.87527
14.22371
