 0.10000	 29.30171394	112.18463898	 66.44061279	 28.65310478	110.91345215	 66.90241241	           0	           2
 0.10000	 27.84647560	110.53645325	 67.03306580	 26.44189453	111.05662537	 66.95310974	          -1	           3
 0.10000	 25.66375542	111.01002502	 66.50364685	 25.01106453	110.47112274	 65.26544189	          -2	           4
 0.10000	 24.39208603	110.24398041	 64.65319061	 23.13566017	110.01066589	 63.86793900	          -3	           5
 0.10000	 22.47488213	109.74237061	 63.31928635	 21.50510406	108.99217987	 62.45529556	          -4	           6
 0.10000	 21.14027023	109.02593994	 61.63345718	 21.25182915	109.85366821	 60.38757706	          -5	           7
 0.10000	 20.99210930	110.19853210	 59.59812546	 20.18224144	110.54516602	 58.38417053	          -6	           8
 0.10000	 19.69922638	110.90111542	 57.71353149	 18.72408104	111.52034760	 56.75667953	          -7	           9
 0.10000	 18.75440598	112.30441284	 56.31613159	 19.75886917	113.40784454	 56.46924973	          -8	          10
 0.10000	 20.29446220	113.92794037	 55.96678925	 20.73476982	114.01160431	 54.53536606	          -9	          11
 0.10000	 21.39052010	114.49935913	 54.15859222	 22.42617416	115.44484711	 54.69083023	         -10	          12
 0.10000	 23.05132675	116.08101654	 54.80995941	 23.98478508	117.21436310	 55.11656952	         -11	          13
 0.10000	 24.46872711	117.68802643	 54.52383804	 24.40742874	117.58924866	 53.02839279	         -12	          14
 0.10000	 24.61729813	117.14691925	 52.27337646	 25.15963364	115.87271881	 51.69707108	         -13	          15
 0.10000	 25.16064262	115.03952789	 51.35746765	 24.71699142	113.63288879	 51.08495331	         -14	          16
 0.10000	 24.21706390	113.00662231	 50.67560959	 23.06501389	112.66062164	 49.77960587	         -15	          17
 0.10000	 22.61542511	112.04443359	 49.30224991	 22.47555733	110.65763855	 48.74834061	         -16	          18
 0.10000	 22.07870102	109.90321350	 48.46009445	 21.08650398	108.86890411	 48.01789856	         -17	          19
 0.10000	 20.45109558	108.26618958	 48.22475433	 19.44030762	107.75238800	 49.20670319	         -18	          20
 0.10000	 19.42155457	107.10554504	 49.83196640	 20.38765144	106.14124298	 50.45376205	         -19	          21
 0.10000	 21.09507370	105.65039062	 50.71527100	 22.49966049	105.12902069	 50.78659058	         -20	          22
 0.10000	 23.33929253	104.82685089	 50.90257645	 24.80851746	104.58504486	 51.08356857	         -21	          23
 0.10000	 25.31988716	103.91081238	 51.38971329	 25.18294334	102.56894684	 52.04573441	         -22	          24
 0.10000	 24.75322342	101.77882385	 52.07184601	 23.54178619	101.09659576	 51.50905609	         -23	          25
 0.10000	 23.02736664	100.46267700	 51.13093185	 22.43649483	 99.27010345	 50.43954468	         -24	          26
 0.10000	 22.46655846	 98.58067322	 49.86245728	 23.15317917	 97.71614075	 48.84735107	         -25	          27
 0.10000	 23.67308235	 97.23716736	 48.29126740	 24.75220680	 96.58513641	 47.47914124	         -26	          28
 0.10000	 25.48499680	 96.24513245	 47.08348465	 26.85815239	 95.88129425	 46.60236740	         -27	          29
 0.10000	 27.54519463	 95.34600067	 46.37686539	 28.08815002	 93.95954132	 46.19611740	         -28	          30
 0.10000	 28.97481537	 93.84447479	 46.09411621	 29.81644440	 95.07986450	 45.97070694	         -29	          31
 0.10000	 30.60240364	 95.13838959	 46.40502167	 31.10896301	 94.15561676	 47.41856003	         -30	          32
 0.10000	 31.35364151	 93.50619507	 47.99118805	 31.41882706	 92.23493195	 48.78431320	         -31	          33
 0.10000	 31.51217842	 91.53788757	 49.34528732	 31.57561493	 90.41333771	 50.33572769	         -32	          34
 0.10000	 32.06043625	 90.07141113	 51.01233292	 33.29029083	 90.29679108	 51.84082413	         -33	          35
 0.10000	 34.00482559	 90.33800507	 52.38603210	 35.25763702	 90.35502625	 53.21060562	         -34	          36
 0.10000	 35.68800735	 90.47540283	 53.99165344	 35.47511292	 90.89374542	 55.41628647	         -35	          37
 0.10000	 36.11190033	 90.78698730	 56.04315186	 37.38727188	 90.03618622	 55.79893494	         -36	          38
 0.10000	 38.26999283	 90.19525146	 55.72627640	 39.36593628	 91.18329620	 55.45703125	         -37	          39
 0.10000	 39.44259262	 92.06693268	 55.60865021	 38.34265518	 92.90939331	 56.18334579	         -38	          40
 0.10000	 38.27993011	 93.78279114	 56.39065552	 39.02066040	 95.08335876	 56.48903656	         -39	          41
 0.10000	 39.65717697	 95.61058044	 56.13327026	 40.69707489	 95.65913391	 55.05347443	         -40	          42
 0.10000	 41.36079407	 95.59376526	 54.44958115	 42.44921494	 95.19729614	 53.49687958	         -41	          43
 0.10000	 43.07638550	 94.85517883	 52.94991684	 44.07004929	 94.25399780	 52.00070953	         -42	          44
 0.10000	 44.47327805	 93.45694733	 51.89173889	 44.41060257	 92.09925842	 52.52604675	         -43	          45
 0.10000	 44.52617645	 91.40910339	 53.09153748	 44.74238968	 90.67234039	 54.37993622	         -44	          46
 0.10000	 45.11354065	 90.16901398	 55.02669907	 46.10761261	 89.42532349	 55.86828232	         -45	          47
 0.10000	 46.55275726	 88.74889374	 56.26021576	 47.06598663	 87.38629150	 56.61988831	         -46	          48
 0.10000	 47.18636322	 86.52551270	 56.85237122	 46.84020615	 85.07383728	 57.00274277	         -47	          49
 0.10000	 47.26747894	 84.56359863	 57.60846710	 48.32872009	 85.11696625	 58.51245499	         -48	          50
 0.10000	 48.93529510	 85.44457245	 59.09046173	 49.82214737	 86.26657104	 59.97760773	         -49	          51
 0.10000	 50.46331787	 86.59848785	 60.51394653	 51.64569092	 86.95320892	 61.36563492	         -50	          52
 0.10000	 52.38402176	 86.90437317	 61.87712097	 53.48169327	 86.33274078	 62.72429276	         -51	          53
 0.10000	 54.34453583	 86.12612152	 62.87285995	 55.77944183	 86.02246857	 62.44882965	         -52	          54
 0.10000	 56.65157700	 85.93048096	 62.24812698	 58.12874603	 85.89025879	 61.99132919	         -53	          55
 0.10000	 58.78560638	 85.45571136	 61.55631638	 59.09793854	 84.31802368	 60.63023758	         -54	          56
 0.10000	 59.36885071	 83.65211487	 60.08955383	 59.74607849	 82.50228882	 59.20353317	         -55	          57
 0.10000	 60.24060059	 81.94132233	 58.70324707	 61.20449829	 81.13171387	 57.88762665	         -56	          58
 0.10000	 62.08188629	 81.32559204	 57.93755722	 62.49726486	 82.58871460	 58.63162613	         -57	          59
 0.10000	 62.77275085	 82.57455444	 59.48818970	 62.47224045	 81.36573029	 60.32384872	         -58	          60
 0.10000	 62.83493042	 80.70305634	 60.81277466	 64.11288452	 79.93172455	 60.95988083	         -59	          61
 0.10000	 64.41661072	 79.48746490	 61.68111420	 63.85961151	 79.27986908	 63.05820847	         -60	          62
 0.10000	 63.54769897	 79.42767334	 63.88927841	 62.75345230	 80.01844788	 65.01627350	         -61	          63
 0.10000	 63.02959061	 80.72534180	 65.49969482	 64.24925232	 81.54265594	 65.19281006	         -62	          64
 0.10000	 65.13407135	 81.66676331	 65.08641052	 66.48310852	 81.04359436	 64.88315582	         -63	          65
 0.10000	 67.31333923	 80.73535919	 64.72525787	 68.73320770	 80.38494873	 64.39241028	         -64	          66
 0.10000	 69.22903442	 79.64214325	 64.28256226	 68.97453308	 78.16542816	 64.34728241	         -65	          67
 0.10000	 69.23310089	 77.30498505	 64.30171967	 70.12643433	 76.11079407	 64.14297485	         -66	          68
 0.10000	 70.59095001	 75.35063171	 64.01920319	 71.24929810	 74.02072144	 63.80184937	         -67	          69
 0.10000	 71.84040833	 73.42266846	 63.48210526	 72.88189697	 72.71702576	 62.66537476	         -68	          70
 0.10000	 73.71373749	 72.95734406	 62.42039108	 74.37029266	 74.25035095	 62.80389404	         -69	          71
 0.10000	 75.10647583	 74.59163666	 62.41500092	 75.95095825	 74.06652832	 61.29214478	         -70	          72
 0.10000	 76.34206390	 73.98197174	 60.48627090	 76.66085052	 74.09217072	 59.02484131	         -71	          73
 0.10000	 76.67054749	 74.01838684	 58.12828445	 76.34510040	 73.79890442	 56.68070984	         -72	          74
 0.10000	 76.08398438	 73.35547638	 55.94265366	 75.70485687	 72.19257355	 55.07456970	         -73	          75
 0.10000	 75.04483795	 71.61655426	 54.86936569	 73.68423462	 71.09355927	 55.22309875	         -74	          76
 0.10000	 72.85146332	 71.14082336	 55.56050491	 71.64186096	 71.61682892	 56.30881119	         -75	          77
 0.10000	 71.53273773	 72.47047424	 56.57155991	 72.56729889	 73.52883148	 56.32788086	         -76	          78
 0.10000	 73.23027802	 74.07069397	 56.05168915	 74.48648071	 74.62784576	 55.45082474	         -77	          79
 0.10000	 74.95719147	 74.52422333	 54.69105530	 74.84770203	 73.66749573	 53.46485901	         -78	          80
 0.10000	 74.83027649	 73.21842957	 52.68552780	 74.55974579	 72.46680450	 51.41611099	         -79	          81
 0.10000	 74.94211578	 72.13365936	 50.67286682	 76.20439148	 72.15864563	 49.86309052	         -80	          82
 0.10000	 76.85820770	 71.56799316	 49.68040085	 77.27636719	 70.20156097	 50.13623810	         -81	          83
 0.10000	 77.46846771	 69.35678101	 50.37895584	 77.52013397	 67.87221527	 50.58654785	         -82	          84
 0.10000	 77.60663605	 67.48619080	 51.39481735	 77.69339752	 68.24206543	 52.68741989	         -83	          85
 0.10000	 77.73244476	 68.57202911	 53.52355194	 77.71604919	 69.13353729	 54.91426468	         -84	          86
 0.10000	 77.92092133	 69.56535339	 55.67666245	 78.57326508	 70.15558624	 56.89154434	         -85	          87
 0.10000	 78.83824158	 71.01542664	 56.88079071	 78.62329865	 71.80611420	 55.62441635	         -86	          88
 0.10000	 78.72946930	 72.49276733	 55.05274582	 79.27315521	 73.70077515	 54.34943008	         -87	          89
 0.10000	 79.16664886	 74.41635132	 53.81462097	 78.22278595	 75.28987885	 53.04281616	         -88	          90
 0.10000	 78.18355560	 75.87992859	 52.36469650	 78.97274017	 76.40125275	 51.20057297	         -89	          91
 0.10000	 79.18587494	 77.24107361	 50.95768738	 78.80968475	 78.58089447	 51.51735306	         -90	          92
 0.10000	 79.28141022	 79.18414307	 51.98979187	 80.64254761	 79.11988068	 52.61649323	         -91	          93
 0.10000	 81.35671997	 79.23361206	 53.15169525	 82.44882965	 79.57594299	 54.12100983	         -92	          94
 0.10000	 82.78250122	 79.38593292	 54.93464661	 82.66118622	 78.43232727	 56.08596039	         -93	          95
 0.10000	 82.27375793	 78.36287689	 56.89503098	 81.23106384	 79.01232910	 57.75558090	         -94	          96
 0.10000	 80.82993317	 79.56503296	 58.34117889	 80.58031464	 80.76934814	 59.19942856	         -95	          97
 0.10000	 80.38462830	 81.47827911	 59.71736526	 79.94905853	 82.68624878	 60.49228668	         -96	          98
 0.10000	 80.09031677	 83.28890991	 61.14527893	 80.88119507	 83.69152069	 62.35448074	         -97	          99
 0.10000	 81.36492920	 84.40911102	 62.60081863	 81.92868805	 85.55299377	 61.81109619	         -98	         100
 0.10000	 81.91282654	 86.37239838	 62.18302155	 81.14315033	 86.69607544	 63.42909622	         -99	         101
 0.10000	 81.13898468	 86.54924774	 64.31687927	 81.96916962	 85.66381836	 65.19811249	        -100	         102
 0.10000	 81.77909088	 85.13563538	 65.90120697	 80.67884064	 84.65544128	 66.80043030	        -101	         103
 0.10000	 79.82981873	 84.39721680	 66.65216064	 79.02285004	 84.60706329	 65.40538025	        -102	         104
 0.10000	 78.68595886	 84.01596069	 64.81651306	 78.66547394	 82.52520752	 64.65259552	        -103	         105
 0.10000	 79.33744812	 81.96392822	 64.44493866	 80.80767059	 82.23541260	 64.32517242	        -104	         106
 0.10000	 81.54685974	 82.74765778	 64.35281372	 82.36774445	 83.97032166	 64.63758850	        -105	         107
 0.10000	 81.99182129	 84.78783417	 64.63535309	 80.51072693	 84.95268250	 64.46550751	        -106	         108
 0.10000	 79.73011017	 84.84909058	 64.03047180	 78.97615051	 84.11100769	 62.96450424	        -107	         109
 0.10000	 78.52114868	 83.62433624	 62.35977936	 77.80212402	 82.90179443	 61.25943375	        -108	         110
 0.10000	 77.72879791	 82.00624847	 61.21192932	 78.39518738	 81.11652374	 62.21899033	        -109	         111
 0.10000	 78.35155487	 80.34084320	 62.67284393	 77.58569336	 79.16431427	 63.20081711	        -110	         112
 0.10000	 77.38197327	 78.29468536	 63.30804825	 77.51251984	 76.80367279	 63.21085358	        -111	         113
 0.10000	 77.31866455	 76.11471558	 62.66543198	 76.94091797	 75.80632019	 61.24697113	        -112	         114
 0.10000	 76.15251923	 75.71439362	 60.82288742	 74.72962952	 75.90240479	 61.25857162	        -113	         115
 0.10000	 73.89086914	 76.22505188	 61.21549988	 72.99356842	 77.36142731	 60.82409286	        -114	         116
 0.10000	 72.24156189	 77.84147644	 60.94120026	 70.75748444	 77.62502289	 60.92634583	        -115	         117
 0.10000	 69.86993408	 77.47850037	 60.91384506	 68.41313171	 77.16604614	 61.08646774	        -116	         118
 0.10000	 67.84492493	 76.73789215	 60.53540421	 68.06427765	 75.96267700	 59.27018356	        -117	         119
 0.10000	 68.30173492	 76.14289093	 58.42115784	 68.75844574	 77.39284515	 57.72926712	        -118	         120
 0.10000	 69.36619568	 77.90303802	 57.30516434	 70.74362183	 78.09561157	 56.74354935	        -119	         121
 0.10000	 71.22428131	 78.83917236	 56.90425491	 70.73134613	 79.99356842	 57.72529602	        -120	         122
 0.10000	 70.57979584	 80.43497467	 58.49459457	 70.36373138	 80.47489166	 59.97828674	        -121	         123
 0.10000	 70.37107086	 80.45258331	 60.87779617	 70.50038147	 80.46499634	 62.37210464	        -122	         124
 0.10000	 70.88459778	 79.81426239	 62.86075592	 71.44844055	 78.53559113	 62.31582642	        -123	         125
 0.10000	 72.06656647	 77.95047760	 62.02413940	 73.47333527	 77.57703400	 61.66218948	        -124	         126
 0.10000	 74.18673706	 77.29328156	 61.19312286	 75.55619049	 76.78458405	 60.85352325	        -125	         127
 0.10000	 76.20067596	 76.95442200	 60.24902725	 76.61857605	 77.81562042	 59.09431076	        -126	         128
 0.10000	 76.16106415	 78.22261047	 58.43490601	 74.68389130	 78.12286377	 58.19437027	        -127	         129
 0.10000	 73.99892426	 78.69969940	 58.10675430	 73.61766052	 80.14152527	 58.26586533	        -128	         130
 0.10000	 73.66381073	 80.99581146	 58.54413223	 74.34055328	 82.10518646	 59.29297638	        -129	         131
 0.10000	 74.64266205	 82.91388702	 59.54610443	 74.92596436	 84.38289642	 59.65180969	        -130	         132
 0.10000	 75.49398041	 85.07698059	 59.72294998	 76.92473602	 85.52485657	 59.76692200	        -131	         133
 0.10000	 77.35305023	 86.31183624	 59.84908676	 76.85909271	 87.72016907	 59.99900055	        -132	         134
 0.10000	 77.39120483	 88.44184875	 60.07534409	 78.88614655	 88.53823853	 60.15011978	        -133	         135
 0.10000	 79.73506927	 88.65442657	 59.87546539	 80.91067505	 88.42444611	 58.97280121	        -134	         136
 0.10000	 81.31241608	 89.13051605	 58.58556747	 80.77212524	 90.49176788	 58.90968704	        -135	         137
 0.10000	 80.52688599	 91.27586365	 58.54262543	 80.22212982	 92.15245819	 57.36431122	        -136	         138
 0.10000	 79.82756042	 92.26116943	 56.56303406	 79.13344574	 91.54679871	 55.44165039	        -137	         139
 0.10000	 78.46466064	 91.42704773	 54.85195160	 77.12998199	 91.68856812	 54.21985626	        -138	         140
 0.10000	 76.30849457	 91.60317230	 53.86324692	 75.00804901	 91.00177765	 53.41965485	        -139	         141
 0.10000	 74.17289734	 91.17140961	 53.13104630	 73.11281586	 92.19067383	 52.83626938	        -140	         142
 0.10000	 72.56887054	 92.77245331	 52.41777039	 72.12435913	 93.89169312	 51.52365112	        -141	         143
 0.10000	 71.49022675	 93.79270935	 50.89289474	 70.95319366	 92.42781830	 50.57921219	        -142	         144
 0.10000	 70.10551453	 92.18191528	 50.40439606	 68.85897827	 93.01454163	 50.45602036	        -143	         145
 0.10000	 67.99289703	 92.78743744	 50.54454803	 67.21046448	 91.51319122	 50.66164017	        -144	         146
 0.10000	 66.70695496	 90.97283173	 51.17563248	 66.42460632	 90.54067230	 52.58394623	        -145	         147
 0.10000	 65.56446075	 90.50231934	 52.84562683	 64.59107208	 90.90830994	 51.77901459	        -146	         148
 0.10000	 63.76961136	 91.07878113	 52.10454941	 63.60029221	 91.00653839	 53.59315491	        -147	         149
 0.10000	 63.07080841	 90.98808289	 54.32050323	 61.81385422	 90.87116241	 55.13050461	        -148	         150
 0.10000	 61.17074203	 91.08799744	 55.72117996	 60.43665695	 91.94675446	 56.70763016	        -149	         151
 0.10000	 59.75936890	 92.17230225	 57.25524521	 58.40647125	 92.08573914	 57.89697266	        -150	         152
 0.10000	 57.76962280	 91.96163177	 58.52040100	 56.91486359	 91.54375458	 59.67996597	        -151	         153
 0.10000	 57.07835388	 91.48309326	 60.56285477	 58.30109406	 91.91532898	 61.31645966	        -152	         154
 0.10000	 58.83075714	 91.45056915	 61.87609482	 58.89862823	 89.98953247	 62.20838928	        -153	         155
 0.10000	 59.19876862	 89.26692963	 62.65261841	 60.07999420	 88.51028442	 63.60173035	        -154	         156
 0.10000	 59.95957184	 87.73132324	 64.03569031	 58.73529434	 86.86553955	 63.99806976	        -155	         157
 0.10000	 58.65865707	 86.06632996	 64.40455627	 59.67792892	 85.42128754	 65.29610443	        -156	         158
 0.10000	 59.92081833	 84.56481171	 65.42761993	 59.61419678	 83.22800446	 64.82054138	        -157	         159
 0.10000	 59.56806183	 82.37516785	 64.53798676	 59.53424835	 80.94569397	 64.08532715	        -158	         160
 0.10000	 59.78754044	 80.12575531	 63.81493759	 60.64353180	 79.01214600	 63.28863907	        -159	         161
 0.10000	 61.06353378	 78.23099518	 63.44029617	 61.53203201	 77.20406342	 64.42805481	        -160	         162
 0.10000	 61.52742004	 76.41397858	 64.85840607	 60.92980576	 75.10065460	 65.26797485	        -161	         163
 0.10000	 60.87055588	 74.27230835	 65.61396027	 60.98525620	 72.87880707	 66.15679169	        -162	         164
 0.10000	 61.62133789	 72.49824524	 66.66702271	 62.92579651	 73.00816345	 67.20384979	        -163	         165
 0.10000	 63.51810455	 73.62408447	 67.48580933	 63.73427200	 75.07576752	 67.79480743	        -164	         166
 0.10000	 64.33607483	 75.67624664	 67.49993896	 65.42414856	 75.67249298	 66.46764374	        -165	         167
 0.10000	 66.06860352	 75.80871582	 65.85511017	 67.15682983	 76.00169373	 64.84121704	        -166	         168
 0.10000	 67.48100281	 76.39334106	 64.09895325	 67.11097717	 77.39517212	 63.04577637	        -167	         169
 0.10000	 67.72274017	 77.54599762	 62.40326691	 69.03034210	 76.81172180	 62.42887115	        -168	         170
 0.10000	 69.84194946	 76.45375061	 62.27846146	 71.12569427	 75.88106537	 61.75517273	        -169	         171
 0.10000	 71.81485748	 75.55905151	 62.23607254	 71.89223480	 75.50891113	 63.73318481	        -170	         172
 0.10000	 72.17627716	 75.28680420	 64.55758667	 72.92685699	 74.93983459	 65.80890656	        -171	         173
 0.10000	 72.90684509	 74.14871216	 66.23702240	 72.16918182	 72.89870453	 65.85866547	        -172	         174
 0.10000	 71.61714935	 72.42863464	 65.32592773	 70.61123657	 72.62931824	 64.23151398	        -173	         175
 0.10000	 70.74179840	 72.28771973	 63.40931320	 71.99231720	 71.55660248	 63.02025986	        -174	         176
 0.10000	 72.68182373	 71.34455109	 62.48246002	 73.60933685	 71.66732025	 61.34872818	        -175	         177
 0.10000	 74.26557922	 71.10153198	 61.10565948	 74.61406708	 69.82509613	 61.81212997	        -176	         178
 0.10000	 74.31216431	 69.05042267	 62.15597916	 72.96013641	 68.47605133	 62.45890808	        -177	         179
 0.10000	 72.57847595	 67.73696136	 62.80209732	 72.95513916	 66.40079498	 63.37015915	        -178	         180
 0.10000	 72.45391846	 65.74618530	 63.73046875	 70.99456024	 65.54035187	 64.00878906	        -179	         181
 0.10000	 70.15195465	 65.30743408	 64.22076416	 68.74424744	 64.93563843	 64.58020020	        -180	         182
 0.10000	 67.92063141	 64.62152863	 64.75934601	 66.54885101	 64.06622314	 65.00296783	        -181	         183
 0.10000	 66.01277161	 63.35012817	 65.09955597	 65.93469238	 61.85357666	 65.03784180	        -182	         184
 0.10000	 65.58846283	 61.08616257	 65.35525513	 64.76032257	 60.39115524	 66.39482117	        -183	         185
 0.10000	 64.38013458	 59.60776520	 66.62141418	 64.20455933	 58.23050690	 66.05384827	        -184	         186
 0.10000	 63.83257294	 57.59522247	 66.57145691	 63.38885117	 57.83446884	 67.98411560	        -185	         187
 0.10000	 63.20018768	 58.19585037	 68.78620148	 63.13015366	 59.28980637	 69.80991364	        -186	         188
 0.10000	 63.17536163	 60.00670242	 70.35168457	 63.34900665	 61.16763687	 71.28538513	        -187	         189
 0.10000	 63.61046982	 61.96209335	 70.95323181	 63.94993973	 61.93591309	 69.49242401	        -188	         190
 0.10000	 63.83977509	 62.64106750	 68.94429016	 63.12673187	 63.93766022	 69.18957520	        -189	         191
 0.10000	 62.98657227	 64.80578613	 69.38037109	 63.29820251	 66.16113281	 69.94230652	        -190	         192
 0.10000	 63.11116409	 66.98255157	 70.25823212	 62.33203506	 68.18829346	 70.69270325	        -191	         193
 0.10000	 61.70639038	 68.74706268	 71.01799011	 60.42577744	 69.40885162	 71.43247986	        -192	         194
 0.10000	 59.86833572	 69.31142426	 72.13214874	 60.00482559	 68.43796539	 73.34396362	        -193	         195
 0.10000	 59.40998459	 67.92645264	 73.78477478	 57.98241806	 67.50340271	 73.60353851	        -194	         196
 0.10000	 57.20801926	 67.10137939	 73.38366699	 56.03643036	 66.49683380	 72.66831207	        -195	         197
 0.10000	 55.75471878	 65.68010712	 72.41628265	 56.27169418	 64.27213287	 72.42502594	        -196	         198
 0.10000	 56.44492340	 63.40439606	 72.58760834	 56.64243698	 62.04397583	 73.18744659	        -197	         199
 0.10000	 56.85369873	 61.24085999	 73.53382874	 57.13031006	 59.87701035	 74.09347534	        -198	         200
 0.10000	 57.86646271	 59.49163818	 74.43898773	 59.26936340	 59.96659851	 74.67592621	        -199	         201
 0.10000	 60.08157730	 60.34506607	 74.75809479	 61.30492783	 61.21141052	 74.70743561	        -200	         202
 0.10000	 61.76704788	 61.98210907	 74.66085815	 61.83090210	 63.45810318	 74.40195465	        -201	         203
 0.10000	 62.16158676	 64.21467590	 74.75948334	 62.88235092	 64.77069092	 75.95149231	        -202	         204
 0.10000	 63.27721786	 65.12426758	 76.67835999	 63.85908127	 65.79955292	 77.88460541	        -203	         205
 0.10000	 64.16770172	 65.51266479	 78.67975616	 64.24079132	 64.21585846	 79.42985535	        -204	         206
 0.10000	 64.49296570	 63.35231781	 79.44801331	 65.06959534	 62.36018753	 78.48215485	        -205	         207
 0.10000	 65.11395264	 61.47079468	 78.61130524	 64.68661499	 60.64516830	 79.78833008	        -206	         208
 0.10000	 64.21735382	 60.02797318	 80.24489594	 63.01621628	 59.20783234	 80.61151886	        -207	         209
 0.10000	 62.75751114	 58.37175751	 80.82073975	 63.35219193	 56.99548340	 80.77487183	        -208	         210
 0.10000	 63.06246567	 56.37545013	 81.35924530	 62.11638641	 56.80495071	 82.44109344	        -209	         211
 0.10000	 61.45866394	 56.39686203	 82.90002441	 60.57113647	 55.18781662	 82.88322449	        -210	         212
 0.10000	 60.50185394	 54.30187988	 83.02468872	 61.31398392	 53.10955048	 83.43532562	        -211	         213
 0.10000	 61.48768997	 52.27446747	 83.14855194	 61.12062073	 51.37361526	 82.00679016	        -212	         214
 0.10000	 61.48303223	 50.78654480	 81.42908478	 62.82881165	 50.29041290	 80.99029541	        -213	         215
 0.10000	 63.18375778	 49.65268326	 80.46387482	 62.90131760	 48.43152618	 79.64000702	        -214	         216
 0.10000	 62.61594009	 48.01963806	 78.89256287	 61.88847351	 48.12027359	 77.58477020	        -215	         217
 0.10000	 61.64112854	 47.81173325	 76.77649689	 61.68259048	 46.80396271	 75.66632843	        -216	         218
 0.10000	 61.33425903	 46.58133698	 74.86697388	 60.46748734	 47.05809021	 73.73947144	        -217	         219
 0.10000	 59.72455597	 46.81534195	 73.29356384	 58.56808090	 45.86272049	 73.22500610	        -218	         220
 0.10000	 58.10251236	 45.15979767	 73.53896332	 57.93507004	 44.12018585	 74.60688782	        -219	         221
 0.10000	 58.13222504	 43.43447876	 75.15415955	 58.99350739	 42.41061783	 75.83100128	        -220	         222
 0.10000	 59.52774811	 41.85709381	 76.29521179	 60.51316452	 41.12901688	 77.15909576	        -221	         223
 0.10000	 61.08024216	 40.48795319	 77.43103790	 61.89527512	 39.23013687	 77.44439697	        -222	         224
 0.10000	 62.39279556	 38.48377609	 77.46964264	 63.20682144	 37.22573471	 77.49241638	        -223	         225
 0.10000	 63.71132660	 36.48395920	 77.50896454	 64.57789612	 35.26117325	 77.51676941	        -224	         226
 0.10000	 65.10389709	 34.54836655	 77.66243744	 65.96195221	 33.44422150	 78.20281219	        -225	         227
 0.10000	 66.51614380	 32.73855591	 78.25241089	 67.34165192	 31.54291344	 77.88143921	        -226	         228
 0.10000	 68.11814880	 31.11844635	 77.72038269	 69.56127930	 30.90439796	 77.37242126	        -227	         229
 0.10000	 70.30019379	 31.26493073	 77.73807526	 70.28603363	 32.31599045	 78.80805969	        -228	         230
 0.10000	 70.86203003	 32.70136261	 79.38204193	 72.26078796	 32.61450195	 79.91643524	        -229	         231
 0.10000	 72.98127747	 33.04742813	 80.23773956	 73.86275482	 34.15014267	 80.74443817	        -230	         232
 0.10000	 73.82495880	 34.99967575	 80.45008850	 72.91763306	 35.33332443	 79.30329132	        -231	         233
 0.10000	 72.32106018	 36.00671005	 79.28400421	 71.79911041	 36.87709427	 80.38840485	        -232	         234
 0.10000	 71.65966034	 37.55852509	 80.95922089	 71.83155060	 38.90447617	 81.59854126	        -233	         235
 0.10000	 71.94516754	 38.99758148	 82.48636627	 72.07181549	 37.82513809	 83.41330719	        -234	         236
 0.10000	 71.90259552	 37.17412186	 84.01097107	 71.22063446	 36.05583191	 84.74172974	        -235	         237
 0.10000	 70.80580139	 35.57268906	 85.37745667	 70.02504730	 35.41238022	 86.64803314	        -236	         238
 0.10000	 69.98114014	 34.63567734	 87.10035706	 70.65270233	 33.33665848	 86.76669312	        -237	         239
 0.10000	 71.18552399	 32.84671783	 86.23201752	 71.97196960	 33.09830093	 84.97970581	        -238	         240
 0.10000	 72.47341919	 32.61489868	 84.40998077	 72.94297791	 31.22056389	 84.11828613	        -239	         241
 0.10000	 73.45835114	 30.51131439	 83.91581726	 74.56433868	 29.52122498	 83.70079041	        -240	         242
 0.10000	 75.26658630	 29.03921509	 83.41056061	 76.26824951	 28.38448906	 82.50621033	        -241	         243
 0.10000	 77.13101959	 28.44861412	 82.75357056	 77.42136383	 29.23144341	 83.99964142	        -242	         244
 0.10000	 77.82885742	 29.60594177	 84.70904541	 78.61260986	 30.09849930	 85.88909149	        -243	         245
 0.10000	 79.06277466	 30.55946732	 86.51710510	 79.62728882	 31.66571236	 87.35815430	        -244	         246
 0.10000	 80.36334229	 31.85451317	 87.84001923	 81.66507721	 31.20288467	 88.20170593	        -245	         247
 0.10000	 82.51273346	 31.13453484	 88.49575806	 83.89980316	 31.45749664	 88.96638489	        -246	         248
 0.10000	 84.71275330	 31.48116112	 89.35107422	 85.92034149	 31.32320404	 90.22656250	        -247	         249
 0.10000	 86.79192352	 31.12928772	 90.33925629	 88.02449036	 30.46568680	 89.80039215	        -248	         250
 0.10000	 88.69326019	 31.06827545	 89.81560516	 88.57309723	 32.42354202	 90.44751740	        -249	         251
 0.10000	 88.52976990	 33.31682587	 90.33570862	 88.50819397	 34.44940567	 89.35215759	        -250	         252
 0.10000	 87.88725281	 34.95360184	 88.93846130	 86.40956116	 34.73358536	 88.80242920	        -251	         253
 0.10000	 85.51861572	 34.67064285	 88.68440247	 84.05365753	 34.38872147	 88.52660370	        -252	         254
 0.10000	 83.25695801	 34.77324295	 88.35898590	 82.42013550	 36.01747513	 88.31544495	        -253	         255
 0.10000	 82.55223083	 36.60510635	 87.64634705	 83.76076508	 36.50839996	 86.76319885	        -254	         256
 0.10000	 83.98952484	 35.89376450	 86.14701843	 83.19318390	 34.63962936	 85.94036102	        -255	         257
 0.10000	 83.37831879	 33.76807404	 85.81509399	 84.50835419	 32.78202438	 85.79654694	        -256	         258
 0.10000	 85.17775726	 32.26343536	 86.10096741	 86.22407532	 31.68380928	 87.00605011	        -257	         259
 0.10000	 86.71543121	 31.72682762	 87.75920105	 86.93930817	 32.46730042	 89.04446411	        -258	         260
 0.10000	 87.69828033	 32.70788956	 89.46502686	 89.17448425	 32.81581497	 89.70964050	        -259	         261
 0.10000	 89.69390106	 33.06684875	 90.40269470	 90.99240875	 33.47608948	 91.03321075	        -260	         262
 0.10000	 91.75888062	 33.88288116	 91.27674103	 92.98358154	 34.73801422	 91.41658020	        -261	         263
 0.10000	 93.06626129	 35.62326050	 91.55876160	 91.82039642	 36.44309616	 91.71980286	        -262	         264
 0.10000	 91.75194550	 37.34067154	 91.71871185	 92.86114502	 38.34969711	 91.67894745	        -263	         265
 0.10000	 92.73543549	 39.08969498	 91.18248749	 91.46969604	 39.10969543	 90.37799072	        -264	         266
 0.10000	 91.27911377	 39.83856964	 89.88580322	 92.11902618	 41.07753372	 89.78965759	        -265	         267
 0.10000	 92.53656006	 41.86367416	 89.65829468	 93.09876251	 43.23618698	 89.43480682	        -266	         268
 0.10000	 93.90699768	 43.63177109	 89.42504120	 95.33377075	 43.22480011	 89.64529419	        -267	         269
 0.10000	 96.22978210	 43.14312744	 89.64219666	 97.71380615	 43.35839844	 89.60996246	        -268	         270
 0.10000	 98.21843719	 42.76491165	 89.15941620	 97.53295135	 41.54682541	 88.61511993	        -269	         271
 0.10000	 97.22480774	 41.32168961	 87.80011749	 97.01502991	 42.14319992	 86.56279755	        -270	         272
 0.10000	 96.57533264	 42.37395477	 85.81245422	 95.43408203	 42.27159500	 84.84452057	        -271	         273
 0.10000	 95.08314514	 42.81618500	 84.21997070	 95.44046021	 44.18861389	 83.73156738	        -272	         274
 0.10000	 95.12847900	 44.92165375	 83.31341553	 94.00012207	 45.69857788	 82.70291138	        -273	         275
 0.10000	 93.36318207	 46.20982361	 82.32585144	 92.32758331	 47.07318878	 81.66896057	        -274	         276
 0.10000	 91.56093597	 47.48126984	 81.43430328	 90.09606171	 47.79879761	 81.38072968	        -275	         277
 0.10000	 89.47058868	 48.42122269	 81.20462799	 89.26860809	 49.83296204	 80.74002075	        -276	         278
 0.10000	 88.68652344	 50.51900864	 80.73639679	 87.37743378	 51.09381866	 81.18950653	        -277	         279
 0.10000	 86.55776215	 51.38443756	 81.41913605	 85.12918854	 51.64032364	 81.79692078	        -278	         280
 0.10000	 84.28498077	 51.87932968	 81.99497986	 82.86486053	 52.31484222	 82.20242310	        -279	         281
 0.10000	 82.21304321	 52.81764984	 82.56548309	 81.79614258	 54.00244904	 83.38534546	        -280	         282
 0.10000	 81.18498230	 54.26182556	 83.99260712	 79.96204376	 53.97317505	 84.81178284	        -281	         283
 0.10000	 79.62777710	 53.28808975	 85.29003906	 80.05220795	 51.87197495	 85.54347992	        -282	         284
 0.10000	 80.21775818	 51.01316071	 85.75466156	 80.45520782	 49.56989288	 86.08658600	        -283	         285
 0.10000	 80.88123322	 48.79874802	 86.26942444	 82.09950256	 47.96231461	 86.52608490	        -284	         286
 0.10000	 82.22402191	 47.07366180	 86.59287262	 81.18104553	 46.00159073	 86.48048401	        -285	         287
 0.10000	 81.42588043	 45.13571548	 86.47353363	 82.82721710	 44.62377930	 86.62803650	        -286	         288
 0.10000	 83.67084503	 44.43902588	 86.37548828	 84.86882019	 44.58047485	 85.48423767	        -287	         289
 0.10000	 85.54143524	 44.91754913	 84.99093628	 86.42173767	 45.88784790	 84.26078796	        -288	         290
 0.10000	 86.90145111	 46.50412750	 83.81422424	 87.59856415	 47.69145584	 83.21928406	        -289	         291
 0.10000	 87.85231781	 48.09187317	 82.45451355	 87.74807739	 48.30358505	 80.97327423	        -290	         292
 0.10000	 87.98010254	 47.65579224	 80.39328003	 88.42001343	 46.31127167	 80.89179993	        -291	         293
 0.10000	 88.53831482	 45.43456268	 81.05609894	 88.45193481	 43.97305679	 81.38182068	        -292	         294
 0.10000	 88.42604828	 43.09419632	 81.57226562	 88.29118347	 41.64264297	 81.92470551	        -293	         295
 0.10000	 88.60364532	 40.80070114	 81.97869873	 89.63552856	 39.73395538	 81.76240540	        -294	         296
 0.10000	 90.34407043	 39.17943954	 81.76747894	 91.71021271	 38.69115067	 82.14807892	        -295	         297
 0.10000	 92.09764099	 37.99180603	 81.73519897	 91.44139862	 37.24238968	 80.61382294	        -296	         298
 0.10000	 91.14170837	 36.70280457	 79.95916748	 90.47975922	 35.79562759	 78.96502686	        -297	         299
 0.10000	 90.46046448	 35.35015869	 78.18366241	 90.92875671	 34.91918182	 76.82556915	        -298	         300
 0.10000	 91.63690948	 34.80178070	 76.28316498	 93.12720490	 34.93117523	 76.17501068	        -299	         301
 0.10000	 93.99352264	 35.17353821	 76.19105530	 95.26531982	 35.96804428	 76.22403717	        -300	         302
 0.10000	 95.78467560	 35.95468140	 76.95871735	 95.38169861	 35.18454361	 78.18112946	        -301	         303
 0.10000	 95.27243042	 34.78810883	 78.98142242	 94.86309814	 34.03545761	 80.21261597	        -302	         304
 0.10000	 95.31907654	 34.05431747	 80.98808289	 96.56616974	 34.85955429	 81.20267487	        -303	         305
 0.10000	 97.35570526	 35.28379822	 81.28010559	 98.61448669	 36.05955887	 81.02918243	        -304	         306
 0.10000	 99.51312256	 36.09761429	 81.03347778	100.83368683	 35.42266846	 81.25575256	        -305	         307
 0.10000	101.66950226	 35.11090851	 81.36796570	103.08464050	 34.64941025	 81.54917908	        -306	         308
 0.10000	103.90090179	 34.29638672	 81.68088531	105.17019653	 33.55471039	 81.97669220	        -307	         309
 0.10000	106.02291107	 33.26902008	 81.98767853	107.47990417	 33.14159775	 81.65565491	        -308	         310
 0.10000	108.30738068	 32.80796814	 81.77130890	109.54868317	 32.13997269	 82.28384399	        -309	         311
 0.10000	109.54785156	 31.41619873	 82.81854248	108.30506134	 30.72194862	 83.29103851	        -310	         312
 0.10000	107.48138428	 30.55902290	 83.61454773	106.07143402	 30.98293304	 83.90134430	        -311	         313
 0.10000	105.31930542	 31.06218147	 84.38881683	104.21833038	 30.97551155	 85.40374756	        -312	         314
 0.10000	104.30056000	 30.97347260	 86.29978943	105.55974579	 30.83655357	 87.10317993	        -313	         315
 0.10000	106.15766144	 31.44553375	 87.38880920	106.45053864	 32.81967163	 86.86357117	        -314	         316
 0.10000	106.24492645	 33.53479004	 87.36967468	105.47848511	 33.61226654	 88.65665436	        -315	           0
