1.49996
2.36370
3.78338
3.94327
2.72747
2.65020
3.47454
4.10740
4.33103
5.06433
5.39176
5.61909
5.27192
5.20548
5.02593
5.54847
6.58165
7.48031
8.75715
9.35943
9.95782
10.02053
9.51670
9.50623
9.77968
9.53382
8.84055
8.56310
9.03331
9.82309
9.35608
9.41964
9.66258
9.00502
7.61914
7.22404
8.66134
8.82317
7.73189
7.89916
8.99269
9.22413
8.14085
8.71756
10.09493
9.87364
11.25761
11.39723
10.09506
9.53880
8.54387
8.31895
9.49512
9.03558
7.85496
7.38678
8.09426
7.57854
6.34108
5.90392
6.59216
6.97790
7.55373
8.06137
7.88275
7.48553
7.40370
8.17172
8.27342
7.99892
6.84773
7.24662
8.22436
9.06504
9.95805
10.52144
11.16348
11.75176
12.19018
12.21573
11.63240
11.78937
12.44044
13.00729
12.43794
13.01417
13.80825
14.46276
15.66060
16.16900
16.30382
16.47668
16.28278
16.74259
18.09627
18.35973
17.50957
18.20248
19.02840
19.64037
20.93885
21.65338
22.72632
23.16099
23.59105
23.95344
24.92741
25.49966
26.33828
26.04935
24.72725
24.90236
26.27220
26.97198
27.26528
26.47568
26.25883
25.56918
24.53598
24.09300
24.28833
24.40608
25.03348
24.66335
23.35247
23.06429
24.32900
24.68501
23.93587
23.26890
22.27068
23.01131
24.03316
24.66000
25.48311
26.08085
26.84030
27.28521
28.27619
28.63067
27.46939
27.02166
26.89233
26.55743
25.54510
25.90603
27.17711
27.26650
26.33246
25.74440
25.82739
26.19311
26.25629
27.01108
28.47656
29.32453
30.69490
31.03366
29.73921
29.43505
29.12441
28.33918
28.67316
28.63412
28.07665
28.58879
28.95228
29.47600
30.74831
31.60673
33.04102
33.59943
35.09794
35.40408
34.52836
34.01764
35.22413
35.01075
34.09583
34.36404
35.46311
36.34196
37.04156
37.75006
37.10259
36.32800
35.76212
35.88073
36.64820
36.85654
38.17383
38.45695
37.79806
37.57716
37.56068
36.69004
35.91597
35.79087
36.75740
36.99081
37.50449
36.83295
35.76792
35.84482
36.95529
37.61527
37.49209
38.36958
38.44698
38.65510
40.13541
40.30740
38.83546
38.17949
37.52688
36.72752
37.43842
38.11826
37.61868
37.41937
37.05728
37.58889
37.80364
37.76632
37.33844
37.14911
36.92137
37.22125
38.19474
37.77172
36.67071
36.44915
37.77944
37.51838
36.11693
36.29692
37.67720
37.31117
35.90798
35.94422
37.38362
37.27395
35.83273
34.93852
34.42482
34.29061
34.81673
35.30527
36.17237
36.07934
35.37984
34.57778
35.27087
35.00806
34.21085
34.12686
33.46749
33.96131
35.13116
35.05292
34.04542
34.42777
35.80687
36.08753
35.17934
34.94086
35.25197
34.47789
33.28673
32.48617
31.73965
31.93540
31.92108
32.67852
33.18055
33.22748
32.20030
31.36970
31.06890
30.73488
30.12127
29.87406
30.50186
31.13483
30.46062
29.59892
28.45478
27.76089
28.38396
28.72561
28.57146
28.64207
28.56496
29.20120
30.33117
31.20468
31.97336
32.40469
32.89370
33.13957
33.47575
33.40216
32.80551
32.75434
32.75640
33.47983
33.59127
33.66533
33.18543
33.58080
34.85598
35.68253
37.06311
37.43041
36.41256
36.71685
38.05133
38.83628
39.50169
39.07181
37.59317
37.12108
38.05597
38.76034
39.56408
38.96550
37.99565
38.10495
39.45218
40.30490
41.58351
42.35110
42.45509
42.68717
43.20699
43.12978
42.09563
41.58057
40.55437
39.93073
39.97566
40.06554
40.65233
39.99398
39.07402
39.43307
40.87904
41.41612
41.66285
41.20576
39.93168
39.94473
41.29307
42.01392
43.39819
43.74270
42.75622
41.97439
41.04056
41.33217
42.59951
42.96416
41.98384
41.56901
40.67317
41.19390
42.63344
43.24110
43.18752
42.40624
42.61449
41.76176
41.50913
42.01775
41.69281
41.61151
41.66392
41.14950
40.85360
40.68921
40.99885
41.02518
40.89451
40.79319
41.11988
41.92560
41.58689
42.27866
42.93998
43.73191
45.11110
45.56402
44.38317
43.82608
43.05144
42.61378
42.11162
42.21246
41.53790
41.76258
42.02369
41.56600
41.02047
41.31960
41.65548
40.99795
39.99259
39.52158
39.14067
38.63229
37.47525
36.86530
37.32936
37.53940
36.53563
35.79465
34.33434
33.55231
32.56985
33.14216
34.39273
35.25643
36.33285
37.11237
38.16165
38.75614
38.92369
39.80059
39.63708
39.13968
38.77789
38.79562
38.78711
39.48834
39.51246
39.63643
39.53307
39.44153
39.06042
38.59644
38.25392
37.96122
39.29861
39.68207
39.31367
40.07778
40.66035
40.17268
39.22133
38.53596
38.66919
39.37203
38.71337
38.39787
37.07167
36.28362
35.02620
34.77165
35.86962
36.64708
38.06322
38.71174
40.13214
41.02619
40.97941
40.70038
40.18828
39.46024
37.98620
37.55339
37.04091
36.32742
36.87191
37.62598
38.04473
37.92626
36.79200
36.64279
37.81488
37.98551
37.47676
37.25615
37.42154
36.85049
35.48835
34.66020
33.38908
33.36304
34.42653
34.58316
35.36915
35.40346
35.15823
35.19039
35.72426
36.46533
35.93511
35.28442
34.46286
34.54598
35.45944
36.12792
36.74709
37.31757
38.24827
38.81026
38.26196
37.60655
37.94306
38.15470
37.86223
37.66846
37.24248
37.22355
37.69886
37.50944
36.43454
36.28632
36.85746
37.15651
37.90650
37.58317
36.15172
35.42122
34.44850
33.68281
32.30769
31.60398
31.61310
31.77140
32.50056
32.66982
32.52757
32.54430
32.67411
32.76594
32.91130
33.04750
33.51334
33.37908
32.23409
32.47511
33.57413
34.28986
35.57835
35.10878
33.72981
32.86328
31.67685
31.21659
31.61871
32.45572
33.65468
33.72860
32.40718
31.55788
30.95703
30.28405
29.19762
28.62509
29.19624
29.05030
28.53863
28.31347
28.18369
28.05991
27.71789
27.92424
28.84782
29.09902
28.81693
29.47605
30.78529
31.33699
30.30154
30.43033
31.53824
32.11171
32.70190
33.45846
32.89615
32.56078
31.88988
31.42001
30.35472
30.41571
31.51927
32.32096
33.70314
33.94178
32.89761
33.40908
34.72054
35.40516
35.77474
35.86115
36.45721
37.11019
36.57848
35.81122
35.50845
34.63869
33.69845
33.32599
33.00500
32.69961
32.13938
32.23137
33.09339
33.38848
33.52514
33.53844
33.04472
33.50560
34.52673
34.05156
32.79946
31.96873
32.01249
31.47477
30.40350
29.95572
30.80760
31.40480
32.76066
32.67670
31.42336
30.68278
29.94960
29.25436
28.19443
27.47098
26.23759
25.40830
23.94451
23.21672
21.99579
21.97194
20.97977
20.21022
19.62525
19.63471
20.29104
19.80497
18.98837
18.60044
19.02249
19.83712
20.96522
21.20359
20.42456
19.80242
19.19237
19.67327
21.07949
21.66705
21.15232
21.59648
22.95888
23.36253
23.54828
24.13494
23.88551
23.44323
22.80084
22.68973
22.70963
22.84337
23.03228
23.80938
25.02775
25.77681
26.60516
27.02893
26.97055
27.16876
27.16520
26.98204
26.35320
26.66567
27.98740
28.30503
27.69280
27.80786
28.69693
29.03483
29.16709
28.97675
28.88105
29.42094
30.60202
30.60224
29.59196
29.03436
27.81671
27.20411
28.41691
28.08266
26.72090
26.90725
28.26044
28.97998
29.00743
28.59661
27.53406
27.08599
25.77925
24.95659
24.44392
24.98402
26.15781
27.05545
28.35743
28.58254
27.74283
27.68078
27.97311
28.47915
29.23836
29.11000
28.15455
27.39487
27.94322
28.68681
29.01989
28.56926
28.12376
28.40728
29.56598
29.85414
29.48344
30.00870
30.95945
30.40498
30.79321
30.50137
30.68631
31.03188
29.86875
29.24480
28.22097
27.80949
28.80056
28.85906
28.60942
29.05816
29.50839
29.82729
29.64224
29.08870
28.91872
29.64606
30.99636
31.09842
29.86440
29.81376
30.43361
31.22290
31.67701
31.48857
31.68295
31.29355
30.85217
31.05630
32.04754
32.61600
33.58602
33.69910
32.84102
32.25818
33.14157
33.47369
32.69313
32.98763
33.99956
34.30458
33.70999
32.81400
32.53400
33.15570
33.27357
33.30608
32.27765
31.49267
30.25022
29.61951
28.97091
28.46045
27.31732
27.78834
28.91436
29.53116
30.15341
30.78764
32.03786
32.85660
34.26889
34.99629
35.70779
36.22816
36.97920
37.60498
38.74620
39.41337
40.40773
39.83728
39.05030
39.36897
39.48362
38.58220
38.46762
38.78622
38.88984
39.07167
39.33379
39.57774
40.03134
40.24899
40.68397
40.54579
40.16699
39.98556
39.50601
39.68857
40.07012
40.75290
42.14058
42.72679
42.47045
42.38672
42.18320
42.24803
42.44956
42.19147
42.18383
41.50796
41.10357
41.08910
40.90723
40.08703
40.27064
40.22937
40.10231
40.43754
40.93008
40.74996
40.01338
39.61522
38.82411
38.50146
38.26482
38.10447
37.81479
37.80632
37.68381
38.54657
38.93187
39.52684
39.31347
39.74437
41.16269
41.32249
40.21058
39.74136
40.35323
39.78205
38.75224
37.97842
36.65305
36.42494
37.46124
37.07919
35.74399
34.86871
33.66404
32.79395
31.75773
31.10611
30.16424
30.23043
31.08908
30.52302
29.50748
29.38469
29.28150
28.69232
28.83324
29.03945
29.08554
29.59623
30.56806
31.15100
31.68511
32.50736
32.71010
32.13150
31.40404
30.87612
30.09982
30.20066
29.43154
29.16685
28.95818
28.64485
28.41484
28.41395
28.42896
29.26608
29.21759
29.49360
29.80451
30.56333
30.19366
30.17819
30.53346
30.85457
31.21528
32.08230
33.19034
34.02016
35.47013
36.29678
37.32444
37.93249
37.25779
37.64961
38.10066
38.38887
39.72957
40.25269
39.68268
39.52469
40.04690
39.54302
39.19300
39.71579
40.92947
41.62422
42.77785
43.46044
44.58538
45.15542
45.86902
46.20877
46.68525
46.45890
45.35133
44.71874
43.77323
43.97674
45.06924
45.53556
44.43533
44.64738
44.90998
45.35054
45.75142
46.23556
45.88330
46.46264
47.09197
47.92493
49.32208
49.45784
49.32909
49.08957
49.19299
49.48742
50.09644
50.04495
49.07915
48.76529
48.75601
48.63631
49.17876
49.63674
50.40194
51.05536
50.22754
49.45558
49.17015
49.17801
49.70656
49.95371
50.32929
50.24078
49.65031
49.44512
49.86106
49.48294
48.13578
47.36915
46.28989
45.80063
45.57366
45.54276
45.67846
45.98266
46.19277
46.85616
47.94088
48.62616
49.58760
49.71672
49.17382
49.72604
50.75578
50.80953
50.02497
50.30338
51.22571
51.77236
52.40529
52.41729
51.66144
51.38879
51.25191
51.13150
51.28281
50.82212
50.61799
49.81844
49.95570
50.17945
49.77751
50.29191
50.93801
51.68450
51.46570
51.46375
51.40758
51.78123
51.36819
50.52745
49.84524
50.18544
51.24935
50.71258
49.67170
48.92105
47.87652
47.00350
45.57347
45.88765
47.31786
47.70473
46.86491
46.43685
45.46861
45.37348
46.05453
46.47451
47.27059
47.82165
48.30633
49.19472
49.32702
49.59346
50.03435
50.06189
49.53412
49.79197
50.68622
50.74574
50.01177
49.59500
48.94801
49.49903
50.13512
50.66908
51.75703
52.39760
53.54577
53.81369
53.36849
53.11381
52.84731
52.54935
52.31352
51.87554
51.43083
51.12600
50.66575
50.53988
50.47309
50.91194
52.11954
52.05764
51.05531
50.30321
50.40232
51.06327
52.48195
53.21958
53.92801
53.72215
52.77066
51.91870
51.47492
50.88930
51.44428
51.40353
51.51296
50.77787
50.53507
50.47616
50.67423
51.20513
50.35240
50.86817
52.16949
52.57265
51.30908
50.68176
50.59878
50.65581
51.09192
50.82743
50.06371
49.90650
50.34037
50.45422
50.40141
50.62462
50.62998
51.13756
52.57451
52.42991
50.93462
50.09635
49.13540
49.43689
50.54181
50.83927
50.71594
51.18434
50.86176
51.24331
52.44717
53.19764
54.22343
54.39223
53.51923
53.14248
53.43219
53.02599
51.75730
51.10708
50.10865
49.88386
50.47340
50.52916
50.19413
50.36879
50.85611
50.72971
50.70168
50.99154
50.92299
51.68154
51.65468
51.88324
53.28512
53.54200
52.15497
51.29999
50.24106
50.17533
51.01110
51.36687
50.91703
50.70757
50.22499
50.34515
50.95361
51.28668
51.09570
50.93064
50.70338
50.55148
50.60593
51.31112
51.52842
51.71122
51.08857
51.57737
52.52860
52.41854
51.28811
50.46122
49.21987
48.43168
48.22055
47.91595
47.45486
47.01959
46.12774
46.23280
45.91013
46.31819
46.53347
45.71009
45.07558
44.68505
43.85655
43.29562
44.14282
44.42841
44.68476
44.87869
44.75364
44.47915
44.17564
44.96814
45.35845
45.48249
46.61545
46.98848
45.80581
45.03117
44.76258
44.32430
44.25354
43.98337
43.87226
44.23672
45.45120
46.10988
46.35810
47.25519
47.69969
48.17497
48.49328
47.79292
47.04810
46.71672
47.38689
46.89418
45.75329
45.91695
46.88181
47.71878
49.10982
49.52024
48.87323
49.02032
49.76280
49.70145
48.82609
48.09983
47.04366
46.24455
45.94964
45.69900
45.63253
45.05807
44.71706
45.01009
46.16003
46.01811
44.93468
44.34819
45.43812
45.91169
46.67690
46.01974
44.67844
44.55338
45.39263
44.91906
43.77622
43.10132
43.19200
42.94778
42.14367
42.71304
44.13530
44.95313
45.93926
46.50017
45.87022
45.48242
44.61564
44.11409
43.35701
42.87593
42.03918
41.55212
40.96708
40.19582
39.65974
39.06691
38.62105
38.35151
38.36244
38.33849
38.34491
38.31759
38.31270
37.97839
37.03425
36.29319
35.08153
35.05056
36.28249
36.98087
38.08677
38.78674
39.01662
39.13523
38.75981
38.60338
38.41505
38.20724
37.85182
37.70576
37.47262
36.89268
35.89193
35.40921
36.25271
37.02272
38.05215
38.53397
38.71554
38.59543
38.78106
39.54196
39.32694
39.52273
40.93763
41.81782
43.25232
43.75096
45.11012
44.67408
43.50127
43.22246
43.67724
44.50969
44.00632
44.05363
44.16672
43.35561
42.37640
42.79140
44.11838
44.94044
44.87343
44.36675
43.86970
43.66846
43.36779
43.45789
44.32033
45.09565
44.25118
44.72231
46.21384
46.80218
48.24075
48.52232
47.19371
46.66094
47.94200
48.53565
49.34291
49.64804
49.09172
49.09131
49.48240
49.91479
50.79108
50.54294
49.43468
49.17331
48.84390
48.46420
47.34979
47.68165
48.95036
49.00408
47.78191
47.97943
49.39594
49.68309
48.40380
48.03059
49.00027
49.12960
49.34093
49.03116
47.79486
47.07647
46.00302
45.10735
44.22565
44.49698
45.46682
45.63415
45.03112
44.15933
43.17155
42.67479
42.43597
42.37841
42.30097
42.14917
41.78050
41.72392
41.69333
42.36917
43.86116
44.71077
45.85174
46.64401
47.74396
48.36711
47.43704
47.81267
49.25515
49.95294
50.64672
51.25011
52.14553
52.97492
54.21310
54.85375
55.66648
55.39719
54.25852
54.36968
55.74038
55.88941
54.63223
53.97493
53.83468
53.08666
52.73274
53.07646
54.50653
54.79333
53.53491
52.89773
51.55856
51.57452
52.75544
52.79271
51.51367
50.67522
50.13608
49.24213
49.10315
49.63053
51.11940
51.54144
50.74516
50.14361
48.92747
48.65744
49.86829
50.66453
51.68123
51.98376
53.03043
52.55293
51.30410
51.29573
52.67698
53.10864
52.12434
51.80537
51.42599
51.20528
50.79300
50.86636
51.35730
51.86903
52.91885
53.55125
54.63138
55.05046
56.11774
56.43531
56.39796
56.61020
57.21663
57.82892
59.03605
59.82375
60.57330
59.89150
58.79212
59.36852
60.45735
60.74166
60.18347
60.17944
60.42530
60.60003
61.02772
60.98110
60.43816
60.16591
60.26275
59.81964
59.84515
59.98724
60.18365
60.11792
59.90623
60.17677
60.92675
61.67607
63.04397
62.79747
61.44418
60.79486
60.89694
61.18718
62.00001
62.17254
61.58669
62.40881
63.06737
63.72084
62.99817
62.23410
62.34750
62.33454
62.69773
62.80547
63.00586
63.23917
64.01736
64.13678
63.37675
62.87008
62.08280
62.63188
64.11480
64.23013
62.75499
61.93157
62.08393
61.39851
61.05165
60.89393
61.23168
60.93143
59.86216
59.57422
59.85792
59.12545
58.40530
59.16457
59.84784
60.50740
59.98380
59.87358
61.00921
61.51105
62.17209
62.58537
63.15597
63.62910
63.77195
64.11606
63.82642
64.17448
65.57888
66.46466
67.48897
67.53179
66.38075
65.68484
64.36955
63.54865
62.35165
62.65824
63.87171
64.44912
64.73188
63.88176
62.74188
61.95684
61.80081
62.59947
63.68933
64.06378
63.63960
62.98492
62.07768
61.34642
59.91139
59.08062
57.77895
56.99537
55.60605
55.29042
55.89550
56.41367
56.87592
57.01965
56.40387
55.88132
56.58989
56.16534
55.56739
55.70150
56.30179
56.52478
56.69629
56.37520
55.57135
56.03326
56.95984
57.27943
56.41595
55.86101
55.05706
55.07535
56.21304
56.73655
56.76514
55.96280
55.11812
54.28076
54.66981
54.62645
54.77795
54.09934
52.95685
52.27665
52.15100
52.85460
54.33957
54.54844
53.11914
52.65598
53.79496
53.23254
51.94912
51.30659
50.76038
50.32531
50.31635
51.20448
51.22940
51.60026
52.81747
53.65362
55.10553
55.81874
56.44730
56.65180
56.73323
56.31361
55.44734
55.79145
57.20063
58.01468
59.40355
59.88743
60.03743
60.91495
60.70622
61.05731
61.66638
61.16852
59.69198
59.92102
61.38653
62.26873
63.62578
64.05144
62.86811
62.69810
63.18314
63.93622
65.05232
65.64772
66.26708
66.61726
66.97387
67.18448
67.59596
67.49822
66.91256
66.65496
66.65631
66.87614
67.48525
67.13297
66.16068
65.72765
66.24585
66.17300
65.42961
64.73168
65.42598
65.03082
64.49997
64.62682
64.07222
63.17911
62.46482
62.44461
62.43881
63.00179
62.97581
63.21199
63.53799
63.58903
62.88382
62.01138
61.86802
61.09998
60.73753
60.31010
59.73916
59.09381
57.90868
57.20199
56.06806
55.63722
55.57900
55.57718
55.35946
55.78422
56.05264
56.53055
57.34604
57.41753
56.67323
56.71202
56.43996
55.64806
55.84573
56.37806
55.90321
55.10302
53.83428
52.93811
51.64121
50.85528
49.43044
49.10909
50.00544
50.68699
50.14563
49.85389
50.38913
50.54101
51.44087
51.98820
51.32353
51.16693
50.44672
49.59217
48.63557
48.38657
48.23534
47.47037
46.70063
46.07068
44.97671
44.41064
43.67859
43.29505
42.80373
42.44281
41.74039
41.51676
41.68972
42.55394
43.57069
43.58706
42.73776
42.03560
42.91908
42.82045
41.46817
41.00827
42.38218
42.40716
41.01821
40.58881
39.44488
38.78784
38.16296
38.00804
37.47894
36.71499
37.27190
37.68583
38.05252
38.54706
39.86311
39.87581
38.71570
38.05030
37.04508
36.64912
35.52569
35.02239
35.10644
35.91851
36.24155
36.01347
35.91210
35.45541
35.41786
34.73553
34.19133
34.26350
34.42388
34.96555
36.42166
36.97943
36.46627
37.18562
37.59192
37.53530
36.63973
36.38643
37.35122
37.15272
35.80256
35.20428
34.56336
34.50611
34.95483
35.25603
35.07999
34.46112
33.92102
33.13550
31.67203
31.02430
31.13496
30.38484
29.52512
28.76351
27.51436
26.74055
26.53625
26.91831
27.30297
27.07201
25.83663
25.51849
26.29829
27.13606
28.39248
29.12997
29.85298
30.32556
31.06383
31.41798
31.15177
31.94335
32.88421
33.54317
34.53746
34.05002
33.02932
32.39946
31.24526
31.18237
32.35067
32.83969
32.63442
32.22841
32.54376
31.81747
31.61648
32.02200
32.79803
32.84337
32.12740
31.77512
31.20180
31.16466
31.68142
31.75332
31.58705
31.41019
30.97258
30.75934
30.47438
30.44869
30.63674
30.91511
31.84269
32.03727
31.80739
31.34227
31.59830
32.04685
32.29045
32.08699
31.60814
31.05370
30.35682
30.67040
32.09269
32.68838
33.23579
32.96354
31.66766
31.28554
31.77571
31.97463
30.93422
31.55049
32.31747
33.03509
33.93700
33.94409
34.16225
34.29721
34.43976
34.17747
33.69321
34.49135
35.08427
34.91669
34.16725
33.46825
32.24924
31.37361
30.44012
30.27945
30.88244
30.93545
30.93368
31.78682
31.82575
31.40041
30.51881
29.99308
30.01217
30.52486
31.45295
32.11001
33.60669
33.63633
32.14740
31.33341
31.10065
30.23394
29.99479
29.45877
29.84463
30.70803
30.73584
31.48266
32.68879
32.82636
31.56898
31.94251
32.88018
33.51640
34.00951
33.23272
32.70586
32.29017
31.60631
31.51104
32.13196
32.62523
32.88733
32.81946
32.36942
31.87874
30.66244
30.04347
30.00225
30.31520
31.09462
31.51891
31.62997
31.39197
30.65571
29.88158
29.50214
29.45460
29.03430
28.35186
27.93038
27.58964
27.96339
28.07114
28.96950
29.15600
28.82429
29.59074
30.88681
