1.49997
2.37815
3.28433
3.59857
3.27925
3.26624
2.50435
2.52698
3.25090
3.77905
3.21178
2.67356
2.10345
2.80599
3.35556
3.09111
1.60728
1.08459
2.15974
2.27854
1.63528
2.30297
3.58173
4.42915
5.85698
6.01493
5.01746
4.45908
3.43969
2.66015
3.16048
3.87351
3.91864
4.59682
5.71037
6.26402
7.53785
8.02572
6.81195
6.59176
7.80607
8.56861
8.61412
8.19831
7.04575
6.93295
7.84607
8.18984
8.30400
8.30492
7.86345
8.37172
9.77393
10.63313
11.99802
12.86787
13.29932
13.30848
11.88609
11.72014
13.17018
13.98397
15.04491
15.79459
17.14721
17.97917
19.36403
19.96407
20.39998
21.03191
22.37923
22.57572
21.15775
21.19342
22.67739
22.83139
21.65399
20.97327
21.72164
22.21802
22.32439
22.83526
23.62108
23.09690
22.29263
22.02544
22.87578
23.54646
24.07693
24.91745
24.67118
24.42427
24.32781
23.60727
22.68222
22.11704
21.13534
20.55613
19.68393
18.97876
18.09360
17.73351
18.47042
18.39107
17.95772
17.11637
17.17850
17.30479
18.00196
18.44727
19.32158
18.88028
18.06965
18.82913
19.57166
20.23421
21.18963
21.79715
22.77025
23.60564
25.09564
25.54963
24.58698
25.17411
25.94206
25.73684
24.74797
24.39742
23.80754
23.86446
24.30465
25.13655
25.71794
25.96255
25.68535
25.83771
26.01743
26.20322
26.65418
27.25234
27.99430
28.88659
29.52107
30.15644
30.42376
30.49492
30.26895
30.28060
30.26240
31.13184
31.10127
31.10877
30.91126
30.83906
30.94856
31.07730
31.22028
31.46533
31.75569
32.59622
32.62465
32.31657
31.05308
31.38543
32.70403
33.26847
34.44057
34.47563
33.56942
33.06548
33.58363
33.74339
32.92739
32.74187
32.07254
32.05608
32.80573
33.01518
33.00101
33.13336
33.71936
32.92672
31.75978
31.70475
31.86701
31.56702
31.40923
31.85767
33.08663
33.44421
34.58549
35.47961
36.84461
37.49823
37.97777
37.26681
36.91963
36.57003
37.23429
37.64384
38.20122
37.98010
36.81345
36.15094
34.97622
34.66101
34.93467
34.97984
35.56605
35.54611
35.31731
35.14340
34.57716
34.91757
35.71783
35.96117
35.75722
35.70696
35.89705
36.20741
36.94302
36.68563
36.15970
35.34472
35.96336
36.20911
36.53949
36.71358
36.67955
37.18515
38.24300
37.96676
36.60947
36.64276
35.91803
35.12300
34.47401
35.01857
36.48839
36.55073
35.35605
35.00334
35.06505
35.08942
35.16624
35.27316
35.59192
35.89034
35.46926
35.11175
35.10996
34.44698
34.27574
34.20251
34.17131
34.88473
35.28261
36.12969
35.73739
35.21748
34.13778
34.10973
34.98648
35.71208
34.86575
34.32349
35.09156
35.69368
36.87067
37.14762
36.32362
35.69519
34.70752
34.27218
33.62827
33.05052
33.98813
34.29909
34.73926
35.45802
35.20941
35.72823
36.00079
35.43075
34.23328
33.63329
34.22747
34.37176
33.98719
33.90100
33.50432
33.60630
34.34385
34.72312
35.05542
35.75019
36.32568
36.00243
34.98097
34.92239
36.33920
36.53312
35.41214
35.16612
35.25147
35.12875
35.73743
35.44056
34.40099
33.58076
32.27760
31.69910
32.58066
32.37728
31.23016
31.68766
32.89416
32.65325
31.36197
30.88943
30.49443
30.25374
29.54350
29.48535
29.50942
30.05124
30.34479
30.11024
29.87141
29.79592
29.62014
29.83332
30.78536
30.26650
28.84086
28.78018
30.22966
30.39203
28.92442
28.17269
27.53715
27.21636
27.62315
27.60297
27.37470
26.83111
25.42403
24.71281
23.81349
23.31749
22.71491
22.27227
21.33830
21.21567
21.66747
22.11752
22.55439
22.63705
22.24125
22.27578
22.63838
23.03873
24.08961
23.58187
22.52087
22.36509
23.58264
24.47234
25.38485
26.04936
25.67767
25.61397
26.65974
27.35908
28.64924
28.52454
27.23875
26.39180
26.19972
25.86973
25.37466
25.42990
25.84617
26.25814
26.85255
27.54133
28.66915
29.24953
29.13434
28.40409
27.60372
27.00298
25.98187
25.30508
24.57958
23.77282
22.41115
22.50493
23.97911
24.74286
25.24768
25.12264
24.28759
24.60046
25.92825
26.59298
26.81999
27.67896
27.75782
27.37979
26.09510
25.80611
26.45572
26.44463
27.21157
26.47630
25.03478
25.42356
26.83763
27.60009
28.60794
28.76393
27.42318
26.61005
26.30476
27.11405
27.22707
27.55720
28.51139
28.85953
29.71618
30.24750
29.36954
28.72181
27.24626
26.54009
25.82335
24.92481
24.43971
23.88346
23.08864
22.66162
22.11504
22.71226
23.75621
24.40008
23.61412
23.61722
24.06593
24.26785
24.51099
24.74272
25.04871
25.03890
25.92099
26.26739
26.84044
27.18213
27.54509
28.28580
28.83492
29.39101
30.36208
30.97073
31.77384
32.22958
32.88393
33.20479
33.71718
33.72204
33.31789
32.98819
32.64608
32.38809
31.58150
31.04779
30.95024
31.36219
32.04782
32.22166
32.88302
32.94598
33.54479
33.09971
32.32924
32.96085
34.35092
34.57279
33.11172
32.29352
30.87344
30.73102
31.89266
31.78436
31.02799
30.84705
30.12469
29.99400
30.72083
30.15068
29.36578
28.80222
27.63865
28.17825
29.35653
30.20699
31.70157
31.96761
31.65832
30.80768
31.14064
31.74253
33.08710
33.56866
32.73217
32.75260
33.52248
33.51194
32.83814
32.20698
31.01645
30.49240
31.66595
31.81977
30.84783
30.29884
29.44752
29.29124
29.71907
30.17226
31.18253
31.85089
33.07356
33.76157
34.83454
35.11478
34.50886
35.19898
36.50899
37.00907
36.71819
36.72030
36.88550
36.78725
36.09237
36.81972
37.76363
38.42004
38.95291
38.73138
37.63964
36.85192
36.14514
35.45654
34.31871
33.60612
32.72366
31.87007
30.68229
30.06508
29.75267
29.66414
29.96315
29.59702
28.66528
28.29894
28.84676
28.95210
28.91267
28.82342
29.17949
29.69881
29.57233
30.39311
31.36870
31.99651
32.62048
33.48093
34.36173
34.46744
33.83767
34.42573
35.06977
35.00063
34.24322
33.82183
32.97768
33.01071
33.97259
34.25146
33.52344
33.68699
33.53060
33.86135
33.89529
33.12089
32.60136
32.51298
31.82108
31.29442
30.85236
31.14846
31.77693
32.58568
33.92729
34.53052
34.01179
33.81194
35.10462
35.12651
33.98166
33.34501
34.35659
34.61963
33.85849
33.85012
34.64143
34.85785
34.49752
34.94239
36.28956
37.14427
38.55501
38.91759
38.01436
37.78820
37.80350
38.11512
38.96853
39.06252
38.25466
