0.00029900
0.00050208
0.00050208
0.00068139
0.00068139
0.00065286
0.00055578
0.00046408
0.00039600
0.00037131
0.00031155
0.00011669
0.00008203
0.00012312
0.00020904
0.00029371
0.00042749
0.00061476
0.00095002
0.00095729
0.00095729
0.00065100
0.00067681
0.00155906
0.00234972
0.00269316
0.00269316
0.00255082
0.00245044
0.00245044
0.00212304
0.00123887
0.00047544
0.00066398
0.00093506
0.00104792
0.00104792
0.00090991
0.00057985
0.00042519
0.00036729
0.00037571
0.00061296
0.00080565
0.00101755
0.00105182
0.00105182
0.00087453
0.00066228
0.00043444
0.00022349
0.00018596
0.00029850
0.00037402
0.00037402
0.00023347
0.00031286
0.00053053
0.00072375
0.00102082
0.00102082
0.00097171
0.00100085
0.00147169
0.00161281
0.00161281
0.00158853
0.00134723
0.00126528
0.00126466
0.00092949
0.00060337
0.00067596
0.00067596
0.00059838
0.00034015
0.00023613
0.00041312
0.00098072
0.00124452
0.00124452
0.00103240
0.00049694
0.00043193
0.00055638
0.00080086
0.00106291
0.00174970
0.00224950
0.00269351
0.00270006
0.00270006
0.00224723
0.00138921
0.00109702
0.00125127
0.00135719
0.00135719
0.00105696
0.00058126
