0.00020555
0.00044993
0.00044993
0.00034068
0.00042647
0.00042647
0.00044025
0.00044025
0.00037662
0.00026472
0.00033499
0.00033499
0.00054387
0.00054387
0.00035351
0.00031508
0.00024049
0.00064748
0.00064748
0.00023603
0.00023603
0.00044133
0.00073961
0.00088946
0.00088946
0.00097834
0.00097834
0.00089853
0.00037769
0.00063355
0.00084948
0.00085339
0.00085339
0.00068154
0.00037177
0.00037177
0.00032095
0.00046652
0.00107748
0.00165397
0.00213351
0.00232234
0.00232234
0.00216249
0.00143880
0.00073512
0.00055832
0.00038490
0.00041259
0.00041259
0.00036354
0.00041690
0.00041690
0.00040421
0.00044980
0.00091017
0.00110123
0.00110123
0.00098252
0.00125801
0.00130163
0.00130163
0.00112191
0.00091619
0.00091619
0.00086553
0.00074702
0.00074702
0.00056129
0.00041577
0.00044097
0.00048188
0.00054058
0.00060141
0.00060141
0.00074671
0.00074671
0.00059947
0.00078486
0.00078486
0.00079050
0.00079050
0.00057166
0.00079450
0.00082554
0.00082554
0.00057488
0.00069191
0.00073476
0.00080519
0.00085767
0.00085767
0.00069957
0.00069957
0.00046514
0.00060519
0.00060519
0.00050501
0.00050501
0.00044978
0.00044978
0.00055415
0.00055415
0.00076387
0.00098283
0.00098283
0.00038067
0.00079655
0.00079655
0.00045561
0.00030481
0.00073624
0.00131696
0.00131696
0.00094945
0.00042850
0.00042850
0.00048011
0.00100125
0.00100125
0.00103509
0.00103509
0.00058653
0.00065922
0.00065922
0.00066600
0.00066600
0.00064855
0.00064855
0.00086771
0.00086771
0.00076054
0.00041917
0.00038229
0.00043558
0.00043558
0.00040303
0.00040303
0.00044089
0.00078842
0.00078842
0.00058442
0.00063566
0.00063566
0.00063016
0.00069656
0.00107103
0.00200282
0.00267688
0.00310555
0.00310555
0.00265414
0.00259370
0.00315861
0.00335924
0.00335924
0.00271925
0.00194848
0.00157752
0.00135034
0.00173427
0.00189785
0.00189785
0.00136796
0.00059967
0.00040317
0.00086004
0.00086004
0.00143865
0.00253402
0.00287816
0.00287816
0.00259262
0.00167933
0.00100256
0.00125334
0.00125334
0.00083900
0.00063865
0.00063865
0.00091430
0.00109340
0.00109340
0.00131727
0.00177123
0.00177123
0.00116813
0.00079169
0.00103963
0.00103963
0.00096646
0.00061116
0.00061116
0.00040274
0.00039467
0.00041728
0.00061923
0.00061923
0.00064163
0.00072154
0.00072154
0.00066328
0.00057673
0.00057673
0.00044528
0.00067477
0.00078620
0.00078620
0.00074406
0.00109198
0.00109198
0.00078463
0.00072369
0.00072455
0.00072455
0.00048581
0.00056728
0.00056728
0.00040144
0.00087645
0.00156479
0.00160081
0.00160081
0.00127441
0.00064174
0.00058424
0.00060725
0.00060725
0.00044204
0.00049490
0.00072816
0.00072816
0.00088944
0.00088944
0.00062030
0.00045325
0.00045325
0.00050559
0.00050559
0.00040611
0.00030615
0.00039239
0.00097281
0.00116357
0.00211561
0.00267648
0.00267648
0.00209569
0.00153109
0.00107488
0.00048460
0.00044024
0.00048277
0.00082057
0.00082057
0.00082011
0.00090571
0.00122986
0.00209350
0.00288436
0.00338541
0.00354256
0.00354256
0.00327416
0.00295904
0.00287123
0.00232100
0.00150947
0.00097975
0.00056303
0.00027227
0.00029321
0.00034356
0.00052004
0.00052004
0.00044077
0.00052912
0.00052912
0.00043515
0.00064552
0.00064552
0.00041035
0.00038508
0.00033910
0.00062562
0.00098556
0.00098556
0.00059984
0.00038789
0.00037818
0.00037818
0.00033288
0.00052329
0.00061337
0.00061337
0.00038067
0.00049513
0.00076544
0.00076544
0.00055501
0.00043961
0.00061817
0.00102015
0.00102015
0.00084153
0.00061304
0.00058636
0.00037339
0.00037164
0.00049954
0.00049954
0.00045748
0.00045748
0.00025933
0.00044155
0.00077141
0.00098384
0.00155076
0.00194126
0.00205775
0.00205775
0.00153761
0.00069552
0.00126205
0.00156975
0.00156975
0.00107586
0.00107586
0.00081769
0.00061732
0.00061732
0.00054704
0.00041911
0.00041911
0.00034668
0.00033215
0.00049281
0.00049281
0.00069818
0.00069818
0.00076165
0.00076165
0.00126294
0.00154885
0.00189628
0.00189628
0.00179300
0.00140852
0.00056171
0.00036719
0.00038906
0.00069018
0.00103851
0.00127108
0.00127108
0.00095386
0.00074105
0.00064887
0.00103524
0.00129756
0.00129756
0.00099457
0.00109511
0.00115533
0.00123532
0.00123532
0.00101549
0.00136693
0.00164227
0.00164227
0.00134743
0.00074953
0.00031157
0.00042041
0.00054386
0.00119457
0.00164965
0.00164965
0.00137715
0.00087233
0.00102022
0.00151694
0.00182754
0.00244034
0.00244675
0.00244675
0.00199803
0.00096540
0.00096540
0.00084930
0.00111802
0.00111802
0.00082791
0.00082791
0.00068153
0.00049415
0.00069950
0.00070148
0.00070148
0.00046741
0.00059519
0.00117569
0.00117569
0.00096357
0.00032010
0.00093074
0.00093074
0.00057115
0.00075997
0.00075997
0.00067116
0.00045489
0.00056431
0.00110998
0.00110998
0.00094849
0.00150312
0.00173509
0.00173509
0.00122273
0.00112903
0.00057401
0.00067217
0.00067217
0.00053102
0.00059009
0.00059009
0.00035176
0.00064907
0.00064907
0.00055301
0.00042200
0.00049878
0.00054639
0.00061132
0.00061132
0.00069497
0.00081821
0.00081821
0.00076916
0.00061412
0.00063176
0.00063176
0.00043296
0.00062617
0.00062617
0.00092229
0.00092229
0.00074231
0.00026517
0.00076199
0.00103040
0.00153514
0.00155327
0.00155327
0.00154023
0.00141747
0.00131236
0.00202757
0.00258430
0.00259487
0.00259487
0.00187438
0.00123714
0.00101369
0.00064873
0.00072145
0.00072145
0.00034364
0.00062663
0.00063174
0.00069428
0.00069428
0.00067978
0.00067978
0.00039457
0.00050313
0.00070261
0.00070261
0.00049436
0.00045810
0.00057300
0.00072654
0.00109420
0.00115637
0.00115637
0.00093622
0.00082930
0.00105583
0.00105583
0.00095583
0.00087995
0.00070370
0.00070370
0.00092671
0.00145354
0.00170300
0.00170300
0.00151115
0.00122056
0.00098228
0.00057193
0.00101142
0.00112897
0.00161012
0.00161012
0.00159661
0.00131060
0.00122906
0.00100211
0.00090037
0.00090037
0.00098616
0.00098616
0.00094073
0.00089117
0.00055368
0.00061883
0.00061883
0.00064923
0.00067476
0.00067476
0.00056466
0.00068023
0.00120243
0.00148485
0.00148485
0.00140428
0.00096626
0.00072877
0.00088681
0.00088681
0.00085780
0.00068662
0.00158545
0.00209545
0.00224646
0.00224646
0.00196122
0.00155189
0.00114626
0.00055283
0.00136386
0.00189713
0.00213745
0.00220468
0.00288474
0.00342475
0.00342475
0.00337691
0.00310195
0.00250908
0.00176165
0.00107062
0.00069387
0.00051936
0.00056606
0.00056606
0.00043208
0.00047471
0.00048183
0.00048183
0.00034946
0.00040995
0.00052757
0.00066255
0.00066255
0.00020363
0.00022354
0.00025269
0.00054454
0.00108005
0.00163975
0.00165297
0.00165297
0.00148245
0.00119229
0.00100749
0.00100749
0.00069524
0.00056994
0.00092130
0.00153331
0.00175865
0.00198358
0.00198358
0.00135571
0.00062731
0.00046561
0.00042603
0.00026429
0.00027880
0.00027880
0.00027104
0.00018092
0.00045997
0.00047051
0.00075990
0.00075990
0.00074488
0.00072421
0.00072421
0.00064286
0.00048832
0.00043553
0.00079912
0.00141529
0.00148340
0.00148340
0.00161827
0.00161827
0.00145977
0.00169363
0.00231367
0.00231367
0.00226810
0.00163756
0.00132191
0.00122206
0.00122206
0.00097932
0.00070966
0.00070966
0.00048560
0.00051942
0.00073108
0.00084747
0.00084747
0.00128450
0.00164200
0.00164200
0.00120766
0.00091437
0.00077997
0.00052459
0.00048169
0.00043180
0.00047282
0.00072509
0.00072509
0.00129133
0.00174509
0.00260508
0.00295953
0.00295953
0.00263300
0.00213196
0.00167686
0.00121823
0.00153947
0.00153947
0.00156740
0.00156740
0.00114502
0.00060467
0.00053603
0.00053603
0.00052097
0.00049226
0.00055393
0.00055393
0.00037479
0.00035913
0.00039117
0.00050952
0.00050952
0.00036095
0.00055440
0.00062034
0.00083568
0.00083568
0.00063578
0.00044944
0.00064236
0.00100057
0.00170128
0.00208178
0.00208178
0.00186679
0.00148427
0.00133185
0.00136721
0.00136721
0.00128486
0.00096862
0.00076524
0.00078324
0.00078324
0.00073472
0.00065981
0.00058436
0.00081837
0.00081837
0.00065250
0.00053992
0.00051764
0.00048536
0.00057792
0.00057792
0.00035092
0.00035092
0.00063781
0.00090391
0.00097758
0.00097758
0.00083868
0.00083868
0.00078407
0.00070451
0.00047323
0.00105427
0.00155495
0.00169267
0.00169267
0.00133522
0.00117438
0.00072930
0.00032435
0.00086205
0.00090909
0.00090909
0.00063049
0.00063049
0.00070162
0.00089057
0.00089057
0.00082496
0.00045931
0.00086025
0.00086025
0.00069465
0.00069465
0.00068540
0.00064714
0.00073215
0.00083042
0.00084414
0.00105736
0.00123419
0.00154398
0.00154398
0.00114648
0.00084478
0.00102267
0.00102267
0.00065191
0.00120233
0.00189445
0.00233627
0.00233627
0.00231181
0.00170448
0.00093704
0.00063085
0.00100626
0.00101426
0.00166835
0.00166835
0.00163020
0.00145827
0.00108768
0.00108768
0.00066339
0.00095161
0.00095161
0.00068054
0.00081428
0.00121801
0.00182574
0.00182574
0.00153398
0.00172435
0.00172435
0.00119762
0.00119762
0.00074543
0.00079025
0.00079025
0.00075751
0.00089908
0.00089908
0.00063437
0.00040453
0.00048619
0.00083116
0.00083116
0.00073186
0.00065089
0.00065089
0.00070551
0.00070551
0.00042559
0.00041100
0.00045217
0.00045217
0.00057080
0.00057080
0.00053890
0.00080936
0.00097842
0.00142856
0.00142856
0.00118274
0.00094673
0.00094673
0.00085212
0.00085212
0.00101371
0.00172719
0.00181780
0.00181780
0.00163660
0.00147039
0.00141157
0.00059950
0.00069474
0.00077288
0.00077288
0.00044878
0.00053646
0.00053646
0.00076520
0.00076520
0.00060495
0.00062794
0.00103659
0.00103659
0.00109171
0.00109171
0.00130064
0.00130064
0.00159880
0.00159880
0.00108336
0.00118227
0.00152970
0.00152970
0.00151753
0.00152352
0.00152352
0.00141649
0.00121260
0.00089100
0.00089100
0.00065681
0.00122573
0.00201131
0.00242572
0.00242572
0.00201960
0.00199154
0.00145216
0.00154045
0.00213133
0.00271966
0.00271966
0.00277611
0.00277611
0.00265144
0.00234342
0.00158934
0.00077612
0.00056802
0.00084992
0.00084992
0.00086574
0.00103635
0.00103635
0.00113111
0.00113111
0.00103435
0.00163436
0.00163436
0.00149909
0.00153880
0.00153880
0.00143472
0.00094623
0.00094623
0.00079250
0.00082969
0.00135930
0.00205705
0.00205705
0.00152568
0.00121058
0.00121058
0.00144639
0.00180511
0.00204790
0.00204790
0.00156913
0.00115225
0.00140747
0.00140747
0.00082413
0.00070756
0.00070756
0.00079845
0.00083261
0.00083261
0.00064797
0.00081649
0.00081649
0.00076247
0.00070163
0.00089621
0.00089621
0.00094388
0.00100863
0.00100863
0.00089434
0.00152453
0.00175298
0.00212088
0.00218248
0.00253799
0.00253799
0.00280541
0.00322183
0.00339200
0.00339200
0.00321742
0.00264438
0.00223461
0.00150244
0.00197343
0.00229231
0.00229231
0.00188867
0.00142214
0.00094140
0.00064836
0.00086168
0.00086168
0.00089968
0.00089968
0.00086706
0.00086706
0.00066059
0.00091875
0.00109870
0.00142023
0.00142023
0.00124339
0.00067955
0.00080250
0.00114284
0.00114284
0.00109336
0.00082751
0.00123116
0.00123116
0.00091859
0.00055998
0.00098508
0.00146448
0.00146448
0.00119155
0.00084453
0.00084453
0.00091302
0.00094411
0.00136043
0.00136043
0.00087713
0.00087638
0.00055199
0.00060947
0.00081357
0.00110241
0.00110241
0.00103241
0.00103241
0.00120510
0.00120510
0.00080659
0.00089048
0.00089048
0.00086706
0.00102230
0.00106666
0.00106666
0.00105318
0.00126890
0.00126890
0.00089376
0.00109550
0.00109550
0.00104148
0.00091998
0.00085166
0.00049520
0.00060365
0.00092909
0.00097831
0.00100313
0.00100313
0.00080350
0.00062386
