1.49995
2.35317
3.60830
4.45382
5.88121
6.77898
8.20881
9.01830
9.82700
10.52588
11.79577
12.61232
13.69050
14.39368
15.60928
16.18566
16.75701
17.31379
18.19559
19.05426
20.47184
21.36468
22.76015
23.43316
24.01976
24.53134
25.31290
26.01218
27.41093
28.12318
28.85480
29.68145
31.07561
31.58573
31.50120
31.55116
31.56527
31.75296
32.14653
32.68361
33.91695
34.54682
35.03445
35.80774
37.30342
38.20177
39.69909
40.59805
42.08471
42.90484
43.78622
44.31437
45.09981
45.47535
46.02770
45.95810
45.05505
45.09661
45.96744
46.67386
47.94291
48.68067
49.82351
50.51755
51.70521
52.26724
52.71127
53.46259
54.91698
55.79708
57.13765
57.73488
58.15822
58.07836
57.27133
57.01818
56.99441
56.89969
56.74544
56.44530
55.65456
55.09935
54.04592
53.40313
52.34036
51.66033
50.42648
49.81180
48.92499
48.90285
49.78635
50.14526
50.57016
50.86850
51.13842
51.75123
53.13434
53.84714
54.91232
55.08581
54.48324
54.06191
53.16160
52.60891
51.78452
51.64706
52.09722
52.34607
52.66527
53.36235
54.85749
55.75583
57.20614
58.09998
59.59308
60.42319
61.43536
62.30061
63.74877
64.61340
66.01265
66.79824
67.90370
68.67598
70.06797
70.80470
71.63193
72.20690
73.17355
73.60152
74.06744
74.17962
74.06598
73.77770
73.00245
72.24836
70.79096
69.95769
69.15873
68.79845
68.72950
68.24196
67.04899
66.36868
65.49919
65.16951
65.05863
64.95802
64.93550
64.52490
63.47115
62.82964
61.68648
61.16591
60.75835
60.32013
59.47529
58.91698
58.02528
57.53796
56.93720
56.39817
55.25235
54.73893
54.41904
54.50852
55.21345
55.50040
55.79891
56.11577
56.75762
57.49314
58.98597
59.84154
60.95299
61.67921
62.67536
63.29810
64.26949
64.72201
65.13628
65.40951
65.81379
66.14854
66.86773
66.92407
66.48602
65.91668
64.62009
63.97192
63.07440
62.75371
62.63743
62.82397
63.58432
63.77676
63.81242
63.38850
62.07787
61.47195
61.11766
60.39095
58.94380
58.06688
56.63317
55.83450
55.21313
54.81985
54.26716
54.03872
53.88745
53.73609
53.41246
53.50635
54.10183
54.49970
55.20802
55.69621
56.39601
57.19206
58.67852
59.23072
59.69853
60.13918
61.09516
61.65727
62.60675
63.17932
64.25580
64.42912
63.84542
63.55216
63.11130
63.07113
63.47290
63.41981
62.91387
62.68516
62.29324
62.40810
63.09749
63.65266
64.77781
65.54707
66.55839
67.39590
68.74235
69.59962
71.04204
71.78049
72.36460
72.78259
73.33959
74.05760
75.52865
76.40496
77.86313
78.65993
79.44992
80.03959
81.07983
81.62390
82.24826
82.96466
84.29590
84.80828
84.96362
84.54381
83.17006
82.47946
81.82615
81.47877
80.98726
81.06178
81.88240
81.85804
80.98767
80.77616
80.96040
81.24857
82.01157
82.61921
83.90040
84.27357
83.99483
84.21600
85.04989
85.39077
85.63119
86.12143
87.13342
87.93790
89.37475
90.19198
91.14017
91.72779
92.64347
93.17133
93.98605
94.54701
95.59360
96.24901
97.41563
97.92366
98.29104
98.68080
99.54264
100.00891
100.72148
101.14714
101.86664
102.28805
103.01725
103.22540
103.17759
103.03365
102.68136
102.03969
100.57058
99.70607
98.27300
97.39762
96.04755
95.24277
93.94432
93.10830
91.63751
90.86691
90.13722
89.29086
87.90139
87.22498
86.72515
86.55501
86.63981
86.61454
86.55801
86.33188
85.62982
85.37610
85.16938
85.10271
85.12855
85.13862
85.12213
85.28771
85.84581
86.17951
86.50078
86.91153
87.84331
88.43092
89.41464
90.19829
91.67950
92.33441
92.63926
92.98874
93.56411
94.06781
94.94530
95.48963
96.31108
96.81617
97.74209
97.89003
97.41110
97.16760
96.72280
96.47020
96.05369
95.83531
95.70593
95.06963
93.57430
92.69294
91.21242
90.39512
89.20360
88.73231
88.43822
88.55907
89.30388
89.64780
90.07298
90.25432
90.23177
90.54306
91.47750
91.78917
91.62177
91.89866
92.72228
93.05724
93.45264
93.38540
92.77605
92.36033
91.64193
91.28263
90.74706
90.75678
91.23476
91.84475
93.23069
93.91007
94.83091
95.06369
94.68760
94.97689
96.06888
96.64181
97.54208
97.95801
98.45623
98.52446
98.21894
97.98008
97.50761
97.19922
96.70469
96.21073
95.23315
94.37893
93.15194
92.28491
90.83768
89.97563
88.53869
87.82905
87.12954
86.73051
86.48365
86.31422
86.26064
85.67808
84.24156
83.64610
83.53493
83.62621
84.16705
84.58532
85.48489
85.95036
86.60316
87.00624
87.79968
87.81527
87.09493
86.57293
85.38748
85.10908
85.55265
85.69593
85.98397
85.75452
84.73667
84.39687
84.51582
84.36780
83.91222
83.70427
83.49980
83.15012
82.31006
81.84682
81.10623
80.70688
80.00340
80.11349
81.03125
81.83758
83.33390
84.05532
84.36742
84.94914
86.23990
87.03534
88.19134
88.52747
88.30810
88.07503
87.42135
87.42589
88.05566
88.43767
89.12950
89.63326
90.44087
90.92018
91.70525
92.14009
92.77999
93.24990
94.08523
94.81711
96.27414
97.11546
98.54322
99.06099
99.08939
98.74604
97.58831
96.99136
96.32306
95.63645
94.31073
93.54205
92.28912
91.58464
90.40305
90.13516
90.55179
90.98617
92.00760
92.84836
94.33667
95.22907
96.69733
97.54523
98.85916
99.63826
100.90948
101.71501
103.12613
103.89411
104.99057
105.75078
107.10596
107.94254
109.37382
110.23961
111.64171
112.44437
113.61174
114.39599
115.60730
116.37692
117.61716
118.51087
119.51870
120.39800
121.77128
122.66528
124.00215
124.78119
125.53048
126.07075
126.94359
127.52573
128.17635
128.32698
128.11419
127.80245
126.91000
126.52994
126.29758
125.87115
124.81683
124.37212
123.91114
123.76816
123.84837
123.79813
123.52159
123.74210
124.74596
124.95560
124.61453
124.34441
123.66837
123.31608
122.72091
122.63113
122.83804
123.34066
124.71409
125.22138
125.49014
125.22391
124.13904
123.48318
122.86465
122.34070
121.63633
121.29863
120.97379
120.62614
119.91506
119.24056
117.89158
117.17602
116.56564
116.31280
116.26137
116.08279
115.60503
115.32397
114.96504
114.39854
113.35677
112.53068
111.40534
110.59980
109.17747
108.35755
107.06737
106.29059
105.17962
104.66721
104.28529
103.86011
102.93768
102.43582
101.89980
102.00659
102.98002
103.24270
103.11801
103.20810
103.41725
103.90987
104.99931
105.74297
107.12573
107.69461
107.86483
108.40736
109.44957
110.24995
111.47810
112.23345
113.48924
114.06138
114.47930
114.94701
115.96898
116.51591
117.33912
117.78661
118.43256
118.84943
119.44466
120.16676
121.45219
122.04386
122.45916
122.70726
123.00164
123.20521
123.67514
123.57740
122.81325
122.45098
121.97184
121.53865
120.53337
120.34302
120.78069
121.11364
121.85146
122.28991
123.00186
123.48583
124.12055
124.53798
125.10186
125.82975
127.22519
127.76406
127.73573
128.02038
128.66603
129.06249
129.86253
129.89920
129.20924
128.78838
128.04362
127.40514
126.09738
125.45736
124.67206
124.57654
125.14144
125.38356
125.67577
126.11034
127.17651
127.74240
128.55583
129.15011
130.27812
130.96768
132.19346
132.70173
132.81490
133.33505
134.69285
135.23824
135.37189
135.98526
137.29518
138.16301
139.61635
140.47832
141.83558
142.65125
143.96666
144.83785
146.32287
147.14418
148.03422
148.32294
148.06463
148.21935
148.78913
149.28990
150.38865
150.93958
151.72733
152.02428
152.17680
152.25585
152.32900
152.17076
151.57206
151.44746
151.63875
151.69548
151.71253
151.76630
151.89370
152.00350
152.16519
152.35850
152.80987
153.08615
153.56903
153.78293
154.13694
153.83562
152.56775
152.16258
152.25112
151.90813
151.10632
150.49085
149.62350
149.37496
149.59197
149.64515
149.67867
149.81602
150.25945
150.35753
150.28149
150.14800
149.62698
149.80974
150.80036
151.44715
152.71254
153.46415
154.94877
155.83211
157.29448
158.13278
159.42873
160.19870
161.47071
162.14648
163.16164
163.42961
163.09248
163.07983
163.26276
163.31398
163.24500
163.49606
164.31341
164.86225
165.91490
166.40090
166.76239
167.01111
167.42133
167.51652
167.46501
167.20327
166.37046
166.16186
166.38460
166.16843
165.28247
165.01940
165.00079
164.99600
165.11980
164.99593
164.49722
164.56119
165.18584
165.67079
166.68340
167.37665
168.59575
169.42215
170.30982
171.17686
172.51819
173.36262
174.70936
175.59442
176.63453
177.37330
178.61985
179.37457
180.68782
181.22870
181.50171
181.67165
181.99768
181.66557
180.46982
179.85502
178.96620
178.42004
177.64276
176.81716
175.36813
174.56689
173.58285
172.89675
171.68863
170.92346
169.54828
168.88796
168.17355
167.76328
167.24089
166.94878
166.65967
166.32657
165.64531
165.26624
164.73341
164.29082
163.49463
163.40065
163.97337
164.08607
164.10265
163.76439
162.75248
162.46999
162.58959
162.56927
162.28787
162.68296
163.88357
164.72292
165.93288
166.31802
166.04792
166.32630
167.22651
167.96012
169.39111
170.04242
170.62928
170.64272
169.97183
169.77214
169.63471
169.72597
170.13235
170.53499
171.49928
171.80923
171.92577
171.73582
170.98216
170.65198
170.09515
170.35704
171.58571
172.23316
173.11435
173.46827
173.73117
173.71557
173.33824
173.26724
173.40019
173.42930
173.37602
173.88478
175.19758
176.00416
176.77390
177.34524
178.30778
178.90797
179.85153
180.29535
180.76323
181.17487
182.07144
182.37892
182.48471
182.58693
182.82938
182.71125
182.08228
181.97779
182.24980
182.25171
182.04807
181.95451
181.80945
181.74116
181.66287
181.67037
181.72518
182.01639
182.92494
183.31118
183.78870
183.80754
183.35758
183.12705
182.73424
182.58151
182.59466
182.15995
180.97541
180.40849
180.24768
179.78946
178.98045
178.25886
177.02822
176.66553
176.82041
177.28284
178.49998
179.23627
180.46945
181.32845
182.75075
183.57773
184.48512
184.63256
184.02925
183.74229
183.17672
183.10832
183.56515
183.44487
182.70655
182.37158
181.81754
182.02397
183.08909
183.90903
185.40561
186.30364
187.79808
188.66109
189.93347
190.77170
192.21388
193.00815
193.72415
194.41174
195.76477
196.57344
197.88584
198.77705
200.19914
201.06458
202.46715
203.30572
204.14231
204.74497
205.60963
206.40943
207.80662
208.67693
209.81318
210.42451
211.21970
211.66109
212.32096
212.61897
212.95982
212.92936
212.50561
212.10560
211.03205
210.98329
211.85704
212.52359
213.75836
214.48097
215.70365
216.17681
216.39353
216.65668
217.18380
217.59372
218.45078
218.92430
219.60576
219.84634
219.91468
219.98012
220.20774
219.89336
218.84369
218.18777
216.99234
216.37238
215.75192
215.29580
214.44807
214.11921
213.88485
213.90449
214.17683
214.59637
215.51791
216.18444
217.28390
217.79718
218.44428
218.40685
217.57627
217.36868
217.49016
217.36168
216.95361
216.48444
215.34500
215.02364
215.10668
215.45452
216.46512
217.01331
217.87744
218.46608
219.49967
220.19317
221.45110
222.04088
222.75047
222.73844
221.92365
221.66409
221.56621
221.25545
220.34096
220.06058
219.98453
220.14578
220.90847
220.90367
220.17717
219.80454
219.19192
218.72927
217.83764
217.21999
216.12619
215.35850
213.93813
213.15503
212.02352
211.47491
210.85669
210.60800
210.52397
210.70612
211.31292
211.60109
212.02218
212.17040
212.22611
212.32791
212.50487
212.93070
214.05287
214.78641
216.11960
216.93795
218.34073
219.15499
220.43089
221.23775
222.61316
223.48291
224.97663
225.84716
227.21586
227.81708
228.18519
228.62589
229.52963
230.16261
230.99242
231.05012
230.30276
229.93671
229.34800
228.92097
228.31963
227.62887
226.37926
225.69082
224.67806
224.08141
223.02407
222.85496
223.59802
223.39621
222.28188
221.50258
220.08112
219.32246
218.36315
217.94328
217.52287
217.75092
218.77701
219.45234
220.31982
221.16474
222.62994
223.35854
223.63910
224.17827
225.18580
225.70834
226.43258
226.82589
227.32595
227.81268
228.88761
229.47366
230.33260
230.96281
232.12198
232.57357
232.72266
232.77406
232.70327
232.63840
232.61327
232.16293
230.89215
230.27439
229.54775
229.23024
229.05528
228.93897
228.79802
228.71857
228.60754
228.58003
228.63422
228.56895
228.33297
228.13775
227.93464
227.38704
225.99558
225.31288
224.47619
223.94123
223.29151
222.79399
222.17488
221.57911
220.32415
219.84615
219.71843
219.36736
218.62986
218.16720
217.53598
217.24599
216.85849
217.00374
217.78718
218.27555
219.21566
219.66516
220.16938
220.47638
220.78521
221.10492
221.74021
222.33371
223.59744
224.12222
224.54786
224.70158
224.76313
224.41606
223.42758
222.67747
221.24089
220.38392
219.02583
218.26007
217.19765
216.38175
214.89340
214.00208
212.50718
211.68424
210.68569
210.00522
208.91617
208.25804
207.24888
206.64489
205.66764
205.06365
204.06367
203.37954
202.20841
201.57930
200.66763
200.36161
200.39669
200.37686
200.36428
200.31282
200.30666
199.83609
198.61642
197.84009
196.50562
195.80760
195.17998
195.16366
195.89056
196.12824
196.06856
196.39020
197.37723
197.81980
198.45315
198.43843
197.75977
197.30921
196.38652
195.88390
195.06700
194.79847
194.87401
194.56634
193.60913
193.03725
192.09585
191.36503
190.28642
189.54954
188.34850
187.59887
186.59938
185.73496
184.43887
183.74950
183.01478
182.50468
181.69922
181.06579
180.11270
179.41442
178.15279
177.33037
175.96568
175.13744
173.76832
172.94245
171.54092
170.79558
169.74959
169.27142
168.82797
168.56344
168.28416
167.69459
166.26341
165.54897
164.66516
164.07177
163.08156
162.30584
160.84611
159.96419
158.49399
157.64166
156.27584
155.72926
155.58613
155.72379
156.42441
156.83290
157.44055
158.16277
159.56370
160.41721
161.43478
161.77313
161.68634
161.59684
161.12898
161.37383
162.41368
163.23663
164.45814
165.33025
166.59291
167.06638
167.06440
167.17977
167.42990
167.54409
167.67524
167.44090
166.50462
166.28959
166.45907
166.75283
167.58628
168.10100
168.95094
169.67404
171.07464
171.72678
172.80573
172.84338
171.97151
171.51766
170.71980
170.36354
170.10616
170.02523
170.08009
170.09043
170.14791
169.97795
169.31375
169.15091
169.11454
169.54237
170.83674
171.55395
172.70424
173.30222
174.04272
174.72693
176.13326
176.89187
178.09018
178.45355
178.23481
178.24061
178.32975
178.38784
178.63480
178.33609
177.31606
176.47205
175.02094
174.31043
173.61547
173.49198
173.96804
174.04498
174.03607
173.69667
172.66255
171.99515
170.93710
170.12416
168.63399
167.84295
166.88154
166.81383
167.66773
168.12977
168.89702
169.60342
170.93806
171.75206
172.63785
173.10384
173.31662
173.47571
173.71081
173.69489
173.35132
173.38447
173.88247
173.81831
173.13368
172.93534
172.78956
173.07506
174.12257
174.67632
175.59996
175.88916
175.57326
175.97029
177.21863
177.89279
178.87188
179.48230
180.52338
181.00928
181.62314
181.73311
181.47979
181.14082
180.28666
179.59496
178.20855
177.58664
177.49034
177.02759
175.90923
175.15342
173.76014
172.94638
171.66854
170.97662
170.56476
170.32392
170.23646
169.72063
168.34847
167.64849
166.69171
166.01756
164.82492
163.96200
162.51079
161.63064
160.45744
159.56327
158.18767
157.43348
156.33397
156.02966
156.22028
156.62854
157.76269
158.55206
160.00832
160.69868
161.22239
161.53076
161.83004
162.19121
162.98007
163.44195
164.23354
164.34907
163.95677
163.53045
162.52758
161.77356
160.34763
159.50432
158.10197
157.26050
155.97042
155.17825
154.29855
153.70292
152.71798
152.15586
151.29996
150.70343
149.81353
149.11771
148.26932
147.74096
146.98506
146.48471
145.61748
144.96505
143.69133
142.94392
141.71643
140.95103
139.66260
138.85747
137.74117
136.85564
135.46882
134.70235
134.11983
133.70113
132.98180
132.75869
132.80041
132.80217
132.78370
132.95004
133.50168
133.80581
134.22610
134.62295
135.39779
135.98359
137.12851
137.78284
138.49144
139.28923
140.78562
141.67354
143.06412
143.94229
145.17621
145.98441
147.05050
147.87128
149.27953
150.05055
151.14928
151.86107
153.07334
153.87323
155.26327
155.99914
156.92276
157.41262
158.09407
158.32784
158.29149
158.51104
159.23085
159.44200
159.32150
159.66375
160.70485
161.46861
162.92014
163.63055
164.42052
164.79742
165.10630
165.12532
164.80576
164.68824
164.38003
164.76001
166.01309
166.84318
168.10253
168.56859
168.47522
168.73946
169.52013
169.93632
170.59253
170.77969
170.56395
170.78369
171.68995
171.84161
171.43851
171.28130
171.17498
170.76925
169.82924
168.98192
167.60481
166.86455
166.06829
165.28423
163.99808
163.11962
161.98524
161.29541
160.27425
159.82239
159.33731
159.61391
160.79452
161.66430
162.97355
163.63837
164.38754
164.79529
165.31883
165.71237
166.36481
167.03650
168.37682
169.22513
170.67439
171.37636
172.05477
172.50263
173.23163
173.65272
174.17636
174.28045
174.03921
173.91028
173.71103
173.37905
172.62507
172.10967
171.07674
170.64062
170.24574
170.00859
169.54389
169.73323
170.76719
171.16425
171.51847
171.66245
171.64933
171.79752
172.31595
172.36435
172.07731
171.66438
170.63024
170.34373
170.41961
170.64113
171.20355
171.51406
172.05726
172.13809
171.71012
171.96632
173.06603
173.48949
173.73562
173.91207
174.16838
174.30500
174.43008
174.66459
175.18691
175.77937
177.11067
177.76058
178.54245
179.16672
180.29844
180.95713
182.06695
182.56590
183.02461
183.39591
183.90806
184.18149
184.59342
184.67905
184.49995
184.62018
185.22824
185.24978
184.77834
184.40648
183.57841
183.13718
182.52359
182.19691
181.66111
181.67936
182.32238
182.49436
182.64293
182.24672
181.13267
180.26048
179.00069
178.21301
176.94003
176.17240
174.89777
174.15724
172.99728
172.20468
170.89219
170.09457
168.76511
167.92102
166.55317
165.70880
164.84876
164.45481
164.17873
163.98301
163.67273
163.35819
162.69057
162.05868
160.72971
159.88401
158.44023
157.55563
156.07074
155.18584
153.72163
152.83997
151.34770
150.63268
150.24300
149.71231
148.80470
147.94327
146.54498
145.64739
144.16169
143.38848
142.62597
141.98059
140.95610
140.40310
139.72210
139.04829
137.64706
136.83273
135.51614
134.83238
134.41273
134.14082
133.83897
133.52225
132.78013
132.43599
132.13294
131.57707
130.22397
129.46120
128.19668
127.62500
127.01338
126.95589
127.44810
127.74728
128.21374
128.87963
130.27525
131.13436
132.62772
133.28119
133.53964
133.82822
134.35884
134.72879
135.40730
135.88757
136.82242
137.30451
137.77778
138.13762
138.70428
139.30835
140.52506
141.14382
141.86539
142.30912
143.00266
143.40926
144.03094
144.47369
145.24916
145.78359
146.79351
147.04776
146.76727
146.69813
146.56965
146.78845
147.69546
147.84789
147.31034
147.34517
147.78439
148.28970
149.22749
149.85934
151.00594
151.52712
151.90125
152.45331
153.36187
154.18151
155.36497
156.09878
157.29436
157.95644
158.79583
159.63657
160.86803
161.72621
163.15297
164.00506
165.34768
166.23852
167.35733
168.10890
169.40643
170.14089
171.25168
171.68119
171.68445
171.78985
171.97203
172.15247
172.49006
172.98328
174.19174
174.82451
175.74904
176.41109
177.59229
178.40067
179.86603
180.62721
181.57228
182.08507
182.77470
183.24156
184.10895
184.52894
185.03903
185.37885
185.95597
186.43354
187.39672
188.08988
189.30608
190.16271
191.62785
192.49614
193.75936
194.60358
196.07854
196.96374
198.41388
199.30817
200.76473
201.64335
202.98956
203.67075
204.53788
204.71913
204.27092
204.17711
204.11187
204.40102
205.41686
205.75389
205.90553
205.58835
204.49452
203.70840
202.45267
201.65576
200.25573
199.72327
199.84508
199.43306
198.21108
197.67653
197.14538
196.70434
195.88161
195.46321
194.90065
194.61323
194.17489
194.20695
194.91920
194.70611
193.52168
192.80692
191.62702
190.83002
189.53337
188.82093
187.71337
187.40957
187.56945
187.99328
189.18659
189.90587
191.15757
191.92129
193.22452
193.67234
193.38043
193.81572
195.12832
195.75181
196.55229
196.97562
197.53217
197.89785
198.42010
199.10212
200.54639
201.32227
202.35438
203.14860
204.35695
205.14497
206.52564
207.22805
207.98403
208.44366
209.20163
209.41549
209.27412
209.38942
209.66523
210.35726
211.84473
212.64578
213.55643
214.37796
215.57457
216.33012
217.58484
218.32207
219.49044
219.90615
219.90730
219.90716
219.88801
219.51434
218.40399
217.72794
216.59492
215.82438
214.63447
213.78594
212.57973
211.83826
210.71988
209.84166
208.52628
207.71501
206.39807
205.60972
204.46338
203.75685
202.60816
202.04230
201.77913
201.41404
200.61069
200.29985
200.16223
199.74209
198.72881
197.91844
196.44383
195.59808
194.35073
193.60129
192.42702
192.01209
191.92175
191.94834
192.29962
192.25010
191.92679
191.30996
189.84472
189.21254
188.80235
188.52142
188.02338
188.09419
188.77642
189.28311
190.27481
191.05505
192.31607
193.12905
194.47629
