 0.10000	183.94184875	 63.86205673	127.49919891	184.12927246	 65.14858246	128.24703979	           0	           2
 0.10000	184.42053223	 65.88761902	128.66856384	185.21298218	 66.99457550	129.29716492	          -1	           3
 0.10000	185.74584961	 67.66275024	129.57476807	186.71838379	 68.76580811	129.86611938	          -2	           4
 0.10000	187.29937744	 69.42867279	130.03820801	188.25946045	 70.54511261	130.31864929	          -3	           5
 0.10000	188.87992859	 71.17023468	130.49174500	189.97872925	 72.14014435	130.80476379	          -4	           6
 0.10000	190.63397217	 72.75152588	130.84951782	191.70236206	 73.78958893	130.68519592	          -5	           7
 0.10000	192.31483459	 74.44364166	130.63500977	193.24383545	 75.61981964	130.64433289	          -6	           8
 0.10000	193.96496582	 76.15465546	130.64189148	195.36305237	 76.69177246	130.58209229	          -7	           9
 0.10000	196.15121460	 77.03054810	130.84695435	197.23678589	 77.54407501	131.74388123	          -8	          10
 0.10000	197.94584656	 77.77517700	132.24337769	199.18403625	 78.04216766	133.04435730	          -9	          11
 0.10000	199.86500549	 78.06722260	133.62821960	200.81871033	 77.85736847	134.76504517	         -10	          12
 0.10000	201.51745605	 77.81379700	135.32621765	202.83209229	 77.85591125	136.04428101	         -11	          13
 0.10000	203.64738464	 77.88559723	136.41687012	205.05955505	 77.98132324	136.90856934	         -12	          14
 0.10000	205.89537048	 77.86464691	137.21270752	207.23962402	 77.43083954	137.71339417	         -13	          15
 0.10000	207.92993164	 76.93743134	138.00497437	208.77281189	 75.77712250	138.43946838	         -14	          16
 0.10000	209.31991577	 75.12400818	138.71934509	210.26828003	 74.06775665	139.19879150	         -15	          17
 0.10000	210.71853638	 73.41859436	139.62252808	211.25675964	 72.35655975	140.53211975	         -16	          18
 0.10000	211.55427551	 71.69355011	141.05757141	211.95973206	 70.52404785	141.90229797	         -17	          19
 0.10000	212.08874512	 69.91751862	142.55091858	212.13899231	 69.10504150	143.80924988	         -18	          20
 0.10000	211.90173340	 68.68235779	144.56436157	211.09904480	 68.18442535	145.72795105	         -19	          21
 0.10000	210.54785156	 67.92352295	146.38616943	209.46414185	 67.62702942	147.37794495	         -20	          22
 0.10000	208.90728760	 67.25997925	147.97831726	208.18934631	 66.36044312	148.93814087	         -21	          23
 0.10000	207.65202332	 65.96333313	149.53703308	206.63519287	 65.54479980	150.55517578	         -22	          24
 0.10000	205.99017334	 65.18908691	151.06730652	204.87380981	 64.43978119	151.72930908	         -23	          25
 0.10000	204.14299011	 64.12319183	152.14302063	202.81890869	 63.77790833	152.75494385	         -24	          26
 0.10000	202.12901306	 63.75441742	153.32933044	201.26799011	 64.11883545	154.50100708	         -25	          27
 0.10000	200.75866699	 64.02848053	155.23468018	200.02247620	 63.43143463	156.39564514	         -26	          28
 0.10000	199.58856201	 63.08381271	157.09976196	198.90002441	 62.43654251	158.26281738	         -27	          29
 0.10000	198.37678528	 62.19226074	158.94953918	197.38471985	 61.99909210	160.05610657	         -28	          30
 0.10000	196.65846252	 62.03194809	160.58227539	195.32727051	 62.36626816	161.18406677	         -29	          31
 0.10000	194.46859741	 62.50683594	161.40289307	192.98065186	 62.66772461	161.47819519	         -30	          32
 0.10000	192.09193420	 62.76627731	161.55345154	190.60704041	 62.86626816	161.73106384	         -31	          33
 0.10000	189.77117920	 63.19092560	161.68635559	188.64434814	 64.12701416	161.36915588	         -32	          34
 0.10000	187.89978027	 64.58415985	161.16345215	186.62385559	 65.25749969	160.75717163	         -33	          35
 0.10000	185.77912903	 65.47456360	160.54521179	184.29736328	 65.44675446	160.32038879	         -34	          36
 0.10000	183.49693298	 65.60475922	159.94508362	182.42701721	 66.02580261	158.98330688	         -35	          37
 0.10000	181.85978699	 66.52861786	158.50180054	181.19807434	 67.73017120	157.89750671	         -36	          38
 0.10000	180.71456909	 68.34309387	157.45446777	179.83482361	 69.21203613	156.60768127	         -37	          39
 0.10000	179.30641174	 69.74201965	156.11334229	178.43978882	 70.62018585	155.26283264	         -38	          40
 0.10000	177.77244568	 71.08570099	154.88534546	176.45472717	 71.70205688	154.52574158	         -39	          41
 0.10000	175.73147583	 72.14569092	154.23417664	174.64526367	 73.02140045	153.68719482	         -40	          42
 0.10000	173.90200806	 73.33957672	153.29817200	172.61308289	 73.50418091	152.55181885	         -41	          43
 0.10000	171.87867737	 73.67282867	152.06576538	170.71141052	 74.00037384	151.18513489	         -42	          44
 0.10000	170.08912659	 74.38908386	150.66926575	169.23506165	 75.32224274	149.86614990	         -43	          45
 0.10000	168.74412537	 75.90016937	149.38761902	168.03816223	 76.95635223	148.59310913	         -44	          46
 0.10000	167.44932556	 77.45409393	148.13504028	166.24699402	 78.00727844	147.43225098	         -45	          47
 0.10000	165.56840515	 78.38994598	146.98727417	164.46524048	 79.04325104	146.21109009	         -46	          48
 0.10000	163.98010254	 79.61805725	145.72129822	163.56127930	 80.81735229	144.92568970	         -47	          49
 0.10000	163.18666077	 81.42317963	144.37945557	162.38987732	 82.22731781	143.39718628	         -48	          50
 0.10000	162.07209778	 82.83529663	142.81866455	161.83425903	 83.98316193	141.88511658	         -49	          51
 0.10000	161.53553772	 84.69094086	141.42187500	160.83525085	 85.87190247	140.82151794	         -50	          52
 0.10000	160.37422180	 86.59384155	140.55572510	159.53495789	 87.80737305	140.29492188	         -51	          53
 0.10000	159.06547546	 88.55443573	140.13555908	158.38987732	 89.86697388	139.87882996	         -52	          54
 0.10000	157.80082703	 90.52923584	139.74250793	156.56838989	 91.36303711	139.56539917	         -53	          55
 0.10000	155.87478638	 91.90151215	139.38237000	154.76344299	 92.83261871	139.00315857	         -54	          56
 0.10000	154.21890259	 93.41029358	138.58529663	153.56036377	 94.35066986	137.62225342	         -55	          57
 0.10000	153.22825623	 94.89384460	136.99066162	152.82563782	 95.76425171	135.83943176	         -56	          58
 0.10000	152.55233765	 96.21984100	135.11729431	152.06492615	 96.85711670	133.85177612	         -57	          59
 0.10000	151.70986938	 97.29148865	133.15193176	151.04141235	 98.13601685	132.11003113	         -58	          60
 0.10000	150.54682922	 98.40975189	131.41345215	149.63542175	 98.47451782	130.22583008	         -59	          61
 0.10000	149.05961609	 98.36582947	129.54660034	148.09307861	 97.91305542	128.49461365	         -60	          62
 0.10000	147.47442627	 97.58246613	127.93490601	146.37042236	 96.89800262	127.18719482	         -61	          63
 0.10000	145.88197327	 96.53362274	126.52806091	145.42225647	 96.04302979	125.18852997	         -62	          64
 0.10000	145.12495422	 95.73785400	124.39839935	144.62527466	 95.28443146	123.05990601	         -63	          65
 0.10000	144.29069519	 94.77477264	122.40052032	143.69335938	 93.59622192	121.69255066	         -64	          66
 0.10000	143.47177124	 93.03532410	121.02731323	143.37406921	 92.38526154	119.68029022	         -65	          67
 0.10000	143.22956848	 92.04072571	118.86450195	142.90605164	 91.57398987	117.47771454	         -66	          68
 0.10000	142.85392761	 91.34482574	116.61225128	142.98948669	 91.07135773	115.14532471	         -67	          69
 0.10000	143.09164429	 90.88902283	114.27352142	143.31188965	 90.56098175	112.82839966	         -68	          70
 0.10000	143.45155334	 90.35576630	111.96721649	143.69686890	 89.99389648	110.53422546	         -69	          71
 0.10000	143.84243774	 89.77788544	109.67633820	144.10610962	 89.42594910	108.24380493	         -70	          72
 0.10000	144.14814758	 89.14253235	107.39333344	144.03642273	 88.50216675	106.04272461	         -71	          73
 0.10000	143.84767151	 88.36444855	105.17552948	143.28637695	 88.59185028	103.80403137	         -72	          74
 0.10000	143.20043945	 88.61661530	102.90997314	143.51319885	 88.57928467	101.44410706	         -73	          75
 0.10000	143.49964905	 88.31571198	100.58528137	143.22267151	 87.47233582	 99.37716675	         -74	          76
 0.10000	142.97732544	 87.17172241	 98.56729126	142.42866516	 86.99844360	 97.18318176	         -75	          77
 0.10000	142.11837769	 86.82595825	 96.35866547	141.66130066	 86.44631195	 94.98260498	         -76	          78
 0.10000	141.18595886	 86.34645081	 94.22766876	140.08958435	 86.35192871	 93.20558929	         -77	          79
 0.10000	139.59098816	 86.57093811	 92.49198914	139.05476379	 87.26277161	 91.27557373	         -78	          80
 0.10000	138.75212097	 87.73608398	 90.57641602	138.32728577	 88.65145111	 89.46870422	         -79	          81
 0.10000	138.03923035	 89.17909241	 88.80321503	137.52120972	 90.01885223	 87.67543793	         -80	          82
 0.10000	137.09706116	 90.54383850	 87.08432770	136.15516663	 91.38671112	 86.27904510	         -81	          83
 0.10000	135.86343384	 92.05288696	 85.75288391	135.85906982	 93.31575012	 84.94557953	         -82	          84
 0.10000	135.91162109	 93.98396301	 84.34855652	136.18655396	 94.93418884	 83.22251892	         -83	          85
 0.10000	136.19593811	 95.47720337	 82.50787354	135.92510986	 96.29828644	 81.28357697	         -84	          86
 0.10000	136.04946899	 96.75244904	 80.51948547	136.68663025	 97.37095642	 79.31230927	         -85	          87
 0.10000	137.00755310	 97.73782349	 78.55929565	137.47056580	 98.34832001	 77.27156067	         -86	          88
 0.10000	137.87341309	 98.58991241	 76.50768280	138.73173523	 98.76994324	 75.29275513	         -87	          89
 0.10000	139.22044373	 98.89028168	 74.55068207	140.03184509	 99.08589172	 73.30629730	         -88	          90
 0.10000	140.36093140	 99.25683594	 72.48970795	140.63345337	 99.64412689	 71.06809235	         -89	          91
 0.10000	140.84869385	 99.71392822	 70.20038605	141.26901245	 99.57341766	 68.76916504	         -90	          92
 0.10000	141.48658752	 99.43219757	 67.91111755	141.79534912	 99.08259583	 66.48730469	         -91	          93
 0.10000	141.97764587	 98.87931061	 65.63319397	142.25451660	 98.51839447	 64.20547485	         -92	          94
 0.10000	142.58654785	 98.44541931	 63.37542725	143.39875793	 98.57805634	 62.12303162	         -93	          95
 0.10000	143.86624146	 98.63625336	 61.35932159	144.59240723	 98.73767090	 60.05207825	         -94	          96
 0.10000	145.25036621	 98.70999146	 59.44157791	146.61602783	 98.48054504	 58.86764908	         -95	          97
 0.10000	147.36700439	 98.51508331	 58.37611008	148.46394348	 98.78010559	 57.38917923	         -96	          98
 0.10000	149.09721375	 99.18093109	 56.89390564	150.02938843	100.17994690	 56.27710342	         -97	          99
 0.10000	150.40368652	100.92828369	 55.95057678	150.61714172	102.36400604	 55.57633972	         -98	         100
 0.10000	150.93037415	103.14183807	 55.25576401	151.67581177	104.27220917	 54.61315918	         -99	         101
 0.10000	152.14533997	104.92142487	 54.20926666	153.01565552	105.89391327	 53.47267914	        -100	         102
 0.10000	153.40693665	106.64680481	 53.18195343	153.80918884	108.07598877	 52.97992325	        -101	         103
 0.10000	154.02966309	108.92871094	 52.81212616	154.35215759	110.35698700	 52.49473190	        -102	         104
 0.10000	154.48088074	111.21041870	 52.25245667	154.61199951	112.61521912	 51.74830627	        -103	         105
 0.10000	154.57286072	113.47832489	 51.50805283	154.28907776	114.91670227	 51.19831467	        -104	         106
 0.10000	154.23905945	115.80581665	 51.08926392	154.38911438	117.29589844	 51.03315735	        -105	         107
 0.10000	154.26089478	118.18203735	 51.09454346	153.74609375	119.56414032	 51.36092377	        -106	         108
 0.10000	153.28334045	120.31320190	 51.53517532	152.26617432	121.35282898	 51.89721298	        -107	         109
 0.10000	151.62089539	121.97642517	 51.88386536	150.52787781	122.92790222	 51.50220871	        -108	         110
 0.10000	149.86805725	123.46092224	 51.21131516	148.78204346	124.28681183	 50.59209824	        -109	         111
 0.10000	148.04214478	124.66644287	 50.25680161	146.69749451	125.09688568	 49.75525665	        -110	         112
 0.10000	145.89497375	125.35686493	 49.45250320	144.55195618	125.77836609	 48.93988419	        -111	         113
 0.10000	143.76174927	126.06633759	 48.62987900	142.46955872	126.60915375	 48.10025024	        -112	         114
 0.10000	141.67515564	126.90246582	 47.80437469	140.31765747	127.29998016	 47.30907822	        -113	         115
 0.10000	139.52758789	127.72235870	 47.25240326	138.40783691	128.66197205	 47.58372498	        -114	         116
 0.10000	137.71231079	129.20191956	 47.75682831	136.51950073	130.06172180	 48.04767990	        -115	         117
 0.10000	135.98107910	130.75942993	 48.21793747	135.46485901	132.14303589	 48.47408295	        -116	         118
 0.10000	135.08807373	132.94537354	 48.61373901	134.34703064	134.23406982	 48.80471039	        -117	         119
 0.10000	134.18775940	135.09857178	 48.98591614	134.41824341	136.53306580	 49.35317993	        -118	         120
 0.10000	134.53034973	137.37792969	 49.63244629	134.72645569	138.75781250	 50.18291092	        -119	         121
 0.10000	134.81756592	139.55696106	 50.58050919	134.95146179	140.84646606	 51.33249664	        -120	         122
 0.10000	134.87547302	141.49238586	 51.95089722	134.52859497	142.26936340	 53.18472672	        -121	         123
 0.10000	134.14875793	142.66261292	 53.89680862	133.22709656	143.07252502	 55.00543976	        -122	         124
 0.10000	132.75389099	143.52326965	 55.62078094	132.13803101	144.57485962	 56.49334335	        -123	         125
 0.10000	131.59388733	145.02200317	 57.04932785	130.48393250	145.46856689	 57.95145798	        -124	         126
 0.10000	129.82937622	145.68646240	 58.52381516	128.73573303	145.92991638	 59.51827240	        -125	         127
 0.10000	128.09588623	146.01824951	 60.13938904	127.06172180	146.10131836	 61.22019577	        -126	         128
 0.10000	126.40568542	146.13945007	 61.82989120	125.24175262	146.15905762	 62.77328110	        -127	         129
 0.10000	124.59532928	146.33871460	 63.36869049	123.63424683	146.95541382	 64.33927917	        -128	         130
 0.10000	123.13034821	147.11477661	 65.06475067	122.53170013	147.03228760	 66.43636322	        -129	         131
 0.10000	122.02877808	146.97930908	 67.17797089	120.99147797	146.89604187	 68.25679016	        -130	         132
 0.10000	120.45261383	146.57870483	 68.90093231	119.75737762	145.65240479	 69.85234833	        -131	         133
 0.10000	119.32488251	145.10491943	 70.41689301	118.61321259	144.17730713	 71.35479736	        -132	         134
 0.10000	118.16039276	143.50538635	 71.74137115	117.41787720	142.22933960	 72.00099945	        -133	         135
 0.10000	116.88864899	141.61225891	 72.38264465	115.98958588	140.85873413	 73.31582642	        -134	         136
 0.10000	115.26078033	140.58865356	 73.76516724	113.85984039	140.51335144	 74.29249573	        -135	         137
 0.10000	113.02780151	140.47166443	 74.62607574	111.63029480	140.46224976	 75.16714478	        -136	         138
 0.10000	110.85308075	140.31260681	 75.58967590	109.70915985	139.84107971	 76.43510437	        -137	         139
 0.10000	108.95791626	139.63745117	 76.88098907	107.61799622	139.39511108	 77.50663757	        -138	         140
 0.10000	106.91748047	139.32420349	 78.06261444	105.97566223	139.35037231	 79.22795105	        -139	         141
 0.10000	105.40089417	139.38256836	 79.91579437	104.44081116	139.49229431	 81.06092834	        -140	         142
 0.10000	103.91928101	139.46588135	 81.78995514	103.14603424	139.28771973	 83.06094360	        -141	         143
 0.10000	102.67494965	139.08735657	 83.79724121	101.89431000	138.58726501	 84.97442627	        -142	         144
 0.10000	101.38087463	138.34739685	 85.66954803	100.45005798	138.05339050	 86.80648041	        -143	         145
 0.10000	 99.93520355	137.71899414	 87.46054077	 99.17877960	136.90893555	 88.46907806	        -144	         146
 0.10000	 98.71712494	136.45489502	 89.08966827	 97.91036987	135.74853516	 90.13651276	        -145	         147
 0.10000	 97.64105225	135.17883301	 90.77541351	 97.58471680	134.07121277	 91.78337097	        -146	         148
 0.10000	 97.61731720	133.34815979	 92.31350708	 97.79878998	132.05378723	 93.04643250	        -147	         149
 0.10000	 98.03694916	131.31486511	 93.49527740	 98.63875580	130.14601135	 94.21408844	        -148	         150
 0.10000	 99.04637909	129.49366760	 94.67481995	 99.81325531	128.49282837	 95.48435211	        -149	         151
 0.10000	100.28858185	127.91596222	 95.98036957	101.10069275	126.98089600	 96.82424164	        -150	         152
 0.10000	101.68077087	126.59091187	 97.38724518	102.78231049	126.28107452	 98.35526276	        -151	         153
 0.10000	103.29911804	126.06192017	 99.05590057	103.89698792	125.75779724	100.39639282	        -152	         154
 0.10000	104.21060181	125.29118347	101.09649658	104.59827423	124.12355804	101.95270538	        -153	         155
 0.10000	104.67065430	123.49657440	102.59095001	104.50521851	122.60215759	103.78209686	        -154	         156
 0.10000	104.40978241	121.95311737	104.39421844	104.24406433	120.72322845	105.23413086	        -155	         157
 0.10000	104.05232239	120.01261139	105.74649048	103.55847168	118.87526703	106.58768463	        -156	         158
 0.10000	103.41190338	118.14398956	107.08535767	103.38911438	116.87343597	107.87910461	        -157	         159
 0.10000	103.49626923	116.17449188	108.43014526	103.89828491	115.14653778	109.44332886	        -158	         160
 0.10000	104.12461853	114.52051544	110.04366302	104.47545624	113.45946503	111.04166412	        -159	         161
 0.10000	104.83841705	112.91110229	111.65145874	105.66526794	112.16176605	112.65161133	        -160	         162
 0.10000	106.24398041	111.80834961	113.23906708	107.32499695	111.35746002	114.17395782	        -161	         163
 0.10000	108.06871796	111.33583832	114.67577362	109.35611725	111.74931335	115.32241058	        -162	         164
 0.10000	110.13232422	111.95545197	115.72386169	111.41828156	112.34934998	116.38581848	        -163	         165
 0.10000	112.20385742	112.29467010	116.81791687	113.43562317	111.77178955	117.49387360	        -164	         166
 0.10000	113.98944092	111.26571655	117.98824310	114.47309875	110.17893219	118.90075684	        -165	         167
 0.10000	114.75780487	109.39109802	119.22581482	115.07218170	107.92693329	119.29795074	        -166	         168
 0.10000	115.40113831	107.14665222	119.59825134	116.06826019	106.08593750	120.42124939	        -167	         169
 0.10000	116.64295959	105.54640961	120.85178375	117.86595917	104.91740417	121.44817352	        -168	         170
 0.10000	118.49239349	104.44069672	121.88015747	119.32695770	103.49597168	122.69124603	        -169	         171
 0.10000	119.99874878	103.13402557	123.16436005	121.29869843	102.87009430	123.86238098	        -170	         172
 0.10000	122.02638245	102.85491180	124.38810730	123.07634735	103.11121368	125.42661285	        -171	         173
 0.10000	123.87329865	103.25992584	125.81142426	125.33484650	103.51175690	126.02637482	        -172	         174
 0.10000	126.21373749	103.63651276	126.15316010	127.69491577	103.80130768	126.30760193	        -173	         175
 0.10000	128.58096313	103.89597321	126.40529633	130.06230164	104.06238556	126.55551147	        -174	         176
 0.10000	130.93118286	104.02682495	126.77391815	132.29519653	103.76789856	127.33740234	        -175	         177
 0.10000	133.07385254	103.47965240	127.67632294	134.26835632	102.78757477	128.25891113	        -176	         178
 0.10000	134.96662903	102.28534698	128.51235962	136.07334900	101.30596161	128.75865173	        -177	         179
 0.10000	136.75234985	100.74544525	128.92565918	137.90820312	 99.83998108	129.22271729	        -178	         180
 0.10000	138.60112000	 99.28663635	129.35388184	139.75801086	 98.33905029	129.44760132	        -179	         181
 0.10000	140.50141907	 97.83995819	129.50265503	141.81311035	 97.11546326	129.53382874	        -180	         182
 0.10000	142.61996460	 96.83457184	129.81033325	143.82580566	 96.63628387	130.67855835	        -181	         183
 0.10000	144.57922363	 96.79085541	131.14254761	145.75215149	 97.47487640	131.77821350	        -182	         184
 0.10000	146.35925293	 98.05708313	132.09458923	147.11949158	 99.28013611	132.51223755	        -183	         185
 0.10000	147.55151367	100.06729889	132.47377014	148.13090515	101.35605621	131.97203064	        -184	         186
 0.10000	148.35899353	102.06601715	131.47026062	148.46305847	102.96524811	130.27496338	        -185	         187
 0.10000	148.61514282	103.72509003	129.81985474	148.93191528	105.16631317	129.55514526	        -186	         188
 0.10000	149.17312622	105.97368622	129.24446106	149.66183472	107.20950317	128.55119324	        -187	         189
 0.10000	149.79484558	108.00693512	128.16154480	149.74597168	109.37068939	127.54220581	        -188	         190
 0.10000	149.84219360	110.20197296	127.21903229	150.18017578	111.59241486	126.77427673	        -189	         191
 0.10000	150.38110352	112.41567993	126.48114014	150.72741699	113.77769470	125.96179199	        -190	         192
 0.10000	150.90452576	114.60085297	125.65433502	151.14865112	115.98966217	125.14798737	        -191	         193
 0.10000	151.23143005	116.82993317	124.84600830	151.21998596	118.23777771	124.33300781	        -192	         194
 0.10000	151.26197815	119.11062622	124.13074493	151.41639709	120.59406281	123.98480225	        -193	         195
 0.10000	151.52488708	121.47840118	123.87834167	151.76222229	122.93881226	123.63949585	        -194	         196
 0.10000	151.78147888	123.83162689	123.73054504	151.59466553	125.21489716	124.27655029	        -195	         197
 0.10000	151.53768921	126.06732178	124.55173492	151.57966614	127.51526642	124.93683624	        -196	         198
 0.10000	151.31657410	128.31950378	125.23670197	150.44926453	129.40823364	125.79249573	        -197	         199
 0.10000	149.98141479	130.09962463	126.12171936	149.25959778	131.27282715	126.71220398	        -198	         200
 0.10000	148.71676636	131.97201538	126.85999298	147.68360901	133.05178833	126.74748993	        -199	         201
 0.10000	147.07400513	133.70808411	126.70034790	146.01602173	134.76573181	126.61117554	        -200	         202
 0.10000	145.57373047	135.54660034	126.61772156	145.23715210	137.00428772	126.70697784	        -201	         203
 0.10000	144.84487915	137.79617310	126.86352539	143.97891235	138.94752502	127.27674866	        -202	         204
 0.10000	143.36920166	139.51152039	127.61660767	142.22625732	140.18989563	128.30900574	        -203	         205
 0.10000	141.55793762	140.59663391	128.74740601	140.44996643	141.25579834	129.51063538	        -204	         206
 0.10000	139.81689453	141.70623779	129.95800781	138.82978821	142.56742859	130.68544006	        -205	         207
 0.10000	138.15878296	142.97778320	131.11616516	136.93783569	143.49246216	131.81571960	        -206	         208
 0.10000	136.16548157	143.64782715	132.24398804	134.84005737	143.59959412	132.94157410	        -207	         209
 0.10000	134.10372925	143.65243530	133.45156860	133.01266479	143.88063049	134.45329285	        -208	         210
 0.10000	132.28279114	143.79869080	134.96891785	131.04669189	143.29850769	135.65298462	        -209	         211
 0.10000	130.24101257	143.11219788	136.00114441	128.82760620	142.94546509	136.47030640	        -210	         212
 0.10000	127.96228027	142.80130005	136.65675354	126.50331116	142.48837280	136.79299927	        -211	         213
 0.10000	125.61399078	142.37782288	136.82348633	124.11723328	142.34873962	136.75909424	        -212	         214
 0.10000	123.23696899	142.18290710	136.71290588	121.83213806	141.66975403	136.62034607	        -213	         215
 0.10000	120.98574829	141.39648438	136.50357056	119.58656311	140.94636536	136.21127319	        -214	         216
 0.10000	118.70127106	140.92716980	136.06700134	117.26390839	141.31794739	135.90266418	        -215	         217
 0.10000	116.39656067	141.47253418	135.73397827	114.95273590	141.63938904	135.36955261	        -216	         218
 0.10000	114.07410431	141.68522644	135.19609070	112.59475708	141.67807007	134.95759583	        -217	         219
 0.10000	111.70055389	141.73866272	134.92617798	110.22080994	141.93276978	135.06045532	        -218	         220
 0.10000	109.36054230	142.14111328	135.20559692	107.99154663	142.63102722	135.56779480	        -219	         221
 0.10000	107.16879272	142.91352844	135.78564453	105.78986359	143.37773132	136.14375305	        -220	         222
 0.10000	104.99642944	143.69151306	136.41996765	103.73855591	144.28526306	136.97714233	        -221	         223
 0.10000	102.97837830	144.62638855	137.30947876	101.69998169	145.15019226	137.89016724	        -222	         224
 0.10000	100.97191620	145.64434814	138.06741333	 99.92116547	146.71299744	138.04524231	        -223	         225
 0.10000	 99.27723694	147.33830261	138.04536438	 98.23852539	148.41886902	138.04022217	        -224	         226
 0.10000	 97.43654633	148.82112122	138.07058716	 95.95085144	148.99401855	138.16616821	        -225	         227
 0.10000	 95.08494568	149.22476196	138.21247864	 93.68689728	149.76074219	138.27418518	        -226	         228
 0.10000	 92.87345123	150.13789368	138.29280090	 91.56665039	150.87080383	138.28375244	        -227	         229
 0.10000	 90.77363586	151.28373718	138.34997559	 89.43847656	151.92430115	138.57829285	        -228	         230
 0.10000	 88.68395996	152.39370728	138.69874573	 87.49638367	153.28913879	138.88038635	        -229	         231
 0.10000	 86.84661102	153.89967346	138.97612000	 85.89178467	155.04373169	139.13407898	        -230	         232
 0.10000	 85.29354095	155.71008301	139.07672119	 84.31533051	156.79603577	138.74450684	        -231	         233
 0.10000	 83.66752625	157.32733154	138.42201233	 82.57735443	157.99545288	137.63966370	        -232	         234
 0.10000	 81.75761414	158.21754456	137.34828186	 80.26762390	158.27255249	137.19415283	        -233	         235
 0.10000	 79.40737915	158.04299927	137.07966614	 78.16016388	157.23117065	136.90272522	        -234	         236
 0.10000	 77.38371277	156.79910278	136.78108215	 76.06967926	156.11625671	136.55279541	        -235	         237
 0.10000	 75.27589417	155.72523499	136.40830994	 73.94549561	155.08403015	136.15559387	        -236	         238
 0.10000	 73.11361694	154.78633118	136.00297546	 71.68061066	154.42138672	135.76129150	        -237	         239
 0.10000	 70.82525635	154.27593994	135.53404236	 69.41604614	154.19955444	135.03022766	        -238	         240
 0.10000	 68.57762909	154.02355957	134.76271057	 67.24266052	153.46366882	134.37385559	        -239	         241
 0.10000	 66.37033844	153.43284607	134.16197205	 64.99087524	153.93273926	133.85429382	        -240	         242
 0.10000	 64.09363556	153.97407532	133.84141541	 62.64830399	153.68377686	134.11322021	        -241	         243
 0.10000	 61.79546738	153.44285583	134.25708008	 60.44576645	152.84077454	134.50703430	        -242	         244
 0.10000	 59.56109238	152.72525024	134.60658264	 58.08181763	152.96058655	134.65983582	        -243	         245
 0.10000	 57.19073486	152.95210266	134.76602173	 55.73420334	152.73965454	135.04768372	        -244	         246
 0.10000	 54.86339188	152.60083008	135.21325684	 53.43239975	152.29077148	135.53300476	        -245	         247
 0.10000	 52.53499222	152.29347229	135.52006531	 51.11713791	152.64855957	135.18838501	        -246	         248
 0.10000	 50.27919388	152.64773560	134.86692810	 49.01644516	152.30853271	134.13455200	        -247	         249
 0.10000	 48.23627472	152.27392578	133.69334412	 46.95219421	152.46139526	132.94436646	        -248	         250
 0.10000	 46.15914536	152.55996704	132.53810120	 44.80658722	152.72265625	131.91435242	        -249	         251
 0.10000	 43.95972061	152.77870178	131.62524414	 42.49923706	152.82131958	131.29307556	        -250	         252
 0.10000	 41.63979721	152.72238159	131.05622864	 40.27242279	152.29011536	130.62120056	        -251	         253
 0.10000	 39.42811584	152.32382202	130.31906128	 38.12239456	152.83341980	129.78857422	        -252	         254
 0.10000	 37.35211563	153.18440247	129.49111938	 36.11857224	153.91786194	129.05931091	        -253	         255
 0.10000	 35.41978836	154.22085571	128.58488464	 34.44387054	154.49850464	127.48193359	        -254	         256
 0.10000	 33.77511215	154.52673340	126.88439178	 32.59282684	154.34960938	125.98068237	        -255	         257
 0.10000	 31.88390541	154.05177307	125.51853943	 30.74205780	153.26934814	124.94429016	        -256	         258
 0.10000	 30.18000984	152.66250610	124.59688568	 29.51443481	151.42677307	124.07164001	        -257	         259
 0.10000	 29.04345322	150.73071289	123.75679016	 28.22997856	149.59280396	123.21814728	        -258	         260
 0.10000	 27.51701736	149.10748291	122.96866608	 26.08850861	148.71311951	122.74375153	        -259	         261
 0.10000	 25.24154663	148.54939270	122.49479675	 23.84601784	148.53474426	121.94791412	        -260	         262
 0.10000	 23.10741234	148.22729492	121.54057312	 22.16918182	147.31692505	120.80754089	        -261	         263
 0.10000	 21.70572853	146.77278137	120.26520538	 21.16561127	145.83895874	119.22519684	        -262	         264
 0.10000	 20.82756233	145.34155273	118.55980682	 20.29362297	144.60444641	117.36944580	        -263	         265
 0.10000	 19.82693100	144.28924561	116.67170715	 18.84227180	143.98898315	115.58306122	        -264	         266
 0.10000	 18.29644203	143.77482605	114.90490723	 17.43491936	143.37756348	113.74537659	        -265	         267
 0.10000	 16.91158867	143.16825867	113.04827118	 16.03354454	142.89268494	111.86583710	        -266	         268
 0.10000	 15.49463177	142.51811218	111.25460815	 14.62948322	141.58717346	110.46083069	        -267	         269
 0.10000	 14.12632847	141.01298523	109.99056244	 13.30965900	140.02581787	109.21344757	        -268	         270
 0.10000	 12.88077068	139.32313538	108.85717010	 12.31912804	137.98500061	108.48362732	        -269	         271
 0.10000	 11.86755753	137.28266907	108.15572357	 10.98263645	136.28114319	107.47793579	        -270	         272
 0.10000	 10.34371281	135.78747559	107.08731842	  9.13445282	135.18553162	106.43853760	        -271	         273
 0.10000	  8.34684181	134.83058167	106.19676208	  6.93513489	134.34782410	106.05555725	        -272	         274
 0.10000	  6.18012762	133.87466431	105.94924927	  5.08879614	132.86508179	105.75967407	        -273	         275
 0.10000	  4.65772963	132.08128357	105.68793488	  4.39856482	130.60549927	105.65718842	        -274	         276
 0.10000	  4.33207369	129.71139526	105.62783051	  4.43549252	128.21765137	105.57100677	        -275	         277
 0.10000	  4.44332743	127.32183838	105.53694916	  4.41910076	125.82582855	105.45750427	        -276	         278
 0.10000	  4.25673103	124.94992828	105.55997467	  3.76956773	123.59375000	105.97030640	        -277	         279
 0.10000	  3.37385678	122.82167053	106.19665527	  2.53396726	121.63450623	106.55781555	        -278	         280
 0.10000	  2.01446366	120.94075775	106.78870392	  1.05053902	119.87203979	107.20660400	        -279	         281
 0.10000	  0.72842884	119.06402588	107.42775726	  0.65467691	117.59151459	107.69729614	        -280	         282
 0.10000	  0.72703618	116.72743225	107.92954254	  1.04812860	115.35272217	108.43318176	        -281	         283
 0.10000	  1.46584475	114.57850647	108.61229706	  2.53337336	113.52933502	108.69211578	        -282	         284
 0.10000	  2.98974514	112.75804138	108.74413300	  3.48258328	111.34429932	108.81414032	        -283	         285
 0.10000	  3.64946675	110.46251678	108.82984161	  3.62066174	108.96417999	108.80195618	        -284	         286
 0.10000	  3.82202053	108.08930969	108.81622314	  4.52060175	106.76457214	108.87975311	        -285	         287
 0.10000	  4.69989681	105.88596344	108.92820740	  4.56313276	104.39527130	109.00824738	        -286	         288
 0.10000	  4.73354101	103.52288818	109.13662720	  5.31824398	102.18707275	109.48427582	        -287	         289
 0.10000	  5.86406040	101.48925018	109.63106537	  7.03305912	100.55945587	109.75659180	        -288	         290
 0.10000	  7.86079311	100.23094177	109.86943817	  9.33738422	100.13078308	110.10560608	        -289	         291
 0.10000	 10.23436642	100.13297272	110.12075806	 11.71416664	100.29446411	109.94912720	        -290	         292
 0.10000	 12.60136223	100.38436127	109.85466003	 14.08448792	100.51153564	109.68367767	        -291	         293
 0.10000	 14.94165993	100.77081299	109.63794708	 16.27006149	101.46385956	109.64888000	        -292	         294
 0.10000	 16.99072647	101.99185944	109.72534943	 18.02059746	103.05138397	109.97364807	        -293	         295
 0.10000	 18.60186386	103.72552490	110.08100128	 19.50461197	104.91457367	110.20816803	        -294	         296
 0.10000	 19.97202301	105.67634583	110.28084564	 20.56421471	107.04886627	110.38515472	        -295	         297
 0.10000	 21.15066528	107.72039795	110.48424530	 22.40070724	108.51991272	110.69356537	        -296	         298
 0.10000	 23.21668434	108.87260437	110.81388855	 24.66853333	109.19368744	110.99954987	        -297	         299
 0.10000	 25.53050423	109.39299011	111.14672089	 26.96059418	109.74573517	111.42194366	        -298	         300
 0.10000	 27.83186340	109.75495148	111.63483429	 29.23596764	109.43848419	112.05155945	        -299	         301
 0.10000	 30.07764053	109.23825073	112.28782654	 31.48478699	108.87699890	112.65509796	        -300	         302
 0.10000	 32.24858856	108.53556061	112.97854614	 33.36067963	107.79403687	113.65603638	        -301	         303
 0.10000	 33.88199997	107.26593781	114.16026306	 34.44848251	106.27858734	115.13497925	        -302	         304
 0.10000	 34.78238297	105.65940857	115.69174957	 35.28392410	104.55784607	116.57540131	        -303	         305
 0.10000	 35.70867157	104.03825378	117.17095184	 36.59624100	103.42990112	118.21398163	        -304	         306
 0.10000	 37.09373856	103.05213928	118.85781860	 37.87510681	102.39721680	119.95605469	        -305	         307
 0.10000	 38.36831284	102.17658234	120.67219543	 39.19754410	102.09564209	121.91773987	        -306	         308
 0.10000	 39.72319794	102.09321594	122.64466095	 40.64440155	102.17713928	123.82368469	        -307	         309
 0.10000	 41.18632507	102.27729034	124.53173065	 42.07924652	102.53312683	125.70785522	        -308	         310
 0.10000	 42.52213669	102.69395447	126.47158051	 43.10166931	102.98537445	127.82260895	        -309	         311
 0.10000	 43.38400650	103.06994629	128.67018127	 43.72506714	103.05923462	130.12965393	        -310	         312
 0.10000	 43.93638992	103.05265045	131.00236511	 44.25901031	103.03376007	132.46623230	        -311	         313
 0.10000	 44.67671967	103.02201080	133.26153564	 45.69305420	102.99363708	134.36335754	        -312	         314
 0.10000	 46.26453018	103.07503510	135.05189514	 47.16691589	103.36017609	136.21473694	        -313	         315
 0.10000	 47.69004059	103.51933289	136.92784119	 48.53115463	103.77276611	138.14302063	        -314	         316
 0.10000	 49.03629303	103.88837433	138.87799072	 49.87679291	104.02474976	140.11267090	        -315	           0
