0.00002857
0.00003065
0.00002875
0.00012039
0.00007082
0.00001546
0.00000595
0.00003077
0.00002171
0.00001524
0.00009100
0.00003704
0.00004168
0.00009178
0.00003096
0.00018097
0.00001282
0.00002184
0.00050455
0.00001411
0.00004363
0.00004195
0.00002485
0.00010728
0.00008992
0.00005827
0.00005362
0.00059843
0.00009100
0.00005210
0.00025246
0.00002800
0.00001649
0.00039827
0.00059843
0.00012182
0.00027475
0.00003882
0.00005026
0.00001456
0.00003209
0.00001230
0.00006349
0.00001810
0.00002966
0.00021741
0.00014474
0.00011306
0.00008617
0.00024581
0.00022634
0.00007307
0.00001038
0.00003330
0.00016924
0.00002655
0.00004591
0.00002582
0.00007166
0.00007049
0.00001841
0.00004577
0.00003891
0.00002683
0.00003967
0.00002304
0.00002188
0.00002029
0.00006643
0.00001658
0.00004013
0.00004137
0.00008491
0.00004647
0.00002514
0.00050714
0.00057002
0.00015824
0.00017368
0.00000955
0.00008003
0.00009543
0.00004254
0.00020242
0.00003805
0.00012937
0.00021729
0.00004284
0.00006983
0.00005354
0.00017312
0.00008849
0.00008635
0.00002227
0.00000912
0.00004904
0.00002360
0.00003950
0.00002417
0.00003126
