1.50001
2.36620
3.70935
4.18951
4.59815
5.49326
6.04796
6.36466
6.53264
6.55901
6.54234
5.96115
4.57435
3.75516
2.43897
2.08780
3.02571
3.11376
2.58390
2.11530
1.27384
1.21485
2.22662
2.76307
3.58420
4.42851
5.65696
5.86376
6.28640
7.09453
6.76108
6.51316
6.84871
7.38735
8.46414
9.27348
10.16897
10.57471
10.95079
10.78547
9.97832
10.24574
10.96094
11.81701
13.17007
13.98559
14.91733
15.26680
15.26481
15.31401
15.72678
14.98993
14.07599
14.55073
15.65617
16.47088
16.70028
17.51671
18.71818
19.15427
17.96128
17.39659
18.30317
18.04453
16.69674
15.80065
14.79976
15.54980
16.40298
16.26667
15.62542
15.01934
13.86966
13.17095
11.90318
11.79345
13.06754
12.74966
11.27042
10.69042
11.16868
10.90865
10.67884
9.80164
9.02830
9.25807
10.47853
10.36946
9.03520
8.58074
7.68093
7.15636
6.39752
5.76261
4.50341
3.77239
3.39413
3.27062
3.32959
2.88044
2.92889
3.57278
4.39242
3.83204
2.87318
2.63781
3.66782
3.16302
2.33128
3.02159
4.16857
4.30543
3.84632
3.72793
4.01571
4.87470
4.70955
4.64532
5.41846
5.89015
6.45331
6.71102
6.26420
6.75431
7.52628
8.05714
7.45419
7.33750
7.68495
7.35101
6.92360
6.90938
7.57934
8.29700
9.69361
9.93366
8.91289
8.27730
7.86005
7.63128
7.73755
7.48390
8.07392
8.71467
9.32498
9.11776
10.35169
10.43456
9.18619
9.40595
10.60978
11.15563
10.54577
10.82955
11.96833
12.20285
11.36276
11.25049
11.55848
11.85478
12.63025
13.08138
13.28356
12.42940
12.25783
11.99633
11.79095
10.94119
11.11711
11.00886
10.88494
10.09585
9.80751
9.16992
9.20964
8.46991
7.26641
6.63487
6.16440
5.92768
5.67700
5.79802
6.43166
6.71977
6.77897
7.64327
8.51125
8.83311
10.06971
10.40552
9.14487
9.32631
10.23712
10.84184
9.94107
9.37138
8.94585
8.75066
8.53842
