1.49998
2.19220
2.67367
3.09439
3.67174
3.95698
4.22864
4.38975
4.40781
4.88075
5.67480
6.46221
7.95326
8.35460
7.67209
7.26629
6.70566
6.40442
6.01390
5.92518
6.08391
6.08408
5.93062
6.02877
6.43175
6.79265
7.66307
7.75775
7.11360
6.86101
6.50791
6.54239
6.99078
7.26002
7.68304
8.17105
9.16912
9.77278
10.09642
10.12284
9.59101
9.73717
10.58486
10.99839
11.38416
11.75229
12.37509
12.67796
12.93756
13.47474
14.63687
15.29809
16.22191
17.09666
18.35205
19.12973
20.17743
20.98107
21.59764
22.48050
23.24913
23.47780
23.08942
23.20478
23.81315
24.21294
24.82482
24.78303
24.05541
23.54087
22.81918
22.37688
22.38024
21.85123
20.68586
20.16052
19.70813
19.54383
19.50850
19.57661
19.82195
20.02066
20.41541
20.77560
21.59014
21.95719
22.34584
22.60724
23.05729
23.27945
23.59396
23.67586
23.59407
23.64855
23.95021
23.86381
23.27066
23.17535
23.58150
23.20517
21.82753
21.31306
21.26773
20.83722
20.04206
19.48203
18.43956
18.42565
19.43216
19.97265
20.90355
21.49888
22.58573
23.05280
23.40064
23.88224
24.82777
25.49478
26.65310
27.50140
28.87807
29.61758
30.71944
31.17743
30.82956
30.75787
30.82262
30.26420
28.87306
28.10330
27.98966
28.36758
29.71865
29.90002
29.24066
29.39453
30.50460
30.92220
30.96450
31.23943
31.97902
32.61252
33.62100
34.02106
34.22768
34.47466
35.03876
35.21228
35.24941
34.71591
33.35602
32.64992
32.58592
32.38301
32.06910
31.74408
31.10263
30.75329
30.20874
30.01198
29.84110
30.33536
31.67525
31.83544
30.82460
30.57207
29.84120
29.38086
28.70052
27.98647
27.25131
26.88468
26.56262
26.72181
27.32439
28.19244
29.17329
29.83420
30.89334
31.50632
32.49783
32.59739
33.37666
34.17421
35.48288
36.15975
36.81963
37.17231
37.53508
37.86396
38.47020
38.62521
38.44386
38.49783
38.79465
38.87286
38.95822
38.71820
38.15120
37.45233
35.99115
35.16869
34.02985
33.26876
31.88475
31.36346
31.43618
31.48008
31.42509
32.19376
33.44255
34.34236
35.73683
36.47321
37.37956
37.74589
37.39100
37.50879
38.10379
37.82416
36.53293
35.87330
35.14445
34.62834
33.83818
33.54119
33.64107
33.47443
33.38168
32.65982
31.54559
31.13810
32.19922
32.90753
33.81338
33.86102
33.19954
33.13909
33.57678
33.81084
34.37047
34.10107
32.84470
32.09345
30.98408
30.31714
29.23810
28.62741
27.61464
27.31959
27.60418
27.24472
26.00273
25.63090
25.89151
25.59973
24.78005
25.02982
26.22720
27.05367
27.80750
28.12602
28.00895
27.64577
26.74506
26.13390
25.01860
24.58634
24.41650
25.09689
26.46219
27.13223
27.84133
27.61169
26.32263
25.52705
24.18116
23.43293
23.15875
23.61603
24.99055
25.75920
26.82120
27.63533
27.86320
28.43747
28.91930
29.47809
30.61139
30.92425
30.47193
30.02549
29.44197
29.22088
29.16339
29.28966
29.71771
30.24803
31.39354
32.23278
33.73220
34.59839
35.92559
36.72781
38.13384
38.49052
37.91521
37.40131
36.17133
35.59899
34.93618
34.50014
33.52318
33.59329
34.57951
35.39473
35.87927
36.49355
37.57961
38.34712
38.63482
38.60105
38.21461
37.44647
36.61463
35.96935
34.62107
34.41639
35.56891
36.16026
36.66208
37.39040
38.16806
38.36153
38.13039
37.47608
36.21607
35.79355
35.88709
35.43095
34.47018
33.66531
33.30270
32.88527
32.18905
31.80612
31.46395
31.29014
31.28993
30.84526
29.90747
29.87791
30.83286
31.13387
31.28420
31.13965
30.32512
30.47935
31.55214
32.19594
33.33704
33.45140
32.53925
32.18463
31.94675
31.35635
30.24922
29.52799
28.51314
28.11102
28.08826
27.55573
26.21860
25.71838
25.49510
25.70072
26.44022
27.18402
27.93714
28.56751
30.05574
30.87922
32.07788
32.92215
33.97149
34.19199
33.48973
32.91702
31.60461
30.97392
30.52145
29.68806
28.47650
28.12975
28.71755
28.81698
28.59236
28.00103
27.00507
26.39686
25.65575
24.83165
24.42241
23.63923
22.43786
22.07499
22.53748
22.94730
23.82649
24.48935
25.69145
26.16989
26.66026
26.32237
25.16469
24.28885
23.48917
23.47595
24.23608
25.03273
25.73010
26.52428
27.94108
28.67964
29.20249
29.27721
28.79040
28.74359
29.02978
29.05008
28.76282
29.04842
30.17788
30.56444
30.93862
30.49239
29.01384
28.70799
29.73866
29.52218
28.17499
27.38417
25.98222
25.50021
26.01447
26.36617
27.39203
27.32740
26.16369
25.50596
24.33591
23.82632
23.61532
23.94651
25.17402
25.86001
26.95133
27.76187
28.92915
29.78519
30.44198
30.40981
29.47785
29.02126
28.54517
27.68697
26.56573
25.82937
24.58853
24.26362
24.84198
24.91876
24.87521
24.45916
23.18863
22.77369
23.15249
22.53867
21.07659
20.72885
21.51186
22.28266
22.97508
23.12191
22.68669
22.32149
21.45981
21.23783
21.72673
22.09709
22.91171
23.56791
24.90082
25.56386
26.30823
27.05721
28.46644
29.13292
29.59615
30.07854
30.92012
31.69187
32.58358
33.05318
32.97651
32.95208
33.07398
32.35408
30.97079
30.28312
30.01856
29.76857
29.41666
29.09423
28.36635
28.42687
29.13165
29.97516
31.01344
31.87579
32.57013
33.35189
33.81232
34.16572
34.43628
35.08728
36.30554
36.35469
35.22832
34.42125
33.01471
32.19116
30.93728
30.36264
30.09124
29.88698
29.94698
29.90765
29.74372
29.83887
30.14151
30.54315
31.33663
31.86434
32.75317
33.30572
33.55355
33.74905
34.10728
33.86535
32.81856
32.30581
31.74893
30.99693
29.70813
29.31389
29.54926
30.34184
31.49270
32.09633
32.68873
33.16210
34.10032
34.53526
35.03761
35.31637
35.58360
35.71803
35.73840
36.01039
36.57553
36.93745
37.12527
37.22795
37.05963
37.33612
38.01740
38.13782
37.76610
37.80085
38.21988
38.30160
38.08317
38.42055
39.33360
39.91024
41.01697
40.89707
39.58010
38.81618
37.81201
36.94456
35.70333
35.14869
35.58253
35.71410
35.86591
35.59870
34.88951
34.85104
35.40572
36.07339
37.43438
38.03038
37.82170
38.16332
38.94499
39.80906
41.18289
42.07022
43.50721
44.10245
43.75598
43.70979
43.69057
43.48534
42.82965
42.63678
43.01441
42.71538
41.50758
41.23495
41.90521
41.82521
41.10122
40.59605
39.58353
38.98323
38.04297
37.21103
35.82272
