1.49999
2.39679
3.86900
4.72754
5.82101
6.70418
8.10236
8.94968
9.90253
10.35780
10.72600
11.11442
11.73327
12.26469
13.25849
13.94792
15.26730
15.79462
16.04788
16.18744
16.18126
16.47935
17.22028
17.71791
18.51967
19.29856
20.43728
21.33046
22.44862
22.85866
22.78563
23.09605
23.81147
24.45599
25.75838
26.50181
27.16865
27.82193
29.08436
29.84806
30.84812
31.13788
30.83955
31.10347
32.05228
32.56953
33.33212
33.96485
35.12507
35.41826
35.12890
34.80697
34.00065
33.43164
32.41219
31.57295
30.17168
29.33340
27.95952
27.22991
26.22974
25.53441
24.27188
