1.49999
2.39753
3.88566
4.76742
6.17079
7.01462
8.09060
8.71016
8.65790
9.49394
10.41574
10.72212
9.80204
9.28775
8.32110
8.21679
8.91147
9.39890
10.22389
11.07019
11.73887
12.56851
12.51032
12.89792
13.79313
13.98827
13.64245
13.69861
14.09598
14.40632
14.83507
15.59244
16.89712
16.77027
15.29908
14.50796
13.23438
12.95129
13.59746
13.87889
14.30118
14.61985
15.07334
15.65721
15.87762
16.58961
16.63846
16.50696
15.72070
15.72362
16.61778
16.23298
15.27300
14.69273
15.34451
15.58584
15.65269
15.48979
15.20472
15.92919
16.38791
16.09235
14.90298
14.36217
14.83648
14.91418
14.84398
15.35993
16.25133
16.05535
14.86815
14.20129
13.83907
14.15467
15.10813
15.55382
16.02764
15.80409
15.34879
14.88235
15.13103
14.96014
14.32564
14.16647
14.26715
14.36441
14.53421
14.99458
15.87996
16.58554
16.66149
17.35608
18.28524
18.96300
19.33390
19.69015
20.38515
20.51119
20.08121
20.33287
21.17708
21.70629
22.69997
23.02651
22.85244
23.48889
24.51639
25.27589
26.43429
27.11051
26.41397
26.23393
26.21955
26.56393
27.70683
28.39125
29.72484
30.11103
29.39709
28.61194
28.55159
29.16541
30.57860
31.24883
31.13158
31.43726
31.32045
31.99631
32.71801
33.25195
33.61430
33.65393
33.35380
32.77630
32.38532
32.25819
31.95046
31.71397
31.33092
30.63919
29.32054
28.84475
27.87371
27.36952
26.85278
26.90617
27.72230
27.21429
26.01144
25.62441
25.94506
26.24855
26.41562
26.44336
26.20944
26.08740
26.29974
26.61744
27.42578
27.91163
28.77262
29.07716
29.16651
29.27900
29.16220
29.99920
30.91465
31.42176
30.81053
30.54275
30.28638
29.93870
29.97371
29.29952
27.88392
27.33815
27.19762
27.35661
27.83987
28.60170
29.23508
29.73355
30.69983
31.16706
31.68148
31.70564
31.34469
30.60987
29.95276
29.35304
28.14685
28.01665
29.09614
29.72314
30.29516
30.46453
30.69406
29.83926
28.77492
