1.49985
2.39782
3.88948
4.78472
6.24390
7.12909
8.61467
9.48539
10.88864
11.72740
13.10988
13.94938
15.33620
16.17646
17.42538
18.30078
19.78128
20.67297
22.11802
22.97034
24.22234
25.00190
26.30248
27.10765
28.38464
29.14527
30.34857
31.14058
32.45781
33.30077
34.61632
35.45552
36.87699
37.75144
39.21650
40.09069
41.47141
42.34659
43.71764
44.49843
45.58784
46.24083
47.28707
47.93002
49.04172
49.59509
50.20454
50.84816
52.20795
52.97825
54.15247
54.83633
55.91449
56.60942
57.82373
58.52820
59.66407
60.33624
61.43316
62.16730
63.48705
64.31558
65.73927
66.57561
67.89788
68.69972
70.03255
70.76279
71.81233
72.48066
73.56899
74.24214
75.27606
76.03335
77.42390
78.24870
79.60035
80.38132
81.64143
82.30699
83.21247
83.77530
84.69208
85.38266
86.71392
87.42444
88.46218
88.98641
89.63387
90.07115
90.86305
91.20029
91.49791
91.79280
92.36587
92.87009
93.96644
94.47591
95.04073
95.47394
96.31553
96.80243
97.61557
98.02525
98.56060
98.88105
99.40335
99.71455
100.28878
100.35801
99.94089
99.94129
100.25748
100.64507
101.60671
102.22387
103.33064
104.04828
105.25874
106.08552
107.47148
108.35675
109.79627
110.69412
112.12885
113.01969
114.48590
115.29159
116.42153
117.03636
117.81198
118.29732
119.08173
119.62793
120.60275
121.15261
122.03275
122.41002
122.74102
122.90657
123.07175
123.27947
123.79428
124.04057
124.40695
124.38417
123.92452
123.69413
123.33158
123.11011
122.75988
122.64761
122.61474
122.64983
122.82183
122.87039
122.89723
122.76139
122.32302
121.87870
120.86516
120.20584
118.98245
118.35128
117.48129
116.99223
116.27833
115.99466
115.77768
115.72163
115.75166
115.95237
116.62661
116.86618
117.06941
116.93543
116.27421
115.91548
115.33094
115.07267
114.84848
114.62242
114.20251
113.70605
112.50746
111.98446
111.40758
111.31601
111.61838
111.76969
112.01929
112.17860
112.48293
112.53053
112.38970
112.31805
112.20544
112.07889
111.77012
