0.00039322
0.00039322
0.00030311
0.00036946
0.00056275
0.00058623
0.00093275
0.00128981
0.00148153
0.00148153
0.00078845
0.00057799
0.00053370
0.00046558
0.00060136
0.00060136
0.00043575
0.00070387
0.00103218
0.00104740
0.00104740
0.00089754
0.00121542
0.00189265
0.00224107
0.00224107
0.00192074
0.00124508
0.00073137
0.00065967
0.00041829
0.00046863
0.00046863
0.00040603
0.00099596
0.00158422
0.00158422
0.00145893
0.00094261
0.00073129
0.00056008
0.00056008
0.00045526
0.00034936
0.00030407
0.00013768
0.00023855
0.00048583
0.00122069
0.00177968
0.00193896
0.00193896
0.00175693
0.00101238
0.00049514
0.00033891
0.00029356
0.00022503
0.00023826
0.00043100
0.00071457
0.00090514
0.00126906
0.00143134
0.00143134
0.00102613
0.00050914
0.00021454
0.00020064
0.00019593
0.00037100
0.00039419
0.00061535
0.00085410
0.00085410
0.00057064
0.00039410
0.00033050
0.00055450
0.00139218
0.00189898
0.00218484
0.00218484
0.00278980
0.00307153
0.00307153
0.00291669
0.00264784
0.00264784
0.00231444
0.00188238
0.00159380
0.00166646
0.00166646
0.00151386
0.00117076
0.00056312
0.00066568
0.00085843
0.00089781
0.00089781
0.00069397
0.00073019
0.00073019
0.00072885
0.00072885
0.00053849
0.00053849
0.00052012
0.00030250
0.00030250
0.00041358
0.00041358
0.00040238
0.00039418
0.00039418
0.00035669
0.00060718
0.00077745
0.00080858
0.00080858
0.00060419
0.00050739
0.00050739
0.00036589
0.00030704
0.00024164
0.00036754
0.00036754
0.00036799
0.00040373
0.00040373
0.00041367
0.00041367
0.00041148
0.00025312
0.00030000
0.00053835
0.00053835
0.00027630
0.00022578
0.00037930
0.00038225
0.00038225
0.00031877
0.00039967
0.00039967
0.00030903
0.00040148
0.00070372
0.00121760
0.00146905
0.00193229
0.00193229
0.00176409
0.00117958
0.00121007
0.00121007
0.00079284
0.00037861
0.00054028
0.00065503
0.00077951
0.00077951
0.00107414
0.00130690
0.00130690
0.00123815
0.00151438
0.00154188
0.00154188
0.00096846
0.00043121
0.00047580
0.00047580
0.00036274
0.00040771
0.00040771
0.00043953
0.00064932
0.00064932
0.00051222
0.00040781
0.00040781
0.00027993
0.00038268
0.00060577
0.00060577
0.00054637
0.00093887
0.00135251
0.00161460
0.00161460
0.00147286
0.00134076
0.00105018
0.00073174
0.00031818
0.00026662
0.00052056
0.00059346
0.00059346
0.00103479
0.00138250
0.00138250
0.00145707
0.00145707
0.00134716
0.00134716
0.00120213
0.00114005
0.00059764
0.00052782
0.00050939
0.00030358
0.00075376
0.00139286
0.00169435
0.00169435
0.00160210
0.00170143
0.00174458
0.00174458
0.00170693
0.00191902
0.00191902
0.00146282
0.00072066
0.00044603
0.00024077
0.00024077
0.00014726
0.00018389
0.00025890
0.00058298
0.00080687
0.00080687
0.00073949
0.00056261
0.00056261
0.00067251
0.00073944
0.00073944
0.00090906
0.00118637
0.00122890
0.00150056
0.00193435
0.00207679
0.00207679
0.00160802
0.00168068
0.00178609
0.00178609
0.00126411
0.00048975
0.00042301
0.00036697
0.00020854
0.00032257
0.00032257
0.00033361
0.00054172
0.00058401
0.00058401
0.00041632
0.00034120
0.00034120
0.00031893
0.00032475
0.00032475
0.00029607
0.00029607
0.00033027
0.00033027
0.00030567
0.00030001
0.00026133
0.00026133
0.00037101
0.00039445
0.00039445
0.00039319
0.00081127
0.00113049
0.00113049
0.00074591
0.00036033
0.00036033
0.00036624
0.00036624
0.00035157
0.00035157
0.00039883
0.00039883
0.00051157
0.00052798
0.00052798
0.00051873
0.00051873
0.00050274
0.00050274
0.00050265
0.00050265
0.00046091
0.00046091
0.00075878
0.00107380
0.00109711
0.00109711
0.00078482
0.00055680
0.00074431
0.00080962
0.00080962
0.00052823
