 0.10000	 35.05986023	 12.15296555	 44.55764771	 36.29124832	 11.30684090	 44.69071579	           0	           2
 0.10000	 37.15097809	 11.06774521	 44.80738068	 38.63388062	 11.24564171	 44.94587708	          -1	           3
 0.10000	 39.35671234	 11.42393970	 45.45129395	 39.93571472	 11.65970612	 46.81471634	          -2	           4
 0.10000	 40.10507584	 12.30605030	 47.41749954	 39.89201736	 13.77423286	 47.63848495	          -3	           5
 0.10000	 39.66968536	 14.58137512	 47.96829224	 39.00959396	 15.73099804	 48.66993332	          -4	           6
 0.10000	 38.87631989	 16.52568054	 49.07033157	 39.00883484	 17.84518433	 49.77109909	          -5	           7
 0.10000	 39.31733704	 18.68898964	 49.82109833	 40.18590546	 19.82545662	 49.36968231	          -6	           8
 0.10000	 40.50963593	 20.38205719	 48.74108887	 40.71238327	 20.90218163	 47.34892273	          -7	           9
 0.10000	 40.51970291	 20.78022003	 46.47852325	 39.82044601	 19.85049820	 45.53178787	          -8	          10
 0.10000	 39.18961716	 19.43731689	 45.04106903	 37.81895828	 18.94859695	 44.67785263	          -9	          11
 0.10000	 37.22207642	 18.67444992	 44.06323624	 36.77802658	 18.35538673	 42.66675949	         -10	          12
 0.10000	 36.45591736	 18.25888634	 41.83271027	 35.96080017	 18.29551888	 40.41767502	         -11	          13
 0.10000	 35.55343246	 18.26923752	 39.61642075	 34.80730820	 18.20830154	 38.31694412	         -12	          14
 0.10000	 34.05322647	 18.05805969	 37.85012817	 32.59973145	 17.68876457	 37.83482361	         -13	          15
 0.10000	 31.75676346	 17.43734550	 37.64675140	 30.50129700	 16.86119270	 37.06263733	         -14	          16
 0.10000	 29.60687447	 16.92256737	 37.13577271	 28.55467033	 17.64869118	 37.91963577	         -15	          17
 0.10000	 27.76659584	 18.01334763	 38.15147781	 26.37527466	 18.56142807	 38.25809860	         -16	          18
 0.10000	 25.54183006	 18.87271309	 38.13661194	 24.21498680	 19.32667923	 37.60763931	         -17	          19
 0.10000	 23.42194176	 19.59308815	 37.28321457	 22.12084389	 20.05004883	 36.69657516	         -18	          20
 0.10000	 21.32153511	 20.16792297	 36.30654144	 20.00427055	 20.10867882	 35.59436035	         -19	          21
 0.10000	 19.19618797	 20.02223587	 35.21362686	 17.82646561	 19.77817535	 34.65594482	         -20	          22
 0.10000	 17.02384186	 19.54784203	 34.32487869	 15.77013493	 19.09192467	 33.64035797	         -21	          23
 0.10000	 15.02831173	 18.60649872	 33.79110336	 14.32976246	 17.80410194	 34.84807587	         -22	          24
 0.10000	 14.13800430	 17.29915047	 35.56712341	 14.37666893	 16.56585121	 36.85329437	         -23	          25
 0.10000	 14.44038486	 16.11257553	 37.62730789	 14.54133892	 15.38970566	 38.93736649	         -24	          26
 0.10000	 14.45990467	 14.84859180	 39.65120316	 13.92930508	 13.86364365	 40.65010834	         -25	          27
 0.10000	 14.15195942	 13.19483566	 41.20927048	 15.16779423	 12.23710346	 41.75745010	         -26	          28
 0.10000	 16.03025818	 12.02588940	 41.90314865	 17.46533012	 12.38484097	 41.65525055	         -27	          29
 0.10000	 18.22158813	 12.86414433	 41.56553650	 19.13166809	 14.05011368	 41.44311523	         -28	          30
 0.10000	 19.43191528	 14.89706230	 41.39592361	 19.34067345	 16.39409637	 41.41409302	         -29	          31
 0.10000	 19.54009628	 17.26129150	 41.28002167	 20.03945732	 18.56675148	 40.73571777	         -30	          32
 0.10000	 20.72006989	 19.14605904	 40.84074783	 21.95846939	 19.16796684	 41.68674850	         -31	          33
 0.10000	 22.65072250	 19.73848152	 41.75759125	 23.08641243	 21.06592178	 41.21200562	         -32	          34
 0.10000	 23.55977631	 21.62512589	 40.69009018	 24.42235565	 22.05277824	 39.54026031	         -33	          35
 0.10000	 24.96265030	 22.23956680	 38.84628296	 25.95564270	 22.30903435	 37.72484589	         -34	          36
 0.10000	 26.22971725	 22.50476456	 36.89155960	 26.05962753	 22.99928856	 35.48653793	         -35	          37
 0.10000	 26.14038467	 23.27416801	 34.63555145	 26.47926140	 23.71694565	 33.24431229	         -36	          38
 0.10000	 26.67035103	 23.93540573	 32.39523697	 26.96006775	 24.18905640	 30.94690895	         -37	          39
 0.10000	 27.29045868	 24.47870827	 30.16458702	 28.08405685	 25.14106560	 29.07950211	         -38	          40
 0.10000	 28.47624016	 25.58583260	 28.40604019	 29.00259399	 26.42251968	 27.27943993	         -39	          41
 0.10000	 29.36558533	 26.92144775	 26.62721252	 29.99036407	 27.80503654	 25.58974075	         -40	          42
 0.10000	 30.53593254	 28.12607574	 24.95173073	 31.74400330	 28.20899963	 24.06714058	         -41	          43
 0.10000	 32.07951355	 28.41445351	 23.25821495	 31.91236115	 28.72443008	 21.80031013	         -42	          44
 0.10000	 31.59891891	 29.33559418	 21.21903229	 30.78001404	 30.59086418	 21.16072464	         -43	          45
 0.10000	 30.50534058	 31.44577599	 21.10325432	 30.30485535	 32.93151093	 21.14850044	         -44	          46
 0.10000	 30.57427025	 33.78917694	 21.18752098	 31.66495514	 34.80715179	 21.34222031	         -45	          47
 0.10000	 32.05009460	 35.60459518	 21.18276596	 32.25482941	 36.93622208	 20.52359200	         -46	          48
 0.10000	 32.28877640	 37.79098892	 20.24484253	 32.03594208	 39.21344376	 19.84189224	         -47	          49
 0.10000	 32.19299698	 40.09370422	 19.94292641	 32.75219345	 41.23261261	 20.74294853	         -48	          50
 0.10000	 33.42547989	 41.82139969	 20.84169197	 34.79720306	 42.25040817	 20.41257668	         -49	          51
 0.10000	 35.59438705	 42.58557129	 20.16399765	 36.95718765	 42.99793243	 19.69225883	         -50	          52
 0.10000	 37.38604355	 43.73125458	 19.39535332	 37.08410263	 45.16509628	 19.07488632	         -51	          53
 0.10000	 37.13212585	 46.05999756	 18.99452400	 37.44086838	 47.52360535	 19.10452461	         -52	          54
 0.10000	 37.49093246	 48.42118073	 19.14222527	 37.35510254	 49.90865707	 19.00541306	         -53	          55
 0.10000	 37.35810852	 50.64596176	 19.52133942	 37.56135941	 50.98133469	 20.96911812	         -54	          56
 0.10000	 37.33031845	 51.38251114	 21.74073410	 36.49951553	 52.16686249	 22.71245575	         -55	          57
 0.10000	 35.79649353	 52.37272644	 23.23488998	 34.40793610	 52.33389282	 23.80054665	         -56	          58
 0.10000	 33.65316010	 51.94136429	 24.09344482	 32.78900909	 50.75633621	 24.40745735	         -57	          59
 0.10000	 32.22718430	 50.05572891	 24.35355949	 31.32484055	 48.95428085	 23.88216400	         -58	          60
 0.10000	 31.02105331	 48.22671509	 23.44869232	 30.98192024	 47.15007401	 22.40512848	         -59	          61
 0.10000	 30.95342064	 46.27727509	 22.18828201	 30.84065437	 44.82681656	 22.55330467	         -60	          62
 0.10000	 31.27084732	 44.06345367	 22.75770760	 32.56338501	 43.41485977	 23.15547752	         -61	          63
 0.10000	 33.34547424	 42.97464371	 23.09343719	 34.59780121	 42.40231705	 22.49898338	         -62	          64
 0.10000	 35.28389359	 41.91816330	 22.17692184	 36.30699158	 40.90311813	 21.76216316	         -63	          65
 0.10000	 36.72551727	 40.44227219	 21.11322212	 36.96682739	 40.10872650	 19.67132950	         -64	          66
 0.10000	 36.82966995	 39.85352707	 18.82058144	 36.08111572	 39.47854614	 17.57697487	         -65	          67
 0.10000	 35.69628143	 39.24582291	 16.79975319	 35.04986572	 38.86980820	 15.50073242	         -66	          68
 0.10000	 34.79343414	 38.59603500	 14.68517017	 34.58113861	 38.13480759	 13.27489185	         -67	          69
 0.10000	 34.51726151	 37.59957504	 12.55689812	 34.58170319	 36.37003326	 11.70206261	         -68	          70
 0.10000	 34.50889969	 35.66079712	 11.15643501	 34.22319412	 34.50861740	 10.24113941	         -69	          71
 0.10000	 34.07379150	 33.76769638	  9.75593758	 33.90142441	 32.44859695	  9.06449986	         -70	          72
 0.10000	 33.56051636	 31.73067665	  8.64440155	 32.53471756	 30.86538506	  7.97507048	         -71	          73
 0.10000	 32.38399124	 30.01060104	  7.73880672	 33.00371933	 28.64645958	  7.80603552	         -72	          74
 0.10000	 33.20116806	 27.76925850	  7.77536488	 33.46186829	 26.30026436	  7.62154007	         -73	          75
 0.10000	 33.28438950	 25.42913246	  7.76003647	 32.52062225	 24.23667717	  8.25434399	         -74	          76
 0.10000	 31.91856575	 23.79881859	  8.75970364	 30.82682419	 23.70202446	  9.78364563	         -75	          77
 0.10000	 30.21245956	 23.83105278	 10.42834949	 29.43051529	 24.56626129	 11.47613430	         -76	          78
 0.10000	 28.71852112	 24.51689720	 12.02423191	 27.57960892	 23.67743492	 12.52227497	         -77	          79
 0.10000	 26.76341820	 23.36623764	 12.73856831	 25.29750824	 23.05242920	 12.68908596	         -78	          80
 0.10000	 24.57604218	 23.00744820	 13.22506714	 24.14736176	 23.23226738	 14.64473152	         -79	          81
 0.10000	 23.78507614	 23.37255669	 15.45630550	 23.16516495	 23.52931404	 16.81303024	         -80	          82
 0.10000	 22.83798218	 24.08305168	 17.44206238	 22.51750565	 25.51091003	 17.77029610	         -81	          83
 0.10000	 22.37570572	 26.17108536	 18.36407089	 22.27582359	 26.81131744	 19.71621513	         -82	          84
 0.10000	 22.35226631	 27.19503212	 20.52494049	 22.70809364	 27.74011040	 21.87528992	         -83	          85
 0.10000	 22.97193527	 28.05774879	 22.67266846	 23.54188538	 28.53469658	 23.97443962	         -84	          86
 0.10000	 23.80354881	 28.91510582	 24.74472046	 24.18713188	 29.64291763	 25.99801064	         -85	          87
 0.10000	 24.12536621	 30.24509621	 26.66221046	 23.51418495	 31.38764191	 27.41676903	         -86	          88
 0.10000	 23.26096725	 32.04697037	 27.97301292	 22.99782372	 33.00962830	 29.09234810	         -87	          89
 0.10000	 22.73611832	 33.82233047	 29.37504196	 22.31419754	 35.23436356	 29.09687042	         -88	          90
 0.10000	 21.84409523	 35.97635651	 28.90305328	 20.87198830	 37.02207565	 28.44395065	         -89	          91
 0.10000	 20.03528976	 37.22254562	 28.18138504	 18.65937614	 36.69553375	 27.90161896	         -90	          92
 0.10000	 17.81786537	 36.46034241	 27.68873405	 16.41757011	 36.13214874	 27.26402283	         -91	          93
 0.10000	 15.66163731	 35.66061783	 27.14210510	 14.60532761	 34.59696198	 27.18247604	         -92	          94
 0.10000	 14.34221268	 33.73732758	 27.17824745	 14.65223122	 32.27048111	 27.19772720	         -93	          95
 0.10000	 14.82813835	 31.40213966	 27.04920769	 15.23130322	 30.03719711	 26.57855034	         -94	          96
 0.10000	 15.37439632	 29.23410416	 26.20347595	 15.47525311	 27.95984650	 25.42069435	         -95	          97
 0.10000	 15.46432304	 27.21049118	 24.92639160	 15.30432415	 26.01198769	 24.04047394	         -96	          98
 0.10000	 15.27385712	 25.24134254	 23.58030701	 15.34830570	 23.89810753	 22.91858482	         -97	          99
 0.10000	 15.18546295	 23.06756401	 22.61605835	 14.57907104	 21.72425079	 22.33935738	         -98	         100
 0.10000	 14.47490215	 20.95067596	 21.89237785	 14.68279934	 19.89027405	 20.85221672	         -99	           0
