0.00044262
0.00063537
0.00066114
0.00066114
0.00049343
0.00034595
0.00053516
0.00064652
0.00064652
0.00065933
0.00121455
0.00123007
0.00123007
0.00151496
0.00199716
0.00271285
0.00298604
0.00298604
0.00255777
0.00192818
0.00126070
0.00082482
0.00053669
0.00035100
0.00036075
0.00054653
0.00071254
0.00071254
0.00062937
0.00061294
0.00061294
0.00049911
0.00033108
0.00033656
0.00039263
0.00060458
0.00060458
0.00057356
0.00048234
0.00038436
0.00038436
0.00046807
0.00093811
0.00112263
0.00112263
0.00085670
0.00040640
0.00054277
0.00054277
0.00045473
0.00039388
0.00057543
0.00078859
0.00078859
0.00061986
0.00038667
0.00038667
0.00049550
0.00049550
0.00044960
0.00019870
0.00039312
0.00045136
0.00073085
0.00077109
0.00077109
0.00070489
0.00037229
0.00042279
0.00045833
0.00045833
0.00039838
0.00039838
0.00036331
0.00052306
0.00052306
0.00063164
0.00063164
0.00059303
0.00049701
0.00028446
0.00028446
0.00043717
0.00043717
0.00055345
0.00055345
0.00052575
0.00033835
0.00030521
0.00060115
0.00087684
0.00087684
0.00061629
0.00063162
0.00084393
0.00084393
0.00070532
0.00080848
0.00080848
0.00056145
0.00042696
0.00042696
0.00047877
0.00047877
0.00031761
0.00041175
0.00041175
0.00039141
0.00047702
0.00109932
0.00146316
0.00146316
0.00142488
0.00091888
0.00074929
0.00067649
0.00112620
0.00112620
0.00110190
0.00071228
0.00040051
0.00050150
0.00080478
0.00102523
0.00102523
0.00097540
0.00097540
0.00095803
0.00095803
0.00081405
0.00049161
0.00042286
0.00064084
0.00064084
0.00045619
0.00045619
0.00025717
0.00036518
0.00036518
0.00036959
0.00060022
0.00060022
0.00049730
0.00050884
0.00050884
0.00063914
0.00153364
0.00229976
0.00256692
0.00256692
0.00244786
0.00209549
0.00196683
0.00166396
0.00137494
0.00122106
0.00079944
0.00062419
0.00041715
0.00061392
0.00061392
0.00053024
0.00053024
0.00114270
0.00163869
0.00198319
0.00236532
0.00302280
0.00348997
0.00348997
0.00324058
0.00249760
0.00154389
0.00109013
0.00080223
0.00048280
0.00070348
0.00070348
0.00060281
0.00054093
0.00103498
0.00124325
0.00124325
0.00078864
0.00082252
0.00082252
0.00076896
0.00063774
0.00047180
0.00059570
0.00059570
0.00049258
0.00040084
0.00040084
0.00037438
0.00047926
0.00054053
0.00054053
0.00029550
0.00062300
0.00084054
0.00084054
0.00124462
0.00150469
0.00159119
0.00159119
0.00114796
0.00058120
0.00029972
0.00032691
0.00048726
0.00048726
0.00043546
0.00043546
0.00030834
0.00044549
0.00044549
0.00043871
0.00054288
0.00054288
0.00067026
0.00067026
0.00044494
0.00038646
0.00037677
0.00056503
0.00056503
0.00062143
0.00076570
0.00076570
0.00072401
0.00102755
0.00175785
0.00202773
0.00202773
0.00191929
0.00144081
0.00104737
0.00088405
0.00080151
0.00057751
0.00053854
0.00050561
0.00036236
0.00058631
0.00063939
0.00077992
0.00091546
0.00134358
0.00139741
0.00139741
0.00110406
0.00039184
0.00046890
0.00046890
0.00044296
0.00050548
0.00050548
0.00041034
0.00083388
0.00153699
0.00165288
0.00165288
0.00135165
0.00098864
0.00063366
0.00134905
0.00177340
0.00181906
0.00231042
0.00258428
0.00258428
0.00287863
0.00287863
0.00270995
0.00208105
0.00134253
0.00134253
0.00088077
0.00054103
0.00090611
0.00141529
0.00165506
0.00198689
0.00243782
0.00279253
0.00279253
0.00252616
0.00185521
0.00096463
0.00058589
0.00023478
0.00087819
0.00143031
0.00199193
0.00220160
0.00220160
0.00207321
0.00146090
0.00080776
0.00039064
0.00048118
0.00057852
0.00057852
0.00046270
0.00077348
0.00112851
0.00154731
0.00209084
0.00235360
0.00235360
0.00225246
0.00183578
0.00170036
0.00097900
0.00049587
