0.00001153
0.00005185
0.00005185
0.00002776
0.00005689
0.00008023
0.00008023
0.00006544
0.00006544
0.00005414
0.00004751
0.00004751
0.00004379
0.00004955
0.00004955
0.00004414
0.00004414
0.00002293
0.00002948
0.00002948
0.00003688
0.00006123
0.00006123
0.00003382
0.00003382
0.00001775
0.00001727
0.00001791
0.00003379
0.00003379
0.00004662
0.00005767
0.00005767
0.00003684
0.00003684
0.00004883
0.00004917
0.00004917
0.00002533
0.00001758
0.00001758
0.00004153
0.00004550
0.00004550
0.00003584
0.00002461
0.00002461
0.00003149
0.00003149
0.00008241
0.00008241
0.00004968
0.00002791
0.00003144
0.00005634
0.00005634
0.00001436
0.00004422
0.00004422
0.00002952
0.00006751
0.00006751
0.00015922
0.00023670
0.00023670
0.00022471
0.00010160
0.00002535
0.00006245
0.00006245
0.00004774
0.00000714
0.00004277
0.00004277
0.00001473
0.00002729
0.00005233
0.00005233
0.00003610
0.00003610
0.00003474
0.00002754
0.00006126
0.00006126
0.00005158
0.00003348
0.00003744
0.00003744
0.00002437
0.00005723
0.00005723
0.00004656
0.00004656
0.00001378
0.00003824
0.00006140
0.00006140
0.00005422
0.00007860
0.00007860
