 0.10000	 39.06161880	 28.73980141	 12.72167683	 39.17995071	 30.20323944	 13.02874279	           0	           2
 0.10000	 39.25228119	 31.04340172	 13.34299946	 39.29708099	 32.41930008	 13.93860531	          -1	           3
 0.10000	 39.56991196	 32.68246460	 14.75482082	 40.08415604	 31.76248169	 15.82208061	          -2	           4
 0.10000	 40.40860748	 31.29568100	 16.51965523	 40.94120407	 30.53615952	 17.69831085	          -3	           5
 0.10000	 41.26766205	 29.82607079	 18.14427567	 41.84362411	 28.44728470	 18.27441978	          -4	           6
 0.10000	 41.75901031	 27.57607841	 18.48284912	 40.97613144	 26.35577011	 18.86693764	          -5	           7
 0.10000	 40.31812286	 25.78511429	 19.09238434	 38.94420242	 25.27570534	 19.41230583	          -6	           8
 0.10000	 38.11972427	 24.98170853	 19.62029839	 36.76471710	 24.44641876	 19.97678185	          -7	           9
 0.10000	 35.90692520	 24.63286781	 20.17469788	 34.72283936	 25.52453995	 20.40424156	          -8	          10
 0.10000	 34.58577728	 26.41386604	 20.41528702	 35.52508926	 27.57580376	 20.28316498	          -9	          11
 0.10000	 35.93601990	 28.24679565	 19.84643173	 36.43827438	 28.97535896	 18.63532448	         -10	          12
 0.10000	 36.71880722	 29.46678543	 17.93564796	 37.26435089	 30.35284233	 16.85530853	         -11	          13
 0.10000	 37.03529358	 30.61428452	 16.02522087	 35.87176514	 30.36049271	 15.11327362	         -12	          14
 0.10000	 35.54390335	 30.40567398	 14.27642441	 35.65258408	 30.66259575	 12.80262280	         -13	          15
 0.10000	 35.56833649	 30.89981651	 11.93859005	 35.44173050	 31.67714691	 10.66199780	         -14	          16
 0.10000	 34.95817566	 31.30176544	 10.00233078	 34.37554932	 29.94786072	 10.28024578	         -15	          17
 0.10000	 33.77563477	 29.28241348	 10.36173725	 32.55022812	 28.46829987	 10.65293312	         -16	          18
 0.10000	 31.76070404	 28.04037476	 10.70235634	 30.35856056	 27.51269341	 10.63432693	         -17	          19
 0.10000	 29.58634377	 27.11876297	 10.39477062	 28.48682594	 26.40063667	  9.67054558	         -18	          20
 0.10000	 27.84877968	 25.95929909	  9.21528625	 26.74038696	 25.21723938	  8.52946091	         -19	          21
 0.10000	 26.59342957	 24.80979729	  7.74070120	 27.23520851	 24.77160835	  6.38550091	         -20	          22
 0.10000	 27.73274803	 24.07521629	  6.10728598	 28.23185349	 22.90119553	  6.89631510	         -21	          23
 0.10000	 28.06080437	 22.50290680	  7.68504095	 27.12780762	 22.89061737	  8.79371548	         -22	          24
 0.10000	 26.50987625	 22.98318672	  9.44140148	 25.18623734	 23.16807175	 10.12238121	         -23	          25
 0.10000	 25.16821098	 23.01692200	 11.00938034	 26.51389694	 22.69210625	 11.58693027	         -24	          26
 0.10000	 26.77926064	 22.14669609	 12.25179577	 26.23036575	 21.07374763	 13.14475918	         -25	          27
 0.10000	 25.92596245	 20.41636086	 13.67863464	 25.25381851	 19.39286995	 14.54500675	         -26	          28
 0.10000	 25.15709496	 18.53614616	 14.80302811	 25.65988731	 17.17089653	 14.43796921	         -27	          29
 0.10000	 25.43813705	 16.51456451	 15.01245689	 24.69566345	 16.67437744	 16.30595970	         -28	          30
 0.10000	 24.22437859	 17.40107536	 16.55032158	 24.41198730	 18.58279610	 15.64570332	         -29	          31
 0.10000	 23.71182251	 19.05328941	 15.33210182	 22.29407310	 18.58167839	 15.46442223	         -30	          32
 0.10000	 21.44651222	 18.86133194	 15.34914875	 20.54527283	 20.02816010	 15.07316875	         -31	          33
 0.10000	 19.82563400	 20.33037186	 14.62520885	 18.75886917	 20.06549263	 13.60455322	         -32	          34
 0.10000	 18.08567047	 20.13319969	 13.01119709	 17.07899666	 20.63279915	 12.01775455	         -33	          35
 0.10000	 16.26943398	 20.41702652	 11.68917179	 15.12324047	 19.51463699	 12.03834438	         -34	          36
 0.10000	 14.84658146	 18.84664917	 11.50241661	 15.58627892	 18.45617485	 10.25729084	         -35	          37
 0.10000	 15.67756367	 17.96587372	  9.50816822	 15.41929054	 17.12108421	  8.29590988	         -36	          38
 0.10000	 15.23549080	 16.26236343	  8.09914207	 14.80754948	 14.95243931	  8.69154263	         -37	          39
 0.10000	 15.15721416	 14.51445198	  9.39572334	 16.28212929	 14.98371220	 10.26997185	         -38	          40
 0.10000	 16.73559952	 15.40767097	 10.92153168	 16.80862999	 16.54117012	 11.90121365	         -39	          41
 0.10000	 17.55475998	 16.73291397	 12.36649132	 18.91500854	 16.12920189	 12.17894459	         -40	          42
 0.10000	 19.33078766	 15.34915924	 12.34802341	 18.84441185	 13.98783207	 12.74819756	         -41	          43
 0.10000	 18.79129219	 13.13412857	 13.02796173	 18.72249603	 11.68115044	 13.39411449	         -42	          44
 0.10000	 19.18982506	 11.22259808	 14.01159096	 20.35528755	 11.58863735	 14.88204670	         -43	          45
 0.10000	 20.56986237	 12.21841812	 15.48808098	 20.07503891	 13.59691525	 15.81190395	         -44	          46
 0.10000	 19.39209938	 13.83803463	 16.34617233	 18.35713768	 12.95743847	 16.98127937	         -45	          47
 0.10000	 17.69204140	 12.53005695	 17.41122627	 16.62209129	 11.85224056	 18.21475792	         -46	          48
 0.10000	 15.99482536	 11.20786953	 18.25010490	 15.51684952	 10.04848862	 17.42710495	         -47	          49
 0.10000	 14.69431877	  9.69793797	 17.52972794	 13.63946819	 10.15067482	 18.49526024	         -48	          50
 0.10000	 13.13094711	 10.71069908	 18.98278999	 12.76668167	 12.06196022	 19.52254486	         -49	          51
 0.10000	 12.90172863	 12.88240242	 19.86681175	 13.78834152	 14.04945946	 20.18584251	         -50	          52
 0.10000	 14.09170437	 14.63618469	 20.79704857	 14.05921555	 15.16840553	 22.19902229	         -51	          53
 0.10000	 14.51225376	 15.31381989	 22.96278000	 15.74558449	 15.07941341	 23.78351212	         -52	          54
 0.10000	 16.46702766	 15.14638329	 24.31687737	 17.64371872	 15.52268505	 25.16731834	         -53	          55
 0.10000	 18.40708351	 15.71653461	 25.60208893	 19.74600601	 16.07533836	 26.17487144	         -54	          56
 0.10000	 20.55554581	 16.03369904	 26.56545448	 21.70341492	 15.27300835	 27.16010094	         -55	          57
 0.10000	 22.38168716	 15.74284458	 27.51943588	 22.39843750	 17.23826408	 27.63509369	         -56	          58
 0.10000	 22.05427551	 17.95665932	 27.21632004	 21.15074158	 18.00989151	 26.02021027	         -57	          59
 0.10000	 20.33304024	 18.15315819	 25.67276955	 18.84711647	 18.27095413	 25.84011078	         -58	          60
 0.10000	 17.95544243	 18.38926506	 25.86618233	 16.50050735	 18.75330544	 25.88825798	         -59	          61
 0.10000	 15.62516022	 18.56428528	 25.97726822	 14.55617428	 17.54042435	 26.21990776	         -60	          62
 0.10000	 13.67636395	 17.39627838	 26.34255028	 12.23824024	 17.80004692	 26.47930908	         -61	          63
 0.10000	 11.64093304	 18.47281837	 26.50240707	 11.27978897	 19.90255547	 26.22784424	         -62	          64
 0.10000	 11.69709778	 20.59604263	 26.62137985	 12.87520409	 20.46525574	 27.54056168	         -63	          65
 0.10000	 13.52910519	 20.02144051	 27.97104073	 14.12967968	 18.66556168	 28.19639206	         -64	          66
 0.10000	 14.53990555	 17.88996506	 28.39624786	 15.17826843	 16.57023239	 28.71340179	         -65	          67
 0.10000	 15.65395927	 15.86561966	 29.00843048	 16.45858192	 14.89635372	 29.82267570	         -66	          68
 0.10000	 17.18434525	 14.38069248	 29.69126892	 18.03013611	 14.07133865	 28.49174690	         -67	          69
 0.10000	 18.90382004	 14.08730888	 28.27658844	 20.29442024	 14.31662273	 28.78997993	         -68	          70
 0.10000	 20.65107155	 15.09379959	 29.07058907	 20.00648117	 16.44661903	 29.13640022	         -69	          71
 0.10000	 19.30112267	 16.88665009	 29.48104286	 18.04875183	 16.41529083	 30.15878868	         -70	          72
 0.10000	 17.29220009	 16.73895454	 30.52311325	 16.43648148	 17.94966698	 30.75071144	         -71	          73
 0.10000	 16.07231903	 18.54616547	 31.31766891	 15.66992378	 19.11522865	 32.64590073	         -72	          74
 0.10000	 16.26971436	 19.45560646	 33.22414398	 17.73731422	 19.45996094	 32.91421127	         -73	          75
 0.10000	 18.61769676	 19.28004074	 32.96320343	 19.86433220	 18.45591545	 33.09210968	         -74	          76
 0.10000	 20.69053078	 18.46373749	 33.44873047	 21.71509933	 18.99306297	 34.40788651	         -75	          77
 0.10000	 21.89085960	 19.87451935	 34.45363235	 21.16383171	 20.81562996	 33.53949738	         -76	          78
 0.10000	 20.44868088	 21.33058548	 33.35722733	 18.99415207	 21.57526207	 33.62983322	         -77	          79
 0.10000	 18.18350220	 21.93906593	 33.77233887	 16.86051178	 22.61601448	 33.97566986	         -78	          80
 0.10000	 16.61833382	 23.41565323	 34.31003571	 17.41572571	 24.53475380	 34.91147232	         -79	          81
 0.10000	 17.73250961	 25.36833572	 35.03257370	 18.08749771	 26.82567024	 35.03860092	         -80	          82
 0.10000	 18.35998535	 27.31746101	 34.33592606	 18.43667603	 26.80735970	 32.92740250	         -81	          83
 0.10000	 18.88212395	 26.72743034	 32.14954376	 19.89502335	 26.67289734	 31.04455376	         -82	          84
 0.10000	 20.75188255	 26.89783478	 31.20304108	 21.19481850	 27.13128090	 32.61698532	         -83	          85
 0.10000	 21.25232887	 27.90896225	 33.06621933	 20.67423630	 29.20660782	 32.58477402	         -84	          86
 0.10000	 20.44748306	 30.03675270	 32.84786606	 20.22941971	 31.08541870	 33.89787674	         -85	          87
 0.10000	 20.31109047	 31.71141434	 34.53918457	 21.00491524	 32.49345398	 35.61478806	         -86	          88
 0.10000	 20.67855644	 33.18684387	 36.08665848	 19.29348755	 33.75465393	 35.99124527	         -87	          89
 0.10000	 18.94743347	 34.56676483	 36.16616058	 19.26973152	 35.97632217	 36.56515503	         -88	          90
 0.10000	 20.10769463	 36.27957153	 36.69071960	 21.33623123	 35.42949295	 36.55689240	         -89	          91
 0.10000	 22.10930252	 34.97325134	 36.49384308	 23.49668121	 34.41344070	 36.38579178	         -90	          92
 0.10000	 23.84811974	 33.58554077	 36.35555649	 23.37854195	 32.17464828	 36.15841675	         -91	          93
 0.10000	 22.84897232	 31.77289391	 36.76507950	 22.22606468	 32.61378860	 37.83972168	         -92	          94
 0.10000	 22.32112885	 32.90483475	 38.68593979	 23.42435265	 32.91864395	 39.70211411	         -93	          95
 0.10000	 23.53339005	 33.47543716	 40.40062714	 22.85620308	 34.72359467	 40.88377762	         -94	          96
 0.10000	 22.10188103	 35.17940521	 41.06571198	 20.60315704	 35.17180634	 41.12616730	         -95	          97
 0.10000	 19.97081757	 35.19880295	 40.48638535	 19.96781921	 35.14197159	 38.98752213	         -96	          98
 0.10000	 19.91473198	 35.20856476	 38.09175110	 20.01206589	 35.25091171	 36.59558868	         -97	          99
 0.10000	 19.81194878	 35.56056213	 35.77466965	 19.36952400	 35.83645630	 34.36820984	         -98	         100
 0.10000	 19.12429428	 36.01091003	 33.51987076	 18.73713112	 36.32238388	 32.10452271	         -99	           0
