 0.20000	153.44847107	313.30987549	130.54756165	154.46481323	312.82846069	131.53984070	           0	           2
 0.20000	155.06828308	312.48138428	132.10882568	156.06987000	311.82336426	133.00984192	          -1	           3
 0.20000	156.60661316	311.28530884	133.48937988	157.39588928	310.19140625	134.14433289	          -2	           4
 0.20000	157.63279724	309.42077637	134.54255676	157.52986145	308.04882812	135.13842773	          -3	           5
 0.20000	157.61436462	307.27267456	135.58264160	157.95922852	306.06198120	136.39642334	          -4	           6
 0.20000	158.15341187	305.35021973	136.90754700	158.47956848	304.18640137	137.79344177	          -5	           7
 0.20000	158.73680115	303.45901489	138.25048828	159.25411987	302.20739746	138.89115906	          -6	           8
 0.20000	159.65327454	301.52700806	139.31723022	160.45761108	300.52349854	140.08599854	          -7	           9
 0.20000	160.90104675	299.90826416	140.56425476	161.57183838	298.86251831	141.40184021	          -8	          10
 0.20000	162.04371643	298.22903442	141.82638550	162.94708252	297.17260742	142.38583374	          -9	          11
 0.20000	163.44551086	296.50537109	142.71894836	164.18264771	295.32214355	143.26882935	         -10	          12
 0.20000	164.78442383	294.74578857	143.60221863	166.01203918	294.06689453	144.12986755	         -11	          13
 0.20000	166.65394592	293.56939697	144.51194763	167.53486633	292.60845947	145.25137329	         -12	          14
 0.20000	168.24252319	292.20562744	145.62930298	169.61209106	291.85305786	146.12580872	         -13	          15
 0.20000	170.44204712	291.68518066	146.42298889	171.84640503	291.49801636	146.91127014	         -14	          16
 0.20000	172.69166565	291.43542480	147.20466614	174.10737610	291.41400146	147.69575500	         -15	          17
 0.20000	174.95942688	291.38226318	147.97618103	176.38954163	291.33300781	148.42250061	         -16	          18
 0.20000	177.21440125	291.08651733	148.67848206	178.44677734	290.32037354	149.05488586	         -17	          19
 0.20000	179.18751526	289.91186523	149.35815430	180.35397339	289.27459717	150.05218506	         -18	          20
 0.20000	181.16708374	288.92596436	150.21163940	182.58638000	288.49722290	149.98672485	         -19	          21
 0.20000	183.36022949	288.04455566	150.05044556	184.40425110	287.03118896	150.41194153	         -20	          22
 0.20000	185.04551697	286.45410156	150.66123962	186.08091736	285.50756836	151.18884277	         -21	          23
 0.20000	186.73674011	284.95037842	151.44474792	187.90727234	284.06558228	151.75210571	         -22	          24
 0.20000	188.43080139	283.35684204	151.92669678	188.93142700	281.96304321	152.15803528	         -23	          25
 0.20000	189.19120789	281.12435913	152.34648132	189.51312256	279.70748901	152.71640015	         -24	          26
 0.20000	189.50590515	278.85867310	153.00973511	189.14245605	277.50759888	153.54873657	         -25	          27
 0.20000	188.96897888	276.79058838	154.06192017	188.77622986	275.82312012	155.19094849	         -26	          28
 0.20000	188.49501038	275.17498779	155.74595642	187.79347229	274.02697754	156.40730286	         -27	          29
 0.20000	187.36262512	273.43582153	156.92851257	186.57530212	272.67349243	157.95126343	         -28	          30
 0.20000	186.25611877	272.07070923	158.53523254	185.96382141	270.92327881	159.45425415	         -29	          31
 0.20000	185.91131592	270.22534180	160.01641846	186.09884644	269.04638672	160.92309570	         -30	          32
 0.20000	186.16702271	268.38650513	161.52815247	186.21417236	267.38342285	162.64097595	         -31	          33
 0.20000	186.40960693	266.83209229	163.32270813	186.96125793	266.11712646	164.51959229	         -32	          34
 0.20000	187.39683533	265.51763916	165.02801514	188.28845215	264.38858032	165.44973755	         -33	          35
 0.20000	188.64382935	263.58386230	165.63169861	188.89680481	262.10885620	165.71623230	         -34	          36
 0.20000	189.07507324	261.23162842	165.78540039	189.41613770	259.77313232	165.84931946	         -35	          37
 0.20000	189.46577454	258.93774414	166.17770386	189.33233643	257.76541138	167.10301208	         -36	          38
 0.20000	189.17022705	257.07693481	167.65698242	188.70812988	255.98649597	168.57597351	         -37	          39
 0.20000	188.58374023	255.27330017	169.10707092	188.59129333	254.03231812	169.94802856	         -38	          40
 0.20000	188.70854187	253.30436707	170.46154785	189.17649841	252.16491699	171.31648254	         -39	          41
 0.20000	189.21441650	251.46104431	171.87371826	188.88276672	250.31741333	172.78501892	         -40	          42
 0.20000	188.77795410	249.83178711	173.53408813	188.75221252	249.43556213	174.97990417	         -41	          43
 0.20000	188.62434387	249.32229614	175.86204529	188.28775024	249.47230530	177.31546021	         -42	          44
 0.20000	187.97529602	249.37673950	178.15275574	187.31822205	248.90577698	179.41567993	         -43	          45
 0.20000	186.76422119	248.90193176	180.12344360	185.66732788	249.33151245	181.05119324	         -44	          46
 0.20000	185.00949097	249.52462769	181.63201904	183.92298889	249.76521301	182.63688660	         -45	          47
 0.20000	183.16162109	250.04104614	183.02674866	181.79667664	250.61392212	183.26445007	         -46	          48
 0.20000	181.06011963	251.11788940	183.36796570	180.02018738	252.19715881	183.40386963	         -47	          49
 0.20000	179.38122559	252.82812500	183.42439270	178.34521484	253.90986633	183.49087524	         -48	          50
 0.20000	177.67747498	254.47888184	183.29507446	176.56898499	255.24699402	182.63980103	         -49	          51
 0.20000	175.84704590	255.51780701	182.17820740	174.63665771	255.62681580	181.30009460	         -50	          52
 0.20000	173.88471985	255.50982666	180.82257080	172.65536499	254.97981262	180.14758301	         -51	          53
 0.20000	171.87065125	254.72810364	179.78874207	170.51686096	254.29830933	179.30778503	         -52	          54
 0.20000	169.67286682	254.35910034	179.00442505	168.37542725	254.95303345	178.54347229	         -53	          55
 0.20000	167.62219238	255.35287476	178.25999451	166.44694519	256.14776611	177.77584839	         -54	          56
 0.20000	165.72268677	256.62094116	177.53518677	164.49955750	257.42724609	177.21850586	         -55	          57
 0.20000	163.77606201	257.92941284	177.04698181	162.60354614	258.82797241	176.79469299	         -56	          58
 0.20000	161.83212280	259.26034546	176.63966370	160.42730713	259.72109985	176.39132690	         -57	          59
 0.20000	159.74662781	260.25720215	176.15420532	159.01251221	261.46765137	175.66136169	         -58	          60
 0.20000	158.55950928	262.19360352	175.39038086	157.82766724	263.44869995	175.02117920	         -59	          61
 0.20000	157.46539307	264.13757324	174.57234192	157.00909424	265.11831665	173.53425598	         -60	          62
 0.20000	156.77035522	265.70364380	172.89634705	156.45866394	266.65817261	171.78353882	         -61	          63
 0.20000	156.31030273	267.33795166	171.21693420	156.13784790	268.63070679	170.47903442	         -62	          64
 0.20000	156.02099609	269.40380859	170.03913879	155.83569336	270.71792603	169.34259033	         -63	          65
 0.20000	155.54542542	271.42257690	168.86743164	154.82675171	272.42047119	168.01020813	         -64	          66
 0.20000	154.36454773	273.03118896	167.54209900	153.52609253	274.05157471	166.83308411	         -65	          67
 0.20000	153.03088379	274.74218750	166.54315186	152.21464539	275.98175049	166.33522034	         -66	          68
 0.20000	151.83558655	276.78570557	166.21247864	151.41932678	278.21496582	166.04115295	         -67	          69
 0.20000	151.17915344	279.07553101	165.95507812	150.86592102	280.53372192	165.80386353	         -68	          70
 0.20000	150.81980896	281.42782593	165.87562561	150.94026184	282.88327026	166.21415710	         -69	          71
 0.20000	151.27076721	283.67660522	166.47726440	152.20997620	284.74407959	166.95329285	         -70	          72
 0.20000	152.74217224	285.28323364	167.43684387	153.57830811	285.92111206	168.50546265	         -71	          73
 0.20000	154.02589417	286.39328003	169.12466431	154.68133545	287.27566528	170.14364624	         -72	          74
 0.20000	155.02500916	287.82836914	170.76130676	155.50874329	288.78918457	171.80496216	         -73	          75
 0.20000	155.80421448	289.39120483	172.40203857	156.33718872	290.46502686	173.30210876	         -74	          76
 0.20000	156.50628662	291.01501465	173.99179077	156.55191040	291.71905518	175.31443787	         -75	          77
 0.20000	156.44281006	292.16323853	176.08731079	156.05412292	292.90478516	177.33073425	         -76	          78
 0.20000	155.66984558	293.29721069	178.04159546	154.81993103	293.84042358	179.15086365	         -77	          79
 0.20000	154.10664368	294.05178833	179.65505981	152.68258667	294.17196655	180.10839844	         -78	          80
 0.20000	151.83383179	294.27282715	180.38476562	150.40003967	294.42242432	180.79571533	         -79	          81
 0.20000	149.61108398	294.78237915	181.02890015	148.54148865	295.77801514	181.36280823	         -80	          82
 0.20000	147.81410217	296.26171875	181.56996155	146.51419067	296.92593384	181.90968323	         -81	          83
 0.20000	145.77505493	297.36096191	182.17314148	144.58990479	298.13806152	182.66072083	         -82	          84
 0.20000	143.91639709	298.62655640	182.99784851	142.85496521	299.48062134	183.62310791	         -83	          85
 0.20000	142.33772278	300.05310059	184.08274841	141.77671814	301.11404419	184.98077393	         -84	          86
 0.20000	141.25779724	301.62075806	185.51042175	140.14247131	302.20526123	186.32406616	         -85	          87
 0.20000	139.65493774	302.62542725	186.95083618	139.14907837	303.34286499	188.16607666	         -86	          88
 0.20000	138.96514893	303.91021729	188.83811951	138.96852112	305.06970215	189.78817749	         -87	          89
 0.20000	138.92045593	305.61093140	190.50318909	138.78552246	306.25796509	191.84857178	         -88	          90
 0.20000	138.78376770	306.58410645	192.68492126	138.89344788	306.98202515	194.12600708	         -89	          91
 0.20000	139.05786133	307.24569702	194.96887207	139.49406433	307.68392944	196.33473206	         -90	          92
 0.20000	139.81082153	308.14797974	197.03620911	140.45433044	309.20996094	197.87661743	         -91	          93
 0.20000	140.62039185	309.81707764	198.51829529	140.52735901	310.76617432	199.67517090	         -92	          94
 0.20000	140.37216187	311.23901367	200.42300415	139.88938904	311.84457397	201.70652771	         -93	          95
 0.20000	139.71726990	312.14544678	202.53489685	139.55004883	312.48202515	203.98620605	         -94	          96
 0.20000	139.60432434	312.86434937	204.79719543	139.96894836	313.75347900	205.94783020	         -95	          97
 0.20000	140.13681030	314.27737427	206.65756226	140.37419128	315.14913940	207.85366821	         -96	          98
 0.20000	140.51995850	315.79208374	208.46348572	140.71453857	317.04965210	209.25578308	         -97	          99
 0.20000	141.06785583	317.70385742	209.76039124	141.98634338	318.56640625	210.57296753	         -98	         100
 0.20000	142.53709412	319.04110718	211.10031128	143.46343994	319.77560425	212.02177429	         -99	         101
 0.20000	144.14259338	320.03915405	212.54650879	145.40702820	320.17526245	213.34008789	        -100	         102
 0.20000	146.23258972	320.29202271	213.67369080	147.67216492	320.58007812	213.97616577	        -101	         103
 0.20000	148.56129456	320.47518921	214.04895020	149.95414734	319.93539429	213.92169189	        -102	         104
 0.20000	150.66395569	319.38479614	213.90361023	151.41656494	318.08871460	213.93702698	        -103	         105
 0.20000	152.09934998	317.50473022	213.93695068	153.45526123	316.86639404	213.89682007	        -104	         106
 0.20000	154.25538635	316.46600342	213.97387695	155.56031799	315.80114746	214.29290771	        -105	         107
 0.20000	156.36364746	315.40634155	214.35955811	157.71676636	314.76562500	214.28598022	        -106	         108
 0.20000	158.50181580	314.33044434	214.25393677	159.77706909	313.54724121	214.16430664	        -107	         109
 0.20000	160.39401245	312.90570068	214.28756714	161.04539490	311.64001465	214.75802612	        -108	         110
 0.20000	161.49682617	310.96029663	215.13314819	162.29281616	309.95846558	215.91397095	        -109	         111
 0.20000	162.68281555	309.34375000	216.44009399	163.08789062	308.27404785	217.40911865	        -110	         112
 0.20000	163.60386658	307.79196167	217.96492004	164.79051208	307.32434082	218.75306702	        -111	         113
 0.20000	165.48934937	307.01452637	219.22557068	166.61109924	306.47482300	220.06159973	        -112	         114
 0.20000	167.42756653	306.17568970	220.29013062	168.86277771	305.75015259	220.20471191	        -113	         115
 0.20000	169.71998596	305.58270264	219.99391174	171.03564453	305.42401123	219.29266357	        -114	         116
 0.20000	171.88574219	305.52487183	219.02018738	173.25857544	306.07983398	218.78666687	        -115	         117
 0.20000	174.15399170	306.12179565	218.73191833	175.59667969	305.72338867	218.81552124	        -116	         118
 0.20000	176.47721863	305.58206177	218.92337036	177.94915771	305.41860962	219.15699768	        -117	         119
 0.20000	178.75700378	305.38980103	219.54995728	179.87297058	305.49002075	220.54631042	        -118	         120
 0.20000	180.47897339	305.44683838	221.20823669	181.31010437	305.15896606	222.42222595	        -119	         121
 0.20000	181.84658813	305.28506470	223.13125610	182.69207764	305.96304321	224.16690063	        -120	         122
 0.20000	183.25947571	306.19323730	224.82347107	184.22824097	306.35174561	225.95597839	        -121	         123
 0.20000	184.87890625	306.40402222	226.57168579	186.06842041	306.43740845	227.48272705	        -122	         124
 0.20000	186.76091003	306.22555542	228.01318359	187.81097412	305.51593018	228.81326294	        -123	         125
 0.20000	188.43067932	305.04058838	229.25459290	189.41671753	304.13110352	229.92189026	        -124	         126
 0.20000	190.00805664	303.59121704	230.32405090	190.99731445	302.69351196	231.00146484	        -125	         127
 0.20000	191.63354492	302.21203613	231.40832520	192.77088928	301.50714111	232.08207703	        -126	         128
 0.20000	193.47390747	301.14053345	232.50103760	194.67483521	300.62387085	233.23358154	        -127	         129
 0.20000	195.44462585	300.39959717	233.63711548	196.80464172	300.32925415	234.26362610	        -128	         130
 0.20000	197.56407166	300.03747559	234.64447021	198.67198181	299.19604492	235.20321655	        -129	         131
 0.20000	199.19195557	298.70004272	235.74263000	199.72065735	297.88580322	236.88507080	        -130	         132
 0.20000	199.97969055	297.49234009	237.64991760	200.22525024	297.08557129	239.07170105	        -131	         133
 0.20000	200.47969055	296.61441040	239.79254150	200.98701477	295.51324463	240.67382812	        -132	         134
 0.20000	201.43698120	294.97042847	241.23036194	202.44180298	294.22039795	242.05232239	        -133	         135
 0.20000	202.87495422	293.87966919	242.76210022	203.30982971	293.64010620	244.17677307	        -134	         136
 0.20000	203.43490601	293.22567749	244.96441650	203.31942749	292.22027588	246.07041931	        -135	         137
 0.20000	203.32312012	291.54089355	246.65788269	203.46057129	290.28955078	247.47196960	        -136	         138
 0.20000	203.33601379	289.55294800	247.97190857	202.80297852	288.36178589	248.71020508	        -137	         139
 0.20000	202.64971924	287.74380493	249.34442139	202.63417053	286.95632935	250.62014771	        -138	         140
 0.20000	202.62779236	286.43878174	251.35418701	202.69212341	285.52578735	252.54164124	        -139	         141
 0.20000	202.50665283	284.98193359	253.23281860	201.81178284	284.17306519	254.28700256	        -140	         142
 0.20000	201.62881470	283.52551270	254.88325500	201.75202942	282.30340576	255.74301147	        -141	         143
 0.20000	201.67433167	281.47192383	256.07360840	201.36831665	280.01483154	256.24633789	        -142	         144
 0.20000	201.17085266	279.15463257	256.41366577	200.75050354	277.75659180	256.75592041	        -143	         145
 0.20000	200.74740601	276.87902832	256.94818115	201.16749573	275.47689819	257.27371216	        -144	         146
 0.20000	201.29280090	274.58786011	257.24151611	201.30139160	273.14968872	256.81893921	        -145	         147
 0.20000	201.38020325	272.28094482	256.60324097	201.65974426	270.85253906	256.24237061	        -146	         148
 0.20000	201.56163025	269.96182251	256.17517090	201.01611328	268.57489014	256.33935547	        -147	         149
 0.20000	200.73219299	267.72741699	256.42788696	200.27955627	266.30761719	256.58792114	        -148	         150
 0.20000	200.04353333	265.44250488	256.63803101	199.72473145	263.97741699	256.64508057	        -149	         151
 0.20000	199.74920654	263.07974243	256.62042236	200.14761353	261.63543701	256.56262207	        -150	         152
 0.20000	200.24754333	260.77243042	256.33450317	200.17941284	259.43203735	255.66729736	        -151	         153
 0.20000	200.14303589	258.61886597	255.28993225	200.07739258	257.25772095	254.66561890	        -152	         154
 0.20000	199.95130920	256.46920776	254.25384521	199.60818481	255.24851990	253.45336914	        -153	         155
 0.20000	199.41172791	254.39802551	253.23773193	199.11187744	252.93455505	253.36685181	        -154	         156
 0.20000	198.97116089	252.05010986	253.44046021	198.79992676	250.57220459	253.62463379	        -155	         157
 0.20000	198.67645264	249.68344116	253.67285156	198.37326050	248.21505737	253.65756226	        -156	         158
 0.20000	198.44790649	247.31909180	253.65979004	198.98725891	245.92150879	253.72521973	        -157	         159
 0.20000	199.21017456	245.08274841	253.49066162	199.42089844	243.83042908	252.69334412	        -158	         160
 0.20000	199.54949951	243.06217957	252.24523926	199.74551392	241.80842590	251.44644165	        -159	         161
 0.20000	199.92033386	240.95816040	251.21267700	200.26910400	239.50061035	251.25700378	        -160	         162
 0.20000	200.47247314	238.62829590	251.32637024	200.80162048	237.18759155	251.57785034	        -161	         163
 0.20000	201.04354858	236.33177185	251.70518494	201.49935913	234.92265320	251.93908691	        -162	         164
 0.20000	201.88008118	234.11358643	251.84628296	202.65707397	232.95428467	251.29798889	        -163	         165
 0.20000	203.06602478	232.17292786	251.12525940	203.58935547	230.76844788	251.08909607	        -164	         166
 0.20000	204.12260437	230.05586243	250.96516418	205.30767822	229.19140625	250.65502930	        -165	         167
 0.20000	205.92739868	228.58633423	250.41659546	206.78863525	227.47172546	249.90318298	        -166	         168
 0.20000	207.46577454	226.93621826	249.65391541	208.76272583	226.24037170	249.36767578	        -167	         169
 0.20000	209.59329224	226.03479004	249.09208679	210.98837280	226.09649658	248.54632568	        -168	         170
 0.20000	211.76037598	226.21830750	248.10334778	212.85943604	226.61660767	247.16473389	        -169	         171
 0.20000	213.61965942	226.82382202	246.73294067	215.00781250	227.16688538	246.28207397	        -170	         172
 0.20000	215.75201416	227.17369080	245.77825928	216.70913696	226.85540771	244.66894531	        -171	         173
 0.20000	217.36491394	226.70014954	244.07482910	218.55883789	226.46028137	243.20062256	        -172	         174
 0.20000	219.18019104	226.28416443	242.57652283	220.02297974	225.90992737	241.39459229	        -173	         175
 0.20000	220.64518738	225.82112122	240.75260925	221.83212280	225.90504456	239.84040833	        -174	         176
 0.20000	222.41781616	225.97843933	239.16258240	223.17793274	226.24060059	237.89683533	        -175	         177
 0.20000	223.56665039	226.13107300	237.09385681	224.00602722	225.54666138	235.78477478	        -176	         178
 0.20000	224.28302002	225.22109985	234.99444580	224.72993469	224.64955139	233.68263245	        -177	         179
 0.20000	225.11309814	224.37838745	232.91706848	225.92781067	224.02507019	231.70948792	        -178	         180
 0.20000	226.35833740	223.82769775	230.94630432	226.96630859	223.61883545	229.59181213	        -179	         181
 0.20000	227.35057068	223.24427795	228.87077332	227.97564697	222.30247498	227.88569641	        -180	         182
 0.20000	228.28947449	221.61940002	227.39344788	228.71379089	220.30139160	226.81855774	        -181	         183
 0.20000	228.80621338	219.50393677	226.41455078	228.63081360	218.23030090	225.64279175	        -182	         184
 0.20000	228.64859009	217.35395813	225.44270325	228.84445190	215.87237549	225.56407166	        -183	         185
 0.20000	228.89083862	214.98432922	225.69255066	228.86654663	213.54005432	226.09341431	        -184	         186
 0.20000	228.82684326	212.67292786	226.32287598	228.70968628	211.23155212	226.71661377	        -185	         187
 0.20000	228.67567444	210.36894226	226.96322632	228.67945862	208.93333435	227.39468384	        -186	         188
 0.20000	228.69795227	208.08372498	227.68611145	228.72463989	206.70518494	228.27507019	        -187	         189
 0.20000	228.90750122	205.83895874	228.42974854	229.40908813	204.43037415	228.31767273	        -188	         190
 0.20000	229.90704346	203.68264771	228.29115295	231.02867126	202.68786621	228.27108765	        -189	         191
 0.20000	231.70767212	202.09985352	228.28256226	232.86990356	201.15513611	228.34683228	        -190	         192
 0.20000	233.51000977	200.52459717	228.34802246	234.43898010	199.35543823	228.21298218	        -191	         193
 0.20000	235.13121033	198.80499268	228.37385559	236.36340332	198.22679138	229.00283813	        -192	         194
 0.20000	237.12051392	197.88578796	229.34605408	238.38217163	197.30900574	229.91510010	        -193	         195
 0.20000	239.21615601	197.19682312	230.23106384	240.61999512	197.49089050	230.66873169	        -194	         196
 0.20000	241.47966003	197.37145996	230.90266418	242.82769775	196.78796387	231.20365906	        -195	         197
 0.20000	243.60241699	196.35707092	231.34977722	244.84072876	195.52862549	231.51733398	        -196	         198
 0.20000	245.41152954	194.83905029	231.59556580	246.00270081	193.46533203	231.70111084	        -197	         199
 0.20000	246.26306152	192.60920715	231.62322998	246.48141479	191.17413330	231.24888611	        -198	         200
 0.20000	246.53233337	190.30665588	231.02290344	246.48336792	188.86633301	230.61047363	        -199	         201
 0.20000	246.29290771	188.01490784	230.39656067	245.71401978	186.66093445	230.11465454	        -200	         202
 0.20000	245.29417419	185.88096619	229.96209717	244.38876343	184.69631958	229.80242920	        -201	         203
 0.20000	244.12225342	183.86477661	229.58787537	244.21717834	182.47210693	229.04014587	        -202	         204
 0.20000	244.13461304	181.58245850	228.94241333	243.83918762	180.12203979	229.10876465	        -203	         205
 0.20000	243.74626160	179.29200745	229.44061279	243.71762085	178.12289429	230.37896729	        -204	         206
 0.20000	243.73678589	177.39283752	230.90228271	243.84658813	176.14413452	231.72450256	        -205	         207
 0.20000	243.93298340	175.53981018	232.38345337	244.08326721	174.80607605	233.68205261	        -206	         208
 0.20000	244.33792114	174.45697021	234.46969604	245.04637146	174.12675476	235.74909973	        -207	         209
 0.20000	245.27488708	173.85452271	236.57427979	245.34420776	173.32817078	237.97621155	        -208	         210
 0.20000	245.40383911	173.01931763	238.81773376	245.54702759	172.48612976	240.21173096	        -209	         211
 0.20000	245.38424683	172.22973633	241.05789185	244.71743774	171.86747742	242.35115051	        -210	         212
 0.20000	244.43524170	171.85919189	243.20436096	244.16281128	172.22560120	244.63255310	        -211	         213
 0.20000	243.91078186	172.36463928	245.48368835	243.35487366	172.49983215	246.86962891	        -212	         214
 0.20000	243.23677063	172.61985779	247.75253296	243.40927124	172.86787415	249.22103882	        -213	         215
 0.20000	243.47213745	173.02108765	250.10386658	243.55447388	173.27279663	251.57925415	        -214	         216
 0.20000	243.59667969	173.50125122	252.44650269	243.63153076	173.99952698	253.85987854	        -215	         217
 0.20000	243.78108215	174.27046204	254.70329285	244.28773499	174.58544922	256.07882690	        -216	         218
 0.20000	244.38786316	174.98974609	256.87518311	244.21817017	175.91816711	258.04037476	        -217	         219
 0.20000	244.33262634	176.52153015	258.69638062	244.83273315	177.58708191	259.62500000	        -218	         220
 0.20000	245.00270081	178.16908264	260.28787231	245.01271057	179.06230164	261.49200439	        -219	         221
 0.20000	245.26698303	179.50239563	262.23339844	246.00317383	180.00958252	263.43710327	        -220	         222
 0.20000	246.51193237	180.25212097	264.13668823	247.47685242	180.49731445	265.25738525	        -221	         223
 0.20000	248.06463623	180.65026855	265.91839600	249.06745911	180.88446045	267.00717163	        -222	         224
 0.20000	249.65715027	181.11122131	267.64422607	250.59660339	181.63989258	268.68551636	        -223	         225
 0.20000	251.28944397	181.85168457	269.21551514	252.60505676	182.07292175	269.89935303	        -224	         226
 0.20000	253.38879395	182.04594421	270.33810425	254.63069153	181.67590332	271.09246826	        -225	         227
 0.20000	255.41346741	181.69239807	271.53344727	256.69033813	182.08084106	272.21667480	        -226	         228
 0.20000	257.47470093	182.30679321	272.59115601	258.79797363	182.71347046	273.16537476	        -227	         229
 0.20000	259.58874512	182.93135071	273.53039551	260.89038086	183.29347229	274.18020630	        -228	         230
 0.20000	261.71862793	183.32649231	274.52590942	263.10614014	183.04450989	275.01928711	        -229	         231
 0.20000	263.98007202	183.04951477	275.22668457	265.44223022	183.29191589	275.45153809	        -230	         232
 0.20000	266.31826782	183.42559814	275.30667114	267.63662720	183.64030457	274.62643433	        -231	         233
 0.20000	268.44766235	183.75717163	274.26043701	269.82238770	183.86090088	273.67175293	        -232	         234
 0.20000	270.57119751	184.14675903	273.26541138	271.60403442	184.98706055	272.57608032	        -233	         235
 0.20000	272.20730591	185.29803467	271.98724365	273.06124878	185.45581055	270.76535034	        -234	         236
 0.20000	273.68792725	185.64787292	270.15139771	274.85983276	186.10115051	269.33334351	        -235	         237
 0.20000	275.60827637	186.14375305	268.83880615	276.86154175	185.87696838	268.06011963	        -236	         238
 0.20000	277.55471802	185.54072571	267.59756470	278.54696655	184.64849854	266.91397095	        -237	         239
 0.20000	279.03402710	184.26023865	266.26669312	279.53286743	183.85650635	264.91186523	        -238	         240
 0.20000	279.94622803	183.75886536	264.12008667	280.68496704	183.95449829	262.82983398	        -239	         241
 0.20000	281.29049683	183.83068848	262.17758179	282.47668457	183.32597351	261.41207886	        -240	         242
 0.20000	283.17257690	183.00306702	260.94577026	284.32873535	182.43946838	260.17684937	        -241	         243
 0.20000	285.02096558	182.09397888	259.72195435	286.21417236	181.59359741	258.96508789	        -242	         244
 0.20000	286.77880859	181.04125977	258.53701782	287.41030884	179.82963562	257.91992188	        -243	         245
 0.20000	287.79580688	179.09138489	257.58386230	288.41308594	177.82084656	257.08245850	        -244	         246
 0.20000	288.91220093	177.11552429	256.84051514	289.91983032	176.04647827	256.54528809	        -245	         247
 0.20000	290.55514526	175.45014954	256.33251953	291.67071533	174.53855896	255.91989136	        -246	         248
 0.20000	292.31182861	173.95768738	255.67993164	293.34756470	172.96121216	255.25361633	        -247	         249
 0.20000	294.00216675	172.34887695	255.19165039	295.11322021	171.37855530	255.46061707	        -248	         250
 0.20000	295.78506470	170.78477478	255.40333557	296.87347412	169.83921814	254.99212646	        -249	         251
 0.20000	297.59112549	169.34707642	254.77067566	298.87463379	168.66294861	254.40864563	        -250	         252
 0.20000	299.66757202	168.30297852	254.18902588	301.04315186	167.87448120	253.77461243	        -251	         253
 0.20000	301.86752319	167.52438354	253.70903015	303.19323730	166.84048462	253.85906982	        -252	         254
 0.20000	303.93341064	166.40469360	254.12258911	305.01788330	165.62585449	254.80438232	        -253	         255
 0.20000	305.55950928	165.27659607	255.43043518	306.13662720	164.97647095	256.78121948	        -254	         256
 0.20000	306.67385864	164.66822815	257.43176270	307.80679321	164.05580139	258.19866943	        -255	         257
 0.20000	308.42181396	163.69343567	258.74212646	309.35879517	163.09020996	259.74362183	        -256	         258
 0.20000	309.94262695	162.64759827	260.26049805	310.96670532	161.80947876	260.96371460	        -257	         259
 0.20000	311.41366577	161.22978210	261.48263550	311.79556274	160.17573547	262.47698975	        -258	         260
 0.20000	312.11679077	159.48567200	262.95144653	312.75848389	158.25994873	263.52673340	        -259	         261
 0.20000	313.13674927	157.52648926	263.87664795	313.76315308	156.29492188	264.45556641	        -260	         262
 0.20000	314.17025757	155.55387878	264.75381470	314.90301514	154.31153870	265.16009521	        -261	         263
 0.20000	315.36471558	153.62799072	265.51266479	316.16082764	152.61131287	266.27310181	        -262	         264
 0.20000	316.61230469	152.05741882	266.81585693	317.31619263	151.23765564	267.85452271	        -263	         265
 0.20000	317.67028809	150.82315063	268.56777954	318.01077271	150.24705505	269.90914917	        -264	         266
 0.20000	318.36743164	150.05325317	270.71014404	319.16091919	150.07012939	271.98156738	        -265	         267
 0.20000	319.49035645	149.94006348	272.80685425	319.75604248	149.55514526	274.23104858	        -266	         268
 0.20000	320.02276611	149.45927429	275.08331299	320.55752563	149.58834839	276.47811890	        -267	         269
 0.20000	320.87026978	149.39669800	277.29898071	321.33172607	148.68974304	278.53820801	        -268	         270
 0.20000	321.72457886	148.45812988	279.31243896	322.50494385	148.41189575	280.59136963	        -269	         271
 0.20000	322.97308350	148.34780884	281.35400391	323.77236938	148.21678162	282.61444092	        -270	         272
 0.20000	324.31155396	148.10198975	283.32202148	325.30935669	147.81857300	284.40383911	        -271	         273
 0.20000	325.91531372	147.80049133	285.06463623	326.92626953	148.00041199	286.15289307	        -272	         274
 0.20000	327.46875000	148.22360229	286.83209229	328.21600342	148.79103088	288.00082397	        -273	         275
 0.20000	328.80947876	149.06709290	288.61450195	329.97213745	149.46638489	289.47167969	        -274	         276
 0.20000	330.75927734	149.65704346	289.85910034	332.18600464	149.92776489	290.23202515	        -275	         277
 0.20000	333.05819702	149.87628174	290.43957520	334.47091675	149.45880127	290.71829224	        -276	         278
 0.20000	335.31466675	149.20307922	290.88806152	336.71612549	148.73872375	291.14663696	        -277	         279
 0.20000	337.48995972	148.43118286	291.48327637	338.57754517	147.82395935	292.31781006	        -278	         280
 0.20000	339.32415771	147.64952087	292.78683472	340.63180542	147.71047974	293.51736450	        -279	         281
 0.20000	341.43997192	147.71746826	293.90866089	342.82559204	147.78788757	294.47695923	        -280	         282
 0.20000	343.62960815	147.51976013	294.77734375	344.78295898	146.64242554	295.16293335	        -281	         283
 0.20000	345.50778198	146.15812683	295.38034058	346.76019287	145.39956665	295.70083618	        -282	         284
 0.20000	347.35745239	144.80206299	296.00485229	347.99444580	143.61238098	296.65725708	        -283	         285
 0.20000	348.55502319	143.00692749	297.01049805	349.70898438	142.19541931	297.51623535	        -284	         286
 0.20000	350.39172363	141.79385376	297.93804932	351.55404663	141.32948303	298.76217651	        -285	         287
 0.20000	352.07943726	141.01803589	299.41958618	352.57131958	140.50877380	300.74032593	        -286	         288
 0.20000	352.98623657	140.11129761	301.42926025	353.74685669	139.30244446	302.43563843	        -287	         289
 0.20000	354.39096069	138.90467834	302.91693115	355.70578003	138.40934753	303.43780518	        -288	         290
 0.20000	356.51849365	138.14692688	303.71127319	357.93399048	137.82723999	304.08493042	        -289	         291
 0.20000	358.73764038	137.50183105	304.31665039	359.98028564	136.76199341	304.71090698	        -290	         292
 0.20000	360.80258179	136.45970154	304.90768433	362.26089478	136.22671509	305.16308594	        -291	         293
 0.20000	363.13208008	136.07200623	305.31677246	364.57907104	135.77027893	305.56814575	        -292	         294
 0.20000	365.45455933	135.79576111	305.76937866	366.83697510	136.20881653	306.17791748	        -293	         295
 0.20000	367.68939209	136.18179321	306.46060181	369.02740479	135.68737793	306.92288208	        -294	         296
 0.20000	369.75335693	135.57911682	307.44155884	370.65151978	135.72854614	308.63262939	        -295	         297
 0.20000	371.35565186	135.67860413	309.18780518	372.70123291	135.50164795	309.82458496	        -296	         298
 0.20000	373.42523193	135.12191772	310.19802856	374.37756348	134.09790039	310.73901367	        -297	         299
 0.20000	375.06265259	133.56825256	310.97760010	376.30828857	132.76721191	311.20822144	        -298	         300
 0.20000	377.07690430	132.32727051	311.35504150	378.43820190	131.75817871	311.61901855	        -299	         301
 0.20000	379.13293457	131.19088745	311.66665649	380.00140381	129.97319031	311.56512451	        -300	         302
 0.20000	380.62664795	129.33920288	311.45007324	381.81576538	128.47657776	311.15237427	        -301	         303
 0.20000	382.32983398	127.76579285	310.96002197	382.77917480	126.37506866	310.62649536	        -302	         304
 0.20000	383.21932983	125.61187744	310.45285034	384.16613770	124.48309326	310.17669678	        -303	         305
 0.20000	384.73135376	123.78537750	310.19705200	385.66683960	122.66400909	310.53591919	        -304	         306
 0.20000	386.22512817	121.98168182	310.70932007	387.13601685	120.82192230	310.98013306	        -305	         307
 0.20000	387.85934448	120.30729675	311.11926270	389.29501343	119.91564178	311.30032349	        -306	         308
 0.20000	390.03402710	119.41618347	311.40911865	391.01483154	118.29284668	311.56488037	        -307	         309
 0.20000	391.63427734	117.67484283	311.76861572	392.69012451	116.74074554	312.27819824	        -308	         310
 0.20000	393.33996582	116.19430542	312.56976318	394.49533081	115.34934998	313.01406860	        -309	         311
 0.20000	395.00805664	114.82557678	313.53231812	395.49676514	114.04921722	314.71752930	        -310	         312
 0.20000	395.79595947	113.58182526	315.42263794	396.27661133	112.82791901	316.62548828	        -311	         313
 0.20000	396.56210327	112.37470245	317.34600830	397.02471924	111.63557434	318.56533813	        -312	         314
 0.20000	397.45318604	111.09911346	319.14492798	398.37701416	110.13916016	319.83288574	        -313	         315
 0.20000	398.86941528	109.41677094	320.04351807	399.54458618	108.07759094	320.04428101	        -314	         316
 0.20000	399.99725342	107.30014801	320.03726196	400.80538940	106.03745270	319.98980713	        -315	           0
