1.49992
2.24280
2.79692
3.61838
3.89255
4.73085
5.94776
6.83347
8.24998
9.08026
10.35680
11.02167
11.34312
11.71410
12.46241
12.78838
13.04520
13.29942
13.89596
13.95345
13.51095
13.41734
13.46100
13.56346
13.87037
14.19983
14.32685
13.90021
12.43693
11.58104
10.18174
9.33366
8.49602
8.43096
9.10703
9.93973
11.37722
12.26487
13.74737
14.38153
14.51436
14.32981
13.86924
13.18594
13.17764
12.46768
11.27397
11.24049
12.47730
12.99024
13.94439
14.73569
15.78483
16.47361
17.19273
17.93763
19.15571
19.96097
21.38567
22.13301
21.44379
21.62795
22.36439
22.87101
23.12410
23.64300
24.57083
24.87290
24.41117
24.83880
25.92100
26.26542
25.95759
26.62712
27.47484
27.31311
26.08924
25.31327
24.21450
23.44508
22.16836
21.31437
20.24232
19.52866
18.77809
18.34092
17.69783
17.24243
17.78088
18.50546
19.87885
20.44641
20.80852
21.16093
21.28516
21.45805
20.98196
21.04644
21.53871
21.91167
22.24675
22.90137
23.70901
24.41357
23.81383
23.74694
23.87488
23.66734
22.74646
22.98353
24.34200
24.91233
25.59636
25.08327
24.02209
23.30779
22.87741
22.22876
20.90494
20.84399
22.05479
22.67874
23.79246
23.49738
22.08074
21.63654
20.38066
20.23634
21.41754
22.03229
21.98746
22.44249
22.57192
23.06994
23.45340
24.20170
24.16384
24.42418
24.55957
25.38269
26.54636
26.63569
25.43922
25.19017
25.77601
25.84507
25.60068
25.53414
24.66810
24.94468
26.29076
26.76170
26.46018
26.34467
26.39449
26.22942
25.72995
25.84296
26.55635
26.16033
25.07426
24.42192
25.24546
25.34568
25.15953
25.09794
25.14710
24.82821
24.08343
24.30167
25.33095
25.83595
25.23848
25.81017
27.25117
27.69616
27.24220
27.11046
27.13955
26.49682
25.12293
24.24996
22.83353
22.20403
22.46906
22.62352
22.63901
22.63060
22.86060
23.03141
22.53724
22.56764
23.78035
24.03249
23.02465
22.26143
20.81456
19.98357
18.96328
18.23430
18.59664
18.55098
18.27114
18.41142
18.94146
19.18350
19.45636
19.70308
20.08583
20.60799
21.05301
21.45796
22.15956
22.82628
24.11244
24.95777
25.45006
26.21154
27.68761
28.44703
29.17832
29.62162
30.01422
30.32608
30.95836
30.97348
30.56509
29.81926
28.82825
28.08876
28.42467
28.53815
28.86309
29.29619
30.35351
30.99351
32.14253
32.46081
32.20084
31.93423
31.28607
30.86638
30.31469
30.95632
32.21607
32.09290
30.62900
30.09272
30.85794
31.27545
31.52612
32.02966
32.22899
32.37587
32.56788
32.27222
31.20178
30.53303
29.59670
29.32461
29.65772
29.86247
30.25120
30.45857
30.45861
31.27892
32.35887
33.25381
34.30119
34.96698
35.79785
36.35996
37.17491
37.87759
39.25296
39.64576
39.44675
38.74671
37.49314
37.26794
37.81370
38.38284
38.54075
38.26761
37.53305
38.06315
39.41862
40.18508
40.99430
41.85150
42.45464
42.16499
40.95742
40.52478
41.00841
40.53953
39.33099
38.69338
38.49920
38.50501
38.17220
38.55698
39.78348
40.47532
40.92899
41.26356
42.11814
41.74835
40.43008
40.30122
41.31290
42.13570
43.51740
44.06493
43.77263
43.73557
43.72319
43.69815
43.42679
43.58031
44.14792
44.65386
45.32196
45.53499
45.51589
45.23507
44.16852
44.25729
45.47794
45.52609
44.39927
44.13251
44.67119
44.09420
42.65862
41.84483
41.05998
40.97099
41.50221
42.20796
43.66764
44.12427
43.22970
42.94842
42.45535
42.66218
43.61032
43.28894
42.05886
41.31464
39.96650
39.91189
41.19083
41.79420
42.08528
42.60256
43.68889
44.55905
45.78358
46.20464
46.12008
45.40065
44.93658
45.08563
45.85259
46.40653
46.08769
45.47146
44.65302
44.83780
45.87237
46.40539
46.86257
47.64904
47.78442
48.27864
48.96902
49.17451
49.05157
49.06708
49.38608
48.91806
47.48391
46.61362
45.38874
44.68664
43.70594
43.02558
42.19941
41.54151
41.35083
40.54767
39.70798
39.39728
39.85192
39.38745
38.74865
38.46001
38.38855
38.37289
38.40595
38.58284
39.41578
38.86330
37.45987
36.69345
36.05065
35.69961
36.22846
36.35988
36.43810
36.38875
36.12057
36.06223
36.10966
36.17150
36.34713
36.37605
36.21437
36.24543
36.44716
36.78117
37.68746
38.09534
38.14302
38.72216
39.31538
39.79969
40.62013
41.01980
41.14092
41.80437
42.03548
42.19062
42.13259
42.21090
42.41599
42.65252
43.18865
43.52638
43.89761
44.26927
44.84294
45.11323
45.36846
45.54747
46.05010
45.71886
44.38435
43.89593
43.51480
44.04016
45.50576
46.19080
46.05736
45.81172
44.97611
44.27591
42.88494
42.04687
40.75754
39.86006
38.47468
38.57544
40.02615
40.80967
41.54504
41.64565
40.34393
39.59852
39.66887
40.21824
41.19828
41.73643
42.17704
42.67165
43.43037
43.66161
43.30574
43.63640
44.60028
45.45326
45.76010
46.56872
47.92471
48.76991
49.59521
49.83406
49.60241
49.35217
48.86594
48.39103
48.59230
48.36187
47.59988
47.48469
48.05926
48.63404
49.81167
50.45802
51.42404
52.07952
53.27778
53.85977
54.53275
55.02280
55.82927
56.30754
56.07222
56.09585
57.08491
56.73375
55.44342
55.34575
56.66102
56.63530
55.34705
55.32331
55.88748
55.14764
54.68112
54.00450
54.68662
55.43222
55.91670
55.63657
55.07545
54.30255
53.14493
52.25372
51.03513
50.16019
48.81220
47.91277
46.43351
46.32294
47.74150
48.18752
48.69212
49.22727
50.00228
50.51833
51.34188
52.04909
52.04510
51.63933
50.70406
50.08160
49.00272
49.17388
49.43615
50.15323
51.32252
51.73400
51.10903
51.61898
52.94854
53.84408
54.96275
55.83555
56.35613
57.20805
58.04356
58.29179
57.87802
58.07480
59.08617
58.72997
57.37676
56.48413
55.30490
54.41891
53.49033
52.93194
53.96825
53.97385
53.37928
52.51734
52.65712
52.44411
51.87271
51.19511
49.93241
49.07153
47.62356
47.08377
47.33924
47.58160
47.74295
47.81382
47.64877
47.83448
48.43398
48.58739
48.43361
47.91814
47.26814
46.89370
46.32389
47.07669
48.09427
48.79239
49.93899
50.45300
50.03407
50.11215
51.07883
51.11388
50.26776
50.09685
50.91647
50.62349
49.27318
49.21117
50.48582
50.78042
50.22911
50.07884
49.66159
50.44100
51.71587
52.26753
52.60789
52.98909
53.72208
54.13585
54.84645
54.43919
52.96255
52.14787
51.24966
50.91490
51.20850
51.74066
52.71688
53.59994
54.91717
55.64847
56.71214
56.75958
55.83791
55.20521
54.36045
53.86510
52.80037
52.08608
51.34083
50.81930
50.10251
49.47269
48.26166
48.32272
49.52860
50.26538
51.65956
52.29207
53.68401
54.17915
54.25327
53.45750
52.29492
51.74874
50.35515
49.55642
48.25655
47.51425
46.50423
45.70871
45.65406
45.60775
45.86369
45.70809
45.22539
44.79780
44.30915
44.48433
43.81184
42.91887
42.16600
42.55014
42.71743
42.52718
42.52759
42.52108
42.54526
42.46839
42.13422
42.41563
43.24473
44.07804
43.92779
44.41172
45.46202
44.76827
43.47673
43.37915
43.34592
43.74176
44.01618
44.44243
44.03106
44.33289
45.51075
46.18850
47.20046
47.74662
47.75789
48.03817
48.46212
49.34337
50.20680
50.75342
51.49234
51.75217
51.69031
52.05596
52.72961
53.24496
54.25728
54.39859
53.68439
53.35356
52.81445
52.48842
51.89039
51.80652
52.28512
52.02409
51.17356
50.61050
49.43853
49.45228
50.67625
51.29484
51.90781
52.64130
52.84323
52.81329
52.38341
52.03129
51.44892
51.10617
50.59509
50.33895
50.26175
49.70174
48.27057
48.01569
48.98837
49.09317
48.48071
48.07492
47.37655
46.96664
46.39766
45.79217
44.65529
43.90324
43.27735
42.61455
41.46362
40.60822
40.15215
39.68015
38.93030
38.38826
38.98388
38.80764
38.27640
38.42246
39.51201
40.20532
39.88247
39.38835
39.38700
39.11948
38.58362
39.21320
40.15014
40.37945
39.31455
39.77225
41.26110
41.53185
40.38422
39.80347
38.45442
37.79438
38.39179
38.72895
39.43229
39.82845
40.33103
41.04516
42.53070
43.08656
42.75444
42.70281
42.82129
42.40098
41.93056
41.63047
40.94232
40.39525
40.45300
40.70150
41.20644
41.81904
41.76314
42.16831
43.51719
44.34472
45.77599
46.28772
45.94240
46.52774
47.76568
48.28209
48.08425
47.79957
47.08308
46.50076
45.91253
45.29609
44.92745
44.79492
45.06428
44.66898
43.61694
42.83989
43.09856
43.26215
43.61591
44.39614
45.35968
45.69298
45.50998
45.63562
45.59507
46.48187
47.05291
46.81498
45.73617
44.89926
43.39980
42.82280
42.92195
43.28269
43.25775
44.06821
44.75345
45.34133
45.40289
46.05782
46.14081
46.13187
45.66882
45.55756
45.75412
45.49849
44.59063
44.34220
44.92859
45.47887
45.36046
45.21805
45.45945
45.38254
45.23061
45.63026
46.44531
46.92592
47.69505
48.04296
48.90970
48.64801
47.51335
47.08567
47.19108
47.22153
47.37020
47.26813
46.71030
47.03716
47.72658
48.58658
49.83164
50.41609
49.63018
49.51469
49.26652
49.46746
49.61026
49.14346
48.84485
48.73117
48.83643
48.75932
48.08701
48.75927
50.04632
50.45876
49.95434
49.81199
49.79861
50.10761
50.37665
50.07682
48.91319
48.94622
50.08630
50.78673
51.98398
52.49720
51.96212
52.09923
52.62607
53.40991
54.30777
55.00403
54.44033
53.98740
53.59143
53.29462
53.07036
53.40139
54.18200
54.76106
55.55460
56.43216
56.72128
56.88066
56.75874
56.71239
56.63216
57.15006
58.17793
58.88908
60.22573
60.64708
60.33400
60.79408
62.25201
62.34114
61.01806
60.65818
61.07478
60.99970
60.42800
60.61373
61.74888
61.99771
61.52523
61.79282
62.55128
63.10347
64.07100
64.37027
63.86343
63.55292
63.19906
62.87777
62.17099
62.09358
62.54044
62.90718
63.62580
64.00942
63.42530
63.63523
64.11185
64.50767
65.13544
65.74349
65.76716
65.62753
65.08641
64.35934
63.56683
62.88197
63.48465
63.43550
63.13273
62.63986
62.43986
62.11707
61.71151
61.50955
61.38722
61.22154
60.85112
60.55689
59.93549
59.60642
59.08349
58.97858
59.05860
59.74676
61.16514
61.83850
62.31775
62.44215
62.33020
62.49582
62.88864
62.95600
63.06595
62.31517
61.02930
61.10202
62.54868
63.30575
63.67327
64.43350
64.49590
64.37956
63.63528
64.06184
65.50583
65.94235
65.12086
64.64067
64.89202
64.84492
64.50942
64.91080
66.32765
66.60764
65.75878
65.89638
66.87680
67.27950
67.38964
67.64945
67.77345
68.67189
68.96545
69.43866
69.98969
70.40050
71.01706
71.76346
72.95658
73.74919
75.06342
75.91709
75.91111
75.48480
75.00387
74.50613
74.09229
73.75458
73.58394
73.76856
74.76877
75.14571
75.01713
75.10618
75.90027
76.13001
76.42631
75.80319
74.34670
73.81908
74.03671
74.33395
74.90254
75.46721
75.83653
76.28446
76.41768
75.60628
74.82005
74.55895
73.61902
72.99585
72.09324
71.58387
70.68408
70.93554
72.16340
72.53906
72.40991
72.22915
72.08982
71.31524
71.00608
70.45593
68.96801
68.58625
69.60072
70.35783
69.78704
69.76913
69.76452
69.89296
70.41233
70.33431
69.69576
69.46821
69.99777
69.63740
68.91781
69.06897
70.05929
70.66958
71.78222
72.16651
71.97749
71.46509
70.72650
70.20094
69.66078
69.45743
69.80732
69.96579
70.13640
70.24486
70.51610
69.88120
68.47706
67.70625
67.44856
66.97233
66.59280
65.99321
64.88461
64.58053
64.54298
65.20909
66.64358
67.33825
67.62607
67.85658
67.92030
67.78407
67.31457
66.45566
65.55016
65.01363
63.96693
63.31118
63.25616
62.94093
62.37044
62.40400
62.74536
62.76471
62.81942
63.48038
64.60028
65.25284
66.01939
65.83858
64.61197
63.88887
63.33080
63.08561
63.66979
63.82543
64.85736
65.42514
66.34295
67.08873
68.35472
68.88615
68.77964
68.20319
67.03111
66.36893
65.53820
65.24956
65.69409
66.48186
67.12375
67.76859
68.92553
69.56494
70.60391
70.71533
69.81118
69.50174
69.40735
69.13831
69.04333
69.47708
69.71068
69.47465
68.58321
67.76571
66.43142
65.69336
64.52329
64.82464
66.15928
66.98330
68.20944
68.94653
68.66527
68.59973
67.51005
67.26461
67.97046
67.67227
66.62423
65.85673
64.54964
63.83930
63.94586
63.23597
62.13282
61.38177
60.65271
60.12288
59.32368
58.87238
58.27818
58.02637
57.91039
57.82010
57.72309
57.62914
57.80230
57.16236
56.08903
55.42767
54.81118
54.15651
53.19290
53.11027
54.01653
53.99108
53.19829
52.83354
52.44106
52.49765
53.10821
52.93434
51.86880
51.12039
49.78953
49.46059
50.24568
50.63143
51.35393
51.77308
52.50887
52.36214
51.23993
50.82884
50.45351
50.60240
51.31823
50.79983
49.40915
48.55197
47.60585
46.93645
46.41399
46.66834
47.20802
47.69433
48.03540
47.94282
47.49066
46.82928
45.44631
44.64444
43.30983
42.48112
41.06534
40.19657
39.04442
38.18485
37.75102
37.26579
36.31237
36.57849
37.89336
38.42274
38.95330
39.24823
39.76779
39.56748
38.94680
38.51565
37.90831
38.18189
39.62306
39.88900
38.61662
37.81533
36.69413
36.58404
37.17347
37.70471
38.36871
39.00456
40.32478
41.08780
41.76099
42.26235
43.14418
43.41979
43.15140
43.46389
44.22602
44.66703
45.36703
45.79176
46.47229
47.01911
48.13626
48.73297
49.58675
49.92413
49.94380
49.85514
49.65800
49.15789
48.29684
47.62834
47.16533
47.88836
49.01871
49.89911
51.01121
51.21419
50.53588
49.73131
49.82038
50.08804
50.20656
50.30165
50.49760
50.63205
50.89087
50.98212
51.02079
51.02595
50.83804
51.30239
52.71843
53.41684
54.16957
54.67019
55.48586
56.07539
57.23438
57.52908
57.17779
56.56197
55.84382
55.44467
55.15670
55.49798
56.77214
57.35688
57.94253
58.45203
59.14812
60.01066
59.89753
60.45171
61.45553
61.94268
63.04626
63.82462
64.75695
64.58975
63.24952
62.55287
61.47156
60.74322
59.63435
59.03252
59.18933
59.08034
59.29722
58.60843
57.59245
57.85749
59.29056
60.04993
61.25323
60.93299
59.68016
59.12346
60.13321
60.52449
61.67802
62.09935
61.81419
61.91722
62.30663
61.85096
61.08526
60.78381
60.96490
60.75762
59.91360
60.56659
61.75447
62.09478
61.17042
60.80546
60.31615
60.03234
59.80353
59.11825
57.94409
57.92418
59.23601
59.27044
58.04056
58.00354
58.83749
59.47272
59.47582
60.01674
61.25872
62.01382
63.34030
63.87616
64.16543
63.70041
63.31454
62.64478
62.38274
61.49730
61.26846
60.96043
60.53577
60.12922
59.31804
58.87873
58.04765
57.62583
57.19063
57.73958
59.13695
59.67322
59.49216
58.80061
58.35375
57.79066
58.52034
58.27025
57.72136
56.90582
57.11628
57.27122
57.82981
58.59544
60.02188
60.47500
60.37293
59.96707
59.89724
59.88526
59.81416
59.92122
60.44456
60.27060
59.52842
58.85344
58.45495
58.64879
59.77608
60.40984
61.30384
62.14833
62.77009
63.01023
62.88888
62.51132
61.36027
61.24094
62.08670
62.80773
64.15690
64.99243
66.47970
66.59614
65.18567
65.38913
66.75076
67.46344
68.12432
67.44585
66.08586
65.18694
63.73630
63.02416
62.46553
61.96182
62.40304
62.58425
62.80166
62.61677
61.87650
61.42145
60.46913
60.84314
62.27510
62.90087
62.24286
62.95883
64.06670
64.94526
66.42473
67.23753
68.27320
67.92223
66.46160
65.85043
65.50134
66.10955
67.34822
67.69773
67.36714
67.07992
67.83172
67.79208
67.13357
66.77872
67.64467
68.17280
69.39450
69.01593
67.65616
66.97960
67.94275
68.55585
69.85858
70.63835
71.93140
72.74251
73.54731
74.12688
75.12998
75.47200
75.08777
74.53013
73.45241
72.84742
71.93474
71.50709
70.91793
70.72356
70.97421
71.22055
72.05985
71.88728
70.80840
70.03848
69.77102
68.97001
67.65259
67.49211
68.59242
69.07101
69.42964
70.31726
70.36693
71.22542
71.85516
72.29384
72.24452
72.05128
71.81206
71.02634
70.02855
69.44262
69.52744
69.03247
68.08415
67.70509
67.51271
67.36240
67.19382
67.06041
66.88283
66.93587
67.30439
67.47940
66.95828
67.14080
68.31578
68.34684
67.49413
66.61701
66.87388
66.31132
66.53927
66.42275
66.52530
66.13350
65.29035
64.56717
64.02969
64.04948
64.36330
63.84729
63.09636
62.75312
62.13275
62.77705
63.80779
64.39307
65.04279
65.18543
65.23154
64.52213
63.78927
63.53677
63.53738
63.44183
63.95361
64.75485
65.68678
66.31956
66.43637
66.73794
67.19088
67.95388
68.96358
69.67936
70.71143
70.76919
70.08603
69.29102
69.37221
69.19537
69.14552
68.71471
67.97017
67.40503
66.36010
65.99338
66.57158
67.20772
68.65632
69.27037
69.63118
69.91228
70.52039
70.34070
69.31843
69.02954
69.11829
68.99510
68.63773
68.18843
67.10908
66.41954
65.03999
65.05816
66.47890
66.79889
66.11953
65.78088
65.48782
64.60515
63.91051
63.39147
62.73339
62.03152
60.57551
59.88010
59.57944
59.40348
59.56582
58.83448
57.57055
56.74314
56.22967
56.20015
56.68979
57.44332
58.86516
59.15467
58.27133
58.63234
59.79965
60.36865
59.97821
59.77341
59.62363
59.28758
58.88136
58.02335
57.05282
56.20688
55.64061
55.33019
55.39436
55.00458
53.81582
53.56177
53.99629
54.25533
54.66232
55.36137
56.78760
57.62322
58.92904
59.42903
58.68685
58.83207
59.69293
60.15213
61.06450
60.81386
59.77741
59.09379
57.99259
57.40543
57.56723
57.80888
58.58498
58.44442
57.38518
56.71210
55.66775
55.11268
54.64757
53.75516
53.44749
52.58320
51.24943
50.63459
50.10057
49.58629
48.94601
48.32398
48.74246
49.10837
49.82194
50.15007
50.81119
51.29742
52.11887
52.69666
53.70698
54.34871
54.12355
54.31653
55.17128
54.73554
53.31582
52.51651
51.44335
50.66643
49.21045
48.86758
49.69097
50.36113
51.58701
52.29192
51.30516
51.01787
50.79006
50.58025
50.18216
50.99367
51.68273
52.56613
53.73165
53.58352
52.10517
52.14432
53.63687
53.84019
52.66423
51.95867
50.61719
49.82413
48.55337
47.74345
46.64081
46.67791
47.99412
48.02295
46.95347
46.15203
45.42346
44.92250
43.90078
44.27289
45.55887
46.44808
47.59044
48.13996
48.68318
49.05942
49.69357
50.18964
51.24073
51.40014
50.57748
50.13548
49.32837
48.90357
48.36234
48.24319
48.42230
48.61068
49.13370
49.34533
49.47148
49.72681
50.18098
50.39482
50.71591
49.94045
48.73339
48.66770
50.00639
50.55963
50.89715
51.51615
52.83866
53.68194
54.23701
54.32681
53.89992
53.27077
51.79403
51.41544
52.22206
52.41777
52.30316
52.75332
52.89884
53.77015
54.43753
55.04470
55.79622
56.26570
57.13674
57.06406
56.00318
55.44005
54.65579
54.56158
55.10692
55.49834
56.13446
56.96815
58.36305
59.23240
60.66592
61.53015
62.97287
63.70929
64.41424
64.46230
63.57790
64.10724
65.47968
66.35238
67.80913
68.61143
69.79551
70.12022
69.36183
70.02135
71.33885
71.51897
70.30404
69.68098
68.60914
68.16173
67.61301
67.31127
67.59062
67.63161
67.88277
67.34085
65.88514
65.15674
64.39643
63.99537
63.87995
64.26291
65.50324
66.30762
67.74598
68.37194
68.29442
68.54049
68.95842
69.69882
71.19597
71.83073
71.74092
72.18323
73.26981
73.88596
73.68590
74.03144
75.16128
75.23143
74.27376
73.83216
74.03107
74.38606
75.38775
76.06800
77.20631
78.00030
78.39131
78.51138
78.75524
79.39971
80.79025
81.27863
81.91885
82.43680
83.31081
83.89871
83.59737
83.71296
83.15079
83.62595
85.10216
85.81838
85.83701
86.07720
86.90013
86.28444
85.05484
84.40405
83.15801
82.28841
80.84738
79.97331
78.97506
78.78698
80.21322
81.02703
82.30497
83.05840
84.17493
85.02403
86.20486
86.10064
84.65374
84.15250
84.88186
84.80129
84.06730
83.22108
81.97905
81.41552
81.01810
80.72035
80.30108
80.41245
79.48200
79.24940
79.90616
79.84772
79.17682
78.84090
78.08821
78.54523
80.03821
80.86690
81.94012
82.73082
84.07453
84.81331
85.87882
86.55268
87.78544
87.81339
86.54109
86.43113
87.52731
88.03783
88.44905
89.28047
90.51329
91.23610
91.35975
91.26920
90.74982
90.09497
88.95323
88.29503
87.14352
87.20818
88.44271
89.08221
90.23734
89.96466
88.50995
