0.00029870
0.00045130
0.00050042
0.00070146
0.00075972
0.00075972
0.00046581
0.00036427
0.00036427
0.00024213
0.00041914
0.00050819
0.00050819
0.00042514
0.00042514
0.00042477
0.00042477
0.00095540
0.00163182
0.00175298
0.00195490
0.00195490
0.00178180
0.00106662
0.00106662
0.00075361
0.00056783
0.00034241
0.00043161
0.00055692
0.00055692
0.00039239
0.00039146
0.00051859
0.00109442
0.00147403
0.00150361
0.00150361
0.00115303
0.00096787
0.00089952
0.00062961
0.00033736
0.00017935
0.00033503
0.00036150
0.00036150
0.00025024
0.00026396
0.00040003
0.00040003
0.00042972
0.00042972
0.00060492
0.00060492
0.00050451
0.00050451
0.00043938
0.00030081
0.00031081
0.00031081
0.00025487
0.00028110
0.00032111
0.00032111
0.00025582
0.00036205
0.00042879
0.00065513
0.00093210
0.00167595
0.00238099
0.00285004
0.00285004
0.00266311
0.00192894
0.00079846
0.00046060
0.00046060
0.00042512
0.00034758
0.00024596
0.00037888
0.00039985
0.00039985
0.00023214
0.00016671
0.00016274
0.00019257
0.00019257
0.00027280
0.00054862
0.00072562
0.00072562
0.00041082
0.00033170
0.00060042
0.00076086
0.00093954
0.00102124
0.00102124
0.00087167
0.00055264
0.00046954
0.00055726
0.00083882
0.00098931
0.00139541
0.00176332
0.00248829
0.00279637
0.00279637
0.00271421
0.00226683
0.00190348
0.00118286
0.00055690
0.00064074
0.00064074
0.00056174
0.00040990
0.00035856
0.00033306
0.00027037
0.00054556
0.00150991
0.00246868
0.00300142
0.00308531
0.00308531
0.00248673
0.00152471
0.00045183
0.00045541
0.00045649
0.00045649
0.00028908
0.00049450
0.00051363
0.00063060
0.00077996
0.00077996
0.00066068
0.00066068
0.00079172
0.00083915
0.00083915
0.00081490
0.00076306
0.00075924
0.00135322
0.00173581
0.00173581
0.00107853
0.00053875
0.00047252
0.00047252
0.00050128
0.00050128
0.00041278
0.00028710
0.00045665
0.00045665
0.00040485
0.00030050
0.00045993
0.00071584
0.00088690
0.00108981
0.00108981
0.00084761
0.00054922
0.00051240
0.00121977
0.00193104
0.00277587
0.00328621
0.00328621
0.00282465
0.00204688
0.00108207
0.00070580
0.00049841
0.00049841
0.00048325
0.00048325
0.00031762
0.00040441
0.00048706
0.00060609
0.00060609
0.00052695
0.00053859
0.00053859
0.00025586
0.00025586
0.00018330
0.00025136
0.00042552
0.00042552
0.00033976
0.00032409
0.00039336
0.00039336
0.00024839
0.00024839
0.00035490
0.00035490
0.00029663
0.00046439
0.00049663
0.00049663
0.00030895
0.00053665
0.00110022
0.00171272
0.00174098
0.00174098
0.00159350
0.00137314
0.00137807
0.00137807
0.00172293
0.00189815
0.00189815
0.00152829
0.00090869
0.00066501
0.00070080
0.00070080
0.00060149
0.00025399
0.00025399
0.00044552
0.00048457
0.00081099
0.00081099
0.00070750
0.00081139
0.00084393
0.00084393
0.00073124
0.00047356
0.00066981
0.00074645
0.00074645
0.00114591
0.00114591
0.00074258
0.00034469
0.00020577
0.00036003
0.00036003
0.00038267
0.00038267
0.00035073
0.00039634
0.00039634
0.00037290
0.00022883
0.00022328
0.00040313
0.00040313
0.00025809
0.00030349
0.00045437
0.00065733
0.00065733
0.00080731
0.00145412
0.00176765
0.00176765
0.00111384
0.00059921
0.00059921
0.00068735
0.00068735
0.00047612
0.00039261
0.00041649
0.00043005
0.00043005
0.00053130
0.00059927
0.00080536
0.00080536
0.00075310
0.00036321
0.00037821
0.00062733
0.00072583
0.00072583
0.00056818
0.00067201
0.00081712
0.00081712
0.00054214
0.00038311
0.00038311
0.00026490
0.00024612
0.00035507
0.00051679
0.00061911
0.00061911
0.00055187
0.00039406
0.00041727
0.00060501
0.00060501
0.00048576
0.00048576
0.00043351
0.00063876
0.00063876
0.00055382
0.00056019
0.00072575
0.00072575
0.00065324
0.00043787
0.00039195
0.00033783
0.00075193
0.00097805
0.00097805
0.00051652
0.00037597
0.00034782
0.00034817
0.00039872
0.00049867
0.00083378
0.00083378
0.00063155
0.00046995
0.00046995
0.00034942
0.00051360
0.00091574
0.00091574
0.00081578
0.00051098
0.00053687
0.00067522
0.00067522
0.00077952
0.00107638
0.00120193
0.00120193
0.00116395
0.00081170
0.00052216
0.00052216
0.00027363
0.00044029
0.00062244
0.00062244
0.00039995
0.00047003
0.00069013
0.00114914
0.00155484
0.00166287
0.00166287
0.00186467
0.00186467
0.00146191
0.00126834
0.00126834
0.00103882
0.00070950
0.00053427
0.00045828
0.00051042
0.00064648
0.00064648
0.00074577
0.00074577
0.00049800
0.00051853
0.00073708
0.00103005
0.00146855
0.00169409
0.00174561
0.00188078
0.00188078
0.00179210
0.00178319
0.00154866
0.00154866
0.00118564
0.00072804
0.00072804
0.00055842
0.00062465
0.00109458
0.00109458
0.00104171
0.00104171
0.00092879
0.00062999
0.00103492
0.00106677
0.00106677
0.00065300
0.00073562
0.00073562
0.00045478
0.00069591
0.00112587
0.00112587
0.00100942
0.00151748
0.00169417
0.00211117
0.00211117
0.00171518
0.00229820
0.00229820
0.00225518
0.00225518
0.00172333
0.00110470
0.00068150
0.00068150
0.00052565
0.00063404
0.00063404
0.00048961
0.00104334
0.00119598
0.00119598
0.00085484
0.00133340
0.00182429
0.00186896
0.00186896
0.00118058
0.00149737
0.00149737
0.00115758
0.00103237
0.00095454
0.00095454
0.00083023
0.00057366
0.00092488
0.00092488
0.00055971
0.00048756
0.00053871
0.00053871
0.00085625
0.00106839
0.00187546
0.00240727
0.00240727
0.00175988
0.00100898
0.00100898
0.00107126
0.00107126
0.00105552
0.00078405
0.00057866
0.00057866
0.00052911
0.00052911
0.00051973
0.00053025
0.00056415
0.00056415
0.00058224
0.00058224
0.00057091
0.00041101
0.00053533
0.00053533
0.00040874
0.00090365
0.00094417
0.00094417
0.00049215
0.00038235
0.00057450
0.00075281
0.00102747
0.00102747
0.00084307
0.00095516
0.00095516
0.00078562
0.00092886
0.00109009
0.00109009
0.00072090
0.00032506
0.00072922
0.00081883
0.00120917
0.00120917
0.00106165
0.00085288
0.00040707
0.00040707
0.00052052
0.00066249
0.00111615
0.00111615
0.00096177
0.00079287
0.00079287
0.00059949
0.00077406
0.00077406
0.00060737
0.00076416
0.00076416
0.00089104
0.00094917
0.00094917
0.00095878
0.00152202
0.00152202
0.00136093
0.00136093
0.00131579
0.00180988
0.00180988
0.00134470
0.00087721
0.00087721
0.00072490
0.00078130
0.00078130
0.00067485
0.00117370
0.00117370
0.00113441
0.00113441
0.00114757
0.00114757
0.00076789
0.00063386
0.00123396
0.00178380
0.00248411
0.00248411
0.00189673
0.00166504
0.00166504
0.00115619
0.00107549
0.00101710
0.00071516
0.00101363
0.00117079
0.00117079
0.00091016
0.00080845
0.00091267
0.00098069
0.00100620
0.00100620
0.00076765
0.00076091
0.00093896
0.00093896
0.00106587
0.00129427
0.00129427
0.00112247
0.00101291
0.00098471
0.00098471
0.00105180
0.00105180
0.00104435
0.00151537
0.00151537
0.00095493
0.00047545
0.00068443
0.00092321
0.00092321
0.00122664
0.00122664
0.00103309
0.00086988
0.00103701
0.00103701
0.00097548
0.00107218
0.00107218
0.00090419
0.00090419
0.00077514
0.00052116
0.00054101
0.00088989
0.00116658
0.00116658
0.00081685
0.00081685
0.00098850
0.00098850
0.00092921
0.00153306
0.00153306
0.00107299
0.00062607
0.00062607
0.00057575
0.00061677
0.00092633
0.00092633
0.00144791
0.00173742
0.00178198
0.00249699
0.00314903
0.00314903
0.00278872
0.00197644
0.00126750
0.00126750
0.00108450
0.00126236
0.00126768
0.00126768
0.00083000
0.00061958
0.00061820
0.00061820
0.00045370
0.00046211
0.00046211
0.00046127
0.00045087
0.00093100
0.00093100
0.00059871
0.00036390
0.00044710
0.00064081
0.00064081
0.00090678
0.00090678
0.00048469
0.00056693
0.00056693
0.00077528
0.00103854
0.00103854
0.00102302
0.00076468
0.00028609
0.00054888
0.00068736
0.00068736
0.00069126
0.00069126
0.00047684
0.00060159
0.00060159
0.00084165
0.00088978
0.00103295
0.00123384
0.00123384
0.00075142
0.00078177
0.00078177
0.00064685
0.00037086
0.00036272
0.00054093
0.00054093
0.00051238
0.00051238
0.00045121
0.00091971
0.00103464
0.00136936
0.00166785
0.00166785
0.00130166
0.00119882
0.00108841
0.00065633
0.00082693
0.00110132
0.00110132
0.00093326
0.00076045
0.00112013
0.00161288
0.00161288
0.00121824
0.00063957
0.00047356
0.00047356
0.00048191
0.00060787
0.00092249
0.00092249
0.00071846
0.00054937
0.00028666
0.00066302
0.00090633
0.00090633
0.00044896
0.00095566
0.00107816
0.00112080
0.00112080
0.00092286
0.00059814
0.00069462
0.00074281
0.00074281
0.00077053
0.00077053
0.00073020
0.00065813
0.00061331
0.00061331
0.00048441
0.00048441
0.00083042
0.00109843
0.00109843
0.00102338
0.00082051
0.00114901
0.00126447
0.00126447
0.00137717
0.00137717
0.00125140
0.00088038
0.00088880
0.00088880
0.00063856
0.00078282
0.00082608
0.00150822
0.00160264
0.00164779
0.00164779
0.00104190
0.00092163
0.00092163
0.00074010
0.00085378
0.00085378
0.00047558
0.00072048
0.00072048
0.00041204
0.00041204
0.00047243
0.00049224
0.00072330
0.00072330
0.00058724
0.00049789
0.00073981
0.00073981
0.00066688
0.00066688
0.00063561
0.00092330
0.00116537
0.00116537
0.00084371
0.00105220
0.00105220
0.00096253
0.00081645
0.00083287
0.00102764
0.00129986
0.00136048
0.00136048
0.00107806
0.00111440
0.00111440
0.00060735
0.00058256
0.00064970
0.00091187
0.00135017
0.00135017
0.00160650
0.00160650
0.00133363
0.00082748
0.00068781
0.00068781
0.00061059
0.00080118
0.00080118
0.00059099
0.00123142
0.00141603
0.00141603
0.00101404
0.00059327
0.00052548
0.00117525
0.00135134
0.00191159
0.00191159
0.00129582
0.00113056
0.00102544
0.00102544
0.00083998
0.00039069
0.00078167
0.00093470
0.00093470
0.00087565
0.00060360
0.00044707
0.00062208
0.00081552
0.00081552
0.00078290
0.00108815
0.00108815
0.00099530
0.00099530
0.00060622
0.00096403
0.00096403
0.00064206
0.00063990
0.00063102
0.00077824
0.00077824
0.00117737
0.00179754
0.00179754
0.00161835
0.00118572
0.00070110
0.00072255
0.00098998
0.00103183
0.00157368
0.00234434
0.00288264
0.00288264
0.00280209
0.00265322
0.00205607
0.00148598
0.00066471
0.00054261
0.00127516
0.00171710
0.00213549
0.00213549
0.00193787
0.00145925
0.00103831
0.00065861
0.00059212
0.00059230
0.00059230
0.00059445
0.00121972
0.00123758
0.00123758
0.00097842
0.00077752
0.00067006
0.00065099
0.00089172
0.00110078
0.00110078
0.00079129
0.00098489
0.00098489
0.00079999
0.00079999
0.00084463
0.00085160
0.00091205
0.00095723
0.00095723
0.00065483
0.00045550
0.00054788
0.00054788
0.00084585
0.00084585
0.00079391
0.00079391
0.00066169
0.00076683
0.00123651
0.00135273
0.00135273
0.00101810
0.00093171
0.00107277
0.00107277
0.00098439
0.00098439
0.00066444
0.00081237
0.00081237
0.00080050
0.00080050
0.00076595
0.00070748
0.00079077
0.00114818
0.00114818
0.00096106
0.00074222
0.00074222
0.00054937
0.00106533
0.00106533
0.00063624
0.00097542
0.00097542
0.00080813
0.00086419
0.00086419
0.00097397
0.00120923
0.00120923
0.00077446
0.00118184
0.00118184
0.00112661
0.00089879
0.00113385
0.00113385
0.00076000
0.00114049
0.00114049
0.00097576
0.00093586
0.00096854
0.00096854
0.00102730
0.00102730
0.00077930
0.00107190
0.00107190
0.00104645
0.00100389
0.00078245
0.00078245
0.00047081
0.00097092
0.00102629
0.00102629
0.00094965
0.00086887
0.00070819
0.00070819
0.00050044
0.00098821
0.00098821
0.00067111
0.00067111
0.00101145
0.00182529
0.00256184
0.00256184
0.00272891
0.00272891
0.00231999
0.00190338
0.00178953
0.00162506
0.00114808
0.00080685
0.00154467
0.00206722
0.00206722
0.00159680
0.00115590
0.00106994
0.00164075
0.00164075
0.00121654
0.00069366
0.00063279
0.00029693
