0.00000000
0.00025549
0.00337303
0.00438277
0.00438277
0.00016001
0.00001379
0.00016001
0.00188982
0.00188982
0.00010569
0.00008967
0.00002708
0.00036479
0.00036479
0.00006616
0.00006616
0.00004503
0.00004503
0.00001963
0.00003787
0.00152232
0.00152232
0.00026717
0.00022627
0.00022627
0.00019941
0.00026717
0.00004055
0.00041460
0.00041460
0.00000000
0.00002513
0.00005958
0.00005958
0.00079756
0.00079756
0.00283106
0.00283106
0.00281800
0.00281800
0.00009686
0.00030268
0.00030268
0.00232675
0.00263670
0.00263670
0.00025387
0.00009908
0.00009908
0.00008372
0.00008372
0.00008122
0.00215102
0.00226699
0.00226699
0.00024387
0.00012782
0.00002153
0.00000535
0.00008578
0.00245853
0.00245853
0.00231227
0.00031341
0.00000000
0.00033402
0.00250898
0.00250898
0.00008247
0.00010753
0.00028858
0.00039772
0.00010578
0.00000000
0.00009282
0.00000000
0.00005883
0.00005883
0.00005620
0.00005494
0.00234027
0.00234027
0.00177085
0.00177085
0.00011281
0.00011629
0.00007105
0.00000000
0.00117670
0.00117670
0.00000000
0.00015248
0.00007803
0.00137082
0.00137082
0.00004111
0.00000000
0.00000000
0.00000000
0.00013435
0.00016685
0.00013287
0.00292825
0.00292825
0.00162987
0.00011392
0.00097845
0.00097845
0.00028481
0.00082926
0.00082926
0.00004507
0.00201728
0.00201728
0.00014055
0.00024476
0.00052830
0.00189775
0.00189775
0.00013435
0.00000640
0.00000275
0.00017244
0.00017244
0.00003453
0.00003453
0.00003359
0.00227713
0.00227713
0.00241917
0.00241917
0.00034456
0.00008772
0.00125493
0.00125493
0.00004091
0.00069283
0.00069283
0.00006526
0.00000525
0.00005671
0.00036364
0.00210037
0.00210037
0.00273474
0.00273474
0.00108892
0.00022737
0.00022737
0.00000000
0.00000000
0.00002963
0.00007136
0.00007136
0.00003366
0.00003366
0.00120651
0.00120651
0.00215466
0.00215466
0.00005392
0.00141367
0.00141367
0.00001966
0.00001966
0.00000000
0.00043722
0.00043722
0.00055175
0.00055175
0.00034648
0.00009757
0.00010580
0.00010894
0.00018735
0.00035917
0.00035917
0.00017628
0.00018301
0.00018301
0.00017640
0.00000000
0.00000000
0.00023327
0.00283700
0.00283700
0.00003060
0.00002846
0.00004140
0.00124624
0.00124624
0.00008382
0.00013303
0.00018170
0.00018170
0.00001446
0.00000000
0.00000000
0.00026622
0.00007262
0.00002872
0.00002872
0.00024081
0.00212919
0.00251546
0.00251546
0.00009162
0.00002259
0.00002259
0.00005566
0.00005566
0.00011034
0.00335407
0.00335407
0.00230610
0.00026044
0.00142067
0.00142067
0.00092229
0.00007894
0.00015762
0.00221421
0.00221421
0.00163945
0.00015067
0.00039447
0.00039447
0.00009110
0.00009316
0.00009316
0.00005590
0.00005590
0.00005036
0.00008136
0.00008136
0.00059544
0.00059544
0.00007934
0.00187752
0.00187752
0.00026622
0.00035267
0.00224833
0.00224833
0.00015236
0.00012087
0.00008063
0.00011893
0.00006777
0.00000000
0.00007682
0.00133126
0.00133126
0.00000235
0.00000000
0.00000000
0.00000000
0.00000000
0.00000000
0.00011342
0.00005497
0.00009898
0.00014602
0.00021497
0.00285556
0.00285556
0.00012190
0.00163873
0.00163873
0.00203314
0.00203314
0.00040686
0.00030933
0.00006157
0.00004743
0.00011839
0.00031763
0.00031763
0.00006349
0.00149422
0.00149422
0.00009283
0.00012505
0.00012505
0.00009599
0.00009316
0.00007652
0.00000000
0.00000000
0.00000000
0.00012489
0.00006533
0.00001014
0.00004834
0.00010408
0.00010408
0.00181116
0.00181116
0.00005501
0.00010776
0.00010776
0.00011799
0.00011799
0.00009257
0.00018232
0.00018232
0.00017080
0.00018321
0.00018321
0.00010654
0.00000000
0.00008486
0.00008847
0.00008847
0.00007233
