 0.10000	 97.20542145	141.99807739	194.39559937	 96.39141846	143.10501099	193.79425049	           0	           2
 0.10000	 95.61320496	143.55546570	193.76599121	 94.26130676	143.63804626	194.40998840	          -1	           3
 0.10000	 93.38724518	143.60281372	194.61878967	 91.92706299	143.27374268	194.71032715	          -2	           4
 0.10000	 91.03038788	143.28469849	194.77497864	 89.57590485	143.63768005	194.86622620	          -3	           5
 0.10000	 88.69510651	143.78495789	194.97067261	 87.25978088	144.07141113	195.29728699	          -4	           6
 0.10000	 86.38658142	143.86598206	195.23202515	 85.24390411	143.07655334	194.66612244	          -5	           7
 0.10000	 84.79448700	142.30477905	194.55937195	 84.72110748	140.82000732	194.75669861	          -6	           8
 0.10000	 84.64217377	139.92832947	194.84199524	 84.43386078	138.45904541	195.05892944	          -7	           9
 0.10000	 84.78936005	137.65040588	194.88761902	 86.00672150	137.07383728	194.22790527	          -8	          10
 0.10000	 86.32415771	136.29992676	193.89624023	 86.01268768	134.84530640	193.70547485	          -9	          11
 0.10000	 85.98825836	134.14457703	193.14213562	 86.12583160	133.57101440	191.76335144	         -10	          12
 0.10000	 86.08888245	133.18370056	190.95295715	 85.81981659	132.58590698	189.60446167	         -11	          13
 0.10000	 85.82107544	132.22915649	188.77980042	 86.07291412	131.64245605	187.42312622	         -12	          14
 0.10000	 86.19076538	131.29443359	186.60255432	 86.42051697	130.60421753	185.29110718	         -13	          15
 0.10000	 86.34235382	130.63641357	184.39569092	 86.04815674	131.50312805	183.20765686	         -14	          16
 0.10000	 85.40523529	131.62431335	182.59014893	 83.98372650	131.25514221	182.28619385	         -15	          17
 0.10000	 83.30173492	130.73588562	182.01374817	 82.71154785	129.43765259	181.54988098	         -16	          18
 0.10000	 82.12525177	128.75959778	181.62269592	 80.99650574	128.03932190	182.29823303	         -17	          19
 0.10000	 80.58893585	127.34595490	182.70094299	 80.46496582	126.01625061	183.38327026	         -18	          20
 0.10000	 80.34816742	125.16936493	183.66241455	 80.28550720	123.69229126	183.91456604	         -19	          21
 0.10000	 79.88014221	122.89016724	183.95414734	 78.68830109	121.98450470	183.86102295	         -20	          22
 0.10000	 78.19447327	121.30648041	183.53625488	 77.73123169	120.23669434	182.59274292	         -21	          23
 0.10000	 77.72557831	119.50319672	182.07214355	 78.06989288	118.24774933	181.32728577	         -22	          24
 0.10000	 78.75551605	117.78958893	180.96733093	 80.23631287	117.91124725	180.76246643	         -23	          25
 0.10000	 81.10694122	117.68508148	180.76768494	 82.46171570	117.08872223	181.00927734	         -24	          26
 0.10000	 83.02354431	116.48390198	181.36698914	 83.18109894	115.32830811	182.30989075	         -25	          27
 0.10000	 83.69063568	114.59222412	182.39883423	 84.77024841	113.79603577	181.72816467	         -26	          28
 0.10000	 85.38169098	113.28743744	181.30828857	 86.25727081	112.56816101	180.32582092	         -27	          29
 0.10000	 86.94882965	111.99520111	180.27461243	 87.99513245	111.23173523	181.03086853	         -28	          30
 0.10000	 88.23970795	110.67963409	181.69795227	 87.79900360	109.95808411	182.93669128	         -29	          31
 0.10000	 87.75862885	109.48533630	183.70063782	 87.92850494	108.71478271	184.97573853	         -30	          32
 0.10000	 88.01231384	108.22461700	185.72468567	 88.02389526	107.40531921	186.98068237	         -31	          33
 0.10000	 88.46994781	106.84697723	187.52693176	 89.72254181	106.12015533	187.91682434	         -32	          34
 0.10000	 90.41266632	105.55864716	187.78518677	 91.30058289	104.73606110	186.89976501	         -33	          35
 0.10000	 91.65190887	104.04955292	186.43701172	 91.86224365	102.72605133	185.76390076	         -34	          36
 0.10000	 91.79747772	101.96942139	185.28251648	 91.42198181	100.86021423	184.34579468	         -35	          37
 0.10000	 90.87864685	100.18077850	184.11848450	 89.63966370	 99.36307526	184.33024597	         -36	          38
 0.10000	 88.97520447	 98.85254669	184.65515137	 88.06703949	 98.10227203	185.58268738	         -37	          39
 0.10000	 87.44499207	 97.67750549	186.07209778	 86.33100128	 97.04932404	186.85420227	         -38	          40
 0.10000	 85.64324951	 96.59873962	187.21606445	 84.55281830	 95.66032410	187.63795471	         -39	          41
 0.10000	 83.69071960	 95.47689819	187.81324768	 82.24560547	 95.87123108	187.87565613	         -40	          42
 0.10000	 81.35820007	 95.98155212	187.96105957	 79.87661743	 96.11553192	188.14596558	         -41	          43
 0.10000	 78.98931885	 95.97721863	188.14781189	 77.63908386	 95.35221100	187.96551514	         -42	          44
 0.10000	 76.76708221	 95.16775513	187.85623169	 75.28311920	 95.16523743	187.64474487	         -43	          45
 0.10000	 74.39603424	 95.04930115	187.56629944	 72.91460419	 94.82473755	187.51879883	         -44	          46
 0.10000	 72.19810486	 94.28359985	187.48965454	 71.54758453	 92.93315887	187.47328186	         -45	          47
 0.10000	 71.31799316	 92.06998444	187.38307190	 71.33384705	 90.59395599	187.12406921	         -46	          48
 0.10000	 71.27915955	 89.71790314	186.93856812	 71.15637207	 88.27310181	186.56053162	         -47	          49
 0.10000	 71.01718903	 87.41536713	186.33766174	 70.66102600	 86.00799561	185.96531677	         -48	          50
 0.10000	 70.48642731	 85.16989136	185.69462585	 70.12836456	 83.80960846	185.17605591	         -49	          51
 0.10000	 70.31800079	 83.02446747	184.78187561	 71.20765686	 81.98902130	184.16136169	         -50	          52
 0.10000	 71.88208771	 81.68133545	183.65216064	 73.08767700	 81.69703674	182.76016235	         -51	          53
 0.10000	 73.65387726	 82.25624847	182.34045410	 73.81481934	 83.74084473	182.20066833	         -52	          54
 0.10000	 74.29311371	 84.44747162	181.91645813	 75.43459320	 85.19752502	181.29768372	         -53	          55
 0.10000	 76.14953613	 85.58560944	180.91577148	 77.40807343	 86.04772949	180.24467468	         -54	          56
 0.10000	 78.19216156	 86.31463623	179.89657593	 79.54167938	 86.75621033	179.41508484	         -55	          57
 0.10000	 80.38348389	 86.85446167	179.11560059	 81.79314423	 86.85132599	178.60415649	         -56	          58
 0.10000	 82.55792236	 86.41459656	178.42068481	 83.18676758	 85.05312347	178.39649963	         -57	          59
 0.10000	 84.02782440	 84.73351288	178.40916443	 85.43300629	 85.24562836	178.52229309	         -58	          60
 0.10000	 86.30492401	 85.46698761	178.52786255	 87.77727509	 85.74192810	178.45144653	         -59	          61
 0.10000	 88.46341705	 86.31909943	178.37867737	 89.03638458	 87.69506073	178.21220398	         -60	          62
 0.10000	 89.15346527	 88.58607483	178.17588806	 88.87064362	 90.05878448	178.17475891	         -61	          63
 0.10000	 88.57798767	 90.88925171	178.35641479	 87.92303467	 92.11364746	178.92260742	         -62	          64
 0.10000	 87.30035400	 92.62346649	179.32336426	 86.03491974	 92.98367310	180.04272461	         -63	          65
 0.10000	 85.21831512	 93.03602600	180.41491699	 83.82103729	 92.74089050	180.87229919	         -64	          66
 0.10000	 83.01324463	 92.67060089	181.26115417	 81.77906799	 92.55059814	182.10464478	         -65	          67
 0.10000	 81.02506256	 92.91520691	182.43312073	 80.22173309	 94.18070984	182.48547363	         -66	          68
 0.10000	 79.41027069	 94.42103577	182.79078674	 78.29158020	 93.82775879	183.59471130	         -67	          69
 0.10000	 77.43640137	 93.57167816	183.48262024	 76.43611908	 93.30245209	182.39807129	         -68	          70
 0.10000	 75.77844238	 93.36429596	181.78773499	 74.81003571	 93.90345001	180.77766418	         -69	          71
 0.10000	 74.12194824	 94.06361389	180.22155762	 72.85094452	 94.05824280	179.42591858	         -70	          72
 0.10000	 72.16971588	 94.27667236	178.88150024	 71.21916199	 94.93468475	177.92651367	         -71	          73
 0.10000	 70.68824768	 95.40055084	177.37004089	 69.80625916	 96.21957397	176.47534180	         -72	          74
 0.10000	 69.73571014	 97.00405884	176.04058838	 70.57112885	 98.21405029	175.74440002	         -73	          75
 0.10000	 70.41388702	 99.09735870	175.67726135	 69.26659393	100.04223633	175.87834167	         -74	          76
 0.10000	 68.75983429	100.77288818	176.01402283	 68.12586212	102.08842468	176.35525513	         -75	          77
 0.10000	 67.71245575	102.88689423	176.36398315	 66.98604584	104.17893219	176.13627625	         -76	          78
 0.10000	 66.72975922	104.93624115	175.72460938	 66.73165131	106.02666473	174.69505310	         -77	          79
 0.10000	 66.48893738	106.44612122	173.93750000	 65.81153107	106.58294678	172.60661316	         -78	          80
 0.10000	 65.42199707	106.74092865	171.81166077	 64.67388916	107.09069061	170.55972290	         -79	          81
 0.10000	 64.56616974	107.09114075	169.66674805	 64.97006226	106.65078735	168.29104614	         -80	          82
 0.10000	 65.23913574	106.79563141	167.44499207	 65.58559418	107.61807251	166.23960876	         -81	          83
 0.10000	 66.27407837	108.01105499	165.81419373	 67.74907684	108.26657867	165.90638733	         -82	          84
 0.10000	 68.56040192	108.62825775	166.04887390	 69.60247803	109.58063507	166.55551147	         -83	          85
 0.10000	 70.47406006	109.59589386	166.77807617	 71.59336853	108.60788727	166.92181396	         -84	          86
 0.10000	 72.49158478	108.58743286	166.87435913	 73.69856262	109.41955566	166.55752563	         -85	          87
 0.10000	 74.49932098	109.78396606	166.36965942	 75.82210541	110.42504883	166.07147217	         -86	          88
 0.10000	 76.65688324	110.29104614	165.76402283	 77.61498260	109.28396606	165.20065308	         -87	          89
 0.10000	 78.23487091	108.68099976	164.95315552	 79.19224548	107.54959869	164.72424316	         -88	          90
 0.10000	 79.87417603	107.00312805	164.51158142	 81.06996155	106.19786072	164.09803772	         -89	          91
 0.10000	 81.91446686	106.22582245	163.78964233	 83.03436279	107.10601807	163.32015991	         -90	          92
 0.10000	 83.67661285	107.71338654	163.15429688	 84.54609680	108.93489075	163.12446594	         -91	          93
 0.10000	 85.10814667	109.62992096	163.02435303	 86.03504944	110.80300903	162.90531921	         -92	          94
 0.10000	 86.62025452	111.20496368	162.35267639	 87.38961792	111.05663300	161.07366943	         -93	          95
 0.10000	 87.31068420	111.11840057	160.17970276	 86.25517273	111.32258606	159.13385010	         -94	          96
 0.10000	 85.82212830	111.28371429	158.34646606	 85.28571320	111.00515747	156.97396851	         -95	          97
 0.10000	 85.18987274	110.69984436	156.13345337	 85.33858490	109.89073181	154.87937927	         -96	          98
 0.10000	 85.80127716	109.79762268	154.11344910	 86.98154449	110.32255554	153.35127258	         -97	          99
 0.10000	 87.53029633	110.55480957	152.67762756	 88.19686127	110.86967468	151.37178040	         -98	         100
 0.10000	 88.50543976	111.16714478	150.58126831	 88.77033997	111.69306946	149.20204163	         -99	         101
 0.10000	 89.01143646	112.38056946	148.67446899	 89.37635040	113.82829285	148.53257751	        -100	         102
 0.10000	 89.69274902	114.67002106	148.52249146	 90.30295563	116.02375793	148.73254395	        -101	         103
 0.10000	 90.80361176	116.71723175	149.01089478	 91.85547638	117.62345123	149.57807922	        -102	         104
 0.10000	 92.25673676	117.89714050	150.33532715	 92.28936768	117.79949951	151.83152771	        -103	         105
 0.10000	 92.32296753	117.31491089	152.58877563	 92.30972290	116.01278687	153.33290100	        -104	         106
 0.10000	 92.15391541	115.12698364	153.34674072	 91.72250366	113.93214417	152.54959106	        -105	         107
 0.10000	 91.52565765	113.16815186	152.11717224	 91.11469269	111.91284180	151.40647888	        -106	         108
 0.10000	 91.45371246	111.31105042	150.82995605	 92.71605682	111.02961731	150.07046509	        -107	         109
 0.10000	 93.44364929	110.82890320	149.58116150	 94.66327667	110.53633118	148.75898743	        -108	         110
 0.10000	 95.48484039	110.57382965	148.39514160	 96.86759186	111.07047272	148.09420776	        -109	         111
 0.10000	 97.69824982	110.96423340	147.76635742	 98.85281372	110.25761414	147.12103271	        -110	         112
 0.10000	 99.37448120	109.63230133	146.73980713	100.46169281	108.98156738	145.93791199	        -111	         113
 0.10000	101.28879547	108.70568848	145.71862793	102.77902222	108.79575348	145.85693359	        -112	         114
 0.10000	103.67425537	108.80584717	145.92991638	105.16459656	108.82586670	146.08999634	        -113	         115
 0.10000	106.03582001	108.86233521	146.30471802	107.42340851	108.96234131	146.86306763	        -114	         116
 0.10000	108.25817871	109.01123047	147.19119263	109.65734863	109.15692902	147.71002197	        -115	         117
 0.10000	110.41750336	108.88830566	148.10807800	111.25320435	107.84634399	148.79006958	        -116	         118
 0.10000	112.01730347	107.57707977	149.18118286	113.41239166	107.88115692	149.64050293	        -117	         119
 0.10000	114.15594482	107.53885651	150.01409912	114.86002350	106.31352997	150.51652527	        -118	         120
 0.10000	115.27785492	105.78355408	151.11123657	115.87200928	105.18772888	152.35279846	        -119	         121
 0.10000	115.83966064	105.19284821	153.25164795	115.22537231	105.90127563	154.42224121	        -120	         122
 0.10000	114.58937073	106.08811188	155.03041077	113.21259308	106.02313995	155.62164307	        -121	         123
 0.10000	112.37396240	106.12723541	155.92962646	110.95906830	106.55229187	156.18809509	        -122	         124
 0.10000	110.19076538	106.47136688	156.64895630	109.40505981	105.77278137	157.71855164	        -123	         125
 0.10000	108.71232605	105.66899109	158.28302002	107.47235870	106.03433228	159.04351807	        -124	         126
 0.10000	106.61980438	105.97926331	159.32485962	105.18991852	105.53048706	159.38052368	        -125	         127
 0.10000	104.35417175	105.22946930	159.52064514	103.06703949	104.61870575	159.98899841	        -126	         128
 0.10000	102.23426056	104.32747650	159.81411743	101.13542938	104.00053406	158.84730530	        -127	         129
 0.10000	100.39929199	104.09814453	158.34011841	 99.25805664	104.69840240	157.57475281	        -128	         130
 0.10000	 98.63574219	105.28345490	157.29432678	 97.84720612	106.55562592	157.20359802	        -129	         131
 0.10000	 97.42853546	107.34928894	157.15136719	 96.86961365	108.74068451	157.14385986	        -130	         132
 0.10000	 96.57373810	109.58768463	157.08508301	 96.30265808	111.05885315	156.97944641	        -131	         133
 0.10000	 95.75652313	111.69707489	156.65759277	 94.44657135	111.92059326	155.96220398	        -132	         134
 0.10000	 94.07711029	112.29994965	155.23489380	 94.23546600	113.00807190	153.92214966	        -133	         135
 0.10000	 94.78768921	113.24048615	153.25091553	 96.22714996	113.28209686	152.83169556	        -134	         136
 0.10000	 96.93080139	112.84955597	152.47497559	 97.49423218	111.53182983	152.03265381	        -135	         137
 0.10000	 97.96595764	110.82131195	151.74682617	 98.77184296	109.62118530	151.34718323	        -136	         138
 0.10000	 99.44526672	109.26889038	150.86573792	100.67560577	109.43272400	150.02363586	        -137	         139
 0.10000	100.90779114	109.61701965	149.17428589	100.27708435	110.01409149	147.87260437	        -138	         140
 0.10000	100.06484985	110.37738037	147.07751465	 99.36453247	110.56740570	145.76490784	        -139	         141
 0.10000	 99.34799957	110.94046021	144.94650269	100.07524109	111.93688965	144.09346008	        -140	         142
 0.10000	100.35390472	112.10248566	143.25445557	100.48046112	111.56604004	141.85987854	        -141	         143
 0.10000	100.70749664	111.48907471	140.99383545	101.26641083	111.65026855	139.61218262	        -142	         144
 0.10000	101.52527618	111.71055603	138.75450134	101.82254028	111.78773499	137.28746033	        -143	         145
 0.10000	102.11831665	111.83643341	136.44171143	102.77985382	111.93112946	135.10021973	        -144	         146
 0.10000	103.20916748	111.91544342	134.31190491	103.94940948	111.80921173	133.01271057	        -145	         147
 0.10000	104.56451416	111.57064819	132.40289307	105.71791077	110.87225342	131.74707031	        -146	         148
 0.10000	106.55609131	110.60368347	131.56454468	108.04366302	110.42702484	131.63212585	        -147	         149
 0.10000	108.86827850	110.33953857	131.97988892	109.88449097	110.14195251	133.06486511	        -148	         150
 0.10000	110.55400848	110.54605103	133.50941467	111.26901245	111.85101318	133.69711304	        -149	         151
 0.10000	111.81352234	112.54634094	133.86744690	112.90116882	113.54434967	134.13255310	        -150	         152
 0.10000	113.17832947	114.38066101	134.31381226	112.99033356	115.84361267	134.58486938	        -151	         153
 0.10000	112.61667633	116.63449860	134.79298401	111.55362701	117.63476562	135.13648987	        -152	         154
 0.10000	110.86767578	118.15155792	135.40200806	109.61449432	118.82880402	135.87036133	        -153	         155
 0.10000	108.88242340	119.05912781	136.33842468	107.79032898	119.14394379	137.36245728	        -154	         156
 0.10000	107.13254547	118.97505951	137.95185852	106.19282532	118.17138672	138.80050659	        -155	         157
 0.10000	105.52049255	118.20060730	139.39739990	104.48174286	118.96009827	140.16790771	        -156	         158
 0.10000	104.26050568	119.59220123	140.76860046	104.84313965	120.66249847	141.64311218	        -157	         159
 0.10000	104.56493378	121.38066864	142.10820007	103.35630035	122.20864105	142.42947388	        -158	         160
 0.10000	102.72924042	122.77239227	142.74266052	101.70292664	123.66557312	143.37374878	        -159	         161
 0.10000	101.33455658	124.41712189	143.70368958	101.40148163	125.86104584	144.10395813	        -160	         162
 0.10000	100.81781006	126.51431274	144.30934143	 99.32659912	126.60059357	144.44502258	        -161	         163
 0.10000	 98.69239807	127.23625183	144.38760376	 98.48978424	128.68588257	144.06045532	        -162	         164
 0.10000	 98.23146820	129.52238464	143.85470581	 97.74429321	130.88932800	143.47703552	        -163	         165
 0.10000	 97.38863373	131.67234802	143.21455383	 96.62224579	132.90284729	142.83018494	        -164	         166
 0.10000	 96.42491150	133.51757812	142.20391846	 96.69005585	133.98831177	140.80470276	        -165	         167
 0.10000	 96.51169586	134.41433716	140.03273010	 95.64821625	135.15710449	139.05685425	        -166	         168
 0.10000	 95.66611481	135.63711548	138.29640198	 96.48640442	136.37139893	137.27781677	        -167	         169
 0.10000	 97.02451324	136.23454285	136.57015991	 97.70920563	135.12933350	135.82254028	        -168	         170
 0.10000	 98.08998108	134.45892334	135.36000061	 98.62726593	133.22523499	134.69851685	        -169	         171
 0.10000	 98.84445190	132.49085999	134.22839355	 98.92115784	131.24891663	133.39166260	        -170	         172
 0.10000	 99.28869629	130.67214966	132.80799866	100.30860901	130.15415955	131.83830261	        -171	         173
 0.10000	100.88690948	129.78454590	131.25772095	101.75888062	129.18255615	130.19645691	        -172	         174
 0.10000	102.51036072	128.74465942	129.96752930	103.76692200	128.04357910	130.38986206	        -173	         175
 0.10000	104.61576843	127.76972198	130.50346375	106.11069489	127.67440796	130.57182312	        -174	         176
 0.10000	106.94216156	127.34149170	130.65072632	108.09226990	126.40923309	130.88912964	        -175	         177
 0.10000	108.83110046	125.91787720	130.74455261	109.97042847	125.15975189	130.13154602	        -176	         178
 0.10000	110.62374115	125.02309418	129.52931213	111.39717865	125.40678406	128.30343628	        -177	         179
 0.10000	111.90274811	125.53054810	127.57106781	112.72736359	125.70827484	126.33174133	        -178	         180
 0.10000	113.27699280	125.62319183	125.62619781	114.27139282	125.16415405	124.60247040	        -179	         181
 0.10000	114.71836090	124.89108276	123.87248230	115.18510437	124.51361847	122.49848938	        -180	         182
 0.10000	115.45914459	123.96910858	121.83758545	115.84908295	122.71898651	121.10672760	        -181	         183
 0.10000	115.86298370	121.84419250	120.89877319	115.36467743	120.43817902	121.05345917	        -182	         184
 0.10000	115.59951019	119.57695007	121.16213226	116.65628052	118.53912354	121.39586639	        -183	         185
 0.10000	117.40066528	118.05073547	121.51762390	118.81823730	117.59236908	121.68442535	        -184	         186
 0.10000	119.67884827	117.35906219	121.79203796	121.13726044	117.07769012	121.99430084	        -185	         187
 0.10000	122.03116608	116.99243927	122.01409912	123.52416229	117.01766968	121.88055420	        -186	         188
 0.10000	124.41844177	116.98528290	121.79923248	125.88952637	116.73734283	121.64778900	        -187	         189
 0.10000	126.71072388	117.08227539	121.52294159	127.43534851	118.38110352	121.32931519	        -188	         190
 0.10000	128.26641846	118.69752502	121.19286346	129.71266174	118.35468292	120.99102783	        -189	         191
 0.10000	130.55519104	118.03930664	120.99111176	131.68553162	117.08792877	121.24962616	        -190	         192
 0.10000	132.58445740	117.06940460	121.22289276	133.83613586	117.84666443	120.94223785	        -191	         193
 0.10000	134.24893188	118.61392975	120.71797943	133.91195679	120.03763580	120.38771057	        -192	         194
 0.10000	134.33471680	120.77475739	120.09255219	135.65380859	121.33322906	119.64844513	        -193	         195
 0.10000	136.44995117	121.61879730	119.34349823	137.80410767	121.96865082	118.80226898	        -194	         196
 0.10000	138.63549805	121.77471924	118.52027130	139.75506592	120.82514954	118.21409607	        -195	         197
 0.10000	140.50007629	120.35430908	118.03688812	141.79244995	119.63964081	117.77787018	        -196	         198
 0.10000	142.56820679	119.21620178	117.61318207	143.80656433	118.39366913	117.41591644	        -197	         199
 0.10000	144.61871338	118.39884186	117.02941132	145.55480957	119.23976135	116.21334076	        -198	         200
 0.10000	146.12896729	119.66784668	115.66930389	146.99382019	120.30797577	114.62454224	        -199	         201
 0.10000	147.52844238	120.92622375	114.24890137	148.33604431	122.18981171	114.23195648	        -200	         202
 0.10000	148.67791748	122.88159943	113.76981354	148.84216309	123.67494202	112.50772858	        -201	         203
 0.10000	149.01275635	124.19345093	111.79306793	149.35040283	125.04792023	110.60790253	        -202	         204
 0.10000	149.52154541	125.60380554	109.92198181	149.82218933	126.45339966	108.72318268	        -203	         205
 0.10000	149.76991272	127.31259918	108.46189117	149.33499146	128.63819885	109.01225281	        -204	         206
 0.10000	149.07586670	129.46560669	109.25072479	148.67404175	130.85966492	109.62956238	        -205	         207
 0.10000	148.14743042	131.51908875	109.93954468	146.91796875	132.12393188	110.54868317	        -206	         208
 0.10000	146.22993469	132.65693665	110.77364349	145.13044739	133.66351318	110.93603516	        -207	         209
 0.10000	144.63333130	134.41084290	110.88327026	144.03518677	135.75395203	110.58744812	        -208	         210
 0.10000	144.19284058	136.56260681	110.22657013	145.23655701	137.38621521	109.53269196	        -209	         211
 0.10000	145.84710693	137.90687561	109.12711334	146.93179321	138.71725464	108.48282623	        -210	         212
 0.10000	147.66014099	139.08581543	108.10558319	149.04309082	139.45872498	107.66111755	        -211	         213
 0.10000	149.52926636	139.70835876	106.94654846	149.37969971	139.84056091	105.46005249	        -212	         214
 0.10000	149.70596313	140.39614868	104.83203125	150.51927185	141.65351868	104.74997711	        -213	         215
 0.10000	151.10530090	142.31019592	104.56629181	152.20584106	143.26062012	104.20060730	        -214	         216
 0.10000	152.98678589	143.69346619	104.09758759	154.44271851	144.05162048	104.11363220	        -215	         217
 0.10000	155.21191406	144.51483154	104.15886688	156.31294250	145.51074219	104.37059784	        -216	         218
 0.10000	156.66320801	146.33602905	104.29911804	156.53947449	147.77699280	103.90272522	        -217	         219
 0.10000	156.53031921	148.63897705	103.64789581	156.52369690	150.03410339	103.09799957	        -218	         220
 0.10000	156.40948486	150.92149353	103.00798798	155.92175293	152.31462097	103.27352905	        -219	         221
 0.10000	156.14155579	153.18389893	103.34622955	157.23956299	154.20524597	103.36659241	        -220	         222
 0.10000	157.73313904	154.95317078	103.29149628	158.28831482	156.29806519	102.92752838	        -221	         223
 0.10000	158.85389709	156.98860168	103.03764343	159.94564819	157.68092346	103.79798889	        -222	         224
 0.10000	160.62089539	158.27458191	103.81359100	161.55644226	159.25241089	103.16801453	        -223	         225
 0.10000	162.06457520	159.91864014	102.84355164	162.76678467	161.13534546	102.32016754	        -224	         226
 0.10000	163.21015930	161.83001709	101.96386719	163.98211670	162.92015076	101.28355408	        -225	         227
 0.10000	164.34916687	163.67933655	100.97404480	164.76257324	165.08456421	100.65428925	        -226	         228
 0.10000	165.08181763	165.88040161	100.38485718	165.58352661	167.21298218	 99.91446686	        -227	         229
 0.10000	166.25068665	167.56677246	 99.42587280	167.37423706	167.06651306	 98.56739807	        -228	         230
 0.10000	168.26689148	167.03858948	 98.45957947	169.59254456	167.20230103	 99.14186096	        -229	         231
 0.10000	170.38859558	167.62046814	 99.12118530	171.25741577	168.67778015	 98.50780487	        -230	         232
 0.10000	171.85020447	169.25971985	 98.16419220	172.85885620	170.16931152	 97.52911377	        -231	         233
 0.10000	173.46681213	170.75065613	 97.21344757	174.50370789	171.74279785	 96.77899170	        -232	         234
 0.10000	175.03619385	172.44537354	 96.60212708	175.59730530	173.83325195	 96.51227570	        -233	         235
 0.10000	176.34585571	174.29502869	 96.32350159	177.77693176	174.13816833	 95.90354156	        -234	         236
 0.10000	178.65690613	174.25602722	 95.76222229	180.10940552	174.62626648	 95.72730255	        -235	         237
 0.10000	180.95799255	174.90843201	 95.63835144	182.31909180	175.50994873	 95.45390320	        -236	         238
 0.10000	183.10314941	175.82460022	 95.14590454	184.27873230	176.10845947	 94.25892639	        -237	         239
 0.10000	184.85784912	176.76011658	 94.03746033	185.18463135	178.17880249	 94.39853668	        -238	         240
 0.10000	185.42854309	179.01234436	 94.16397858	185.83679199	180.08346558	 93.19679260	        -239	         241
 0.10000	185.62730408	180.81224060	 92.71334076	184.60325623	181.78529358	 92.20988464	        -240	         242
 0.10000	184.05094910	182.41464233	 91.88243103	183.05084229	183.44909668	 91.45967865	        -241	         243
 0.10000	182.82397461	184.10987854	 90.89315796	183.19703674	184.97230530	 89.72431183	        -242	         244
 0.10000	183.26152039	185.47744751	 88.98310089	183.12240601	186.35162354	 87.77246857	        -243	         245
 0.10000	183.37669373	186.39854431	 86.91095734	184.14535522	185.63301086	 85.87543488	        -244	         246
 0.10000	184.60896301	185.25579834	 85.20348358	185.40321350	184.61585999	 84.10412598	        -245	         247
 0.10000	185.96107483	184.32452393	 83.46147919	186.88813782	184.01896667	 82.32272339	        -246	         248
 0.10000	187.75608826	183.83398438	 82.17550659	188.97470093	183.77636719	 83.04811859	        -247	         249
 0.10000	189.80114746	183.42929077	 82.97241211	190.65989685	182.63145447	 82.03669739	        -248	         250
 0.10000	191.14628601	182.10409546	 81.49417877	191.77847290	181.25242615	 80.43370056	        -249	         251
 0.10000	192.10183716	180.43750000	 80.23104095	192.27932739	179.03984070	 80.74534607	        -250	         252
 0.10000	192.65995789	178.23893738	 80.89509583	193.66307068	177.12823486	 80.98882294	        -251	         253
 0.10000	194.07826233	176.33616638	 81.07993317	194.37677002	174.88943481	 81.33757019	        -252	         254
 0.10000	194.89848328	174.17390442	 81.18173981	196.06369019	173.53131104	 80.49049377	        -253	         255
 0.10000	196.74650574	173.11488342	 80.08078766	197.88465881	172.47174072	 79.34690857	        -254	         256
 0.10000	198.53698730	172.03546143	 78.91010284	199.58897400	171.26322937	 78.17206573	        -255	         257
 0.10000	200.06634521	170.64204407	 77.73191071	200.47038269	169.34797668	 77.09105682	        -256	         258
 0.10000	200.97538757	168.81648254	 76.57056427	202.03576660	168.47288513	 75.56748962	        -257	         259
 0.10000	202.80162048	168.19476318	 75.18780518	204.19081116	167.64082336	 75.07740021	        -258	         260
 0.10000	204.98687744	167.67678833	 74.66004181	205.83718872	168.41117859	 73.66664124	        -259	         261
 0.10000	206.50166321	168.45359802	 73.06221771	207.60556030	167.95375061	 72.17884064	        -260	         262
 0.10000	208.20518494	167.56184387	 71.63534546	209.15406799	166.70692444	 70.84937286	        -261	         263
 0.10000	209.33921814	166.18472290	 70.14082336	208.91300964	165.45928955	 68.89942169	        -262	         264
 0.10000	208.69917297	165.13700867	 68.08763885	208.29592896	164.87559509	 66.66713715	        -263	         265
 0.10000	208.08648682	164.55227661	 65.85453033	207.84205627	163.68566895	 64.65522766	        -264	         266
 0.10000	207.53634644	163.60064697	 63.81358719	206.84275818	164.28498840	 62.67350769	        -265	         267
 0.10000	206.70857239	164.26564026	 61.78426743	206.97418213	163.59919739	 60.46726227	        -266	         268
 0.10000	207.29820251	163.35874939	 59.66327667	208.24137878	163.29476929	 58.49893570	        -267	         269
 0.10000	208.41357422	162.82046509	 57.75406265	208.08139038	161.65998840	 56.86384201	        -268	         270
 0.10000	207.51538086	160.98690796	 56.67482758	206.21983337	160.42242432	 57.17693329	        -269	         271
 0.10000	205.72027588	159.67604065	 57.22429276	205.56362915	158.20346069	 56.98815536	        -270	         272
 0.10000	205.37101746	157.33442688	 56.86302567	205.00247192	155.90013123	 56.62889099	        -271	         273
 0.10000	204.77449036	155.04138184	 56.49616623	204.39816284	153.60409546	 56.29468536	        -272	         274
 0.10000	203.99687195	152.81550598	 56.13616180	203.17399597	151.60426331	 55.81281281	        -273	         275
 0.10000	202.36076355	151.24945068	 55.66694260	200.87208557	151.41761780	 55.59751129	        -274	         276
 0.10000	200.08747864	151.84323120	 55.48854065	199.29154968	153.10038757	 55.30181503	        -275	         277
 0.10000	198.63481140	153.66462708	 55.05857468	197.48553467	154.45075989	 54.50139618	        -276	         278
 0.10000	196.67813110	154.32646179	 54.12467194	195.83291626	153.15489197	 53.72173691	        -277	         279
 0.10000	195.07295227	152.77087402	 53.43106079	193.70454407	152.66445923	 52.82600784	        -278	         280
 0.10000	192.85821533	152.44946289	 53.04286575	191.96186829	152.18898010	 54.21693802	        -279	         281
 0.10000	191.66667175	151.61111450	 54.84013367	191.72778320	150.24769592	 55.46187592	        -280	         282
 0.10000	192.22644043	149.66851807	 55.93643570	193.55180359	149.48934937	 56.61531448	        -281	         283
 0.10000	194.37593079	149.12985229	 56.59257126	195.45289612	148.44726562	 55.80293274	        -282	         284
 0.10000	196.11608887	147.97515869	 55.42093277	197.14924622	147.08654785	 54.79505920	        -283	         285
 0.10000	197.85118103	146.58476257	 54.54251099	199.04780579	145.69371033	 54.39005661	        -284	         286
 0.10000	199.91831970	145.63676453	 54.17136383	201.15602112	146.37591553	 53.75787735	        -285	         287
 0.10000	201.92675781	146.75250244	 53.48799896	203.11203003	147.52772522	 52.99461746	        -286	         288
 0.10000	203.98088074	147.46063232	 52.77179337	205.13523865	146.52008057	 52.59251022	        -287	         289
 0.10000	205.78372192	145.92222595	 52.76699829	206.56362915	144.85365295	 53.47331238	        -288	         290
 0.10000	206.99626160	144.36172485	 54.08959198	207.49559021	143.76411438	 55.37127304	        -289	         291
 0.10000	207.91336060	143.79692078	 56.16724777	208.48797607	144.57402039	 57.31410980	        -290	         292
 0.10000	209.24330139	144.78306580	 57.75555038	210.73971558	144.68811035	 57.78084183	        -291	         293
 0.10000	211.63441467	144.67744446	 57.86791992	213.13047791	144.69068909	 57.96617889	        -292	         294
 0.10000	213.99337769	144.52973938	 58.15819168	215.28692627	143.96017456	 58.65861130	        -293	         295
 0.10000	216.08560181	143.78765869	 59.03343964	217.36657715	143.58558655	 59.78656387	        -294	         296
 0.10000	218.06282043	144.00866699	 60.16759491	218.70216370	145.32113647	 60.51062775	        -295	         297
 0.10000	218.82444763	146.21136475	 60.47974777	218.43350220	147.57803345	 60.00278091	        -296	         298
 0.10000	218.29251099	148.41777039	 59.71614456	218.14418030	149.80690002	 59.17253876	        -297	         299
 0.10000	217.94560242	150.63169861	 58.87878799	217.48393250	152.00088501	 58.48055649	        -298	         300
 0.10000	217.11497498	152.70031738	 58.05595398	216.38871765	153.57666016	 57.08094788	        -299	         301
 0.10000	215.88085938	154.14402771	 56.60641861	214.89700317	155.09648132	 55.99745560	        -300	         302
 0.10000	214.46989441	155.74983215	 55.55497742	214.03706360	156.94200134	 54.75637054	        -301	         303
 0.10000	213.77439880	157.61404419	 54.22203064	213.36726379	158.67146301	 53.24053574	        -302	         304
 0.10000	213.17893982	159.32272339	 52.65065765	213.15228271	160.47523499	 51.69165421	        -303	         305
 0.10000	212.57307434	160.87580872	 51.13204956	211.13232422	160.68403625	 50.76255035	        -304	         306
 0.10000	210.43508911	160.75532532	 50.19853973	209.61164856	161.08943176	 48.99034500	        -305	         307
 0.10000	209.45753479	161.05754089	 48.10460663	209.89669800	160.55123901	 46.76295471	        -306	         308
 0.10000	210.12341309	160.68157959	 45.90229797	210.42643738	161.49763489	 44.68102646	        -307	         309
 0.10000	210.81329346	162.04750061	 44.08343124	211.59408569	163.14372253	 43.42174911	        -308	         310
 0.10000	212.40383911	163.47085571	 43.20690155	213.89108276	163.34016418	 43.34799957	        -309	         311
 0.10000	214.76449585	163.12806702	 43.33046722	216.10205078	162.45291138	 43.27138901	        -310	         312
 0.10000	216.88568115	162.06204224	 43.06706619	218.16673279	161.58349609	 42.45129776	        -311	         313
 0.10000	218.54325867	160.81524658	 42.17326736	218.18617249	159.38644409	 41.88930130	        -312	         314
 0.10000	218.08695984	158.60026550	 42.31588364	217.98912048	158.02214050	 43.69647598	        -313	         315
 0.10000	218.13484192	157.72538757	 44.53335190	218.69297791	157.42895508	 45.89358902	        -314	         316
 0.10000	218.95697021	157.61454773	 46.73357391	219.26406860	158.41183472	 47.96641159	        -315	           0
