1.49998
2.09183
1.85155
2.20614
2.27974
2.85104
3.24982
3.56586
4.01621
3.49617
2.17181
1.38433
1.00537
1.35346
2.59238
3.45491
4.64419
5.52179
6.81627
6.95016
6.05157
5.64032
5.07318
4.74107
3.57798
2.76852
2.88448
3.46132
3.71558
3.26263
2.94818
3.48066
3.81219
4.12423
5.49882
6.07276
5.75129
5.82180
5.96101
6.46905
7.01581
7.84934
9.22201
9.86381
10.48707
10.69649
10.45570
10.75037
11.02541
11.68094
11.82951
11.78766
11.15942
11.33326
12.54612
13.36370
14.72756
15.55981
16.90833
17.69499
18.30581
18.69833
19.12375
19.65398
20.84626
21.04827
20.46744
20.50501
21.10322
20.90478
19.74802
19.13225
18.17840
18.06090
18.93287
19.54217
20.74083
21.15235
20.89544
20.92147
21.24097
20.90940
19.99048
19.37853
19.47794
19.83122
20.81897
21.44826
22.58077
23.39530
24.81588
25.28421
25.03546
24.61627
24.24258
23.65810
22.74439
22.37387
21.37390
20.78890
20.21057
19.48329
18.29901
17.63888
16.38351
16.10235
16.60932
17.32397
18.52183
18.67328
18.23116
18.72640
19.42272
19.67238
19.52740
19.77142
20.30664
20.51135
20.21626
20.03731
19.59085
19.37581
19.03755
19.07424
19.77334
19.28184
17.98118
17.50942
17.45413
17.44998
17.48285
17.12396
17.38265
17.70796
18.21339
18.11327
17.44469
16.86567
15.55925
15.04435
15.27970
14.59264
13.22024
12.81870
14.06076
14.41546
14.25291
14.90886
16.04984
16.80848
18.02051
18.57196
17.96293
18.08320
18.57524
19.00647
19.15346
19.01299
18.37309
18.34871
17.71027
17.08029
17.16417
17.25069
17.24620
17.98469
19.25321
19.56412
18.96408
19.24885
20.05463
20.20591
19.86568
18.98562
18.44674
18.29616
18.95004
19.14558
18.48071
19.00422
20.49021
21.26946
22.52987
22.40633
21.05538
20.57817
21.25086
21.68004
22.41691
23.26243
23.74651
24.12489
24.33959
24.98047
26.13664
26.57087
26.36507
26.17273
25.64081
