1.49998
2.30487
3.29601
4.04182
5.16595
6.03649
7.53403
8.33051
9.14670
9.89890
11.02597
11.75224
12.49165
13.33807
14.80193
15.67764
17.08089
17.89013
19.15154
19.93220
21.25511
21.92918
22.73316
23.45961
24.79612
25.66295
27.05964
27.90441
29.14444
29.96982
31.08304
31.83201
33.15407
33.61789
33.60007
33.72316
34.03710
34.10927
33.94246
34.20127
34.97317
35.80959
37.26111
37.87143
37.98716
38.26843
38.76491
39.46456
40.93645
41.80060
43.08748
43.94201
45.39593
46.24916
47.21572
47.67330
47.93602
48.16914
48.58696
48.83922
49.24326
49.48074
49.74877
49.66926
49.23692
48.62054
47.21070
46.40182
45.10648
44.24236
42.74932
41.93750
41.12524
40.58375
39.83098
39.01983
37.58017
36.74050
35.90711
35.28913
34.27480
33.43708
32.02474
31.44542
31.36531
31.08683
30.46639
30.13607
29.68648
29.30570
28.62760
28.59746
29.26131
29.38774
29.13300
29.30798
30.05072
30.38729
30.66193
30.80110
30.88817
31.05058
31.48250
31.59920
31.41475
31.85339
33.18360
33.66301
33.82113
33.98351
34.24028
34.45100
34.81416
35.28661
36.30467
37.13397
38.50137
39.30460
40.47638
41.07424
41.83827
42.16227
42.37956
42.38912
42.21687
41.85953
40.86117
40.29615
39.30648
38.92958
38.81626
38.45168
37.59165
36.78700
35.51383
34.67369
33.24897
32.38721
30.94772
30.06255
28.57774
27.90121
27.62290
27.87866
29.01728
29.52266
30.15294
30.52222
31.01842
31.43446
32.23636
32.90652
34.30859
34.85613
35.08664
35.12309
34.92218
34.66270
33.87441
33.81604
34.40225
34.80527
35.76537
35.84890
35.19318
34.65371
33.47891
32.79285
31.70803
31.00368
29.74641
29.05580
28.01322
27.41548
26.38692
26.18180
26.56837
27.09056
28.42191
28.93497
29.33105
29.19977
28.35801
27.91421
27.22820
26.78863
26.01210
25.67160
25.22380
25.38786
26.33326
26.82422
27.60052
28.09566
29.03392
29.22246
28.88059
28.53260
27.72004
