0.00015755
0.00024486
0.00024486
0.00022544
0.00029319
0.00048820
0.00048820
0.00053733
0.00063852
0.00136186
0.00175766
0.00183478
0.00183478
0.00146192
0.00088075
0.00088075
0.00084832
0.00069466
0.00062740
0.00072038
0.00072038
0.00056295
0.00074998
0.00112261
0.00137417
0.00137417
0.00101308
0.00055279
0.00046088
0.00032335
0.00076679
0.00103848
0.00104095
0.00104095
0.00103418
0.00191100
0.00258540
0.00338801
0.00352165
0.00352165
0.00281301
0.00201943
0.00131468
0.00092939
0.00076018
0.00047489
0.00052692
0.00052692
0.00048844
0.00036143
0.00052072
0.00072390
0.00072390
0.00074004
0.00154194
0.00184533
0.00217146
0.00217146
0.00168594
0.00095968
0.00042287
0.00046768
0.00051529
0.00051529
0.00050918
0.00026872
0.00046087
0.00046087
0.00050185
0.00050185
0.00027501
0.00036215
0.00036611
0.00036801
0.00043256
0.00043256
0.00039100
0.00047286
0.00047286
0.00034956
0.00026089
0.00035000
0.00045762
0.00045762
0.00063993
0.00072924
0.00072924
0.00043592
0.00043592
0.00064678
0.00064678
0.00044067
0.00089344
0.00143787
0.00195853
0.00220616
0.00220616
0.00210727
0.00150218
0.00070324
0.00112945
0.00161320
0.00161320
0.00122679
0.00113489
0.00131593
0.00170653
0.00186123
0.00186123
0.00161670
0.00090934
0.00062688
0.00058325
0.00101922
0.00167527
0.00206878
0.00206878
0.00192430
0.00130157
0.00058638
0.00057245
0.00057245
0.00036605
0.00038682
0.00068130
0.00076339
0.00076339
0.00065250
0.00142723
0.00230195
0.00274336
0.00274336
0.00258744
0.00237057
0.00238280
0.00283430
0.00283430
0.00278365
0.00266741
0.00310474
0.00332233
0.00332233
0.00284605
0.00190950
0.00079986
0.00047461
0.00042147
0.00068593
0.00080201
0.00080201
0.00068288
0.00045134
0.00032063
0.00033662
0.00066728
0.00102000
0.00102000
0.00074628
0.00059894
0.00091324
0.00096297
0.00096297
0.00064769
0.00041557
0.00031967
0.00037907
0.00043585
0.00043585
0.00036542
0.00051877
0.00051877
0.00074138
0.00119782
0.00150519
0.00150519
0.00108998
0.00085756
0.00085756
0.00080917
0.00067720
0.00067720
0.00066244
0.00060677
0.00102625
0.00102625
0.00099947
0.00107905
0.00121343
0.00121343
0.00088685
0.00064474
0.00061635
0.00113248
0.00136054
0.00136054
0.00112070
0.00060253
0.00050830
0.00058101
0.00058101
0.00093854
0.00128847
0.00128847
0.00106783
0.00082904
0.00082904
0.00039598
0.00048671
0.00048671
0.00044918
0.00037985
0.00040397
0.00040397
0.00065713
0.00065713
0.00071911
0.00071911
0.00044205
0.00048879
0.00056416
0.00056416
0.00051236
0.00161647
0.00241724
0.00306390
0.00348626
0.00358119
0.00358119
0.00331520
0.00258179
0.00173763
0.00173763
0.00160200
0.00135116
0.00084804
0.00058616
0.00045429
0.00042328
0.00042328
0.00028146
0.00028146
0.00054633
0.00057028
0.00057028
0.00100049
0.00149048
0.00149048
0.00142578
0.00084736
0.00039822
0.00056727
0.00060863
0.00060863
0.00054994
0.00045825
0.00035216
0.00060409
0.00061581
0.00061581
0.00051660
0.00051660
0.00083841
0.00123204
0.00123204
0.00089204
0.00137521
0.00206031
0.00233143
0.00277691
0.00329921
0.00372196
0.00372196
0.00355623
0.00275189
0.00183022
0.00115556
0.00053828
0.00051816
0.00059789
0.00079053
0.00079053
0.00054121
0.00061967
0.00078256
0.00078256
0.00032188
0.00061567
0.00061567
0.00037998
0.00049654
0.00049654
0.00053898
0.00063541
0.00063541
0.00066036
0.00066036
0.00049469
0.00048637
0.00048637
0.00048083
0.00059752
0.00097494
0.00117510
0.00117510
0.00098843
0.00110264
0.00110264
0.00091796
0.00094751
0.00114028
0.00114028
0.00057212
0.00054548
0.00041147
0.00062005
0.00062005
