0.00123455
0.00123455
0.00125708
0.00155829
0.00201229
0.00241130
0.00241130
0.00228498
0.00189653
0.00189653
0.00234126
0.00304033
0.00338625
0.00338625
0.00264238
0.00348021
0.00348021
0.00330636
0.00366460
0.00366460
0.00364526
0.00220277
0.00214954
0.00293819
0.00293819
0.00268114
0.00328418
0.00328418
0.00213446
0.00232275
0.00317507
0.00371405
0.00371405
0.00350679
0.00320657
0.00226450
0.00332656
0.00332656
0.00386676
0.00386676
0.00375100
0.00375100
0.00274729
0.00274729
0.00390984
0.00390984
0.00352533
0.00210776
0.00256211
0.00342442
0.00342442
0.00297132
0.00281513
0.00356936
0.00356936
0.00327593
0.00298963
0.00259486
0.00243247
0.00278032
0.00278032
0.00294096
0.00294096
0.00179409
0.00104727
0.00145865
0.00213229
0.00292398
0.00292398
0.00214905
0.00160956
0.00160956
0.00186566
0.00188639
0.00291410
0.00291410
0.00239102
0.00239102
0.00230943
0.00210796
0.00295410
0.00306264
0.00306264
0.00208749
0.00177438
0.00186854
0.00206021
0.00257006
0.00266278
0.00266278
0.00233623
0.00212468
0.00206703
0.00191437
0.00128171
0.00175075
0.00175075
0.00259972
0.00259972
0.00192837
0.00145538
0.00145538
0.00161137
0.00185602
0.00217875
0.00234993
0.00236315
0.00270552
0.00333521
0.00333521
0.00275163
0.00265005
0.00265005
0.00209493
0.00219069
0.00261676
0.00319440
0.00371182
0.00456626
0.00456626
0.00450165
0.00450165
0.00475777
0.00475777
0.00360099
0.00277484
0.00228692
0.00228760
0.00288179
0.00342721
0.00342721
0.00272260
0.00220411
0.00295789
0.00363047
0.00363047
0.00273633
0.00240814
0.00302711
0.00319693
0.00319693
0.00237703
0.00220183
0.00223663
0.00256225
0.00256225
0.00171365
0.00200665
0.00233061
0.00233061
0.00216311
0.00236406
0.00237789
0.00250094
0.00318603
0.00318603
0.00329777
0.00329777
0.00256364
0.00256364
0.00225259
0.00225259
0.00218419
0.00201075
0.00153814
0.00180091
0.00243169
0.00243169
0.00299955
0.00386591
0.00386591
0.00355091
0.00327902
0.00256376
0.00229097
0.00287551
0.00312692
0.00312692
0.00276565
0.00276565
0.00252177
0.00252177
0.00209818
0.00236321
0.00330637
0.00330637
0.00277088
0.00191406
0.00158716
0.00243409
0.00248631
0.00335313
0.00335313
0.00330422
0.00300461
0.00299372
0.00299368
0.00253012
0.00225450
0.00152292
0.00166023
0.00271521
0.00271521
0.00216915
0.00233095
0.00315202
0.00315202
0.00257062
0.00219296
0.00165252
0.00222321
0.00222321
0.00162971
0.00214800
0.00286475
0.00286475
0.00258818
0.00285746
0.00303882
0.00346117
0.00346117
0.00329929
0.00318982
0.00345477
0.00345477
0.00297762
0.00265868
0.00244621
0.00218062
0.00237503
0.00323366
0.00323366
0.00297666
0.00298069
0.00410419
0.00410419
0.00269693
0.00164614
0.00169794
0.00192201
0.00192201
0.00198371
0.00199473
0.00244381
0.00244381
0.00209325
0.00225112
0.00225112
0.00179737
0.00271045
0.00271045
0.00272481
0.00272481
0.00271545
0.00206760
0.00287136
0.00287136
0.00282399
0.00282399
0.00328009
0.00328009
0.00345551
0.00345551
0.00287955
0.00186774
0.00191124
0.00191124
0.00245513
0.00255609
0.00260850
0.00260850
0.00209370
0.00236348
0.00237369
0.00299088
0.00299088
0.00229067
0.00326597
0.00326597
0.00269542
0.00199605
0.00136068
0.00140945
0.00209807
0.00209807
0.00226543
0.00250796
0.00250796
0.00217879
0.00255836
0.00255836
0.00221272
0.00178556
0.00168662
0.00190036
0.00190036
0.00192484
0.00192484
0.00175761
0.00252845
0.00271222
0.00271222
0.00266112
0.00163919
0.00133982
0.00133982
0.00167278
0.00182783
0.00182783
0.00138409
0.00153843
0.00230384
0.00230384
0.00208587
0.00151617
0.00149177
0.00149177
0.00145190
0.00110737
0.00176977
0.00176977
0.00162587
0.00168021
0.00226834
0.00230004
0.00235051
0.00235051
0.00215005
0.00215005
0.00185768
0.00185768
0.00193565
0.00193565
0.00189194
0.00179036
0.00245815
0.00293344
0.00294311
0.00304573
0.00304573
0.00268487
0.00198081
0.00224250
0.00224250
0.00214206
0.00214206
0.00199638
0.00263739
0.00263739
0.00247050
0.00286661
0.00325887
0.00325887
0.00336870
0.00347350
0.00347350
0.00251458
0.00225022
0.00279574
0.00371848
0.00470726
0.00470726
0.00340151
0.00335903
0.00335903
0.00368099
0.00368099
0.00367665
0.00436269
0.00436269
0.00414500
0.00336329
0.00383561
0.00383561
0.00297245
0.00257858
0.00312383
0.00420466
0.00420466
0.00307742
0.00325955
0.00388986
0.00466440
0.00466440
0.00440741
0.00336838
0.00415241
0.00415241
0.00364316
0.00364316
0.00314739
0.00432114
0.00432114
0.00363239
0.00259253
0.00270835
0.00321187
0.00349598
0.00349598
0.00250835
0.00231474
0.00269654
0.00367090
0.00367090
0.00344100
0.00351349
0.00388118
0.00388118
0.00379955
0.00386292
0.00386292
0.00457240
0.00457240
0.00436992
0.00323592
0.00234291
0.00282570
0.00304893
0.00304893
0.00329734
0.00329734
0.00365135
0.00365135
0.00396924
0.00406499
0.00406499
0.00377126
0.00412578
0.00454141
0.00454141
0.00354354
0.00351914
0.00351914
0.00246654
0.00354999
0.00436143
0.00450163
0.00450163
0.00403346
0.00464881
0.00464881
0.00442003
0.00367000
0.00295907
0.00249511
0.00336812
0.00336812
0.00267651
0.00189240
0.00183866
0.00183866
0.00265214
0.00378862
0.00378862
0.00276133
0.00247032
0.00247032
0.00157350
0.00217897
0.00332450
0.00348261
0.00348261
0.00289380
0.00252320
0.00282191
0.00282191
0.00249164
0.00239546
0.00354026
0.00354026
0.00347557
0.00347557
0.00347875
0.00380125
0.00380125
0.00373517
0.00270759
0.00247746
0.00242068
0.00330793
0.00413877
0.00413877
0.00407122
0.00407122
0.00401938
0.00395140
0.00395140
0.00392013
0.00399176
0.00448628
0.00448628
0.00444502
0.00444502
0.00356607
0.00292955
0.00249983
0.00270754
0.00326453
0.00419556
0.00419556
0.00356756
0.00264381
0.00195753
0.00229832
0.00252630
0.00290923
0.00407993
0.00483045
0.00483045
0.00412678
0.00312435
0.00295205
0.00353940
0.00353940
0.00295067
0.00409016
0.00409016
0.00397138
0.00399633
0.00399633
0.00388032
0.00388032
0.00275118
0.00222206
0.00222206
0.00213122
0.00254325
0.00307778
0.00363408
0.00412456
0.00412456
0.00286133
0.00286677
0.00315558
0.00402730
0.00402730
0.00290648
0.00221685
0.00299993
0.00374128
0.00499678
0.00499678
0.00411285
0.00308795
0.00270778
0.00312033
0.00402753
0.00522641
0.00522641
0.00399658
0.00296567
0.00267325
0.00380452
0.00465015
0.00465015
0.00421012
0.00421012
0.00382653
0.00445754
0.00445754
0.00364510
0.00347324
0.00387386
0.00387386
0.00272713
0.00232415
0.00314197
0.00417926
0.00423191
0.00448123
0.00448123
0.00397915
0.00397915
0.00340536
0.00413217
0.00413217
0.00286982
0.00275151
0.00312270
0.00312270
0.00300732
0.00300732
0.00330980
0.00461353
0.00461353
0.00411353
0.00411353
0.00403759
0.00305536
0.00275305
0.00275305
0.00262188
0.00320575
0.00320575
0.00273308
0.00359706
0.00444896
0.00524902
0.00524902
0.00409630
0.00287734
0.00250840
0.00274723
0.00396523
0.00396523
0.00356494
0.00232927
0.00236342
0.00250769
0.00250769
0.00283760
0.00368135
0.00368135
0.00293687
0.00307694
0.00307694
0.00388164
0.00388164
0.00346284
0.00314649
0.00374180
0.00374180
0.00272340
0.00240880
0.00266648
0.00359161
0.00359161
0.00270119
0.00261214
0.00362872
0.00362872
0.00309628
0.00247502
0.00348867
0.00348867
0.00294062
0.00294062
0.00308477
0.00340733
0.00440111
0.00440111
0.00332100
0.00341607
0.00462064
0.00462064
0.00433319
0.00438435
0.00438435
0.00423905
0.00339552
0.00354005
0.00438326
0.00438326
0.00331125
0.00371045
0.00371045
0.00391289
0.00391289
0.00275550
0.00228978
0.00289897
0.00374863
0.00464828
0.00464828
0.00384696
0.00291607
0.00249014
0.00224041
0.00285837
0.00341434
0.00341434
0.00270404
0.00363229
0.00363229
0.00360250
0.00360250
0.00310131
0.00355889
0.00411017
0.00411017
0.00482250
0.00603188
0.00603188
0.00420507
0.00343686
0.00343686
0.00335508
0.00450742
0.00460139
0.00460139
0.00324977
0.00333112
0.00446672
0.00446672
0.00309366
0.00323550
0.00337392
0.00360641
0.00360641
0.00281112
0.00281112
0.00297704
0.00297704
0.00283941
0.00407951
0.00407951
0.00443150
0.00443150
0.00456329
0.00456329
0.00422339
0.00423362
0.00423362
0.00430630
0.00430630
0.00353755
0.00353755
0.00410479
0.00410479
0.00402493
0.00474078
0.00474078
0.00366423
0.00269017
0.00417276
0.00451223
0.00541411
0.00541411
0.00555112
0.00555112
0.00502511
0.00426549
0.00453418
0.00460509
0.00460509
0.00393752
0.00298458
0.00530433
0.00530433
0.00274723
0.00147954
0.00382914
0.00614697
0.00614697
0.00419434
0.00349523
0.00357204
0.00415172
0.00415172
0.00564799
0.00564799
0.00613935
0.00613935
0.00629535
0.00629535
0.00371776
0.00600960
0.00600960
0.00590941
0.00590941
0.00463706
0.00519723
0.00519723
0.00508151
0.00361258
0.00227548
0.00262434
0.00440419
0.00453558
0.00453558
0.00279409
0.00311411
0.00388389
0.00388389
0.00272709
0.00372927
0.00439781
0.00439781
0.00287085
0.00342147
0.00418836
0.00418836
0.00383420
0.00369026
0.00493378
0.00493378
0.00371603
0.00274392
0.00331701
0.00331701
0.00271835
0.00354923
0.00354923
0.00323343
0.00278503
0.00331790
0.00481635
0.00481635
0.00434963
0.00465037
0.00543300
0.00543300
0.00483152
0.00483152
0.00359355
0.00342706
0.00363092
0.00486359
0.00486359
0.00413941
0.00488969
0.00488969
0.00388229
0.00388229
0.00532519
0.00532519
0.00307688
0.00323951
0.00482697
0.00511304
0.00511304
0.00349543
0.00285248
0.00348059
0.00492200
0.00492200
0.00399848
0.00420690
0.00420690
0.00329250
0.00329250
0.00367523
0.00367523
0.00403670
0.00420945
0.00420945
0.00246273
0.00265527
0.00311401
0.00336685
0.00413647
0.00445428
0.00445428
0.00392448
0.00392448
0.00424244
0.00427739
0.00427739
0.00403273
0.00288418
0.00301185
0.00362574
0.00362574
0.00315626
0.00401066
0.00401066
0.00336361
0.00349000
0.00396867
0.00414198
0.00414198
0.00515459
0.00515459
0.00513143
0.00405221
0.00479321
0.00479321
0.00442937
0.00475710
0.00475710
0.00383891
0.00481506
0.00595813
0.00679726
0.00679726
0.00549670
0.00482172
0.00482172
0.00421500
0.00492230
0.00492230
0.00404113
0.00453866
0.00453866
0.00407022
0.00332949
0.00443725
0.00447609
0.00447609
0.00273490
0.00356599
0.00356599
0.00391502
0.00435939
0.00494783
0.00509588
0.00509588
0.00489984
0.00490819
0.00490819
0.00412515
0.00340930
0.00301496
0.00323447
0.00377349
0.00418585
0.00418585
0.00389813
0.00366831
0.00366831
0.00361884
0.00312449
0.00271969
0.00380901
0.00380901
0.00278968
0.00318799
0.00427829
0.00432912
0.00432912
0.00400845
0.00340018
0.00340018
0.00259861
0.00318389
0.00318389
0.00263361
0.00214036
0.00241452
0.00241452
0.00439781
0.00439781
0.00260031
0.00374838
0.00374838
0.00289251
0.00107208
0.00186716
0.00186716
0.00172368
0.00225959
0.00294683
0.00412512
0.00412512
0.00452588
0.00452588
0.00346460
0.00213463
0.00158856
0.00271336
0.00271336
0.00225038
0.00191615
0.00191615
0.00190728
0.00204983
0.00204983
0.00167519
0.00292090
0.00292090
0.00399140
0.00399140
0.00368158
0.00368158
0.00401651
0.00401651
0.00403781
0.00423637
0.00469397
0.00469397
0.00224363
0.00207109
0.00430573
0.00430573
0.00478799
0.00668675
0.00668675
0.00519296
0.00491694
0.00227272
0.00262142
0.00262142
0.00217395
0.00224244
0.00339628
0.00339628
0.00263506
0.00201344
0.00239820
0.00299580
0.00299580
0.00180546
0.00357609
0.00385498
0.00385498
0.00341735
0.00176225
0.00212343
0.00212343
0.00192433
