0.00000000
0.00000000
0.00000000
0.00000000
0.00044806
0.00014974
0.00000601
0.00044806
0.00000000
0.00005052
0.00006156
0.00024863
0.00024863
0.00023130
0.00022214
0.00037452
0.00037452
0.00036592
0.00036592
0.00041079
0.00041079
0.00031874
0.00027466
0.00029256
0.00032317
0.00032317
0.00034786
0.00034786
0.00032669
0.00037616
0.00037616
0.00026552
0.00037407
0.00052364
0.00052364
0.00025284
0.00022329
0.00018147
0.00004846
0.00028798
0.00032729
0.00032729
0.00034500
0.00039432
0.00039432
0.00009269
0.00051322
0.00071076
0.00071076
0.00049978
0.00025016
0.00046688
0.00401056
0.00401056
0.00029028
0.00024854
0.00009778
0.00029028
0.00020359
0.00014355
0.00053888
0.00022200
0.00038938
0.00080229
0.00080229
0.00031950
0.00045831
0.00073366
0.00073366
0.00040640
0.00014940
0.00040875
0.00040875
0.00029483
0.00038458
0.00038458
0.00032307
0.00037061
0.00037061
0.00000000
0.00000000
0.00094608
0.00014597
0.00014597
0.00020600
0.00012438
0.00004254
0.00000000
0.00094608
0.00059878
0.00025721
0.00000000
0.00019163
0.00016784
0.00025721
0.00050348
0.00046319
0.00028131
0.00055109
0.00062648
0.00062648
0.00022526
0.00022526
0.00027394
0.00027394
0.00027126
0.00024826
0.00036276
0.00036276
0.00024828
0.00026423
0.00031753
0.00031753
0.00026140
0.00026140
0.00039210
0.00039210
0.00062190
0.00062190
0.00050271
0.00031597
0.00018956
0.00000000
0.00000000
0.00000000
0.00049437
0.00036900
0.00000000
0.00030372
0.00030372
0.00033564
0.00036900
0.00021316
0.00049437
0.00017399
0.00010094
0.00010094
0.00047757
0.00024578
0.00021665
0.00000000
0.00036310
0.00010058
0.00000000
0.00006922
0.00036310
0.00027420
0.00027420
0.00031597
0.00026593
0.00021513
0.00021513
0.00030422
0.00030422
0.00018030
0.00031122
0.00031122
0.00027318
0.00027318
0.00032143
0.00032143
0.00008988
0.00016639
0.00016639
0.00043112
0.00043112
0.00036238
0.00042971
0.00042971
0.00065479
0.00074061
0.00074061
0.00053778
0.00039125
0.00036699
0.00052175
0.00052175
0.00031871
0.00027448
0.00028666
0.00028666
0.00041261
0.00046011
0.00046011
0.00042172
0.00043402
0.00043402
0.00029570
0.00024993
0.00028268
0.00039129
0.00039129
0.00020617
0.00016525
0.00045018
0.00045018
0.00027154
0.00016972
0.00017322
0.00017322
0.00042570
0.00042570
0.00030933
0.00018630
0.00043511
0.00065865
0.00065865
0.00035613
0.00020987
0.00025070
0.00025070
0.00033935
0.00035555
0.00035555
0.00027791
0.00034613
0.00034613
0.00012045
0.00021336
0.00031129
0.00060949
0.00060949
0.00046268
0.00015658
0.00032988
0.00032988
0.00035268
0.00035268
0.00030221
0.00051291
0.00009469
0.00017922
0.00053872
0.00053872
0.00027822
0.00033350
0.00033350
0.00000153
0.00033207
0.00033207
0.00004020
0.00025546
0.00025546
0.00029118
0.00029118
0.00012170
0.00004833
0.00058348
0.00000000
0.00378133
0.00378133
0.00009049
0.00025350
0.00025350
0.00022718
0.00030358
0.00020773
0.00022091
0.00023460
0.00023460
0.00032600
0.00032600
0.00013181
0.00000000
0.00036512
0.00015651
0.00012139
0.00012139
0.00021136
0.00036007
0.00016078
0.00013940
0.00013940
0.00000000
0.00029667
0.00029667
0.00019260
0.00035389
0.00045848
0.00045848
0.00038414
0.00036254
0.00036254
0.00019662
0.00022608
0.00034862
0.00034862
0.00025411
0.00031014
0.00031014
0.00023824
0.00033686
0.00043119
0.00043119
0.00045044
0.00080591
0.00019691
0.00000000
0.00019691
0.00066965
0.00080591
0.00000000
0.00000715
0.00035119
0.00035119
0.00040876
0.00040876
0.00024866
0.00036712
0.00048291
0.00048291
0.00028832
0.00028832
0.00023462
0.00024044
0.00024044
0.00021070
0.00013707
0.00031291
0.00031291
0.00031161
0.00031161
0.00028538
0.00047583
0.00047583
0.00053213
0.00068460
0.00068460
0.00053953
0.00037711
0.00020932
0.00020932
0.00036892
0.00036892
0.00011932
0.00071367
0.00071367
0.00068459
0.00067314
0.00067314
0.00041590
0.00019607
0.00019607
0.00030422
0.00030422
0.00032295
0.00032940
0.00032940
0.00029250
0.00029250
0.00043362
0.00000000
0.00021996
0.00021996
0.00000000
0.00000000
0.00043362
0.00000000
0.00000434
0.00017444
0.00027690
0.00033105
0.00037387
0.00037387
0.00032970
0.00042386
0.00042386
0.00056796
0.00069314
0.00069314
0.00031846
0.00035514
0.00000000
0.00023328
0.00023328
0.00364461
0.00364461
0.00000000
0.00080802
0.00014480
0.00000000
0.00000000
0.00064690
0.00059670
0.00000000
0.00027020
0.00254924
0.00254924
0.00017022
0.00020290
0.00031228
0.00031228
0.00022379
0.00035433
0.00035433
0.00025932
0.00036626
0.00036626
0.00039072
0.00039072
0.00035842
0.00035842
0.00017997
0.00017997
0.00024896
0.00024896
0.00016832
0.00006987
0.00038022
0.00001699
0.00004336
0.00030415
0.00030415
0.00022218
0.00026326
0.00038022
0.00040149
0.00040149
0.00029564
0.00025517
0.00025517
0.00028914
0.00034706
0.00034706
0.00035819
0.00058453
0.00058453
0.00034147
0.00031863
0.00020590
0.00034358
0.00034358
0.00032874
0.00035129
0.00035129
0.00023742
0.00017857
0.00020119
0.00018392
0.00035858
0.00035858
0.00029733
0.00021075
0.00021075
0.00030406
0.00025158
0.00029314
0.00029314
0.00039996
0.00060014
0.00060014
0.00031641
0.00028097
0.00028097
0.00021904
0.00029429
0.00039782
0.00039782
0.00033967
0.00033967
0.00031422
0.00031422
0.00017167
0.00028254
0.00049113
0.00024853
0.00024853
0.00013693
0.00029292
0.00029292
0.00032500
0.00044642
0.00044642
0.00024701
0.00024701
0.00000000
0.00000000
0.00004057
0.00049113
0.00000000
0.00000000
0.00018847
0.00026129
0.00049514
0.00049514
0.00040087
0.00034403
0.00059860
0.00059860
0.00053018
0.00047498
0.00020151
0.00020151
0.00071717
0.00071717
0.00044659
0.00039722
0.00039722
0.00018232
0.00024630
0.00024630
0.00025972
0.00003886
0.00005939
0.00060122
0.00019314
0.00216765
0.00420081
0.00420081
0.00000000
0.00011694
0.00045432
0.00047939
0.00047939
0.00046904
0.00046904
0.00037923
0.00021336
0.00013662
0.00013662
0.00000000
0.00025496
0.00036512
0.00000000
0.00000000
0.00003221
0.00021315
0.00021315
0.00298474
0.00298474
0.00002436
0.00036916
0.00036916
0.00035793
0.00047734
0.00047734
0.00046756
0.00046756
0.00027911
0.00019897
0.00019897
0.00014220
0.00036728
0.00037642
0.00037642
0.00027517
0.00014254
0.00014254
0.00013009
0.00028861
0.00029151
0.00029481
0.00029481
0.00024204
0.00024204
0.00021914
0.00015720
0.00017205
0.00030930
0.00030930
0.00020876
0.00020876
0.00044932
0.00044932
0.00047234
0.00062615
0.00062615
0.00058207
0.00058207
0.00035825
0.00035825
0.00013112
0.00022610
0.00022610
0.00022399
0.00014734
0.00035630
0.00041367
0.00041367
0.00034723
0.00029632
0.00027887
0.00023643
0.00023643
0.00019458
0.00003280
0.00027220
0.00018689
0.00020806
0.00039739
0.00039739
0.00017064
0.00038904
0.00038904
0.00089419
0.00089419
0.00031195
0.00031195
0.00030390
0.00030390
0.00018366
0.00005497
0.00016846
0.00031014
0.00042049
0.00042049
0.00039541
0.00017432
0.00024688
0.00024688
0.00029864
0.00029864
0.00019266
0.00033814
0.00054323
0.00054323
0.00033771
0.00022020
0.00022020
0.00006515
0.00016347
0.00035960
0.00035960
0.00028137
0.00028137
0.00032094
0.00032094
0.00031841
0.00021099
0.00024925
0.00024925
0.00017207
0.00022059
0.00040973
0.00058416
0.00058416
0.00037192
0.00022205
0.00022205
0.00038631
0.00038631
0.00030299
0.00027574
0.00000000
0.00045118
0.00045118
0.00035248
0.00038955
0.00038955
0.00032504
0.00039378
0.00039378
0.00028333
0.00025885
0.00025885
0.00055872
0.00017480
0.00017480
0.00029151
0.00054294
0.00054294
0.00051159
0.00017625
0.00012522
0.00035159
0.00035159
0.00028356
0.00024500
0.00301292
0.00301292
0.00038866
0.00020932
0.00027660
0.00027660
0.00031302
0.00031302
0.00052750
0.00052750
0.00047739
0.00030095
0.00030095
0.00009716
0.00030245
0.00030245
0.00029667
0.00029667
0.00021652
0.00022466
0.00003499
0.00031514
0.00031514
0.00024380
0.00025465
0.00052067
0.00058418
0.00058418
0.00037806
0.00033874
0.00033874
0.00032620
0.00032620
0.00021258
0.00024011
0.00024011
0.00033561
0.00033561
0.00042440
0.00042440
0.00017201
0.00023745
0.00023745
0.00039590
0.00062319
0.00062319
0.00032908
0.00007327
0.00000000
0.00024415
0.00052150
0.00002073
0.00036820
0.00052150
0.00000000
0.00000000
0.00008296
0.00016977
0.00023438
0.00024888
0.00024888
0.00018153
0.00029699
0.00037546
0.00037546
0.00018814
0.00038466
0.00038466
0.00027866
0.00026319
0.00042895
0.00042895
0.00027090
0.00016451
0.00029824
0.00029824
0.00030348
0.00030348
0.00024423
0.00028174
0.00028174
0.00023177
0.00022038
0.00018072
0.00039579
0.00061008
0.00061008
0.00037451
0.00024140
0.00015682
0.00035299
0.00035299
0.00013129
0.00013129
0.00031902
0.00031902
0.00011244
0.00021460
0.00021460
0.00032064
0.00068948
0.00068948
0.00063819
0.00027289
0.00018335
0.00014471
0.00030958
0.00030958
0.00011783
0.00028753
0.00028753
0.00042908
0.00042908
0.00030564
0.00030564
0.00012112
0.00030511
0.00030511
0.00041427
0.00041427
0.00023264
0.00020978
0.00020978
0.00015775
0.00008872
0.00012208
0.00027705
0.00037550
0.00037550
0.00025123
0.00019962
0.00032491
0.00032491
0.00029589
0.00029589
0.00028793
0.00031586
0.00031586
0.00015994
0.00015900
0.00015900
0.00022141
0.00018098
0.00018098
0.00022042
0.00025993
0.00025993
0.00014633
0.00022141
0.00001715
0.00025888
0.00025888
0.00016226
0.00019010
0.00023479
0.00023479
0.00013581
0.00013581
0.00017695
0.00006906
0.00021268
0.00000000
0.00000000
0.00021268
0.00000000
0.00000000
0.00004531
0.00019568
0.00020615
0.00020615
0.00000899
0.00020148
0.00020148
0.00014983
0.00006766
0.00011052
0.00016101
0.00016101
0.00011291
0.00011291
0.00019592
0.00020707
0.00020707
0.00009320
0.00016072
0.00016072
0.00014495
0.00021192
0.00021192
0.00011905
0.00014119
0.00014119
0.00013395
0.00011135
0.00021061
0.00021366
0.00021366
0.00000000
0.00000000
0.00000000
0.00020917
0.00034276
0.00000000
0.00000000
0.00000000
0.00000000
0.00034276
0.00020917
0.00000000
0.00000000
0.00000000
0.00000734
0.00009291
0.00003082
0.00003082
0.00019649
0.00019786
0.00019786
0.00007897
0.00016774
0.00016774
0.00010104
0.00015182
0.00015182
0.00017524
0.00019960
0.00019960
0.00006968
0.00013539
0.00013539
0.00016254
0.00016254
0.00016763
0.00016763
0.00009536
0.00046326
0.00046326
0.00017511
0.00000000
0.00000000
0.00016878
0.00029959
0.00029959
0.00025037
0.00012824
0.00010917
0.00010917
0.00008240
0.00012247
0.00022789
0.00022789
0.00016481
0.00002982
0.00012585
0.00043074
0.00043074
0.00013159
0.00013569
0.00029857
0.00029857
0.00020833
0.00014729
0.00014729
0.00017901
0.00019000
0.00019000
0.00015598
0.00021060
0.00021060
0.00012764
0.00016771
0.00016771
0.00015366
0.00015367
0.00017797
0.00017797
0.00008202
0.00010174
0.00010174
0.00013915
0.00013915
0.00020342
0.00021618
0.00021618
0.00006192
0.00006192
0.00017495
0.00017495
0.00013138
0.00023854
0.00023854
0.00023522
0.00014728
0.00012110
0.00015439
0.00015622
0.00015622
0.00007668
0.00012968
0.00019575
0.00021282
0.00023765
0.00023765
0.00012369
0.00022701
0.00022701
0.00019870
0.00019870
0.00016189
0.00082923
0.00082923
0.00017917
0.00018669
0.00018669
0.00005098
0.00014576
0.00014576
0.00023747
0.00023747
0.00021183
0.00007289
0.00008142
0.00016535
0.00020277
0.00020277
0.00018740
0.00016458
0.00016458
0.00012225
0.00012225
0.00011091
0.00011091
