1.50000
1.97936
2.51850
3.10620
4.06091
3.64471
2.85752
2.05935
2.44780
2.93437
3.00819
3.49172
3.50185
4.06418
4.99370
5.45718
5.17736
5.50244
6.82919
6.77328
5.34865
4.49393
3.52532
2.65353
1.21481
0.93037
2.25089
2.54067
2.04815
2.64603
4.08017
4.09189
2.89180
2.03707
1.04289
1.16470
2.34836
3.20950
4.57163
4.45388
2.97425
2.99575
4.36903
5.23790
6.73331
7.53840
8.48662
9.27716
10.68484
11.55647
12.99730
13.80478
14.53931
15.21732
16.15934
16.75938
17.49502
17.60704
17.57708
18.27552
18.20108
18.37821
19.40489
