0.00050396
0.00093913
0.00124844
0.00153406
0.00211110
0.00247336
0.00259421
0.00262659
0.00262659
0.00272011
0.00272011
0.00299069
0.00309112
0.00309112
0.00305523
0.00262386
0.00225080
0.00246278
0.00270453
0.00307534
0.00307534
0.00287210
0.00289697
0.00289697
0.00273324
0.00301102
0.00319800
0.00319800
0.00285585
0.00262256
0.00262256
0.00240921
0.00240750
0.00227996
0.00195972
0.00207186
0.00253614
0.00280387
0.00289753
0.00289753
0.00288188
0.00288188
0.00258412
0.00234409
0.00215133
0.00247837
0.00278832
0.00310027
0.00312217
0.00312217
0.00281680
0.00254657
0.00254657
0.00245110
0.00280493
0.00294528
0.00294528
0.00303963
0.00309221
0.00309221
0.00312587
0.00338903
0.00338903
0.00324841
0.00292009
0.00255308
0.00188460
0.00226077
0.00278192
0.00308626
0.00308626
0.00301541
0.00288076
0.00307921
0.00307921
0.00292633
0.00292633
0.00275268
0.00285577
0.00293011
0.00293011
0.00263446
0.00250668
0.00266097
0.00266097
0.00248280
0.00239540
0.00203095
0.00208196
0.00248149
0.00255464
0.00255464
0.00261712
0.00261712
0.00227738
0.00195656
0.00151591
0.00106683
0.00075124
0.00046194
