0.00039229
0.00039302
0.00039302
0.00037033
0.00037033
0.00019178
0.00028718
0.00000000
0.00000000
0.00031295
0.00031295
0.00027129
0.00043769
0.00043769
0.00044932
0.00044932
0.00041722
0.00042899
0.00042899
0.00033694
0.00031237
0.00031433
0.00033751
0.00045903
0.00045903
0.00034922
0.00034922
0.00048933
0.00059357
0.00059357
0.00038765
0.00054993
0.00054993
0.00035145
0.00052285
0.00052285
0.00053629
0.00053629
0.00043977
0.00043142
0.00044811
0.00051126
0.00054359
0.00054359
0.00025793
0.00049676
0.00080676
0.00080676
0.00066801
0.00058036
0.00037308
0.00038467
0.00038467
0.00032313
0.00040137
0.00063191
0.00065598
0.00065598
0.00053392
0.00048242
0.00043598
0.00027598
0.00027598
0.00018202
0.00047980
0.00054831
0.00054831
0.00054624
0.00044089
0.00023456
0.00037104
0.00087871
0.00148561
0.00148561
0.00132153
0.00089003
0.00041655
0.00037599
0.00037968
0.00037968
0.00014005
0.00017280
0.00049248
0.00049248
0.00047173
0.00044530
0.00034233
0.00033471
0.00028998
0.00038700
0.00038700
0.00025495
0.00035604
0.00035604
0.00039867
0.00039867
0.00036247
0.00036247
0.00046447
0.00062293
0.00062293
0.00037088
0.00039339
0.00048714
0.00048714
0.00026681
0.00039818
0.00047982
0.00069163
0.00069163
0.00039635
0.00073170
0.00073170
0.00047428
0.00047428
0.00027036
0.00027036
0.00030381
0.00030381
0.00023559
0.00025712
0.00046852
0.00046852
0.00041920
0.00023171
0.00026169
0.00026169
0.00035606
0.00045750
0.00045750
0.00043255
0.00043277
0.00050732
0.00050732
0.00047199
0.00045731
0.00067178
0.00098723
0.00125468
0.00125468
0.00121822
0.00086244
0.00067506
0.00054078
0.00054078
0.00049190
0.00041214
0.00054733
0.00054733
0.00053157
0.00053157
0.00025341
0.00022372
0.00021104
0.00037135
0.00037135
0.00035753
0.00043792
0.00053305
0.00053305
0.00014472
0.00028099
0.00028099
0.00024224
0.00045052
0.00045052
0.00031088
0.00033789
0.00033789
0.00016715
0.00033698
0.00072371
0.00096175
0.00108859
0.00108859
0.00107141
0.00076078
0.00031112
0.00027966
0.00075335
0.00075335
0.00027672
0.00047743
0.00047743
0.00023736
0.00059238
0.00066029
0.00066029
0.00054415
0.00027422
0.00034455
0.00038510
0.00038510
0.00037613
0.00037613
0.00034175
0.00027910
0.00032109
0.00053014
0.00073445
0.00073445
0.00039193
0.00030785
0.00022036
0.00034892
0.00034892
0.00063497
0.00063497
0.00025425
0.00037369
0.00073938
0.00073938
0.00066605
0.00043619
0.00069114
0.00070180
0.00070180
0.00031154
0.00038525
0.00038525
0.00031050
0.00042472
0.00042472
0.00028074
0.00051208
0.00051208
0.00032438
0.00042695
0.00042695
0.00041041
0.00041041
0.00033653
0.00033653
0.00024516
0.00024516
0.00019205
0.00019205
0.00031408
0.00036988
0.00038192
0.00038192
0.00051941
0.00058083
0.00058083
0.00032433
0.00031324
0.00036757
0.00055399
0.00055399
0.00054094
0.00045008
0.00045692
0.00045692
0.00025649
0.00036676
0.00055825
0.00063166
0.00063166
0.00044956
0.00044956
0.00035215
0.00035215
0.00025967
0.00026475
0.00026475
0.00067401
0.00067401
0.00042673
0.00042673
0.00033925
0.00040371
0.00040371
0.00016849
0.00036441
0.00036441
0.00043327
0.00043327
0.00032353
0.00039964
0.00063812
0.00063812
0.00040623
0.00029767
0.00039909
0.00039909
0.00043435
0.00043435
0.00040004
0.00036604
0.00035417
0.00052978
0.00084486
0.00084486
0.00077305
0.00050979
0.00050979
0.00035947
0.00035947
0.00024356
0.00045332
0.00066137
0.00066137
0.00043986
0.00034932
0.00034932
0.00023944
0.00019291
0.00029236
0.00051428
0.00053182
0.00053182
0.00045367
0.00042684
0.00042684
0.00025091
0.00031503
0.00031503
0.00032169
0.00032169
0.00040430
0.00040430
0.00012624
0.00037866
0.00037866
0.00043373
0.00043373
0.00029962
0.00037728
0.00037728
0.00027673
0.00029843
0.00029843
0.00018252
0.00026651
0.00026651
0.00035437
0.00035556
0.00055259
0.00066788
0.00066788
0.00040856
0.00037335
0.00037335
0.00032361
0.00032361
0.00024626
0.00027570
0.00027570
0.00023026
0.00041719
0.00041719
0.00042960
0.00042960
0.00034701
0.00034701
0.00021494
0.00000000
0.00003816
0.00031211
0.00031211
0.00019531
0.00019531
0.00042078
0.00042078
0.00034522
0.00027710
0.00016275
0.00039089
0.00045565
0.00045565
0.00024183
0.00027547
0.00027547
0.00027228
0.00028779
0.00028779
0.00023232
0.00026531
0.00027277
0.00027277
0.00023157
0.00023157
0.00053225
0.00053225
0.00045217
0.00033688
0.00038455
0.00047590
0.00066904
0.00066904
0.00056403
0.00057019
0.00057019
0.00080633
0.00080633
0.00041791
0.00039618
0.00038153
0.00092813
0.00131283
0.00131283
0.00075890
0.00045707
0.00062694
0.00062694
0.00032977
0.00032977
0.00086892
0.00086892
0.00047420
0.00053682
0.00064121
0.00091628
0.00091628
0.00053061
0.00068271
0.00075174
0.00075174
0.00081023
0.00081244
0.00099712
0.00099712
0.00106985
0.00106985
0.00084524
0.00084524
0.00070618
0.00121705
0.00121705
0.00070096
0.00072415
0.00072415
0.00071459
0.00071459
0.00082467
0.00082467
0.00080442
0.00069425
0.00035928
0.00053579
0.00074758
0.00074758
0.00044336
0.00091204
0.00091204
0.00081696
0.00081696
0.00070303
0.00070303
0.00048460
0.00034125
0.00097286
0.00000000
0.00050378
0.00050378
0.00099387
0.00099387
0.00096767
0.00041037
0.00041860
0.00042588
0.00047994
0.00089431
0.00102110
0.00102110
0.00069412
0.00041328
0.00043404
0.00043404
0.00025495
0.00090745
0.00090745
0.00077015
0.00077015
0.00051792
0.00028440
0.00028440
0.00053724
0.00053724
0.00076101
0.00107920
0.00133819
0.00133819
0.00086346
0.00064440
0.00078426
0.00078426
0.00102295
0.00112862
0.00112862
0.00081883
0.00075168
0.00086392
0.00086392
0.00010167
0.00097286
0.00000000
0.00029672
0.00093171
0.00093171
0.00074988
0.00074988
0.00090347
0.00090347
0.00064604
0.00081544
0.00083271
0.00083271
0.00053871
0.00053871
0.00068954
0.00068954
0.00048187
0.00048187
0.00043471
0.00043471
0.00075807
0.00075807
0.00089581
0.00089581
0.00081006
0.00041151
0.00067313
0.00093885
0.00093885
0.00063396
0.00089511
0.00089511
0.00092157
0.00092157
0.00047572
0.00048284
0.00094813
0.00094813
0.00067445
0.00076862
0.00088916
0.00088916
0.00049437
0.00044285
0.00081190
0.00081190
0.00054218
0.00061630
0.00061630
0.00049662
0.00049662
0.00069857
0.00069857
0.00055007
0.00055007
0.00090872
0.00090872
0.00053122
0.00046692
0.00046692
0.00032924
0.00026880
0.00060940
0.00060940
0.00057753
0.00094346
0.00094346
0.00060195
0.00038418
0.00038418
0.00013776
0.00019225
0.00019225
0.00041417
0.00070245
0.00070245
0.00036289
0.00055203
0.00055203
0.00063298
0.00063298
0.00055246
0.00055246
0.00047070
0.00047070
0.00024646
0.00051542
0.00051542
0.00037479
0.00061300
0.00061300
0.00044867
0.00050729
0.00064836
0.00064836
0.00048964
0.00006032
0.00030074
0.00072092
0.00072092
0.00059236
0.00041359
0.00053110
0.00053110
0.00027633
0.00033799
0.00043640
0.00075731
0.00075731
0.00039260
0.00039260
0.00020514
0.00061841
0.00061841
0.00053854
0.00053854
0.00040903
0.00045783
0.00045783
0.00028924
0.00045552
0.00045552
0.00055360
0.00055360
0.00036513
0.00036867
0.00063397
0.00063397
0.00044877
0.00044877
0.00040075
0.00052711
0.00052711
0.00054877
0.00098155
0.00098155
0.00059905
0.00043432
0.00058656
0.00121897
0.00121897
0.00110075
0.00095069
0.00095623
0.00095623
0.00060711
0.00062188
0.00062188
0.00092126
0.00092126
0.00084801
0.00047883
0.00042357
0.00055396
0.00073168
0.00074605
0.00074605
0.00049428
0.00052599
0.00052599
0.00049472
0.00052094
0.00052094
0.00085562
0.00085562
0.00047081
0.00077221
0.00085578
0.00146347
0.00171796
0.00171796
0.00145310
0.00145310
0.00111816
0.00054311
0.00042296
0.00042296
0.00036944
0.00035283
0.00051371
0.00051371
0.00048737
0.00060744
0.00082511
0.00082511
0.00067278
0.00040709
0.00033588
0.00045333
0.00045333
0.00055705
0.00078990
0.00078990
0.00048471
0.00026929
0.00035791
0.00035791
0.00033728
0.00033728
0.00069060
0.00069060
0.00101786
0.00101786
0.00080638
0.00080638
0.00051785
0.00031313
0.00026603
0.00038656
0.00043743
0.00046078
0.00062665
0.00062665
0.00100583
0.00154758
0.00154758
0.00098856
0.00060572
0.00114939
0.00140406
0.00188017
0.00188017
0.00145212
0.00107809
0.00061399
0.00035962
0.00035962
0.00044143
0.00088796
0.00105429
0.00105429
0.00086601
0.00088910
0.00090556
0.00090556
0.00085395
0.00074037
0.00072977
0.00053068
0.00047982
0.00031014
0.00030736
0.00030736
0.00039225
0.00048029
0.00081222
0.00096238
0.00110012
0.00110012
0.00080824
0.00069549
0.00074666
0.00074666
0.00101357
0.00114402
0.00137218
0.00137218
0.00114965
0.00099731
0.00098531
0.00098531
0.00096952
0.00067152
0.00087430
0.00087430
0.00055453
0.00078097
0.00078097
0.00016793
0.00091252
0.00104190
0.00104190
0.00084312
0.00039902
0.00045565
0.00045565
0.00044933
0.00044933
0.00080754
0.00133315
0.00133315
0.00099519
0.00092212
0.00040890
0.00040890
0.00061023
0.00066142
0.00066142
0.00074947
0.00074947
0.00046533
0.00067069
0.00083363
0.00083363
0.00081681
0.00081681
0.00078027
0.00047562
0.00073331
0.00075824
0.00075824
0.00026881
0.00092604
0.00092604
0.00074241
0.00053960
0.00083405
0.00083405
0.00048783
0.00090478
0.00102801
0.00102801
0.00085449
0.00095725
0.00095725
0.00095592
0.00064494
0.00060095
0.00060095
0.00045057
0.00046278
0.00089066
0.00089066
0.00081360
0.00087618
0.00114302
0.00114302
0.00084072
0.00055183
0.00084118
0.00084118
0.00036344
0.00080429
0.00080429
0.00070030
0.00047538
0.00069331
0.00069331
0.00076556
0.00076556
0.00050708
0.00056000
0.00056000
0.00073580
0.00073580
0.00070518
0.00041947
0.00080796
0.00084952
0.00084952
0.00102174
0.00102174
0.00084436
0.00067466
0.00020334
0.00066382
0.00066382
0.00073466
0.00073466
0.00082572
0.00082572
0.00064724
0.00094634
0.00094634
0.00087330
0.00099388
0.00112697
0.00112697
0.00068387
0.00065714
0.00052061
0.00103949
0.00103949
0.00057788
0.00084236
0.00084236
0.00044779
0.00045714
0.00078811
0.00136658
0.00136658
0.00080566
0.00018374
0.00055157
0.00067464
0.00067464
0.00059389
0.00059389
0.00067448
0.00103095
0.00103095
0.00059834
0.00085641
0.00112164
0.00112164
0.00095516
0.00095516
0.00058758
0.00102094
0.00102094
0.00071453
0.00065338
0.00080415
0.00080415
0.00092099
0.00092099
0.00087303
0.00075292
0.00129252
0.00129252
0.00123593
0.00083032
0.00067248
0.00093916
0.00093916
0.00095933
0.00102710
0.00102710
0.00069095
0.00063546
0.00063546
0.00092437
0.00092437
0.00084376
0.00021352
0.00053420
0.00090428
0.00090428
0.00085790
0.00050793
0.00085665
0.00094952
0.00094952
0.00102966
0.00102966
0.00066798
0.00066798
0.00072996
0.00097769
0.00097769
0.00079480
0.00079480
0.00072305
0.00049834
0.00077426
0.00077426
0.00086482
0.00086482
0.00064982
0.00101255
0.00101255
0.00075656
0.00063996
0.00080622
0.00080622
0.00069407
0.00081514
0.00081514
0.00056901
0.00038057
0.00064886
0.00116885
0.00116885
0.00086681
0.00067731
0.00104665
0.00104665
0.00081368
0.00081368
0.00050917
0.00062585
0.00062777
0.00062777
0.00068464
0.00068464
0.00081606
0.00081606
0.00094520
0.00094520
0.00037790
0.00080457
0.00080457
0.00059864
0.00038241
0.00055979
0.00055979
0.00046634
0.00062365
0.00131191
0.00192019
0.00244069
0.00244069
0.00233327
0.00233327
0.00162335
0.00115586
0.00115586
0.00080533
0.00142382
0.00142382
0.00110599
0.00116250
0.00116250
0.00111227
