1.49999
2.15857
2.99069
2.75486
1.45949
1.85634
3.21190
3.74135
3.63448
2.83804
2.55264
2.06450
0.90001
1.08107
2.56680
3.39684
4.84323
4.98071
3.59908
3.10405
2.87947
3.56383
5.04715
5.30483
4.26620
3.91688
4.16023
4.37468
4.34405
3.65273
3.55800
3.69121
3.37892
3.70956
3.86225
4.15021
4.73256
5.21234
5.21042
5.72183
6.62241
6.83466
6.07303
5.89660
6.07815
5.91918
5.38056
5.20863
5.19939
5.36758
6.08080
5.91576
5.00639
4.51022
4.26423
4.19581
4.44363
4.14541
3.32500
2.87943
3.68316
4.18887
5.16093
