0.00037217
0.00055932
0.00098972
0.00149208
0.00157371
0.00157371
0.00126469
0.00061249
0.00061675
0.00061675
0.00052550
0.00054905
0.00054905
0.00052922
0.00033649
0.00025884
0.00019601
0.00021753
0.00021753
0.00035358
0.00047738
0.00047738
0.00036857
0.00020072
0.00019785
0.00032586
0.00059622
0.00095794
0.00142232
0.00143483
0.00143483
0.00084522
0.00041443
0.00031253
0.00031253
0.00025157
0.00031407
0.00031407
0.00017544
0.00028155
0.00028155
0.00038110
0.00102296
0.00164700
0.00195810
0.00195810
0.00152108
0.00100868
0.00097772
0.00070912
0.00055903
0.00098541
0.00114240
0.00149937
0.00149937
0.00122365
0.00085967
0.00052773
0.00036724
0.00025698
0.00022610
0.00022657
0.00022657
0.00052525
0.00089408
0.00109411
0.00122926
0.00122926
0.00110338
0.00110338
0.00098558
0.00061872
0.00043919
0.00024382
0.00033945
0.00033945
0.00025476
0.00019041
0.00018489
0.00012826
0.00012826
0.00011923
0.00023058
0.00023058
0.00023243
0.00027150
0.00027150
0.00018614
0.00024968
0.00042731
0.00045711
0.00045711
0.00039212
0.00034787
0.00025185
0.00017661
0.00015596
0.00015596
0.00028706
0.00072617
0.00089905
0.00089905
0.00101747
0.00101747
0.00070113
0.00027657
0.00023136
0.00043690
0.00065365
0.00075204
0.00078764
0.00165537
0.00226983
0.00259133
0.00302290
0.00302290
0.00301914
0.00240460
0.00154120
0.00132398
0.00100769
0.00109582
0.00157348
0.00192140
0.00214231
0.00214231
0.00208952
0.00181676
0.00122000
0.00047341
0.00023718
0.00013138
0.00021040
0.00028141
0.00038522
0.00038522
0.00037058
0.00025592
0.00025592
0.00023713
0.00026705
0.00026705
0.00014951
0.00028619
0.00037697
0.00037697
0.00032656
0.00023548
0.00023548
0.00038034
0.00054921
0.00097688
0.00119792
0.00119792
0.00117093
0.00117093
0.00108784
0.00063005
0.00039648
0.00039648
0.00043120
0.00084906
0.00123301
0.00147762
0.00147762
0.00129970
0.00093884
0.00053343
0.00029606
0.00025283
0.00031076
0.00031076
0.00024527
0.00023227
0.00042417
0.00052405
0.00052405
0.00051159
0.00041199
0.00073767
0.00080305
0.00080305
0.00048928
0.00035134
0.00083320
0.00120428
0.00169284
0.00182871
0.00182871
0.00165067
0.00158345
0.00117448
0.00054045
0.00028470
0.00027660
0.00027660
0.00026742
0.00047419
0.00047419
0.00055003
0.00080357
0.00114364
0.00114364
0.00093320
0.00067344
0.00117555
0.00163660
0.00181058
0.00181058
0.00135241
0.00090983
0.00089421
0.00109740
0.00109740
0.00089802
0.00057510
0.00103321
0.00138210
0.00138210
0.00118220
0.00150075
0.00165040
0.00165040
0.00129952
0.00104438
0.00070353
0.00040880
0.00041141
0.00089263
0.00145852
0.00177684
0.00177684
0.00146127
0.00104661
0.00059081
0.00024255
0.00016195
0.00016715
0.00023066
0.00040748
0.00040748
0.00037823
0.00037823
0.00072159
0.00126920
0.00169735
0.00169735
0.00143065
0.00106166
0.00057580
0.00090435
0.00130895
0.00130895
0.00116408
0.00112762
0.00098019
0.00098019
0.00061673
0.00051148
0.00046347
0.00046347
0.00038923
0.00038923
0.00048600
0.00048600
0.00046432
0.00046432
0.00040785
0.00037703
0.00046042
0.00046042
0.00021550
0.00021378
0.00045306
0.00045306
0.00019864
0.00023733
0.00043597
0.00104974
0.00162021
0.00208881
0.00208881
0.00173306
0.00087778
0.00059257
0.00037182
0.00024209
0.00024209
0.00034544
0.00034544
0.00031196
0.00026781
0.00026978
0.00026978
0.00043513
0.00043513
0.00043937
0.00052145
0.00052145
0.00048515
0.00048515
0.00031467
0.00031467
0.00035131
0.00035131
0.00030574
0.00030574
0.00020249
0.00024059
0.00026115
0.00036909
0.00043577
0.00043577
0.00034914
0.00034535
0.00017247
