1.49991
2.38482
3.81843
4.59386
5.60039
6.35779
7.63819
8.49355
9.97462
10.86470
12.33757
13.23453
14.70695
15.53947
16.51057
17.21877
18.26813
18.76987
19.33985
19.64176
19.90786
20.43752
21.73635
22.34801
23.03362
23.60506
24.67797
25.38004
26.34472
26.81655
27.42569
27.42042
26.66724
26.66522
27.27551
27.79563
28.95753
29.13053
28.45957
28.04040
27.17004
26.61147
25.68435
24.94448
23.50159
22.83365
22.23312
22.32458
23.26645
23.66116
24.05809
24.31070
24.49906
25.01470
26.28280
27.10930
28.44155
29.25410
30.61095
31.42788
32.75917
33.64733
35.07786
35.88267
36.76881
37.16819
37.30602
37.60514
38.29987
38.79340
39.54494
39.66774
39.20379
39.16199
39.39000
39.51543
39.71304
39.81162
39.83228
40.03470
40.62462
40.97051
41.38367
42.05300
43.34127
44.15105
45.34703
46.08851
47.32989
48.07094
49.32764
49.96985
50.76505
51.32214
52.10404
52.62134
53.51786
54.06614
54.97790
55.39613
55.79825
55.59422
54.56830
53.96885
52.89003
52.34698
51.69012
51.34534
50.83920
50.76345
51.07440
51.15330
51.12449
51.26001
51.56431
52.08454
53.31520
53.93620
54.68200
55.17647
55.78829
56.02606
56.16887
55.96890
55.25520
54.88289
54.56756
54.49879
54.67368
54.77848
55.05310
54.98665
54.47428
54.33479
54.33194
54.32657
54.35974
54.31041
54.11402
54.02753
53.80381
54.10598
55.22443
55.81479
56.55888
57.37712
58.76556
59.64513
60.91017
61.52957
62.05107
62.50385
63.30502
63.90959
64.70028
65.31893
66.03202
66.81905
68.31257
69.04953
69.62546
70.12478
70.99227
71.00618
70.15870
69.72774
69.01740
68.66844
68.46858
68.51722
68.94971
69.18776
69.66815
69.65513
69.05750
69.12562
69.86011
70.12027
70.34352
70.24072
69.65244
69.34143
68.98122
68.43413
67.14706
66.33329
64.91068
64.17687
63.41526
62.88244
62.08936
61.53702
60.84326
60.13543
58.70626
57.88450
56.92785
56.05453
54.84962
54.10481
52.93823
52.19762
50.86591
50.31501
49.98360
49.76930
49.47365
49.32725
49.22158
48.91538
48.21676
48.02222
48.25021
48.27229
48.14979
48.28396
48.80924
49.02130
49.18866
49.50148
50.25763
50.85010
51.71915
52.26510
53.16215
53.73663
54.74685
55.26964
55.92174
56.42615
57.40680
58.00123
59.02287
59.62289
60.65406
60.95299
60.81013
60.82127
60.89344
60.97492
61.14013
61.30777
61.66141
61.98241
62.61678
62.89752
63.17867
63.45123
64.01535
64.35826
64.98070
65.15128
65.08539
65.06281
64.98622
65.02250
65.23257
65.29805
65.26410
65.31405
65.60165
65.28093
64.03186
63.75197
64.27675
64.28460
63.89943
63.79906
63.79752
63.90744
64.30499
64.50370
64.75539
64.99138
65.28208
65.66367
66.53397
67.06718
67.78977
68.44322
69.76537
70.46273
71.42803
71.95429
72.42231
72.39927
71.70781
71.64191
72.08343
72.11359
71.85071
71.69154
71.26665
71.41496
72.23582
72.64385
73.15634
73.25102
72.91855
73.02351
73.70443
73.67625
72.96920
72.64018
72.14553
71.86661
71.50588
71.08183
70.23553
69.66450
68.59831
68.01737
67.11775
66.71413
66.53386
65.92457
64.47689
63.60814
62.35119
61.50369
60.05249
59.50352
59.56976
59.43948
59.13637
58.92370
58.49906
58.38942
58.38821
58.62166
59.39204
59.87119
60.62923
61.27288
62.25027
63.08205
64.41931
65.25796
66.68377
67.28670
67.46940
67.56197
67.54795
67.43582
67.12035
66.82118
66.36426
65.72653
64.40001
63.59266
62.21243
61.44871
60.45486
59.97165
59.36371
59.36733
59.92693
60.52442
61.67285
62.32269
63.32345
63.94619
65.06538
65.48808
65.71408
65.74198
65.53424
65.39342
65.17029
65.04989
64.95802
64.60423
63.60721
63.03596
62.10298
61.44508
60.26126
59.49110
58.17506
57.49713
56.62538
56.10029
55.38512
54.61114
53.11722
52.37661
51.92281
51.18741
49.73898
48.90471
47.65571
46.76369
45.39827
44.51494
43.24132
42.43820
41.10281
40.40328
39.95564
39.47199
38.49407
37.84422
36.76392
36.12963
35.11080
34.54765
33.73964
33.19567
32.59013
31.89616
30.48061
29.58396
28.13655
27.27984
25.94111
25.12619
23.74954
23.00082
22.06758
21.38877
20.35707
19.68328
18.63594
18.23434
18.11099
18.15551
18.49837
18.78042
19.37107
19.81310
20.36801
21.17100
22.64000
23.52925
24.98246
25.85826
27.32483
28.17074
29.38254
30.26084
31.65284
32.45947
33.68114
34.42997
35.70621
36.34931
37.07301
37.66286
38.81211
39.47513
40.38151
41.21410
42.39473
43.08624
44.19543
44.44023
44.06678
43.58757
42.33951
41.72149
40.86367
40.37715
39.61666
39.27079
38.92331
38.72203
38.48654
38.38445
38.42537
38.03369
37.04024
36.26824
35.22379
34.46724
33.33046
32.55926
31.64053
30.86767
29.57343
28.76583
27.40222
26.70748
26.06157
25.81126
25.55728
26.04933
27.51360
28.25093
29.27032
29.73569
30.19475
30.49319
30.92002
31.39859
32.46951
33.17121
34.32488
35.20838
36.61530
37.19581
37.32065
37.59199
38.18045
38.53789
39.21722
39.37977
39.18998
39.20804
39.33635
39.60374
40.24219
40.75095
41.73164
42.52656
43.99706
44.86636
46.06751
46.94002
48.18164
49.05016
50.53535
51.17526
51.41842
51.33410
50.60802
50.57671
51.14364
51.37960
51.68224
51.84756
51.97039
52.02907
52.01346
52.22512
52.94262
53.17490
53.20823
52.91306
51.93953
51.42318
50.52292
50.48713
51.35366
51.53907
51.27697
51.57454
52.57280
53.14261
54.03129
54.74340
55.83381
56.29825
56.20031
56.70859
57.93146
58.68182
59.37283
59.91775
60.85585
61.49540
62.62713
63.31376
64.47410
65.15737
66.30321
66.83110
67.21621
67.55134
68.28138
68.28475
67.68439
66.97955
65.53034
64.71791
63.68020
63.56026
64.36215
64.76063
65.55696
65.64187
65.22194
64.59735
63.19696
62.45151
61.92191
61.73829
61.81385
62.07142
62.76987
63.02357
63.29790
63.06346
62.06750
61.65357
61.21760
60.91988
60.55118
59.90996
58.46725
57.67208
56.47038
55.85468
55.19307
55.04825
55.43819
55.27859
54.45793
54.23303
54.10195
54.55663
55.93908
56.72484
57.96276
58.85949
60.26873
60.81199
60.86814
60.78765
60.28732
60.08980
60.00809
59.82440
59.29532
59.21304
59.33211
59.79958
60.99793
61.75774
63.03954
63.89485
64.84264
