 0.10000	 25.66514015	 55.57645035	 26.22843361	 26.49392509	 56.57299423	 26.98336029	           0	           2
 0.10000	 26.99114037	 57.17011642	 27.43720627	 27.84724808	 58.12344742	 28.21696663	          -1	           3
 0.10000	 28.17461967	 58.89590073	 28.54243469	 28.45900726	 60.36691284	 28.61379051	          -2	           4
 0.10000	 28.06274605	 61.03951263	 29.06157684	 26.85171318	 61.05503464	 29.94648170	          -3	           5
 0.10000	 26.12360954	 61.03173065	 30.47479630	 24.89211273	 60.94456482	 31.32668114	          -4	           6
 0.10000	 24.41143417	 60.24062729	 31.61536598	 24.60078239	 58.76890182	 31.39626312	          -5	           7
 0.10000	 24.53136635	 57.87539291	 31.31564331	 24.21268654	 56.41046524	 31.36329460	          -6	           8
 0.10000	 24.32204819	 55.77765656	 30.73281479	 24.88509369	 55.87936783	 29.34626579	          -7	           9
 0.10000	 25.09637260	 56.04620361	 28.48756027	 25.44724846	 56.68840790	 27.17821503	          -8	          10
 0.10000	 25.00818062	 57.05828094	 26.48516655	 23.60864449	 57.47565842	 26.14312363	          -9	          11
 0.10000	 22.75954628	 57.27188492	 25.92559814	 21.68682098	 56.22779083	 25.83115959	         -10	          12
 0.10000	 21.02220535	 55.63207626	 25.71674919	 20.04853439	 54.50021744	 25.57308769	         -11	          13
 0.10000	 19.28668404	 54.22649002	 25.18009567	 18.19575500	 54.68795776	 24.25990295	         -12	          14
 0.10000	 17.50978088	 54.50437164	 23.70720482	 16.56994057	 53.68722534	 22.87126350	         -13	          15
 0.10000	 16.08094788	 52.97111511	 22.63065338	 15.58107185	 51.60143661	 22.98283386	         -14	          16
 0.10000	 15.37666130	 50.94702911	 22.39981270	 15.49400139	 50.99573517	 20.90523148	         -15	          17
 0.10000	 15.52869415	 50.62482834	 20.08602142	 15.78544235	 49.57778931	 19.04307365	         -16	          18
 0.10000	 15.30166721	 49.23186493	 18.36765289	 13.90465069	 49.45745468	 17.87028694	         -17	          19
 0.10000	 13.11787796	 49.34195709	 17.44897079	 11.87547207	 48.92593765	 16.71875381	         -18	          20
 0.10000	 11.24492359	 48.47500992	 16.26167297	 10.36582851	 47.58927155	 15.42945290	         -19	          21
 0.10000	 10.34208584	 46.69226074	 15.36132145	 11.20564651	 45.66472244	 16.03093719	         -20	          22
 0.10000	 11.52178288	 44.89232254	 16.36748886	 11.79778481	 43.51576996	 16.89537239	         -21	          23
 0.10000	 12.15334606	 42.82365417	 17.34738731	 12.90557098	 41.92438126	 18.28298950	         -22	          24
 0.10000	 13.71442223	 41.70298767	 18.60963249	 15.19610023	 41.92003632	 18.69630432	         -23	          25
 0.10000	 16.00747871	 42.28231812	 18.83965111	 17.17081261	 42.82170105	 18.06128120	         -24	          26
 0.10000	 17.92128563	 43.15245056	 17.68962669	 19.21307373	 43.68063736	 17.13936806	         -25	          27
 0.10000	 20.01443291	 43.76451111	 16.73660469	 21.31979179	 43.49696350	 16.04730988	         -26	          28
 0.10000	 22.00333595	 43.10649872	 15.60882664	 23.00230980	 42.10823059	 15.10250950	         -27	          29
 0.10000	 23.43159294	 41.32684326	 14.97042751	 23.84765625	 39.88617325	 14.92213917	         -28	          30
 0.10000	 23.96599770	 39.01478577	 14.72530365	 22.87398720	 38.00207520	 14.54558563	         -29	          31
 0.10000	 22.17689514	 37.66018677	 15.00166893	 22.05701447	 36.98065948	 16.33358574	         -30	          32
 0.10000	 21.41100502	 37.03706741	 16.95783424	 20.14649963	 37.83465195	 16.83581543	         -31	          33
 0.10000	 19.74126625	 38.63699341	 16.88389778	 20.16050720	 40.07722092	 16.88384056	         -32	          34
 0.10000	 19.60331917	 40.76138306	 17.06088448	 18.15456772	 40.56058884	 17.39357567	         -33	          35
 0.10000	 17.35493279	 40.86097717	 17.67682648	 16.18328476	 41.57878113	 18.27845573	         -34	          36
 0.10000	 15.65414715	 42.24927139	 17.99507332	 15.53404808	 43.41479492	 17.05862236	         -35	          37
 0.10000	 15.66491413	 43.84064865	 16.27669334	 16.15337944	 44.00724792	 14.86828804	         -36	          38
 0.10000	 16.81116486	 44.60832596	 14.74210930	 17.30846024	 45.30844498	 15.97195148	         -37	          39
 0.10000	 18.09168625	 45.71347809	 16.15200996	 19.41201782	 45.99859238	 15.49983215	         -38	          40
 0.10000	 20.24756241	 45.76946259	 15.25650883	 21.46217155	 44.92189407	 15.01929760	         -39	          41
 0.10000	 21.53761101	 44.02519989	 15.02789974	 20.40245056	 43.12460709	 15.41557312	         -40	          42
 0.10000	 20.40352440	 42.22470474	 15.41375542	 21.36449051	 41.16380310	 14.96579361	         -41	          43
 0.10000	 21.77746582	 40.40138245	 14.72618198	 22.02151489	 39.07421112	 14.07174397	         -42	          44
 0.10000	 22.53992462	 38.96923447	 14.80935669	 23.68938065	 39.38124084	 15.68068218	         -43	          45
 0.10000	 24.57745361	 39.41593933	 15.82519054	 25.67595863	 40.05329895	 16.62349129	         -44	          46
 0.10000	 26.50471115	 40.09564972	 16.97242546	 27.86729622	 39.46849060	 16.98425674	         -45	          47
 0.10000	 28.40409088	 39.52629852	 17.70444489	 27.94458961	 40.31097031	 18.89740181	         -46	          48
 0.10000	 27.89742279	 40.26567841	 19.79498482	 27.90559578	 39.31880569	 20.95826530	         -47	          49
 0.10000	 28.27578926	 39.16892624	 21.76469231	 29.33541679	 39.63164139	 22.72016144	         -48	          50
 0.10000	 29.83129501	 39.72291565	 23.46553040	 30.27130127	 39.53428268	 24.88704109	         -49	          51
 0.10000	 30.94960403	 39.83964539	 25.39353752	 32.08803558	 40.81627274	 25.39433479	         -50	          52
 0.10000	 32.73342133	 41.04866409	 24.81178284	 33.00798416	 40.64109802	 23.39460754	         -51	          53
 0.10000	 33.08126831	 40.39569855	 22.53190994	 32.94131470	 40.09151840	 21.06978416	         -52	          54
 0.10000	 32.66447830	 39.32740021	 20.68322945	 32.31970215	 38.02893066	 21.35033417	         -53	          55
 0.10000	 31.66690063	 37.50021362	 21.67296410	 30.24224663	 37.43266296	 22.13729477	         -54	          56
 0.10000	 29.39248276	 37.25492477	 22.37413025	 27.93295479	 36.94401550	 22.52576447	         -55	          57
 0.10000	 27.34650421	 36.54105377	 23.07674980	 27.27948761	 35.94582367	 24.45192909	         -56	          58
 0.10000	 27.13438225	 35.11648941	 24.76979828	 26.97913551	 33.73651123	 24.20279503	         -57	          59
 0.10000	 26.98667526	 32.92995071	 23.80381966	 27.36637497	 31.81058884	 22.88037872	         -58	          60
 0.10000	 26.94997025	 31.10445023	 22.50902557	 25.53713226	 30.64566231	 22.30083275	         -59	          61
 0.10000	 25.11671829	 29.99650383	 22.76103592	 25.62191200	 29.28123093	 23.97884750	         -60	          62
 0.10000	 25.85391426	 28.79511261	 24.69972420	 26.21366119	 28.00673676	 25.92401695	         -61	          63
 0.10000	 26.86019897	 27.64317513	 26.43358994	 28.34456062	 27.47044945	 26.56278038	         -62	          64
 0.10000	 29.07491684	 27.13149643	 26.96465492	 29.94327354	 26.40703201	 27.95001793	         -63	          65
 0.10000	 30.13926506	 25.73521233	 28.51572609	 29.69530296	 24.53583908	 29.29940796	         -64	          66
 0.10000	 29.80145836	 23.66215897	 29.48643303	 30.37171555	 22.31317902	 29.16302299	         -65	          67
 0.10000	 30.94001389	 21.61610222	 29.14340782	 32.20746994	 20.83085251	 29.30527115	         -66	          68
 0.10000	 32.94219589	 20.31613350	 29.36984253	 34.18459320	 19.47966766	 29.44740295	         -67	          69
 0.10000	 34.84592819	 18.87582016	 29.53211021	 35.92979431	 17.83973122	 29.56753540	         -68	          70
 0.10000	 36.05556107	 17.07716179	 30.02842712	 35.09988022	 16.37334251	 30.94558716	         -69	          71
 0.10000	 34.65338135	 15.99706936	 31.63039398	 34.93944550	 16.01127625	 33.10276413	         -70	          72
 0.10000	 35.25946808	 16.52928162	 33.76543808	 36.04188919	 17.75264740	 34.14101410	         -71	          73
 0.10000	 35.99779892	 18.50900078	 33.65533066	 35.16627502	 18.61815453	 32.41174698	         -72	          74
 0.10000	 34.82710648	 18.30526352	 31.63915062	 34.57014847	 17.13922310	 30.73130035	         -73	          75
 0.10000	 34.58731842	 16.48394585	 30.11469841	 35.56621552	 15.38398552	 29.82870865	         -74	          76
 0.10000	 36.23088074	 15.20943642	 29.24761963	 36.91106033	 16.10602379	 28.25592232	         -75	          77
 0.10000	 37.56063461	 16.13605309	 27.63380814	 38.62481689	 15.38615131	 26.88878441	         -76	          78
 0.10000	 39.38446045	 15.22771072	 26.43306541	 40.80171967	 15.36152744	 25.96046448	         -77	          79
 0.10000	 41.23106766	 15.46069527	 25.17580032	 40.93515396	 15.68736553	 23.72288132	         -78	          80
 0.10000	 40.52922821	 15.57621765	 22.92744827	 39.46392441	 14.98367691	 22.05342865	         -79	          81
 0.10000	 38.78912735	 14.86845589	 21.46934509	 37.64122009	 14.73049736	 20.51374245	         -80	          82
 0.10000	 37.19563675	 15.46420002	 20.24335670	 37.71206284	 16.75384331	 20.80910492	         -81	          83
 0.10000	 37.37725449	 17.58446503	 20.72056198	 36.10206985	 18.14748192	 20.16670227	         -82	          84
 0.10000	 35.88724518	 18.75657272	 19.54001427	 36.62808990	 19.52960396	 18.48958969	         -83	          85
 0.10000	 36.75028992	 20.15718269	 17.85636711	 36.43378067	 21.20796013	 16.83383942	         -84	          86
 0.10000	 36.70046616	 22.05006027	 16.66190910	 37.65453339	 23.03213501	 17.27431107	         -85	          87
 0.10000	 38.02660751	 23.76355934	 17.64323807	 38.27756500	 25.07032585	 18.33529091	         -86	          88
 0.10000	 38.64894867	 25.67794037	 18.88509941	 39.51918411	 26.35445595	 19.90218925	         -87	          89
 0.10000	 40.02172470	 26.51572418	 20.63072014	 40.84513474	 26.32654762	 21.86995697	         -88	          90
 0.10000	 41.01867294	 26.07919502	 22.71736908	 40.73413849	 25.43442345	 24.04131889	         -89	          91
 0.10000	 40.50881958	 25.12313080	 24.85482979	 40.12789154	 24.55077362	 26.18788338	         -90	          92
 0.10000	 39.46450043	 24.76803017	 26.75569916	 38.41526031	 25.83037758	 26.61394691	         -91	          93
 0.10000	 37.68397903	 26.27070045	 26.89757156	 36.48997116	 26.64284515	 27.72505188	         -92	          94
 0.10000	 35.83356476	 27.00185394	 28.22362518	 34.88495255	 27.76787949	 29.09645653	         -93	          95
 0.10000	 34.25211716	 28.18619728	 29.57884407	 33.15952301	 28.91129112	 30.30626297	         -94	          96
 0.10000	 32.37938309	 29.01861954	 30.74029541	 31.05623055	 28.64420128	 31.33862495	         -95	          97
 0.10000	 30.29530907	 28.31785583	 31.68989372	 29.20088196	 27.39347076	 32.13385391	         -96	          98
 0.10000	 28.44359398	 27.40413094	 32.61945343	 27.58914375	 28.28738403	 33.47923660	         -97	          99
 0.10000	 27.05928993	 28.94944191	 33.77953720	 26.40525818	 30.29762840	 33.84215546	         -98	         100
 0.10000	 25.81248474	 30.97099495	 33.90742111	 24.56553459	 31.79781914	 34.01065826	         -99	         101
 0.10000	 23.93397141	 32.43735886	 33.97597122	 23.00427055	 33.60100174	 33.79988861	        -100	         102
 0.10000	 22.79823685	 34.44000244	 33.54869461	 23.16564560	 35.77907562	 32.98163986	        -101	         103
 0.10000	 23.15722656	 36.58306885	 32.57759476	 22.65865517	 37.69994736	 31.70932770	        -102	         104
 0.10000	 23.10225296	 38.48301315	 31.71242523	 24.30439186	 38.51194382	 32.60905457	        -103	         105
 0.10000	 24.79474258	 39.25090408	 32.76212692	 24.54522896	 40.61349106	 32.18684769	        -104	         106
 0.10000	 24.85712814	 41.45392227	 32.26478958	 25.74285507	 42.39746475	 33.02304077	        -105	         107
 0.10000	 26.53415680	 42.77177811	 33.23113632	 28.03016853	 42.86457825	 33.17771149	        -106	         108
 0.10000	 28.92746925	 42.82173920	 33.13026810	 30.38043022	 42.49177170	 32.95891190	        -107	         109
 0.10000	 31.25894928	 42.32308197	 32.86392975	 32.73522949	 42.20673752	 32.62594604	        -108	         110
 0.10000	 33.44670868	 41.67178345	 32.75741196	 33.95251465	 40.38583374	 33.34065247	        -109	         111
 0.10000	 33.95778275	 39.55578613	 33.68792725	 33.26289368	 38.35718155	 34.26258850	        -110	         112
 0.10000	 33.21235275	 37.46424866	 34.36136627	 33.65247345	 36.05950165	 34.07387924	        -111	         113
 0.10000	 33.87652588	 35.19898224	 33.93685150	 34.31941986	 33.78857040	 33.68339157	        -112	         114
 0.10000	 34.31814194	 32.89133072	 33.61480713	 33.61620331	 31.56581116	 33.62769699	        -113	         115
 0.10000	 34.13048553	 30.82890892	 33.67691422	 35.62084579	 30.97685432	 33.75954056	        -114	         116
 0.10000	 36.50357819	 31.14304543	 33.81329346	 37.79116821	 31.91199493	 33.78710938	        -115	         117
 0.10000	 38.60340118	 31.99152565	 34.16620636	 39.50388718	 31.47357941	 35.24821472	        -116	         118
 0.10000	 40.18545914	 31.26199150	 35.79630661	 41.38008881	 31.11632538	 36.69153976	        -117	         119
 0.10000	 42.13656616	 30.63088799	 36.73539352	 42.80148315	 29.54890251	 35.93726349	        -118	         120
 0.10000	 43.42422485	 29.06138229	 35.50801086	 44.55470657	 28.47732735	 34.71382141	        -119	         121
 0.10000	 45.43842316	 28.46426201	 34.54467773	 46.75431061	 29.11332130	 34.85618591	        -120	         122
 0.10000	 47.63794327	 29.16026115	 35.01965332	 49.02645874	 28.89262199	 35.51984406	        -121	         123
 0.10000	 49.67146301	 28.40018272	 35.13081360	 49.45603180	 27.54261398	 33.91917419	        -122	         124
 0.10000	 49.89565277	 27.39359093	 33.14820099	 51.09999847	 27.83019638	 32.36795044	        -123	         125
 0.10000	 51.50067902	 28.48335457	 31.89606094	 51.56262207	 29.91783714	 31.46216583	        -124	         126
 0.10000	 51.13269043	 30.70554924	 31.39535141	 49.84564209	 31.40121841	 31.72603226	        -125	         127
 0.10000	 49.06113052	 31.82308578	 31.85325241	 47.68946075	 32.36743164	 32.12145233	        -126	         128
 0.10000	 46.90333939	 32.73367691	 31.88147545	 45.89608765	 33.26898575	 30.90746117	        -127	         129
 0.10000	 45.27347183	 33.62678528	 30.36522293	 44.16279984	 34.07573318	 29.46261978	        -128	         130
 0.10000	 44.10249329	 34.89892197	 29.10404968	 44.97701263	 36.11310959	 29.20828819	        -129	         131
 0.10000	 45.57822800	 36.64400101	 29.61639023	 46.59287262	 37.74829865	 29.58523750	        -130	         132
 0.10000	 46.39871979	 38.60395432	 29.38445473	 45.11254883	 39.03463745	 30.02497864	        -131	         133
 0.10000	 44.30804825	 39.13147354	 29.63350677	 43.91051865	 38.65476608	 28.26800346	        -132	         134
 0.10000	 44.14193344	 38.46146774	 27.42013741	 44.87723160	 38.23326492	 26.13285255	        -133	         135
 0.10000	 44.60978317	 38.30788803	 25.27682304	 43.42834854	 38.78644180	 24.48617172	        -134	         136
 0.10000	 42.54103470	 38.68247604	 24.59424400	 41.89120102	 37.95115280	 25.73125076	        -135	         137
 0.10000	 41.18642426	 38.05004120	 26.28195381	 40.08740616	 38.94462204	 26.77354622	        -136	         138
 0.10000	 39.64833069	 39.70403671	 26.97393608	 39.33548737	 41.13734436	 27.28637505	        -137	         139
 0.10000	 39.53374863	 41.77739334	 26.68555832	 40.11783981	 41.55165482	 25.32254028	        -138	         140
 0.10000	 40.68864059	 40.91805267	 25.03516197	 41.03627396	 39.74165344	 25.89841652	        -139	         141
 0.10000	 41.63355255	 39.25513458	 26.36359215	 42.97367096	 39.28589630	 27.03662872	        -140	         142
 0.10000	 43.27048111	 38.63339996	 27.58072853	 43.14660645	 37.15941238	 27.82945633	        -141	         143
 0.10000	 43.66812897	 36.66320038	 28.36954308	 44.82191467	 37.01783752	 29.26004028	        -142	         144
 0.10000	 45.49983215	 37.24278259	 28.71226501	 46.99699020	 37.32972717	 28.68041420	        -143	         145
 0.10000	 47.34503937	 37.87466431	 28.05442619	 46.26773834	 38.41286850	 27.16020966	        -144	         146
 0.10000	 46.01911926	 39.13371658	 26.68225479	 46.03062439	 40.52727509	 26.12740135	        -145	         147
 0.10000	 46.25205231	 41.30488968	 26.52253342	 46.74216080	 41.50890350	 27.92540550	        -146	         148
 0.10000	 47.09305954	 41.80939484	 28.69763565	 47.84585571	 42.36872864	 29.86817169	        -147	         149
 0.10000	 47.94089890	 42.62519836	 30.72539902	 47.54653931	 42.88915253	 32.14825439	        -148	         150
 0.10000	 47.08160400	 42.88407898	 32.91867447	 45.93228531	 42.43129349	 33.76950455	        -149	         151
 0.10000	 45.48104095	 42.70713806	 34.49752045	 45.35231400	 43.89937592	 35.39850235	        -150	         152
 0.10000	 45.49396133	 44.25582123	 36.21247482	 46.14670181	 44.16929626	 37.56007767	        -151	         153
 0.10000	 46.50667191	 44.18055344	 38.38448334	 47.14501572	 44.13668060	 39.74092102	        -152	         154
 0.10000	 47.37472153	 44.32829285	 40.58921814	 47.47061539	 44.97119141	 41.94081497	        -153	         155
 0.10000	 47.55527115	 45.36489487	 42.74528503	 47.57035065	 46.21481705	 43.98102951	        -154	         156
 0.10000	 47.99146271	 46.16754150	 44.77487564	 48.98919296	 45.16392136	 45.27196884	        -155	         157
 0.10000	 49.35034561	 44.96218872	 46.07112122	 49.33778763	 45.43997192	 47.49283218	        -156	         158
 0.10000	 49.17056656	 45.26770020	 48.35986328	 48.60122299	 44.39395905	 49.43762970	        -157	         159
 0.10000	 48.23199463	 43.96155167	 50.13421249	 47.53608322	 43.33913422	 51.30764771	        -158	         160
 0.10000	 47.12968445	 42.84738922	 51.94118118	 46.50111008	 41.83907318	 52.85599899	        -159	         161
 0.10000	 46.01226807	 41.33626938	 53.41890717	 44.95581055	 40.71133423	 54.28067398	        -160	         162
 0.10000	 44.68307495	 40.19977570	 54.96873093	 45.02410889	 39.41753006	 56.20223999	        -161	         163
 0.10000	 44.72483444	 38.68561554	 56.63178253	 43.59940338	 37.72268295	 56.39498138	        -162	         164
 0.10000	 43.58460617	 36.88610077	 56.72621155	 44.62989044	 36.35996246	 57.66451263	        -163	         165
 0.10000	 44.91178513	 35.51568604	 57.53189850	 44.51253510	 34.76730347	 56.29481888	        -164	         166
 0.10000	 44.08176422	 34.09594727	 55.87839127	 43.25485611	 32.84877396	 55.77515030	        -165	         167
 0.10000	 42.35928345	 32.90044022	 55.70392227	 41.68622589	 34.24090576	 55.70719147	        -166	         168
 0.10000	 41.14505386	 34.91006470	 55.96989441	 40.35115433	 35.84628296	 56.83179855	        -167	         169
 0.10000	 39.84936142	 36.40952682	 57.32224655	 38.90919495	 37.13562393	 58.23802567	        -168	         170
 0.10000	 38.73700714	 38.01003647	 58.36275101	 39.26578903	 39.25011826	 57.70519257	        -169	         171
 0.10000	 39.65956116	 40.01823425	 57.45113373	 40.51479340	 41.18482590	 57.05443954	        -170	         172
 0.10000	 41.13524246	 41.82425308	 57.18022537	 42.18127823	 42.50360489	 58.01329803	        -171	         173
 0.10000	 42.73959732	 43.18340302	 58.20266724	 43.13419724	 44.62030029	 58.03100586	        -172	         174
 0.10000	 44.01218414	 44.81494522	 57.99833298	 45.00489426	 43.70072174	 58.14976120	        -173	         175
 0.10000	 45.69647217	 43.26727676	 57.77082825	 46.35341263	 43.12041855	 56.43040848	        -174	         176
 0.10000	 47.03257370	 42.53213120	 56.38063431	 47.46144485	 41.81790543	 57.62796402	        -175	         177
 0.10000	 47.52121735	 41.19915009	 58.27855682	 47.16931534	 40.15981293	 59.30114746	        -176	         178
 0.10000	 46.61269379	 39.49466324	 59.54091263	 45.38887787	 38.73413086	 59.12417984	        -177	         179
 0.10000	 44.67298508	 38.19100189	 59.07840347	 43.39962769	 37.40899658	 59.20813751	        -178	         180
 0.10000	 43.17863846	 36.53996277	 59.28349686	 43.94173050	 35.24960709	 59.23294830	        -179	         181
 0.10000	 44.22164917	 34.54044342	 59.71096420	 44.32453537	 33.93854523	 61.08096313	        -180	         182
 0.10000	 44.77840805	 33.58789062	 61.77436447	 45.90789413	 32.95567703	 62.53231430	        -181	         183
 0.10000	 46.51820374	 33.47613907	 62.94032669	 46.37202072	 34.95875549	 62.76609039	        -182	         184
 0.10000	 46.76608276	 35.74528885	 62.95532990	 47.95932388	 36.50285339	 63.45742416	        -183	         185
 0.10000	 48.20693970	 37.16670990	 64.01229095	 47.70959091	 38.12898254	 65.04978943	        -184	         186
 0.10000	 47.55828094	 38.76123428	 65.67178345	 47.40744400	 39.90495300	 66.63035583	        -185	         187
 0.10000	 47.34029388	 40.32851791	 67.42142487	 47.18170166	 40.33387375	 68.91287994	        -186	         188
 0.10000	 47.47170258	 40.84532547	 69.59410858	 48.35922241	 42.00796127	 69.92621613	        -187	         189
 0.10000	 48.84849930	 42.69506836	 69.61286926	 49.05488968	 43.49561310	 68.36132812	        -188	         190
 0.10000	 49.77396774	 43.36351013	 67.83661652	 50.90696716	 42.43043137	 68.14571381	        -189	         191
 0.10000	 50.87692642	 41.54018784	 68.01789856	 49.66733932	 40.69635010	 67.74458313	        -190	         192
 0.10000	 48.83008957	 40.83866501	 67.44705963	 48.16509628	 42.13809204	 67.10194397	        -191	         193
 0.10000	 47.69270706	 42.88491058	 66.93238068	 46.81356049	 44.09999084	 66.95509338	        -192	         194
 0.10000	 46.94354630	 44.82598114	 66.43942261	 48.10664749	 44.73114395	 65.49704742	        -193	         195
 0.10000	 48.80253983	 45.04918289	 65.02330780	 48.69351196	 46.52672958	 64.78918457	        -194	         196
 0.10000	 48.85413361	 47.23785400	 64.26171112	 49.13527298	 47.86879730	 62.93027878	        -195	         197
 0.10000	 49.53126907	 48.62072754	 62.63418198	 50.27012634	 49.79280853	 63.20872879	        -196	         198
 0.10000	 50.63298416	 50.59344482	 63.40093231	 51.19296265	 51.97326660	 63.58063889	        -197	         199
 0.10000	 51.06338501	 52.81762314	 63.86350632	 50.38841629	 53.96151733	 64.56047821	        -198	         200
 0.10000	 49.49035263	 54.01908875	 64.55212402	 48.74388885	 52.96521378	 63.78924179	        -199	         201
 0.10000	 48.17757416	 52.26596451	 63.78917313	 47.51705933	 51.11088181	 64.48141479	        -200	         202
 0.10000	 47.09183502	 50.40574646	 64.84394836	 46.39582825	 49.23422623	 65.47048950	        -201	         203
 0.10000	 45.93943787	 48.52838898	 65.79141998	 45.24750137	 47.25229645	 66.16899109	        -202	         204
 0.10000	 44.49497986	 46.93192673	 66.54415131	 43.11715698	 47.21612167	 67.06445312	        -203	         205
 0.10000	 42.69930267	 47.83750916	 67.56349182	 43.12384415	 49.07888031	 68.29061890	        -204	         206
 0.10000	 43.15365982	 49.97791672	 68.26477814	 43.02794647	 51.05533981	 67.22884369	        -205	         207
 0.10000	 42.94110107	 51.89588928	 67.53823853	 42.87055206	 52.15776443	 69.01342010	        -206	         208
 0.10000	 42.96142578	 52.28116989	 69.89994812	 43.33735657	 52.16802979	 71.34744263	        -207	         209
 0.10000	 43.61624146	 51.91902161	 72.16577148	 44.28364944	 51.35713577	 73.38585663	        -208	         210
 0.10000	 44.25960922	 50.56603622	 73.81400299	 43.54459763	 49.24830627	 73.86089325	        -209	         211
 0.10000	 43.35287094	 48.79775620	 73.10578156	 43.68220901	 49.44116592	 71.79149628	        -210	         212
 0.10000	 43.76609039	 49.71235275	 70.93773651	 43.79885101	 50.16407776	 69.50793457	        -211	         213
 0.10000	 43.96499634	 50.71076584	 68.81291199	 44.60776138	 51.91415024	 68.18958282	        -212	         214
 0.10000	 44.31875610	 52.56853485	 67.64357758	 42.98146057	 52.79188538	 67.00202179	        -213	         215
 0.10000	 42.52877426	 53.53959656	 66.78800201	 42.67439270	 55.01653290	 67.00525665	        -214	         216
 0.10000	 42.77820969	 55.90955353	 67.04145050	 43.05469513	 57.37443924	 66.87586212	        -215	         217
 0.10000	 43.46175766	 58.04983902	 67.30935669	 44.17814636	 58.50751114	 68.54517365	        -216	         218
 0.10000	 44.68917465	 58.08224869	 69.15161896	 45.06935501	 56.63353348	 69.23213196	        -217	         219
 0.10000	 45.17843628	 55.76635742	 69.44595337	 44.98370743	 54.32624435	 69.81705475	        -218	         220
 0.10000	 45.09733963	 53.51351929	 70.18597412	 45.42469788	 52.41829300	 71.15705109	        -219	         221
 0.10000	 46.08470154	 51.81270981	 71.07077789	 47.08309937	 51.76591492	 69.95243835	        -220	         222
 0.10000	 47.77539444	 51.42161560	 69.49214172	 48.77050018	 50.34362030	 69.17979431	        -221	         223
 0.10000	 49.45322037	 50.57719421	 68.64198303	 49.71328354	 51.98690033	 68.20041656	        -222	         224
 0.10000	 49.08467102	 52.57246399	 67.93235779	 47.67493057	 52.13142014	 68.19298553	        -223	         225
 0.10000	 46.88894272	 52.23567200	 67.76744843	 46.25733566	 52.81007385	 66.53418732	        -224	         226
 0.10000	 46.09701920	 52.72753143	 65.65269470	 46.41860199	 51.97245407	 64.39721680	        -225	         227
 0.10000	 46.54574585	 51.56798553	 63.60359955	 46.95207977	 50.87637711	 62.33618164	        -226	         228
 0.10000	 46.49165344	 50.59565353	 61.61571121	 45.04503632	 50.78060150	 61.26506805	        -227	         229
 0.10000	 44.32412720	 50.33575439	 60.96147919	 43.56451416	 49.07615662	 60.66779327	        -228	         230
 0.10000	 43.69713211	 48.21319962	 60.45000076	 44.86149979	 47.29083252	 60.24190903	        -229	         231
 0.10000	 45.48012924	 46.65117645	 60.10866928	 46.54191971	 45.63686752	 59.80289459	        -230	         232
 0.10000	 47.00881958	 44.90449905	 60.03821945	 47.16951370	 43.84349823	 61.08618546	        -231	         233
 0.10000	 47.74660492	 43.18727493	 61.30094910	 49.01369476	 42.50763321	 60.87396240	        -232	         234
 0.10000	 49.86585999	 42.22289658	 60.82568359	 51.33224487	 41.96049881	 61.00063324	        -233	         235
 0.10000	 52.11290741	 42.35599136	 60.79095840	 53.10021210	 43.38189316	 61.26274872	        -234	         236
 0.10000	 53.23574066	 43.93770599	 61.95734406	 52.40798187	 44.19681168	 63.18107986	        -235	         237
 0.10000	 51.72959137	 44.11873245	 63.76706314	 50.44237518	 43.48204422	 64.19997406	        -236	         238
 0.10000	 49.62791061	 43.45331192	 64.58135223	 48.28726959	 43.91013336	 65.07511902	        -237	         239
 0.10000	 48.08921432	 43.87938690	 65.95231628	 48.41317749	 44.73596954	 67.14022827	        -238	         240
 0.10000	 48.97621155	 44.98298645	 67.79725647	 50.32433701	 45.31141663	 68.36685944	        -239	         241
 0.10000	 51.08352280	 44.89350891	 68.60941315	 51.62380600	 43.50722885	 68.79977417	        -240	         242
 0.10000	 51.98686981	 42.96812439	 68.17736053	 52.04550171	 43.15435791	 66.69022369	        -241	         243
 0.10000	 52.03445816	 43.47002411	 65.84777832	 51.82824326	 44.48564529	 64.76352692	        -242	         244
 0.10000	 51.69298172	 44.98068237	 64.02448273	 51.54030609	 45.81122208	 62.78483963	        -243	         245
 0.10000	 51.17413712	 45.51280212	 62.01880264	 50.53243637	 44.16879272	 61.84064865	        -244	         246
 0.10000	 50.76886749	 43.32666779	 61.62934875	 51.94048691	 42.39591217	 61.73318481	        -245	         247
 0.10000	 52.71781158	 42.01424026	 61.48864746	 54.12143707	 42.05744553	 60.96175003	        -246	         248
 0.10000	 54.94699097	 41.86188126	 60.66234589	 56.19448471	 41.26261902	 60.08423615	        -247	         249
 0.10000	 56.95122147	 41.13467407	 59.61468124	 58.13045883	 41.40696716	 58.72870636	        -248	         250
 0.10000	 58.67155838	 41.25728226	 58.02554703	 58.99687195	 40.51630783	 56.76269531	        -249	         251
 0.10000	 59.58968735	 40.32845306	 56.11236954	 60.98067856	 40.43242645	 55.56101227	        -250	         252
 0.10000	 61.55599594	 40.61315155	 54.89343262	 61.90039062	 41.12480545	 53.52637100	        -251	         253
 0.10000	 62.24708557	 41.38774109	 52.73924255	 62.91365051	 41.77580261	 51.45314026	        -252	         254
 0.10000	 63.44124603	 42.00931168	 50.76328278	 64.54894257	 42.30640411	 49.79692841	        -253	         255
 0.10000	 65.09091949	 42.75120926	 49.23342514	 65.76473236	 43.71049500	 48.29790497	        -254	         256
 0.10000	 65.95320129	 44.59032440	 48.29043198	 65.82215118	 45.86349869	 49.07252884	        -255	         257
 0.10000	 65.36943817	 46.05682755	 49.82580948	 64.60269928	 45.08462906	 50.67247009	        -256	         258
 0.10000	 63.86087799	 44.75560379	 51.06122208	 62.40746307	 44.38493729	 51.06196594	        -257	         259
 0.10000	 61.79178238	 44.60689163	 51.67965317	 62.03184891	 45.42204666	 52.91565323	        -258	         260
 0.10000	 61.76565933	 46.07577896	 53.47373962	 61.10139847	 47.36659241	 53.85103607	        -259	         261
 0.10000	 60.28300095	 47.65650177	 54.08752441	 58.94263840	 47.01308060	 54.28585052	        -260	         262
 0.10000	 58.06103897	 47.03258133	 54.10654831	 56.96606827	 47.72600555	 53.35152435	        -261	         263
 0.10000	 56.18964005	 47.49192429	 52.96147156	 55.30208969	 46.39494705	 52.45277786	        -262	         264
 0.10000	 55.15121460	 45.60139084	 52.84941483	 55.79317093	 44.98269272	 54.05566025	        -263	         265
 0.10000	 56.25925064	 45.30916214	 54.75278091	 56.68815994	 46.73226929	 54.95431900	        -264	         266
 0.10000	 56.88249207	 47.59750366	 55.10679245	 57.11008835	 49.07095718	 55.27064896	        -265	         267
 0.10000	 56.77767944	 49.87013626	 55.02450562	 55.68630219	 50.47616959	 54.19301987	        -266	         268
 0.10000	 55.03215790	 50.97951508	 53.83468628	 54.02137375	 52.06772995	 53.62499237	        -267	         269
 0.10000	 53.37319183	 51.92505646	 53.01722336	 53.39545822	 50.60432816	 52.30656052	        -268	         270
 0.10000	 53.02913666	 50.03462601	 51.71417618	 52.05355453	 49.58017731	 50.66947937	        -269	         271
 0.10000	 51.64825058	 48.89417267	 50.25135040	 51.67560959	 47.41517639	 50.00298309	        -270	         272
 0.10000	 50.92098999	 46.94678116	 50.14823532	 49.73403549	 47.67078018	 50.71107101	        -271	         273
 0.10000	 48.88518524	 47.75728989	 50.99680328	 47.40746689	 47.64095688	 51.22613525	        -272	         274
 0.10000	 46.83336258	 47.30282974	 51.83099747	 46.81047821	 46.35741806	 52.99527359	        -273	         275
 0.10000	 46.97273254	 46.47732544	 53.87223053	 47.50963211	 47.66415787	 54.61586380	        -274	         276
 0.10000	 47.82432938	 48.30288696	 55.16595078	 48.26882553	 49.40229797	 56.08423615	        -275	         277
 0.10000	 48.84933090	 49.94404221	 56.50738525	 50.15621567	 50.58479691	 56.86954498	        -276	         278
 0.10000	 51.01473618	 50.65445709	 57.12969208	 52.43198776	 50.34065247	 57.50744247	        -277	         279
 0.10000	 52.98561478	 49.65721130	 57.69770050	 52.87567902	 48.16471863	 57.79905319	        -278	         280
 0.10000	 53.37367249	 47.41959381	 57.88019180	 54.79871368	 46.95299911	 57.91717148	        -279	         281
 0.10000	 55.11647797	 46.13512802	 58.11690903	 54.28865433	 44.93894577	 58.48266983	        -280	         282
 0.10000	 54.65056229	 44.16252899	 58.75832367	 56.09499359	 43.82671738	 58.98340225	        -281	         283
 0.10000	 56.94475174	 43.53155518	 59.00376511	 58.37854004	 43.09106445	 59.00136185	        -282	         284
 0.10000	 58.96542358	 42.94654846	 58.33464050	 58.80390167	 43.06826782	 56.84841156	        -283	         285
 0.10000	 58.94369125	 43.13423538	 55.96200943	 59.43650436	 43.20825958	 54.54731750	        -284	         286
 0.10000	 59.38272095	 43.57855225	 53.72896576	 58.64472961	 44.57548904	 52.88558197	        -285	         287
 0.10000	 58.71760941	 45.05569077	 52.12809753	 59.53362656	 45.45238495	 50.93373489	        -286	         288
 0.10000	 60.22158051	 45.57450104	 50.36673737	 61.60427475	 45.22427368	 49.90271378	        -287	         289
 0.10000	 62.11071777	 45.86962891	 49.53269196	 61.61896515	 47.28251266	 49.42420578	        -288	         290
 0.10000	 61.44803238	 48.15048981	 49.25971222	 61.31887054	 49.63167572	 49.06169128	        -289	         291
 0.10000	 60.67149734	 50.04179382	 48.58999252	 59.66727829	 49.18376160	 47.87915802	        -290	         292
 0.10000	 58.95150375	 49.65164948	 47.59885406	 58.91978836	 51.09415817	 48.00872803	        -291	         293
 0.10000	 58.63035583	 51.91797256	 47.79143524	 57.96994019	 52.87858963	 46.84762573	        -292	         294
 0.10000	 57.87912369	 53.61088943	 46.33275986	 58.23474121	 54.86622238	 45.59293747	        -293	         295
 0.10000	 58.49280930	 55.61330032	 45.16312027	 59.14939499	 56.84924316	 44.62365341	        -294	         296
 0.10000	 59.22137070	 57.42816162	 43.93858719	 58.84006119	 57.99748611	 42.60432434	        -295	         297
 0.10000	 58.49728012	 57.70224762	 41.82636642	 57.90422821	 56.38616180	 41.41887283	        -296	         298
 0.10000	 57.96192169	 55.74426270	 40.79088593	 58.76055908	 55.19608307	 39.64570618	        -297	         299
 0.10000	 59.16383743	 54.80486679	 38.94295120	 59.79168320	 54.06535339	 37.79899216	        -298	         300
 0.10000	 60.21670914	 53.98998642	 37.00952911	 60.97992325	 54.38904572	 35.78151703	        -299	         301
 0.10000	 61.01019669	 54.96943283	 35.09455490	 60.19122696	 56.02028656	 34.40549469	        -300	         302
 0.10000	 60.35289383	 56.90289688	 34.47490311	 61.53718567	 57.43369293	 35.22697449	        -301	         303
 0.10000	 61.37717819	 58.00602341	 35.90270996	 59.99885941	 58.29573059	 36.41860962	        -302	         304
 0.10000	 59.10791016	 58.16949463	 36.41985321	 58.05850601	 57.49616623	 35.58605576	        -303	         305
 0.10000	 57.49416733	 56.79981232	 35.66580963	 57.02556610	 55.65969849	 36.52049255	        -304	         306
 0.10000	 57.41941071	 55.12908936	 37.13131714	 58.81371307	 55.11473846	 37.68404388	        -305	         307
 0.10000	 59.62030792	 55.29612350	 38.03914261	 60.84284592	 56.07440567	 38.42557526	        -306	         308
 0.10000	 61.53695297	 56.47733307	 38.83217621	 62.58938980	 57.04858398	 39.73528671	        -307	         309
 0.10000	 63.09215164	 57.56209183	 40.27668381	 63.80078506	 58.44732666	 41.25852585	        -308	         310
 0.10000	 63.66353989	 59.32987595	 41.36840439	 62.66027451	 60.11318588	 40.57485580	        -309	         311
 0.10000	 62.23200226	 60.88691711	 40.40859222	 61.87134171	 62.34052277	 40.32629395	        -310	         312
 0.10000	 61.57096863	 62.88369370	 40.97790909	 61.35748291	 62.56667328	 42.42832947	        -311	         313
 0.10000	 61.18852234	 62.46744156	 43.30652618	 60.85719299	 62.19194412	 44.74318314	        -312	         314
 0.10000	 60.93812180	 62.21372223	 45.63898087	 61.47139359	 62.55501556	 46.99865341	        -313	         315
 0.10000	 61.95152664	 62.61247253	 47.75731659	 62.98303604	 62.52025604	 48.84222031	        -314	         316
 0.10000	 63.63967896	 62.36194992	 49.43665314	 64.78328705	 61.93702316	 50.30923843	        -315	           0
