0.00047139
0.00080326
0.00116384
0.00165341
0.00235424
0.00271540
0.00299244
0.00299244
0.00300057
0.00300057
0.00285132
0.00268129
0.00268129
0.00278367
0.00280402
0.00305203
0.00305203
0.00307992
0.00307992
0.00282492
0.00242382
0.00232335
0.00230088
0.00302751
0.00317524
0.00328030
0.00328030
0.00308286
0.00289965
0.00288166
0.00303507
0.00303507
0.00317551
0.00317551
0.00306225
0.00334963
0.00334963
0.00334280
0.00295795
0.00235708
0.00216202
0.00223342
0.00237735
0.00277442
0.00277442
0.00270855
0.00232130
0.00173866
0.00176097
0.00176097
0.00180583
0.00209296
0.00259932
0.00293196
0.00297528
0.00297528
0.00282470
0.00231766
0.00259618
0.00280520
0.00286888
0.00286888
0.00290060
0.00323116
0.00331361
0.00331557
0.00331557
0.00334507
0.00334507
0.00299314
0.00246015
0.00239484
0.00269515
0.00309823
0.00335142
0.00335142
0.00326486
0.00288994
0.00302751
0.00307385
0.00308294
0.00308294
0.00305761
0.00296257
0.00286353
0.00294954
0.00327617
0.00333600
0.00333600
0.00316106
0.00271383
0.00229689
0.00230429
0.00271431
0.00271431
0.00265358
0.00243798
0.00169716
0.00101958
0.00062696
