0.00000675
0.00000675
0.00009610
0.00009610
0.00005176
0.00000108
0.00007586
0.00098020
0.00098020
0.00007586
0.00005377
0.00005377
0.00002483
0.00001951
0.00001951
0.00001288
0.00002789
0.00002789
0.00001161
0.00000000
0.00000000
0.00012868
0.00001702
0.00002054
0.00014126
0.00008455
0.00173740
0.00173740
0.00060441
0.00060441
0.00003043
0.00001115
0.00000000
0.00084446
0.00064236
0.00000000
0.00064236
0.00084446
0.00000000
0.00016541
0.00004349
0.00000022
0.00002671
0.00043975
0.00002602
0.00000920
0.00015591
0.00000000
0.00000000
0.00000999
0.00000999
0.00018183
0.00217743
0.00414642
0.00414642
0.00023836
0.00011769
0.00018773
0.00018773
0.00003898
0.00003246
0.00002636
0.00003393
0.00008794
0.00008794
0.00013799
0.00013799
0.00005970
0.00004803
0.00002653
0.00001941
0.00224738
0.00224738
0.00004745
0.00007447
0.00012288
0.00012288
0.00010863
0.00008496
0.00001530
0.00000743
0.00000743
0.00000000
0.00000000
0.00136996
0.00136996
0.00125020
0.00125020
0.00000000
0.00000000
0.00005139
0.00005139
0.00005850
0.00005850
0.00005345
0.00004829
0.00004640
0.00004640
0.00020208
0.00020208
