1.50000
2.12242
2.23473
2.89156
3.50689
3.09135
1.60374
1.11030
2.07183
1.98873
0.90502
1.34068
2.74012
3.61835
5.03815
5.77658
6.78807
7.09475
6.90800
7.39592
8.47718
8.83038
7.89143
7.93831
8.74097
9.20363
9.82158
9.18440
8.18764
7.44152
6.01760
6.13559
7.61947
8.47811
9.92921
10.63397
11.23923
11.75571
12.47361
13.13768
14.48737
15.16852
16.01136
16.37863
16.68257
16.86168
16.97903
17.45833
18.70116
19.33413
20.18198
20.90203
22.32124
23.04308
24.05235
24.20088
23.48034
23.39672
23.71669
23.82755
23.92059
24.01300
24.16662
24.43863
25.14820
25.64278
26.55783
27.25475
28.55800
29.40969
30.86696
31.56412
31.69239
32.08502
32.23743
32.27275
31.79212
32.49801
33.71485
34.54824
35.33215
35.02003
34.14526
33.31981
33.47464
33.19773
32.57517
32.01426
31.21494
30.41934
30.91279
30.51581
29.21725
28.65371
28.91295
28.59156
27.92572
28.18471
29.20227
29.91455
29.46228
29.24525
28.28969
27.98650
28.17835
28.24419
28.56881
28.03067
27.61245
26.78050
25.75192
25.43535
26.16968
26.37483
26.59267
26.03313
24.73370
23.95637
22.63701
22.22671
22.56353
22.42797
21.88853
21.50555
20.71164
20.43063
20.75696
20.14811
19.06253
18.58438
18.60665
17.97701
17.47410
17.12999
17.34468
17.78560
19.09576
19.22377
18.14599
17.46846
16.16355
15.87645
16.71387
17.36813
18.47725
19.11449
20.15369
20.18310
19.16204
19.02734
19.81016
19.21022
17.93994
17.51001
18.30353
18.72169
19.25678
19.44555
19.29567
19.34561
19.56473
19.75768
19.81084
20.68863
21.38275
21.98865
22.01354
22.60485
23.95879
24.73372
25.97274
26.46302
26.42448
27.21602
27.53390
28.29421
29.33576
30.19303
31.53148
32.02512
31.02048
31.16751
32.27775
33.13489
34.25529
35.01471
36.26663
36.80032
37.07551
37.67724
39.02487
39.16535
38.09599
37.86966
38.09907
38.95272
38.58999
38.93157
38.65740
39.11651
40.00418
40.15753
39.68461
39.35469
39.12844
39.08390
38.63774
38.63018
39.09232
38.62053
37.57332
37.00532
36.79462
36.01841
35.09291
34.88480
33.48063
33.20537
34.29424
33.72884
32.29189
31.55908
30.67226
30.59648
30.98489
31.85445
32.69171
33.06831
33.58109
34.35109
34.91453
34.27197
32.77908
31.96687
31.47530
31.47442
31.57030
32.34753
32.12212
32.87382
33.96050
34.54702
34.19304
34.79772
36.28201
36.67614
35.60175
35.63805
36.57889
37.15463
37.87111
38.51564
39.02085
38.68432
37.21779
36.38640
34.90599
34.54297
35.07413
35.30827
36.09971
35.76513
34.54981
34.10785
34.04894
34.17124
34.56599
34.89154
35.48051
35.05351
34.36011
33.59726
32.10464
31.64405
32.48242
32.89062
33.62642
34.21004
35.14943
35.94127
36.94345
37.51388
36.68143
36.24273
35.33760
34.78410
34.30147
33.67873
33.88417
33.28771
32.28051
32.53493
33.87460
34.28485
33.97342
34.44629
35.28775
36.17135
37.36782
38.15535
39.56141
39.80474
39.53497
39.03049
37.77455
37.59909
38.99457
39.13232
37.80828
37.22850
36.64179
36.11856
34.95557
34.11833
33.87936
33.74532
33.43913
33.85194
35.07211
35.45836
34.50773
33.79797
32.47483
31.94428
32.95993
32.55243
32.69850
33.28601
34.01955
33.67525
32.42283
31.53452
30.75195
30.34704
30.90581
31.20637
31.16261
31.74090
32.39651
33.20390
34.00444
34.41214
35.06600
35.89943
35.72232
35.88458
36.32673
36.05223
35.10828
34.50763
35.18419
34.79143
33.57605
32.76109
31.41273
30.79130
31.46905
32.26618
33.09326
32.99791
33.59996
33.10659
32.31164
32.67630
33.80958
34.53860
34.43072
34.77139
35.25794
36.07632
36.66817
36.93066
35.82517
35.75314
37.20876
37.88487
38.45850
39.32529
40.45215
41.29971
42.75427
43.33541
43.25622
42.55087
41.13664
40.36328
39.54454
39.19450
39.76436
39.59582
38.61688
37.89852
37.94689
38.64043
39.18252
38.82173
38.00333
37.67106
38.13142
38.61595
37.83158
38.04627
37.85585
37.66207
36.95000
36.44166
37.04745
37.17237
36.33598
35.67613
34.97608
34.75105
35.12686
35.51844
36.43720
36.56913
35.84088
35.60655
35.40238
35.54994
35.90959
36.03519
36.08696
35.88183
35.31135
35.49071
36.00786
35.90409
35.50568
35.81973
36.38508
37.20071
37.07203
36.86763
36.31637
35.66688
36.25822
36.22838
35.62862
35.08809
36.23948
36.91179
37.33991
37.75324
38.63361
38.90677
38.03936
37.45022
36.14206
35.27224
33.98675
33.53027
33.48880
33.55394
33.89582
33.60379
33.07206
33.44458
34.05960
34.30726
34.40749
34.53718
34.86925
34.91917
35.13834
34.33800
33.66356
33.31728
34.00965
34.08121
33.71507
33.26329
32.12211
31.99286
31.95797
32.37046
33.55241
33.66328
32.16530
32.14917
33.52401
34.42345
35.84499
36.63044
37.67056
37.48807
36.11851
35.62110
34.70023
34.28485
33.66578
32.77619
31.53843
30.71376
30.64607
30.44901
30.44809
30.18981
29.78858
28.91848
28.82886
29.00729
29.82166
29.91866
29.23733
28.95886
28.42104
29.04717
29.75768
30.36422
30.54932
31.35781
32.68715
33.57839
35.06897
35.67985
35.47861
35.37900
35.09438
34.87796
34.75528
35.37724
36.82476
37.35578
36.56831
36.22782
35.75940
35.00137
33.53746
32.76007
32.13716
31.98872
32.32621
32.19201
31.44899
31.53207
32.32502
32.68572
33.15810
33.96915
34.33000
33.72502
32.24538
31.38705
30.69834
30.35516
30.06575
29.92999
30.07220
29.38031
28.02573
27.36102
27.76499
28.20739
29.49047
29.76082
29.20505
29.11422
29.31593
29.05868
28.23407
27.55798
26.21909
25.85085
26.84638
26.57504
25.28476
24.60033
23.86065
22.97257
22.84802
22.28830
21.53002
20.72522
21.37894
21.02063
20.49266
20.09727
19.43959
18.97349
17.97595
17.82895
18.53455
18.52105
17.80594
17.83705
18.34048
18.91723
19.27155
18.97415
17.67813
17.01488
16.44533
16.71531
17.82164
18.64392
20.12007
20.92667
21.63349
22.05123
22.38541
22.89929
23.51900
23.85628
23.96357
24.63151
25.51776
25.99123
26.53854
26.75520
26.60941
27.28047
28.75741
29.60676
30.91426
31.36682
31.33928
31.34494
31.15309
31.38321
32.30586
32.24602
31.69801
31.48967
30.99877
31.71718
32.83439
33.19128
32.86436
32.79279
32.42612
