1.50000
2.15488
2.51698
2.87090
3.56658
4.20043
3.57620
3.81090
5.09959
5.54754
5.25108
5.31913
5.57257
5.92607
6.79816
7.22288
7.67909
8.38402
9.61312
9.39131
8.16644
7.73611
9.03766
8.94219
7.63084
6.97733
7.01444
7.06335
7.38566
7.38400
6.99034
7.25400
8.18923
8.37610
7.53081
7.05769
6.16818
6.83349
8.16581
9.00081
9.93228
10.47281
10.47809
10.15001
9.42494
9.04160
9.02711
8.17677
7.17910
6.49518
7.67020
7.84698
7.57519
6.69598
6.37676
6.37068
7.15909
7.07268
6.20830
6.07925
6.58983
6.93572
7.57903
8.08457
8.70642
9.51640
10.68764
11.56815
12.90711
12.60526
11.28377
10.85370
12.20772
12.85918
14.00803
13.97572
13.65613
13.72370
14.51183
15.34161
16.82413
17.13913
16.06877
15.67603
15.59638
14.86684
14.75165
14.57018
14.62948
15.35025
15.31811
14.54977
13.05702
13.18047
14.67656
14.71035
13.22179
12.50297
12.92446
13.11958
13.13671
13.09850
12.91947
12.67666
12.54062
11.71025
10.60181
9.96636
8.60995
7.82663
6.81171
6.08117
6.70093
7.33823
8.13129
8.87734
9.98488
10.56638
11.27997
12.02382
13.04157
12.66346
11.48076
10.89394
12.08438
12.59637
11.48623
10.76095
9.65247
9.45913
9.80560
10.35866
10.19262
10.13161
10.23882
9.42600
9.22277
9.61791
10.52957
10.61316
9.39807
8.54352
7.86001
7.05224
6.29395
5.50792
5.58751
5.36395
4.80915
4.04784
4.61237
4.63461
5.02306
4.25802
3.79320
2.90347
3.18117
3.43290
4.18143
4.52967
4.50250
5.01947
6.41336
7.16974
6.92343
6.74272
6.24707
6.91472
8.14247
8.85897
10.06449
10.25630
9.08270
9.61282
10.40789
9.98855
8.89644
9.20314
10.54723
10.52815
9.58871
9.46964
9.91161
10.17598
10.57867
11.17971
12.28389
12.21744
10.91111
10.72024
11.53907
11.01779
10.27663
9.93401
10.94649
11.07289
11.05867
10.81010
9.99550
9.09831
7.96652
7.83629
7.71327
7.59603
7.20396
6.46213
5.34093
5.26337
6.49176
6.71595
5.88259
5.91313
5.92965
6.35138
7.21534
7.70461
6.77372
6.38278
6.72765
7.56942
7.37470
6.82663
6.96864
7.55324
8.36289
8.97264
10.20773
10.66959
10.72403
10.10325
9.63461
9.98612
10.77212
10.13216
9.05948
8.67097
9.58963
9.51025
8.61998
8.28746
7.99294
8.42842
9.02953
8.87218
8.89783
8.71371
9.01167
9.66435
10.48250
11.31016
12.57160
13.10377
11.98211
11.29447
12.03172
12.54537
13.46878
13.99913
13.19806
13.83569
15.29668
15.18826
13.71438
13.55571
15.04320
15.26442
13.80549
13.76400
15.26228
16.04247
17.05359
17.86484
18.39083
19.18672
18.89922
18.34963
17.12140
16.47026
16.36751
16.84259
17.10487
17.06006
16.94556
16.57299
15.46044
15.22117
15.57629
15.81742
16.11036
16.89992
17.55619
18.44033
18.94183
19.18301
19.46602
18.84882
17.42518
17.06670
17.96487
18.03493
17.74353
17.08202
16.45879
16.11313
15.60510
16.05038
16.90357
16.46222
15.14283
14.50979
15.28200
15.19971
14.53328
13.66163
13.60012
14.19604
15.33325
15.82389
14.91647
14.47186
13.78305
13.32067
13.28885
13.55001
14.62844
14.74995
13.89227
13.91889
15.11851
15.27451
14.65275
13.81302
12.54796
12.30807
13.02798
13.46427
13.81363
14.45846
15.84554
16.61942
17.49843
18.26413
19.19262
18.61991
17.75092
17.50958
18.62566
19.29146
19.88266
20.56818
20.97463
20.14859
19.72033
20.42699
21.40816
21.83456
22.09902
22.35708
22.72509
23.03525
22.36055
22.55186
22.92535
23.68985
24.72451
24.72801
24.40601
23.72195
23.53680
23.83514
23.81215
23.62168
23.27470
22.76868
21.46718
21.35530
22.72890
23.25999
22.57388
23.22589
24.46322
24.53672
23.43889
22.80432
23.00471
23.35967
23.74102
24.56855
25.64343
26.36323
27.52466
28.27612
29.56035
30.11322
30.32454
30.99833
30.86843
31.04919
31.51304
31.55403
30.89714
31.62342
32.44452
33.28335
34.66735
35.20452
34.62434
34.63394
35.48679
35.26528
33.89226
33.71589
34.68624
35.49982
36.20776
36.67202
36.95217
37.48637
38.88046
39.66375
40.83087
41.47520
40.55256
40.25256
40.13971
39.94769
39.99426
39.10309
39.07216
38.78083
37.90316
37.74952
38.58377
38.93382
39.69833
40.48140
40.02361
39.66561
40.13066
39.99705
40.14624
40.06488
39.83564
40.73223
40.94201
40.90476
40.82173
41.27499
42.42209
41.91900
40.77566
40.04854
38.99254
38.34945
37.47829
36.65059
35.38485
35.88251
36.95078
36.78383
36.49728
35.98286
35.26965
34.72840
34.72878
35.14113
36.37649
36.28193
34.78960
34.99765
36.49767
37.35711
38.39140
39.18433
40.43458
40.99776
40.65427
40.66074
40.74162
40.91206
41.09685
41.76208
41.93999
42.76690
44.23862
44.25233
42.76277
42.73205
44.15562
44.79783
44.57588
44.91123
45.24272
44.94808
44.18278
43.79695
43.09679
43.86819
45.00318
45.58057
45.92122
45.45241
45.02900
44.50297
45.40979
45.68512
45.10454
44.83405
44.39833
44.26733
44.30410
44.62102
45.11860
44.87001
44.25636
43.72406
44.46332
45.34897
46.06137
45.62521
44.16553
43.71197
44.00073
43.39361
41.90178
41.00677
39.51637
38.63639
37.21732
36.33132
34.83403
33.95323
32.47248
32.36402
33.80983
33.99747
32.82625
32.64993
33.78757
34.61875
35.98336
36.85646
38.10035
37.69510
36.43595
35.89157
36.86812
36.28453
35.28635
34.90608
34.18443
33.64961
32.23319
31.38204
29.95839
29.24923
29.18642
28.41754
27.11403
26.67859
27.96598
28.50935
28.37795
29.05362
30.49848
30.25447
29.24222
29.86321
30.87693
31.46308
31.61975
30.87108
30.51462
30.67549
31.11036
31.30336
32.02907
31.50177
30.06909
29.42414
29.61630
29.74197
29.88884
30.49990
30.50165
29.71442
29.58998
29.25279
28.36770
28.19019
28.91666
29.46533
30.32829
30.84317
30.41293
29.91369
30.51722
30.85272
31.01306
31.90042
31.94601
31.72670
31.18431
30.37776
28.99574
28.31652
27.55554
26.80016
25.99996
25.68370
25.10503
25.74286
26.36143
27.01665
27.73025
27.86879
28.08867
27.84789
27.57939
27.04041
25.62228
24.89189
24.11411
24.25240
25.39604
25.69857
25.94966
25.26808
24.72356
23.90228
22.44734
22.22124
23.37895
23.98319
25.00540
25.59644
25.79754
26.28669
27.43494
28.11428
29.31615
29.73875
29.69923
29.89201
30.05919
30.79295
31.73651
32.46857
32.02144
31.53452
32.05272
32.08942
32.31802
32.41181
32.58591
33.08476
34.42220
34.65288
33.40817
32.71646
33.28979
33.60949
34.44846
34.54985
34.41453
34.14664
34.46414
33.61509
33.34432
33.35869
32.62450
32.27005
30.95694
30.51339
31.75646
32.40115
33.88577
34.55574
34.36695
35.21994
36.06164
36.65913
37.58791
37.52340
36.29558
36.69629
38.11606
38.75851
38.77720
38.79474
38.36305
39.00050
39.55971
40.07987
40.91936
41.44904
42.29813
42.78438
43.52598
44.06546
45.06984
45.72804
46.80635
47.62243
48.41186
48.95237
49.71354
50.48182
51.93463
52.66735
53.19299
53.90809
54.75506
54.78427
53.62231
52.81261
51.59299
51.95710
53.02457
53.40152
54.33293
54.95296
55.71662
56.28160
56.51391
56.05204
55.58621
55.07849
54.42265
54.47594
54.67479
54.98704
54.66845
55.04920
55.30433
55.45568
55.27133
54.94328
54.69020
54.66712
54.82339
55.11844
55.89438
56.40385
57.00610
56.68381
55.33008
54.67014
54.26902
54.78505
56.26931
57.07641
57.95523
58.37421
58.60972
58.96679
58.84736
58.82877
58.81594
58.51343
58.00369
57.55300
56.76028
56.53165
56.47641
56.35878
55.96801
55.75785
55.64829
55.32327
55.12056
54.41551
52.91675
52.76551
54.17748
54.96314
55.58405
55.72368
54.76349
55.44636
56.84583
57.19725
57.22682
57.52475
58.56603
58.70442
57.97132
57.55763
56.55462
56.01528
54.88758
54.75113
55.73809
56.42477
55.44890
55.79628
57.10832
57.57031
57.80507
58.08298
58.56165
59.29234
60.66482
60.35035
58.97429
58.22760
56.96729
56.15069
55.46227
55.51415
56.45997
57.06251
58.21066
58.52503
58.33442
57.65914
57.23962
56.92535
55.73778
55.41796
56.34119
56.79278
57.66253
58.47213
59.34110
58.92308
57.43496
57.57957
59.03076
59.83997
61.29550
62.11401
62.65356
63.51040
64.37262
65.25789
66.68543
66.65202
65.21345
64.53362
63.08955
62.78873
64.18399
64.98255
66.27398
67.08986
67.51855
68.26835
67.78274
68.11151
69.37938
70.09220
71.23848
71.54801
70.80026
70.24283
69.50962
69.83652
70.96737
71.66646
70.59354
70.48774
71.32359
72.15802
72.67795
73.48672
73.30803
72.60991
72.91760
73.34809
74.44309
74.88318
73.89467
73.40100
73.54352
74.19895
75.63948
76.45777
77.59795
78.33690
79.52911
80.40348
81.55870
82.29185
83.55919
83.93721
83.69270
83.24419
82.03010
81.31370
80.87986
81.47367
82.21822
82.48850
81.87370
81.43322
82.07576
81.51181
80.76163
80.24309
79.94482
79.63006
78.93316
78.86786
78.89806
78.19745
78.14071
77.81974
76.69703
77.25147
78.40298
79.12378
80.55706
80.70745
79.43639
78.89856
78.62132
78.80583
79.69435
80.33099
81.27735
82.03458
81.93948
82.75042
83.22207
83.23056
82.58951
81.93075
81.36520
81.89662
83.09622
82.57149
81.44437
80.93637
81.99664
82.31035
81.96261
81.66210
80.93043
80.46965
80.16711
79.92231
79.57947
79.14785
78.04961
78.20629
79.43777
80.14810
81.35071
82.06980
82.79213
83.57259
83.25993
82.60602
81.37415
80.98705
81.75204
81.75019
80.38047
79.50820
78.10449
77.25206
75.91605
75.39507
76.26237
76.86135
78.07423
78.13979
77.41450
76.56238
76.66747
76.87154
77.47701
77.76880
78.26434
78.49596
77.85376
77.63847
77.41086
78.06004
78.73933
79.06459
80.06205
80.50453
81.49197
80.89599
79.46518
78.86776
78.93896
79.57452
79.47626
78.59708
77.21570
76.93905
78.31092
79.20549
80.68984
80.63834
79.14650
78.99709
80.48496
80.85534
79.63059
78.90271
78.11604
78.51312
79.79678
80.50365
81.58081
82.41765
83.90194
84.09772
82.66562
81.76873
80.52583
79.67698
78.22057
77.41378
76.21299
75.40696
73.91234
73.34626
74.28162
73.64220
72.53858
72.22833
72.64687
71.81985
71.54910
71.57535
71.10902
70.51486
69.44456
68.94194
67.63925
67.69769
69.02291
69.91549
71.10478
71.64547
72.07054
72.77007
72.31257
72.16189
73.09590
72.66700
71.94701
71.29847
72.17065
71.70470
70.63208
70.40757
69.74040
69.00573
69.73230
70.02348
69.08078
68.66360
69.05973
68.31177
67.59310
66.74467
65.58660
65.11164
66.26470
66.20707
65.23699
64.95570
65.85336
66.19519
65.38143
65.08358
65.73036
66.16129
65.27478
65.83124
66.58352
67.08671
68.49559
69.30170
70.62281
70.91026
69.90121
69.96074
70.84016
71.36863
72.42255
73.22689
73.29785
73.94526
73.60400
73.05644
71.82803
71.68948
73.09962
73.87118
74.77241
75.45383
74.78049
74.59307
73.96427
74.77671
75.62588
75.43634
74.49851
73.63634
73.40909
73.47823
74.07497
73.56374
72.06959
72.14828
73.55868
73.64720
72.14840
71.37083
71.52063
71.40553
71.19777
71.01430
70.67457
70.16969
69.09311
68.23681
67.85522
67.34303
67.30076
67.52748
68.19305
69.09170
69.58013
70.29968
71.69857
71.68992
71.57426
70.97435
70.98915
70.67265
70.03682
69.18933
69.85759
70.60650
71.77343
71.53373
70.61429
69.92474
69.46263
70.07851
71.45296
71.97195
71.92333
72.19069
73.12865
72.40548
71.45884
71.59162
72.74310
73.45676
74.87977
74.63280
73.19796
72.44845
71.21839
70.62493
71.11267
71.44150
71.99815
72.34030
72.91921
72.96389
72.36233
72.29994
72.78129
73.35080
73.03518
72.54158
71.88475
71.40031
70.53906
69.72698
68.46107
68.81675
70.11467
70.45073
71.61748
72.24671
73.26958
74.10758
75.54860
76.21071
76.41627
77.22823
77.76797
78.50886
79.65494
80.23650
80.90189
81.56015
82.83064
82.95431
81.51902
81.71520
83.08037
83.86796
85.27888
85.09955
83.69588
82.87049
82.80328
82.56160
82.43973
81.75379
80.73475
81.06038
82.15306
82.17921
81.07876
80.25137
79.21432
79.10934
79.66075
79.85224
78.66476
78.65482
79.71798
80.57307
82.00140
82.12798
80.83623
80.17150
79.13762
78.33853
76.87910
76.20811
76.31755
76.20882
75.97910
76.39226
77.20814
77.59684
77.95622
77.68547
76.73465
76.32687
75.04696
74.24180
73.06556
72.63273
72.42127
73.28879
73.54003
73.13373
72.35394
71.98573
71.87934
71.02391
70.88329
71.11576
70.53993
70.52346
70.37920
70.68673
71.39772
71.27279
70.10220
69.71921
70.85741
71.74803
72.95870
73.59175
72.72253
72.10921
70.68965
70.55967
71.96552
72.82455
74.05159
74.00596
72.85355
72.75201
73.79609
74.52250
73.49421
73.13331
73.12815
73.45938
73.51174
74.17150
74.67983
75.51612
76.84434
76.54581
75.24784
74.88194
73.44115
72.63846
72.55317
72.12383
71.87433
72.20439
72.81934
73.30801
74.76766
75.62854
77.12077
77.97405
79.41925
80.03830
80.21744
80.50380
81.15969
81.39119
81.02370
80.91877
80.36583
80.68895
82.15593
82.19706
81.54152
81.75352
82.66887
83.14421
82.86719
82.53112
82.52487
81.68203
81.82106
81.36383
80.26815
80.81616
82.18017
83.00610
84.40724
84.23729
82.86249
82.79311
84.24060
85.01845
86.27374
87.09911
88.43388
88.29728
86.90219
86.09514
84.85742
84.05935
83.66566
83.52908
83.42488
84.25745
84.94489
85.55024
84.96841
84.22942
82.87591
82.19697
80.86346
80.06003
78.69593
77.96975
77.18103
76.57741
75.78735
76.43822
77.13419
76.49077
75.32063
75.09093
75.40474
75.51325
75.67603
76.11384
77.16953
77.74880
79.07857
78.83536
77.57147
76.78276
75.61567
75.36327
76.30545
76.66573
75.87318
75.34289
75.00577
75.64787
77.06093
77.03819
75.57781
74.74579
73.50630
72.72409
71.37596
71.53278
72.96758
73.79877
75.01095
75.52291
76.60881
76.23012
75.02302
74.69240
75.22474
74.40800
73.48050
72.81482
71.78493
71.09891
69.84993
69.16566
68.08282
68.16764
69.18276
70.00448
70.06806
70.01273
69.44017
70.07010
71.50610
72.09711
72.80438
73.67018
74.24259
74.48028
74.52621
74.08602
72.81808
72.00495
71.07138
70.58250
70.10938
69.47306
68.16364
67.29896
65.82855
64.97568
63.93707
63.87913
64.94446
65.73919
67.23380
68.00193
68.65673
69.31194
70.56775
71.01052
71.36955
71.89081
73.09708
73.79579
75.01569
75.80263
76.48356
77.10120
78.12427
78.12768
77.26228
76.71528
77.17276
77.31236
76.82023
76.25450
74.75866
74.90137
76.38478
76.48755
75.00193
74.14178
72.82958
72.62222
73.63403
73.83712
72.81104
72.06450
70.99787
70.47917
70.06735
69.43223
68.42704
67.96012
66.68741
66.84304
68.21908
68.93703
69.96710
70.68045
71.99065
72.87297
74.04752
74.37080
74.77004
74.16678
73.83120
73.14315
71.87111
70.99633
69.58803
69.44695
70.86103
71.38515
72.31167
72.94398
72.26001
72.43458
72.92681
73.30114
74.41512
74.43009
73.38314
72.87744
72.23545
71.36675
71.25482
71.87369
72.90033
72.82087
71.35970
71.08891
70.86874
71.28646
70.80133
70.73886
71.43947
71.76219
71.49756
71.25208
71.33934
71.54270
71.54706
72.16655
73.02900
73.26360
72.62433
72.10335
70.84443
70.81219
71.15012
70.27347
69.96245
69.96468
70.23069
69.35820
69.13452
68.89249
68.47813
69.00521
70.36821
71.15022
72.23276
72.56700
72.71371
71.86626
70.65206
70.76401
72.18364
72.01415
70.63629
69.88510
70.72204
69.94418
69.07714
68.84886
68.72168
68.94129
69.27655
69.35995
69.06157
68.79575
69.65134
69.33839
69.28482
68.40381
67.44215
66.94865
65.75942
65.20566
66.40551
67.11032
68.33572
67.96503
66.78409
65.97224
64.52633
63.73121
62.85815
62.00532
61.43643
61.63827
62.21428
62.85378
62.42090
63.24381
64.15103
64.67971
63.98033
64.23517
65.15208
64.92531
63.55628
62.97468
61.69110
61.27918
62.55085
62.71599
61.62268
60.99984
59.95147
59.13318
57.80828
57.14623
57.75062
57.44390
56.92514
56.91594
57.42331
57.92641
59.27062
59.64996
58.31090
58.18872
59.50814
60.08613
59.65430
60.22215
61.70391
61.85887
60.38061
60.38666
61.84613
62.66858
63.36683
63.33309
63.51033
64.02574
64.49024
64.16079
63.01907
62.14139
60.91385
60.89272
62.23496
61.96051
60.47951
60.31552
61.77026
62.14246
61.47866
62.09374
63.32032
64.21315
65.48804
65.05277
63.64213
63.91458
65.26185
65.49049
64.65099
64.43869
63.73128
62.95142
62.48339
62.31504
61.40441
60.80853
59.95452
59.41101
59.06304
59.57750
59.52994
59.09534
58.54511
58.10797
58.12374
57.81844
56.89111
56.09506
55.64817
55.87709
56.50959
56.18469
54.72421
54.53563
55.93316
56.60034
56.68849
56.45100
56.53557
56.05167
55.91788
55.72574
55.81351
56.15716
56.05217
56.63331
56.98977
56.34464
55.59574
54.97721
54.98054
54.76158
54.39127
54.03349
53.20304
52.89276
52.67974
52.68649
52.77766
53.42601
54.92131
55.58477
55.64656
56.03722
56.91338
57.54834
58.75207
59.51534
60.89224
61.68221
62.87872
63.23596
61.94464
61.71731
62.32847
62.80901
63.60238
64.12461
64.62858
64.11411
62.72947
61.88769
60.48934
59.65044
58.25693
57.58321
57.37190
56.90216
56.34551
56.38273
56.77308
57.61080
57.49942
58.19696
59.09989
59.48204
59.48802
59.90608
61.12254
61.22044
60.57938
61.41454
62.05330
62.37782
62.82076
63.65735
64.17035
64.84911
64.14205
64.34389
65.59441
65.68761
66.31829
66.97430
66.39734
65.66257
64.33075
63.62952
62.94597
62.54061
62.01741
61.64564
60.92067
60.88475
61.50297
62.10247
63.51804
63.62239
62.30848
61.50521
60.11504
59.22058
57.81044
58.04782
59.46265
60.04010
60.88785
61.35430
60.50057
60.87024
62.06901
62.22951
63.31717
63.78365
63.04683
62.93921
62.80151
62.38702
62.19333
62.41658
62.98750
63.71192
64.56224
65.08259
65.85860
66.24416
66.93684
66.18636
65.34768
64.77097
64.00324
63.48080
63.82638
63.61616
63.99510
63.27587
61.95874
62.11468
63.42566
63.66981
62.35170
61.51353
60.87216
60.59443
60.37820
61.13616
61.31099
61.47407
60.99111
60.74920
60.26248
60.06618
59.73271
58.86103
59.16179
59.49459
60.46614
60.32397
59.26916
59.70608
61.13624
61.86338
62.08592
62.33268
62.80445
62.69439
62.20926
62.44989
62.86853
63.57215
64.48805
65.30136
66.13785
65.46550
64.68657
65.12530
66.45515
67.19465
68.40943
68.77873
67.84622
67.87257
68.79351
68.83900
68.33052
67.53055
66.31184
66.51043
67.92041
68.55506
68.82469
69.28186
70.27705
70.94313
72.06072
72.43835
72.24596
72.19467
72.18348
71.80456
70.65143
70.04163
69.23787
68.84384
68.53810
68.30023
68.51230
69.14173
69.58773
69.06799
67.80413
67.50065
68.11356
68.75344
68.27208
68.48340
69.83315
69.78450
68.45575
67.67978
66.33455
65.49833
64.43029
64.45661
65.55677
66.30553
67.73791
67.46099
66.02327
65.12849
63.63948
63.14885
64.02503
64.25524
64.62305
64.51531
64.09788
63.29539
63.61643
64.27741
64.36730
65.18074
65.36214
65.31685
65.17861
64.78688
64.10109
63.37396
63.21633
62.37435
62.44722
62.90020
63.41129
63.62811
63.83015
63.80341
64.36792
64.69793
63.47374
62.74465
62.44927
62.87959
64.34475
65.01147
64.80947
63.97105
63.52025
63.38441
62.96816
63.12942
63.99031
64.32504
65.26186
65.29978
64.58363
63.73840
63.55540
63.64714
62.80317
62.44146
62.80358
63.14162
62.58003
62.91153
63.41974
63.29369
62.45155
62.00395
61.86275
62.60971
63.69757
63.32489
61.83623
61.12556
60.63765
60.23551
59.40012
59.34394
59.67104
60.54542
60.28863
60.40451
60.40272
61.03672
61.67628
61.49264
60.29254
59.74467
59.17026
58.90538
58.46974
59.23611
59.85155
60.37347
59.91285
60.51242
61.14445
61.63991
62.38414
63.06871
63.98014
