0.00021128
0.00023262
0.00041605
0.00041605
0.00024864
0.00024864
0.00027464
0.00027464
0.00025837
0.00029135
0.00040536
0.00040536
0.00036314
0.00014058
0.00018273
0.00029279
0.00045559
0.00049969
0.00049969
0.00038590
0.00023283
0.00034754
0.00052058
0.00052058
0.00050834
0.00030920
0.00034759
0.00034759
0.00026469
0.00020448
0.00028793
0.00028793
0.00023599
0.00031434
0.00031434
0.00000000
0.00000000
0.00040217
0.00000000
0.00000000
0.00000000
0.00000000
0.00040217
0.00000448
0.00008735
0.00022278
0.00022278
0.00018471
0.00025693
0.00034015
0.00034015
0.00018238
0.00018238
0.00016969
0.00048039
0.00048039
0.00026131
0.00024642
0.00024642
0.00012691
0.00014681
0.00018587
0.00018587
0.00014852
0.00014852
0.00012171
0.00015641
0.00015888
0.00022689
0.00022689
0.00006143
0.00006143
0.00013510
0.00038760
0.00038760
0.00006454
0.00032259
0.00062103
0.00079470
0.00079470
0.00061096
0.00052787
0.00086252
0.00086252
0.00079525
0.00079525
0.00037725
0.00032326
0.00089831
0.00089831
0.00080719
0.00080193
0.00070371
0.00054657
0.00054657
0.00045838
0.00042817
0.00042817
0.00027832
0.00044043
0.00044043
0.00025993
0.00020878
0.00022199
0.00036915
0.00036915
0.00017643
0.00036469
0.00036469
0.00037430
0.00042690
0.00055085
0.00055085
0.00049389
0.00033873
0.00039372
0.00068230
0.00068230
0.00052900
0.00032796
0.00029405
0.00029405
0.00020699
0.00022123
0.00022123
0.00009878
0.00024179
0.00024179
0.00012504
0.00015636
0.00034308
0.00046527
0.00046527
0.00025308
0.00038917
0.00038917
0.00039440
0.00039440
0.00023753
0.00023753
0.00019939
0.00062418
0.00071320
0.00120925
0.00199225
0.00229628
0.00229628
0.00218648
0.00139040
0.00071909
0.00039431
0.00021770
0.00040532
0.00040532
0.00040010
0.00025408
0.00012788
0.00026768
0.00034941
0.00035675
0.00035675
0.00031277
0.00024608
0.00011630
0.00012380
0.00015357
0.00015357
0.00013620
0.00025749
0.00025749
0.00027832
0.00029041
0.00029041
0.00031283
0.00031283
0.00017804
0.00017219
0.00041047
0.00056723
0.00082290
0.00082290
0.00071474
0.00058442
0.00058442
0.00044789
0.00029620
0.00041519
0.00051471
0.00069645
0.00081607
0.00081607
0.00067143
0.00031569
0.00021144
0.00027053
0.00036327
0.00036327
0.00039595
0.00039595
0.00015608
0.00034566
0.00034566
0.00020685
0.00020685
0.00019547
0.00039630
0.00056248
0.00056248
0.00052042
0.00052042
0.00048223
0.00026819
0.00025146
0.00025146
0.00010821
0.00028708
0.00023751
0.00023751
0.00024577
0.00024577
0.00025335
0.00039699
0.00039699
0.00020739
0.00020739
0.00020026
0.00018503
0.00044822
0.00044822
0.00037423
0.00037423
0.00020795
0.00021091
0.00032205
0.00041782
0.00041782
0.00022733
0.00018202
0.00035993
0.00035993
0.00020300
0.00025535
0.00025535
0.00030695
0.00041494
0.00041494
0.00026918
0.00020402
0.00031484
0.00031484
0.00021781
0.00016672
0.00029661
0.00029661
0.00026460
0.00021708
0.00000000
0.00000000
0.00000000
0.00027547
0.00010093
0.00029246
0.00050366
0.00050366
0.00042023
0.00028639
0.00042569
0.00049877
0.00049877
0.00048951
0.00052084
0.00056191
0.00056191
0.00039372
0.00044877
0.00044877
0.00041172
0.00022206
0.00021724
0.00019373
0.00019318
0.00019318
0.00022916
0.00023493
0.00023493
0.00007494
0.00004632
0.00025874
0.00025874
0.00024441
0.00036188
0.00036188
0.00019060
0.00022590
0.00037737
0.00042474
0.00042474
0.00039101
0.00031222
0.00052307
0.00071495
0.00071739
0.00071739
0.00036558
0.00032378
0.00032378
0.00026221
0.00032829
0.00032829
0.00033364
0.00033364
0.00018247
0.00021755
0.00025840
0.00025840
0.00024568
0.00024568
0.00020094
0.00014030
0.00021684
0.00030676
0.00030676
0.00041867
0.00047650
0.00047650
0.00034075
0.00005196
0.00028708
0.00000000
0.00000000
0.00000000
0.00016614
0.00024522
0.00024522
0.00023747
0.00023747
0.00018313
0.00018313
0.00015660
0.00028083
0.00028083
0.00045104
0.00045104
0.00029791
0.00046259
0.00046259
0.00025300
0.00048194
0.00048194
0.00044766
0.00044766
0.00024314
0.00016186
0.00010258
0.00020267
0.00023395
0.00023395
0.00021411
0.00013631
0.00017586
0.00027449
0.00027449
0.00050673
0.00082708
0.00082708
0.00045276
0.00035401
0.00035401
0.00034026
0.00034975
0.00034975
0.00035339
0.00035339
0.00043279
0.00043279
0.00031649
0.00023506
0.00030394
0.00037277
0.00037277
0.00024429
0.00022231
0.00041885
0.00059226
0.00074233
0.00074233
0.00060731
0.00039296
0.00023184
0.00010543
0.00000000
0.00033668
0.00045544
0.00000000
0.00030785
0.00038092
0.00038092
0.00034044
0.00032151
0.00032151
0.00028749
0.00025176
0.00031350
0.00040876
0.00040876
0.00024493
0.00050878
0.00050878
0.00028390
0.00035244
0.00035244
0.00034598
0.00034598
0.00022842
0.00021299
0.00035207
0.00037444
0.00043124
0.00043124
0.00026606
0.00052009
0.00067209
0.00067209
0.00036447
0.00028016
0.00028016
0.00035446
0.00053741
0.00053741
0.00044425
0.00041062
0.00012665
0.00038116
0.00042069
0.00042069
0.00025876
0.00031720
0.00031720
0.00037615
0.00037615
0.00026780
0.00023913
0.00043134
0.00052560
0.00052560
0.00046704
0.00046704
0.00026496
0.00026496
0.00024427
0.00021416
0.00024424
0.00035546
0.00039128
0.00040720
0.00040720
0.00033004
0.00032194
0.00050308
0.00050308
0.00032023
0.00036881
0.00036881
0.00027465
0.00022803
0.00049361
0.00059022
0.00059022
0.00024192
0.00014895
0.00028126
0.00028126
0.00022467
0.00022964
0.00022964
0.00013717
0.00019475
0.00019475
0.00012602
0.00034492
0.00042597
0.00042597
0.00042444
0.00042444
0.00048763
0.00048763
0.00028902
0.00025753
0.00035850
0.00063313
0.00063313
0.00024573
0.00030081
0.00030081
0.00024761
0.00037371
0.00037371
0.00032505
0.00028536
0.00028536
0.00025919
0.00018410
0.00032530
0.00032530
0.00032411
0.00031587
0.00014387
0.00036256
0.00047346
0.00047346
0.00045690
0.00041321
0.00041321
0.00043906
0.00043906
0.00030478
0.00027187
0.00027187
0.00023244
0.00032955
0.00049690
0.00049690
0.00050726
0.00053287
0.00053287
0.00029406
0.00020612
0.00039428
0.00044639
0.00044639
0.00021547
0.00021547
0.00000000
0.00045544
0.00033668
0.00000000
0.00010990
0.00017306
0.00017306
0.00028291
0.00049343
0.00049343
0.00028412
0.00027715
0.00028973
0.00028973
0.00025226
0.00032355
0.00032355
0.00033268
0.00033268
0.00025149
0.00018670
0.00032787
0.00032787
0.00028457
0.00026962
0.00019141
0.00017255
0.00021778
0.00039368
0.00039368
0.00030524
0.00041978
0.00041978
0.00033595
0.00026882
0.00035605
0.00035605
0.00042853
0.00042853
0.00029909
0.00036233
0.00036233
0.00041163
0.00041163
0.00054223
0.00054223
0.00027916
0.00027706
0.00048721
0.00048721
0.00041456
0.00041456
0.00039201
0.00046172
0.00046172
0.00043040
0.00026332
0.00048103
0.00058804
0.00058804
0.00044473
0.00023765
0.00023054
0.00029530
0.00029530
0.00025869
0.00029190
0.00033876
0.00033876
0.00030198
0.00054642
0.00054642
0.00029239
0.00037600
0.00046415
0.00046415
0.00039553
0.00041069
0.00041069
0.00017671
0.00027389
0.00027447
0.00027447
0.00023915
0.00041267
0.00041267
0.00042468
0.00042468
0.00036460
0.00024628
0.00028293
0.00060693
0.00060693
0.00034891
0.00026325
0.00026325
0.00029692
0.00032083
0.00042878
0.00042878
0.00034346
0.00018259
0.00018259
0.00044821
0.00044821
0.00031755
0.00031755
0.00040818
0.00040818
0.00028191
0.00028191
0.00030737
0.00038280
0.00000000
0.00023890
0.00033395
0.00007403
0.00037023
0.00037023
0.00036109
0.00036109
0.00024285
0.00028896
0.00028896
0.00033395
0.00018390
0.00032830
0.00032830
0.00038280
0.00017028
0.00043084
0.00043084
0.00021679
0.00031991
0.00031991
0.00036391
0.00036391
0.00018645
0.00058591
0.00058591
0.00025144
0.00077782
0.00077782
0.00051082
0.00027656
0.00044300
0.00044300
0.00043246
0.00035449
0.00037956
0.00061288
0.00061288
0.00050082
0.00051930
0.00051930
0.00219779
0.00219779
0.00065549
0.00065018
0.00054044
0.00035748
0.00035748
0.00029584
0.00029584
0.00045527
0.00050235
0.00050235
0.00041256
0.00034617
0.00016832
0.00019871
0.00040547
0.00040547
0.00038641
0.00042861
0.00052938
0.00052938
0.00045672
0.00045672
0.00032004
0.00035705
0.00035705
0.00035878
0.00035878
0.00041453
0.00044957
0.00044957
0.00032228
0.00032228
0.00023959
0.00039157
0.00052062
0.00052062
0.00049911
0.00023108
0.00021280
0.00030247
0.00030247
0.00033440
0.00063265
0.00081766
0.00098907
0.00162088
0.00191325
0.00233940
0.00233940
0.00205030
0.00133580
0.00066316
0.00043821
0.00043591
0.00063720
0.00070486
0.00070486
0.00041747
0.00005207
0.00023472
0.00023472
0.00012954
0.00046146
0.00054680
0.00054680
0.00047281
0.00047281
0.00019300
0.00018206
0.00040842
0.00044690
0.00052751
0.00054966
0.00054966
0.00031239
0.00015479
0.00027394
0.00043439
0.00043439
0.00043088
0.00077499
0.00119810
0.00150032
0.00150032
0.00110144
0.00061792
0.00050596
0.00075194
0.00085945
0.00085945
0.00063448
0.00039879
0.00048318
0.00069718
0.00069718
0.00054641
0.00032171
0.00040209
0.00040209
0.00050979
0.00050979
0.00038837
0.00027725
0.00027725
0.00020685
0.00020685
0.00055046
0.00055046
0.00044277
0.00028099
0.00028099
0.00044125
0.00044125
0.00011151
0.00024028
0.00036603
0.00036603
0.00027349
0.00055391
0.00055391
0.00037392
0.00056531
0.00056531
0.00030279
0.00028136
0.00039026
0.00060167
0.00060167
0.00047021
0.00033184
0.00020795
0.00024094
0.00024094
0.00023161
0.00030636
0.00033960
0.00033960
0.00028247
0.00033275
0.00033294
0.00033294
0.00021853
0.00022835
0.00024468
0.00024468
0.00021168
0.00033781
0.00033781
0.00027195
0.00023228
0.00024040
0.00034271
0.00034271
0.00032936
0.00013625
0.00018603
0.00030499
0.00057830
0.00057830
0.00020616
0.00039017
0.00076181
0.00076181
0.00067975
0.00039439
0.00039439
0.00022099
0.00029199
0.00029199
0.00024956
0.00026012
0.00027948
0.00040607
0.00040607
0.00034521
0.00034521
0.00052922
0.00052922
0.00051827
0.00051827
0.00044259
0.00027881
0.00031060
0.00031060
0.00030530
0.00020243
0.00032239
0.00032239
0.00040573
0.00026640
0.00026640
0.00028119
0.00028119
0.00015644
0.00054783
0.00054783
0.00035874
0.00028564
0.00024454
0.00024454
0.00040740
0.00052785
0.00052785
0.00039325
0.00058198
0.00058198
0.00058589
0.00058589
0.00020843
0.00029194
0.00029194
0.00051579
0.00056375
0.00056375
0.00033391
0.00033391
0.00027152
0.00027152
0.00006704
0.00042936
0.00042936
0.00037522
0.00037522
0.00011086
0.00043210
0.00043210
0.00035873
0.00028706
0.00028706
0.00013536
0.00020673
0.00041877
0.00041877
0.00017270
0.00019271
0.00022242
0.00025867
0.00025867
0.00022085
0.00022255
0.00028164
0.00053085
0.00053085
0.00044133
0.00013935
0.00051524
0.00051524
0.00038630
0.00036047
0.00067469
0.00067469
0.00063660
0.00060566
0.00060566
0.00018765
0.00030816
0.00069716
0.00069716
0.00015168
0.00027626
0.00027626
0.00015162
0.00011146
0.00025730
0.00044770
0.00044770
0.00036374
0.00029103
0.00027543
0.00020668
0.00020668
0.00016048
0.00011838
0.00018783
0.00047802
0.00047802
0.00044135
0.00017095
0.00020765
0.00030675
0.00030675
0.00028191
0.00017091
0.00017091
0.00023465
0.00023465
0.00015481
0.00015265
0.00013206
0.00015279
0.00019609
0.00019609
0.00012137
0.00012137
0.00027156
0.00058527
0.00058527
0.00042579
0.00030619
0.00022462
0.00032872
0.00034413
0.00034413
0.00016680
0.00035407
0.00035407
0.00040661
0.00051329
0.00051329
0.00044964
0.00022496
