0.00066063
0.00134636
0.00193953
0.00205073
0.00258723
0.00299827
0.00302267
0.00302267
0.00283081
0.00235631
0.00249584
0.00265637
0.00265637
0.00249897
0.00311193
0.00334731
0.00342340
0.00342340
0.00339240
0.00301747
0.00296079
0.00296079
0.00297906
0.00297906
0.00305842
0.00313451
0.00321107
0.00321107
0.00311391
0.00280730
0.00237074
0.00242350
0.00261940
0.00261940
0.00254876
0.00246314
0.00237651
0.00224941
0.00245472
0.00285360
0.00293242
0.00293242
0.00299464
0.00304788
0.00304788
0.00293219
0.00293219
0.00300669
0.00307891
0.00307891
0.00304017
0.00313109
0.00313109
0.00287797
0.00229236
0.00190614
0.00230038
0.00291446
0.00328252
0.00328252
0.00317044
0.00294337
0.00251719
0.00223581
0.00286242
0.00330947
0.00330947
0.00301903
0.00238501
0.00237150
0.00262391
0.00277840
0.00302452
0.00302452
0.00306513
0.00306513
0.00292142
0.00288318
0.00250729
0.00238543
0.00223763
0.00255793
0.00270337
0.00270337
0.00256479
0.00285621
0.00285621
0.00276563
0.00227619
0.00202503
0.00177117
0.00202795
0.00267220
0.00270241
0.00270241
0.00249559
0.00249559
0.00258157
0.00280218
0.00280218
0.00282964
0.00334142
0.00353920
0.00353920
0.00292137
0.00292285
0.00302207
0.00302207
0.00277969
0.00272828
0.00312592
0.00355018
0.00355018
0.00330830
0.00319474
0.00299023
0.00267957
0.00289223
0.00289223
0.00301125
0.00301125
0.00290648
0.00258606
0.00276090
0.00276090
0.00261204
0.00250776
0.00248973
0.00276241
0.00276241
0.00260249
0.00269138
0.00295514
0.00328876
0.00334491
0.00361678
0.00361678
0.00337673
0.00293290
0.00271395
0.00255117
0.00224146
0.00193420
0.00161147
0.00189115
0.00221768
0.00221768
0.00224300
0.00289757
0.00370291
0.00370291
0.00327709
0.00307981
0.00308398
0.00308398
0.00298588
0.00240870
0.00253612
0.00306438
0.00344975
0.00344975
0.00281875
0.00265180
0.00309872
0.00309872
0.00306457
0.00319711
0.00319711
0.00301274
0.00272798
0.00226707
0.00252313
0.00306126
0.00353582
0.00353582
0.00294460
0.00235684
0.00173580
0.00143759
0.00177740
0.00177740
0.00230151
0.00254921
0.00270028
0.00292744
0.00292744
0.00269434
0.00278485
0.00281021
0.00281021
0.00212963
0.00232285
0.00317769
0.00319458
0.00319458
0.00269148
0.00269148
0.00245260
0.00271598
0.00288159
0.00322424
0.00322424
0.00312039
0.00337473
0.00337473
0.00324445
0.00324445
0.00312097
0.00312097
0.00269187
0.00324427
0.00324427
0.00289537
0.00289537
0.00288950
0.00296248
0.00313866
0.00359156
0.00380133
0.00380133
0.00313661
0.00340146
0.00340146
0.00267890
0.00209399
0.00254021
0.00276349
0.00276349
0.00281052
0.00281052
0.00260185
0.00205891
0.00226301
0.00226301
0.00163840
0.00208988
0.00272698
0.00272698
0.00248591
0.00265828
0.00327590
0.00327590
0.00317070
0.00369556
0.00369556
0.00354066
0.00295215
0.00247161
0.00192014
0.00242754
0.00242754
0.00248740
0.00248740
0.00225486
0.00295135
0.00302893
0.00305301
0.00305301
0.00291023
0.00341034
0.00341034
0.00337422
0.00337422
0.00324931
0.00327189
0.00327189
0.00314652
0.00314652
0.00267102
0.00302376
0.00322043
0.00322043
0.00301745
0.00228786
0.00237519
0.00237519
0.00225757
0.00251650
0.00282409
0.00293298
0.00293298
0.00251360
0.00257613
0.00273998
0.00334952
0.00408305
0.00408305
0.00373101
0.00319007
0.00277769
0.00237720
0.00223515
0.00268492
0.00296928
0.00296928
0.00266111
0.00224769
0.00214462
0.00229639
0.00269096
0.00269576
0.00269576
0.00264683
0.00323165
0.00372590
0.00375684
0.00399387
0.00399387
0.00441367
0.00441367
0.00440717
0.00351662
0.00251913
0.00188289
0.00143719
0.00089212
