0.00008685
0.00015232
0.00015232
0.00012536
0.00012536
0.00016940
0.00024536
0.00024536
0.00009435
0.00005377
0.00005377
0.00010096
0.00012196
0.00012608
0.00012608
0.00009053
0.00009053
0.00004993
0.00000000
0.00000000
0.00000000
0.00334309
0.00334309
0.00004164
0.00045001
0.00000000
0.00000000
0.00000000
0.00004785
0.00007009
0.00016068
0.00016068
0.00004907
0.00009516
0.00014078
0.00014078
0.00002654
0.00016810
0.00016810
0.00016083
0.00016461
0.00016461
0.00004332
0.00012567
0.00012567
0.00007741
0.00015333
0.00015333
0.00020722
0.00020722
0.00015369
0.00006877
0.00007818
0.00017956
0.00017956
0.00004251
0.00018143
0.00018143
0.00006171
0.00009724
0.00009291
0.00015250
0.00015250
0.00012762
0.00018187
0.00019040
0.00019040
0.00004503
0.00011944
0.00011944
0.00009338
0.00009338
0.00008163
0.00009014
0.00021242
0.00021242
0.00010015
0.00010798
0.00012278
0.00012278
0.00010345
0.00075798
0.00075798
0.00009602
0.00006090
0.00009711
0.00009711
0.00021761
0.00021761
0.00020981
0.00013431
0.00028528
0.00028528
0.00021206
0.00012708
0.00012708
0.00006713
0.00015581
0.00026272
0.00026272
0.00015436
0.00009634
0.00009634
0.00010799
0.00012275
0.00012275
0.00002224
0.00000000
0.00016943
0.00007831
0.00000000
0.00000000
0.00002148
0.00007831
0.00005358
0.00016943
0.00000148
0.00018275
0.00018275
0.00021298
0.00022246
0.00022246
0.00012022
0.00009765
0.00009765
0.00009498
0.00012944
0.00013357
0.00013357
0.00006677
0.00014494
0.00014494
0.00013466
0.00013165
0.00013165
0.00018351
0.00018351
0.00017943
0.00008823
0.00009553
0.00010280
0.00010280
0.00015424
0.00025486
0.00025486
0.00014432
0.00007008
0.00012504
0.00000986
0.00012504
0.00000000
0.00000000
0.00000000
0.00183002
0.00191126
0.00134939
0.00128086
0.00153785
0.00191126
0.00001946
0.00005310
0.00007115
0.00007115
0.00014453
0.00016341
0.00023248
0.00023248
0.00018823
0.00011309
0.00015479
0.00015479
0.00010952
0.00011948
0.00011948
0.00009133
0.00003946
0.00000000
0.00027080
0.00012791
0.00000000
0.00000000
0.00012538
0.00027080
0.00000000
0.00000000
0.00006411
0.00007709
0.00008269
0.00013096
0.00013096
0.00016659
0.00016659
0.00003549
0.00016323
0.00016323
0.00015632
0.00015632
0.00012986
0.00012986
0.00000732
0.00008949
0.00008949
0.00010853
0.00013520
0.00013520
0.00010592
0.00010592
0.00010079
0.00009744
0.00011067
0.00011893
0.00011893
0.00006597
0.00011733
0.00011733
0.00011710
0.00006209
0.00004161
0.00007345
0.00010261
0.00010261
0.00007446
0.00009403
0.00010316
0.00012745
0.00014250
0.00014250
0.00009221
0.00016261
0.00021908
0.00021908
0.00013388
0.00009337
0.00004466
0.00005243
0.00120615
0.00120615
0.00011876
0.00015639
0.00015639
0.00011520
0.00019007
0.00019007
0.00010608
0.00007836
0.00008754
0.00008754
0.00008602
0.00010395
0.00010395
0.00007525
0.00132155
0.00132155
0.00012035
0.00004322
0.00007843
0.00007843
0.00006780
0.00006780
0.00007676
0.00009490
0.00009490
0.00007408
0.00003499
0.00003168
0.00002472
0.00006797
0.00007664
0.00007664
0.00002837
0.00003561
0.00008464
0.00008464
0.00004244
0.00000000
0.00002003
0.00005916
0.00009407
0.00006597
0.00003207
0.00003207
0.00002329
0.00007945
0.00007945
0.00006570
0.00004921
0.00003931
0.00003931
0.00003176
0.00001790
0.00004727
0.00004727
0.00004591
0.00004591
0.00005499
0.00008308
0.00010795
0.00010795
0.00005705
0.00004302
0.00001056
0.00001056
0.00000000
0.00000000
0.00009407
0.00003458
0.00006993
0.00006993
0.00001033
0.00001029
0.00001029
0.00003637
0.00003637
0.00007387
0.00007661
0.00007661
