 0.10000	 12.40234566	 22.17496300	 29.96993637	 12.54938126	 23.47030067	 29.22803497	           0	           2
 0.10000	 13.01802540	 24.15348625	 28.87653732	 14.32012081	 24.85524559	 28.62751961	          -1	           3
 0.10000	 15.18689919	 25.05147362	 28.48582458	 16.64941025	 24.86822128	 28.20768929	          -2	           4
 0.10000	 17.49668312	 24.84318733	 28.50998688	 18.51847076	 24.76760674	 29.60548592	          -3	           5
 0.10000	 18.76470566	 25.19579315	 30.35775757	 18.12910080	 26.26918411	 31.19071007	          -4	           6
 0.10000	 18.66010094	 26.86858940	 31.60155869	 20.14232063	 27.08065033	 31.69112778	          -5	           7
 0.10000	 20.91805840	 27.12897873	 31.23750687	 21.71554947	 27.89431572	 30.22353172	          -6	           8
 0.10000	 22.51176071	 28.15257072	 29.89305878	 23.98782349	 28.35882950	 30.06207848	          -7	           9
 0.10000	 24.73228073	 28.85006142	 29.94231415	 25.32935905	 30.05737686	 29.28216171	          -8	          10
 0.10000	 25.99178696	 30.45755768	 29.74151230	 26.33842850	 29.91798782	 31.09747124	          -9	          11
 0.10000	 26.67521286	 29.56395912	 31.85316658	 27.44990349	 28.90062714	 32.95306015	         -10	          12
 0.10000	 27.10792351	 28.18700981	 33.38172531	 25.74710464	 27.69631577	 32.98509598	         -11	          13
 0.10000	 25.15501213	 27.02969933	 32.86292648	 24.69281960	 25.67617798	 32.41091156	         -12	          14
 0.10000	 24.37422180	 25.11952019	 33.04225159	 24.40976715	 25.54407120	 34.48043060	         -13	          15
 0.10000	 24.29791260	 25.94085121	 35.28030396	 24.04782867	 26.98460579	 36.32807159	         -14	          16
 0.10000	 23.77668571	 27.59930801	 36.92672348	 23.14556122	 28.63182068	 37.81299973	         -15	          17
 0.10000	 22.98453140	 28.69943237	 38.69576645	 22.84198189	 28.48608398	 40.17356491	         -16	          18
 0.10000	 22.97343254	 28.40314865	 41.05979156	 23.57216644	 28.40930748	 42.43500137	         -17	          19
 0.10000	 24.00304985	 28.08988762	 43.15752411	 24.74747658	 27.07496643	 43.97334290	         -18	          20
 0.10000	 25.28041458	 26.55857468	 44.48238373	 26.09444237	 25.60468102	 45.30541229	         -19	          21
 0.10000	 26.92296028	 25.81999588	 45.58303452	 27.60668564	 27.09524918	 45.18798828	         -20	          22
 0.10000	 27.52257347	 27.98013306	 45.04832077	 26.42695808	 28.99997139	 44.95350647	         -21	          23
 0.10000	 25.73330307	 29.56351280	 44.85247040	 24.41156197	 30.25438881	 44.69556808	         -22	          24
 0.10000	 23.67716980	 30.69327545	 44.41884232	 22.58288574	 31.39797974	 43.67404175	         -23	          25
 0.10000	 21.91708565	 31.82016754	 43.24144745	 20.73264503	 32.48920822	 42.61006165	         -24	          26
 0.10000	 20.38546181	 32.94081497	 41.91379166	 20.55337715	 33.53735352	 40.54796982	         -25	          27
 0.10000	 20.71485138	 33.99843216	 39.79241180	 21.07258797	 34.88995361	 38.64048004	         -26	          28
 0.10000	 21.73878098	 35.28431320	 38.18171310	 23.22878838	 35.45474243	 38.15270996	         -27	          29
 0.10000	 23.70106697	 35.90299606	 37.53108597	 23.61355591	 36.69337845	 36.25909424	         -28	          30
 0.10000	 23.84532738	 37.12609100	 35.50398636	 25.17465401	 37.81936646	 35.45360947	         -29	          31
 0.10000	 25.92079163	 38.30405045	 35.59182739	 27.05175591	 39.24697876	 35.30544281	         -30	          32
 0.10000	 26.96940422	 40.13870239	 35.21419907	 25.61857414	 40.78045654	 35.33030319	         -31	          33
 0.10000	 24.74741364	 40.93854523	 35.49273682	 23.30111504	 40.79041290	 35.86202240	         -32	          34
 0.10000	 23.04463005	 39.96826172	 36.12394714	 23.87387085	 38.72492981	 36.25343323	         -33	          35
 0.10000	 24.20961189	 37.93619156	 36.52978134	 24.60897446	 36.52573395	 36.21099091	         -34	          36
 0.10000	 24.53696251	 35.87829208	 35.58861160	 24.01173401	 34.67544937	 34.86208344	         -35	          37
 0.10000	 23.57179832	 34.15910721	 34.26949310	 22.65849113	 33.93223953	 33.10126877	         -36	          38
 0.10000	 22.45002556	 33.48086166	 32.35073853	 22.97269630	 32.45916748	 31.38479233	         -37	          39
 0.10000	 22.62256622	 31.79649162	 30.88638687	 21.21115303	 31.34645653	 30.65091705	         -38	          40
 0.10000	 20.96948624	 30.48375320	 30.56503296	 21.98029518	 29.37792206	 30.63818932	         -39	          41
 0.10000	 21.88847351	 28.54132271	 30.95686913	 20.66968536	 27.93808365	 31.58978081	         -40	          42
 0.10000	 20.25153732	 27.90834427	 32.38616943	 20.56512833	 29.16095734	 33.14942169	         -41	          43
 0.10000	 20.63405991	 29.99464607	 33.48118591	 20.94688606	 31.09760094	 34.44842148	         -42	          44
 0.10000	 20.86493111	 31.14628029	 35.34325790	 20.29792595	 30.05687523	 36.20444107	         -43	          45
 0.10000	 20.10773277	 29.54206467	 36.91758728	 20.11438942	 28.97679329	 38.30692673	         -44	          46
 0.10000	 19.83609200	 28.17823792	 38.61471939	 19.04499435	 27.05710793	 38.00876617	         -45	          47
 0.10000	 19.32317162	 26.43092728	 37.42531967	 20.57646751	 26.36755562	 36.60365295	         -46	          48
 0.10000	 21.46339035	 26.51726532	 36.63172150	 22.48485947	 27.12456322	 37.54692459	         -47	          49
 0.10000	 23.11577988	 27.42873955	 38.11188889	 23.96682358	 28.51407051	 38.70149994	         -48	          50
 0.10000	 24.76718330	 28.89185715	 38.86451721	 26.20395470	 28.46380806	 38.91371536	         -49	          51
 0.10000	 26.90136528	 29.02949142	 38.97317886	 26.89814758	 30.52938461	 38.98762512	         -50	          52
 0.10000	 26.58701324	 31.36944199	 39.07310867	 25.46270370	 32.31848526	 39.36482620	         -51	          53
 0.10000	 24.76051521	 32.86151123	 39.21715164	 23.59301186	 33.64437485	 38.69377136	         -52	          54
 0.10000	 23.18026161	 33.59566879	 37.89556122	 23.58130074	 32.74652863	 36.72589493	         -53	          55
 0.10000	 23.28789330	 32.17516708	 36.09561157	 22.22066689	 31.26759338	 35.55971909	         -54	          56
 0.10000	 21.67526817	 30.73103905	 35.08597183	 21.05021286	 29.61318970	 34.30520630	         -55	          57
 0.10000	 20.25109863	 29.34754372	 33.98786926	 18.84678650	 29.25153923	 34.50611496	         -56	          58
 0.10000	 18.33984184	 28.57766533	 34.19179153	 18.65241623	 27.51026726	 33.18542099	         -57	          59
 0.10000	 18.65936661	 26.74477386	 32.71242523	 18.65739632	 25.62633705	 31.71295738	         -58	          60
 0.10000	 18.79375458	 24.79094124	 31.40731049	 19.42939758	 23.90306282	 32.43570328	         -59	          61
 0.10000	 19.27982903	 23.33386803	 33.11653900	 18.26526070	 22.73919868	 34.04765701	         -60	          62
 0.10000	 17.91509056	 23.06852913	 34.80843735	 18.06621170	 24.41802597	 35.44554901	         -61	          63
 0.10000	 18.15505219	 25.21984863	 35.84427261	 18.52205849	 26.50229454	 36.53017807	         -62	          64
 0.10000	 18.42859840	 27.36038589	 36.27559280	 17.87306595	 27.89162636	 34.98756027	         -63	          65
 0.10000	 17.58197403	 28.68025970	 34.66619110	 17.66891861	 30.17751884	 34.64241791	         -64	          66
 0.10000	 17.85225487	 31.05837631	 34.62510300	 18.59336090	 32.34679413	 34.42358780	         -65	          67
 0.10000	 18.63897324	 33.24460983	 34.38338089	 17.86300468	 34.51699829	 34.21364594	         -66	          68
 0.10000	 17.03967857	 34.70524216	 34.52439499	 15.98346615	 33.79049301	 35.06988907	         -67	          69
 0.10000	 15.66866684	 32.96744537	 34.88717270	 15.61114883	 31.47906876	 34.71013260	         -68	          70
 0.10000	 16.18852806	 30.80768204	 34.87083817	 17.54794884	 30.71759987	 35.49835205	         -69	          71
 0.10000	 18.24680901	 31.28156853	 35.55700684	 18.41878700	 32.73905182	 35.24704361	         -70	          72
 0.10000	 17.80781174	 33.32610703	 34.94374084	 16.47858047	 33.43359375	 34.25707245	         -71	          73
 0.10000	 16.01491356	 34.17139053	 34.03203964	 16.52432632	 35.56779099	 33.83095551	         -72	          74
 0.10000	 16.59667397	 36.40577316	 33.51117706	 16.65238762	 37.67564011	 32.71483231	         -73	          75
 0.10000	 16.34341621	 38.47360229	 32.99359512	 15.74670887	 38.75862503	 34.33991623	         -74	          76
 0.10000	 15.25062084	 38.43840408	 35.01911545	 14.39605713	 37.26843262	 35.40757751	         -75	          77
 0.10000	 14.78390503	 36.50061035	 35.67200089	 16.27166557	 36.33620071	 35.57466888	         -76	          78
 0.10000	 17.15126801	 36.16711044	 35.66163635	 18.62792969	 36.31988525	 35.87625885	         -77	          79
 0.10000	 19.13189316	 35.61600494	 36.12232590	 18.59745789	 34.21959686	 36.24188995	         -78	          80
 0.10000	 17.92717743	 33.75916290	 36.62733078	 16.64216232	 34.13414383	 37.30404663	         -79	          81
 0.10000	 15.99438953	 34.47903061	 37.82485199	 15.17211151	 35.48442841	 38.57509232	         -80	          82
 0.10000	 15.09198570	 35.63948441	 39.45787430	 15.74681664	 34.99257278	 40.64207458	         -81	          83
 0.10000	 16.23965454	 34.80975723	 41.37219620	 17.28793335	 34.69477844	 42.43859863	         -82	          84
 0.10000	 17.98125076	 34.70348740	 43.01152039	 19.23127365	 34.81813049	 43.83221817	         -83	          85
 0.10000	 19.99458885	 35.11437607	 44.20474243	 21.15847397	 36.01222610	 44.50252533	         -84	          86
 0.10000	 21.93301582	 36.29153061	 44.86521530	 23.12686729	 36.22669601	 45.77089310	         -85	          87
 0.10000	 23.96321487	 36.54631805	 45.86094284	 24.96255684	 37.42582321	 45.16987610	         -86	          88
 0.10000	 25.75570107	 37.83268738	 45.04695892	 27.19516182	 38.21260834	 45.22957611	         -87	          89
 0.10000	 27.95453262	 38.68792343	 45.31365585	 28.88215446	 39.84309006	 45.54772568	         -88	          90
 0.10000	 29.63736343	 40.29016113	 45.34906387	 30.94658470	 40.57209015	 44.67359161	         -89	          91
 0.10000	 31.38506699	 40.43747330	 43.89942551	 31.20636749	 39.74422073	 42.58141708	         -90	          92
 0.10000	 30.98703957	 39.33016205	 41.81336975	 30.26858711	 38.63816833	 40.69333649	         -91	          93
 0.10000	 29.91937828	 38.15135956	 40.02226257	 29.48334885	 37.17764664	 38.96809006	         -92	          94
 0.10000	 29.01958275	 36.83283997	 38.27841949	 28.18070412	 36.75757599	 37.03727341	         -93	          95
 0.10000	 27.31685448	 36.56106949	 36.87927628	 26.12528038	 36.40176010	 37.77629089	         -94	          96
 0.10000	 25.58802986	 35.77365494	 38.13224411	 25.47842216	 34.32447815	 38.50328445	         -95	          97
 0.10000	 25.40147209	 33.49108887	 38.17261124	 25.44623184	 32.69589233	 36.90160370	         -96	          98
 0.10000	 25.47797775	 32.31518936	 36.08690643	 25.39913368	 31.84121132	 34.66599655	         -97	          99
 0.10000	 25.85041237	 32.11932373	 33.93870163	 26.70897675	 33.32091904	 33.67620468	         -98	         100
 0.10000	 27.57591820	 33.39661407	 33.90543365	 28.17388344	 32.31984329	 34.76150894	         -99	         101
 0.10000	 29.01329422	 32.43075180	 35.06639862	 29.75208664	 33.67307663	 34.66555786	        -100	         102
 0.10000	 30.51471710	 33.79203796	 35.12833786	 30.95405197	 32.74913406	 36.11285400	        -101	         103
 0.10000	 30.75458527	 32.34455872	 36.89152145	 29.59058189	 32.19766235	 37.82606125	        -102	         104
 0.10000	 28.88610458	 32.13217545	 38.38207245	 27.60844421	 32.12751007	 39.16774750	        -103	         105
 0.10000	 26.90276718	 32.29454041	 39.70051956	 25.73861694	 32.84380722	 40.47052002	        -104	         106
 0.10000	 25.61757278	 33.13030624	 41.31492615	 26.52817345	 33.30538940	 42.49390411	        -105	         107
 0.10000	 26.86334419	 33.35602570	 43.32744217	 27.22139549	 33.26391983	 44.78104401	        -106	         108
 0.10000	 27.46839142	 33.28329468	 45.64599991	 27.88591194	 33.54378510	 47.06287766	        -107	         109
 0.10000	 28.18333817	 33.20714188	 47.84262085	 28.35601616	 32.05550766	 48.78800583	        -108	         110
 0.10000	 29.11594200	 31.57673454	 48.73107147	 30.07974434	 31.98243332	 47.65573120	        -109	         111
 0.10000	 30.67196274	 31.81847382	 46.99836731	 31.44687653	 31.16930389	 45.89034271	        -110	         112
 0.10000	 31.68495369	 30.56722450	 45.26566315	 31.54016876	 29.30452347	 44.46938705	        -111	         113
 0.10000	 31.73301125	 28.60002708	 43.94434357	 32.37842178	 27.52816010	 43.11737823	        -112	         114
 0.10000	 32.91076279	 27.06763458	 42.55727768	 33.98796082	 26.66108322	 41.59617615	        -113	         115
 0.10000	 34.71525192	 26.56484032	 41.07543945	 35.98259735	 26.54694557	 40.27347183	        -114	         116
 0.10000	 36.69509506	 27.07312775	 40.11477661	 37.38137817	 28.29976463	 40.63840485	        -115	         117
 0.10000	 37.16819382	 29.16238022	 40.49586487	 35.87385178	 29.61089516	 39.88483810	        -116	         118
 0.10000	 35.61867523	 30.26341248	 39.32007980	 36.15602112	 31.26572418	 38.34211349	        -117	         119
 0.10000	 36.52914429	 32.04871368	 38.10245895	 36.85521698	 33.50005341	 37.91005325	        -118	         120
 0.10000	 37.16950607	 34.16653824	 37.39355850	 38.61754608	 34.55228806	 37.32888412	        -119	         121
 0.10000	 39.40010834	 34.99311447	 37.27466202	 40.68893433	 35.75875092	 37.32546234	        -120	         122
 0.10000	 40.92325211	 36.61017609	 37.15203857	 40.17557907	 37.83763123	 36.72290802	        -121	         123
 0.10000	 39.64780426	 38.49856949	 36.41600037	 38.52024460	 39.30959702	 35.84994507	        -122	         124
 0.10000	 37.82490540	 39.77820587	 35.52383423	 36.57265854	 40.41247177	 34.99536896	        -123	         125
 0.10000	 36.01102829	 41.05706024	 34.71465683	 35.74782944	 42.49547195	 34.38071060	        -124	         126
 0.10000	 34.93468475	 42.84344864	 34.21482468	 33.58779144	 42.18344116	 34.22867966	        -125	         127
 0.10000	 33.03248596	 41.47726059	 34.28086472	 32.81656265	 40.05310059	 34.69913483	        -126	         128
 0.10000	 33.05208588	 39.34948730	 34.18988800	 33.89332199	 39.54140472	 32.96298599	        -127	         129
 0.10000	 33.90948486	 39.29714584	 32.09709549	 33.04305267	 38.75730515	 30.99815178	        -128	         130
 0.10000	 32.87601089	 38.20737839	 30.30569839	 33.15792084	 37.19782639	 29.23273849	        -129	         131
 0.10000	 33.16154861	 36.29880524	 29.19318962	 32.91314697	 35.20643616	 30.19060516	        -130	         132
 0.10000	 32.99940109	 34.53153610	 30.77944374	 33.46731949	 33.58392334	 31.84374809	        -131	         133
 0.10000	 33.81228638	 33.03291702	 32.46575165	 34.46028900	 32.08747482	 33.43320084	        -132	         134
 0.10000	 35.06972504	 31.91022301	 34.07101822	 36.27082443	 32.36330414	 34.84683228	        -133	         135
 0.10000	 36.65002060	 32.51536560	 35.64858246	 36.72714615	 32.37069321	 37.13954544	        -134	         136
 0.10000	 36.06367111	 32.93466187	 37.36663437	 35.69042969	 34.38741684	 37.35496902	        -135	         137
 0.10000	 36.09638214	 35.06755829	 37.78217697	 37.34650040	 34.78451157	 38.56117249	        -136	         138
 0.10000	 38.02695084	 35.00712585	 39.10606003	 38.99925232	 35.70075989	 40.01316071	        -137	         139
 0.10000	 39.62596130	 35.88558578	 40.63118744	 40.61922455	 35.78384781	 41.75008774	        -138	         140
 0.10000	 41.34042740	 35.93159103	 42.26632309	 42.62547302	 36.48288727	 42.80799103	        -139	         141
 0.10000	 43.45105362	 36.66536713	 43.11373138	 44.89139938	 36.68894196	 43.53045654	        -140	         142
 0.10000	 45.71411514	 36.96990204	 43.76057816	 46.91846848	 37.83707809	 43.97684860	        -141	         143
 0.10000	 47.57480621	 38.23349380	 44.44724274	 48.39255142	 38.57344818	 45.65768433	        -142	         144
 0.10000	 48.72257233	 39.04863358	 46.34671783	 48.99747086	 39.93693542	 47.52360916	        -143	         145
 0.10000	 48.82920456	 40.82061005	 47.49796677	 48.17487717	 41.41788483	 46.28760529	        -144	         146
 0.10000	 48.08644104	 42.03384399	 45.63762283	 48.45256424	 43.08074188	 44.62787247	        -145	         147
 0.10000	 48.70149612	 43.84159851	 44.21711349	 49.02808762	 45.28263474	 43.95921707	        -146	         148
 0.10000	 49.73385620	 45.81454086	 43.78975296	 51.21840668	 45.86148834	 43.58086395	        -147	         149
 0.10000	 52.01625824	 45.49810410	 43.78354645	 52.63637161	 44.35458374	 44.53023148	        -148	         150
 0.10000	 53.07183075	 43.70817184	 44.97980499	 53.69744873	 42.49406433	 45.59978867	        -149	         151
 0.10000	 54.09770584	 42.39621353	 46.39977646	 54.58797455	 43.31419373	 47.47997284	        -150	         152
 0.10000	 54.00645447	 43.81578064	 47.94937515	 52.60965729	 43.77447510	 47.40414429	        -151	         153
 0.10000	 51.96311569	 44.15674210	 47.90038681	 52.04025650	 44.81717300	 49.24511337	        -152	         154
 0.10000	 51.97331619	 45.21178055	 50.05213928	 51.85465622	 45.84146118	 51.40866470	        -153	         155
 0.10000	 51.77663803	 46.14490509	 52.25354385	 51.65108109	 46.58785248	 53.68138123	        -154	         156
 0.10000	 51.08253098	 47.06372452	 54.19295502	 50.47519684	 48.26914597	 53.53852463	        -155	         157
 0.10000	 50.69319916	 48.88109589	 52.91504669	 51.64996338	 49.70269394	 52.10279083	        -156	         158
 0.10000	 52.37027740	 49.35651779	 51.68880081	 52.70087051	 47.89381790	 51.72289658	        -157	         159
 0.10000	 52.45332336	 47.17976761	 52.21151733	 51.42109299	 47.52574158	 53.24331284	        -158	         160
 0.10000	 50.70806122	 46.97616577	 53.23943329	 50.91206360	 45.49042511	 53.26892471	        -159	         161
 0.10000	 50.99340439	 44.91686249	 53.95763016	 50.56063461	 45.31974792	 55.33610916	        -160	         162
 0.10000	 50.26419067	 45.25591278	 56.18327713	 49.72262192	 44.98757935	 57.55596924	        -161	         163
 0.10000	 49.22409439	 44.76389313	 58.27072144	 48.13381958	 44.31315994	 59.19685364	        -162	         164
 0.10000	 47.58240128	 43.91356277	 59.78497314	 46.60869980	 43.25007248	 60.71316528	        -163	         165
 0.10000	 46.83036804	 42.48491287	 61.13187790	 48.18421936	 41.87496567	 60.91995621	        -164	         166
 0.10000	 48.97046280	 41.56821060	 60.60787964	 50.19477081	 41.44623184	 59.75003433	        -165	         167
 0.10000	 50.61806870	 41.43254471	 58.95611191	 50.66906357	 41.57339859	 57.46372604	        -166	         168
 0.10000	 50.41344452	 41.64759827	 56.60417938	 49.65802765	 41.91184998	 55.33558273	        -167	         169
 0.10000	 48.84495926	 41.58977127	 55.12353134	 48.07809067	 40.72162628	 56.07648849	        -168	         170
 0.10000	 47.25738525	 40.35276413	 56.06364059	 46.01425171	 40.37028122	 55.22452927	        -169	         171
 0.10000	 45.35848236	 39.88349915	 54.84669113	 44.57102585	 38.62654877	 54.62339401	        -170	         172
 0.10000	 44.82780075	 37.90779114	 54.14666748	 46.15885162	 37.79481888	 53.46449280	        -171	         173
 0.10000	 46.85529709	 37.27446365	 53.23226166	 47.78459167	 36.10114670	 53.32956314	        -172	         174
 0.10000	 47.98662949	 35.22858810	 53.24281693	 47.38025284	 33.87792969	 53.00221634	        -173	         175
 0.10000	 47.85550308	 33.14587784	 52.78280258	 49.33332825	 32.96118164	 52.60456085	        -174	         176
 0.10000	 50.13984680	 33.28549576	 52.37183380	 50.71391678	 34.52856827	 51.75934219	        -175	         177
 0.10000	 51.39690781	 34.94030380	 52.17627716	 51.86324692	 34.52480698	 53.53998566	        -176	         178
 0.10000	 52.25224304	 34.06753540	 54.21020508	 52.66730881	 32.81351089	 54.92073441	        -177	         179
 0.10000	 53.33322144	 32.36034393	 55.32184219	 54.77756882	 32.26433945	 55.71468735	        -178	         180
 0.10000	 55.66554260	 32.21192932	 55.84978104	 57.16513062	 32.24031448	 55.85253525	        -179	         181
 0.10000	 58.06253052	 32.30031204	 55.82606506	 59.54370880	 32.48817444	 55.96965790	        -180	         182
 0.10000	 60.14943695	 32.55813217	 55.30780792	 60.08691406	 32.60425186	 53.80986023	        -181	         183
 0.10000	 59.43126297	 32.36896896	 53.24010086	 58.07145691	 31.92013550	 53.68658066	        -182	         184
 0.10000	 57.32611847	 31.42188072	 53.76408005	 56.19628906	 30.44025040	 53.86266708	        -183	         185
 0.10000	 56.12750244	 29.54320908	 53.84295654	 57.10554886	 28.41486740	 53.70112991	        -184	         186
 0.10000	 57.77730560	 27.83044052	 53.57066345	 59.01480484	 27.01255035	 53.34797287	        -185	         187
 0.10000	 59.83860397	 27.24111557	 53.06689453	 60.49387741	 28.51979446	 52.63618851	        -186	         188
 0.10000	 60.43351746	 29.41522598	 52.56976700	 59.60802460	 30.62913322	 52.87783051	        -187	         189
 0.10000	 58.73440170	 30.82527351	 52.96858215	 57.49498367	 29.98065758	 52.94882584	        -188	         190
 0.10000	 56.66972733	 29.62657928	 52.89091873	 55.22695541	 29.25762177	 52.71179962	        -189	         191
 0.10000	 54.71105957	 28.54263687	 52.53154755	 54.80830383	 27.07980347	 52.21453094	        -190	         192
 0.10000	 54.83467102	 26.18741989	 52.10184479	 55.11738586	 24.71952629	 51.97879028	        -191	         193
 0.10000	 54.84257507	 23.88691521	 52.18134308	 53.73810196	 23.11378670	 52.83876801	        -192	         194
 0.10000	 53.51915359	 22.39084053	 53.32788086	 54.08784866	 21.21029091	 54.05780792	        -193	         195
 0.10000	 53.72036362	 20.60122299	 54.60894775	 52.36063385	 20.34489822	 55.18770981	        -194	         196
 0.10000	 51.59424591	 20.08933067	 55.58336258	 50.31635284	 19.66666222	 56.24483490	        -195	         197
 0.10000	 49.54788589	 19.34287071	 56.58174515	 48.24964905	 18.75875282	 57.05355072	        -196	         198
 0.10000	 47.60781479	 18.15814972	 57.24462509	 46.86055374	 16.88227844	 57.49619675	        -197	         199
 0.10000	 46.59778976	 16.08662796	 57.16836929	 46.62215424	 15.21942806	 55.94481659	        -198	         200
 0.10000	 46.82675552	 14.44962120	 55.52623367	 47.48306656	 13.10226059	 55.46632004	        -199	         201
 0.10000	 47.92591476	 12.36723995	 55.19561005	 48.62535477	 11.27804661	 54.43786621	        -200	         202
 0.10000	 49.40562820	 10.91194916	 54.17935181	 50.90462112	 10.86079311	 54.18732452	        -201	         203
 0.10000	 51.68586731	 11.30461884	 54.13901901	 52.35550308	 12.64589405	 54.09138489	        -202	         204
 0.10000	 52.67368317	 13.48194981	 53.99486923	 52.95454407	 14.93390942	 53.74480057	        -203	         205
 0.10000	 52.92709732	 15.81659126	 53.57250214	 52.54527283	 17.21010590	 53.16996384	        -204	         206
 0.10000	 52.27187347	 18.05739403	 53.30067062	 51.70833588	 19.05671120	 54.26691818	        -205	         207
 0.10000	 51.72313690	 19.90872765	 53.97745132	 52.44248581	 20.04104805	 52.66791534	        -206	         208
 0.10000	 52.17552948	 20.74208260	 52.17074585	 50.97431183	 21.51880646	 52.62196732	        -207	         209
 0.10000	 50.53430557	 22.27861786	 52.81912994	 50.30002213	 23.69534874	 53.25245667	        -208	         210
 0.10000	 50.32232285	 24.59346008	 53.30333710	 50.66516113	 26.02982330	 53.04051208	        -209	         211
 0.10000	 51.00984573	 26.84485054	 52.87716293	 51.98175812	 27.98144150	 52.76148224	        -210	         212
 0.10000	 51.94550705	 28.64055824	 52.14981461	 51.02120209	 28.74672508	 50.97328949	        -211	         213
 0.10000	 50.18454361	 28.93059731	 50.69746780	 48.85925293	 29.26330376	 51.31621933	        -212	         214
 0.10000	 48.06300354	 28.90661812	 51.09590530	 47.78678894	 27.78023720	 50.14474869	        -213	         215
 0.10000	 47.29456329	 27.24051857	 49.61956024	 46.23850632	 26.53867149	 48.81867981	        -214	         216
 0.10000	 45.49641037	 26.35384369	 48.34542847	 44.14132690	 26.48223114	 47.71594238	        -215	         217
 0.10000	 43.47839737	 26.63400841	 47.12763977	 42.75080872	 27.08759689	 45.89735413	        -216	         218
 0.10000	 42.14877701	 27.20618820	 45.24021530	 40.94387817	 27.17836761	 44.34794617	        -217	         219
 0.10000	 40.38609314	 27.11191940	 43.64578247	 39.74163055	 26.78643036	 42.33132935	        -218	         220
 0.10000	 39.48553467	 26.99694824	 41.49522400	 39.43816376	 27.90933800	 40.30591965	        -219	         221
 0.10000	 39.27917480	 28.46816254	 39.61933899	 38.86773682	 29.48788834	 38.59949875	        -220	         222
 0.10000	 38.63159943	 30.05570221	 37.94291306	 38.00782776	 30.90274811	 36.87377167	        -221	         223
 0.10000	 38.43278122	 31.33955002	 36.21165848	 39.91711426	 31.27265739	 36.00646973	        -222	         224
 0.10000	 40.54833984	 31.70607948	 35.53363037	 40.77795029	 32.87260818	 34.61910629	        -223	         225
 0.10000	 41.25791168	 33.37008286	 34.04303741	 42.48386765	 33.63300705	 33.21979523	        -224	         226
 0.10000	 42.72554779	 34.29306030	 32.65784454	 42.11074448	 35.56036758	 32.14234161	        -225	         227
 0.10000	 41.84395981	 36.34600830	 31.79419518	 41.38304520	 37.67205429	 31.26625633	        -226	         228
 0.10000	 41.22093582	 38.45930862	 30.86182594	 41.39958191	 39.74180984	 30.10480690	        -227	         229
 0.10000	 40.74596786	 40.20041275	 29.68968964	 39.31655502	 39.76266098	 29.56727791	        -228	         230
 0.10000	 38.42798615	 39.77603912	 29.70846367	 37.14710617	 40.02227020	 30.44908142	        -229	         231
 0.10000	 36.30246353	 40.25748444	 30.65151596	 34.86600876	 40.68715286	 30.60942841	        -230	         232
 0.10000	 34.25748825	 41.34961319	 30.63462830	 34.18502045	 42.84656906	 30.69544983	        -231	         233
 0.10000	 33.40744019	 43.29903793	 30.71759987	 32.04529190	 42.70478058	 30.92108536	        -232	         234
 0.10000	 31.41486359	 42.57288361	 30.29252625	 31.57775688	 42.62518311	 28.80235100	        -233	         235
 0.10000	 31.64084816	 42.95857239	 27.96888733	 31.87361908	 44.04566956	 26.96201706	        -234	         236
 0.10000	 32.15048218	 44.38908386	 26.17774963	 32.79250717	 44.31587601	 24.82424164	        -235	         237
 0.10000	 33.12131882	 44.73595428	 24.09998322	 33.41735077	 45.97540665	 23.30939102	        -236	         238
 0.10000	 33.84604645	 46.62015152	 22.85241508	 34.88285065	 47.50693512	 22.23042870	        -237	         239
 0.10000	 35.47018433	 48.12487030	 21.94626808	 36.42517853	 49.24269867	 21.65230560	        -238	         240
 0.10000	 36.97593689	 49.92695618	 21.46217537	 37.78380203	 51.14104843	 21.11332893	        -239	         241
 0.10000	 38.50815582	 51.66937256	 21.04517365	 39.95154572	 52.05425262	 21.17756653	        -240	         242
 0.10000	 40.73347092	 52.48745728	 21.27797318	 41.89849472	 53.43190765	 21.25855637	        -241	         243
 0.10000	 42.27928162	 53.84596252	 21.96093178	 41.75971985	 53.92501831	 23.36581802	        -242	         244
 0.10000	 41.90909576	 53.43017197	 24.10250664	 42.72975159	 52.18670654	 24.27624130	        -243	         245
 0.10000	 42.55670166	 51.34253311	 24.53542519	 41.31031418	 50.54844666	 24.79186821	        -244	         246
 0.10000	 40.92263412	 49.76812744	 25.01663589	 40.91779709	 48.32359695	 25.42034340	        -245	         247
 0.10000	 40.67056274	 47.47583771	 25.59316826	 39.81684494	 46.24953842	 25.72428131	        -246	         248
 0.10000	 39.93701553	 45.36955261	 25.86920357	 41.13123322	 44.53827667	 26.23357010	        -247	         249
 0.10000	 41.27418900	 43.71235657	 25.90603256	 40.44744110	 43.00457764	 24.87385368	        -248	         250
 0.10000	 40.08528137	 42.46911621	 24.24786949	 39.68661880	 41.48322678	 23.19009590	        -249	         251
 0.10000	 39.02484894	 41.32812881	 22.60032272	 37.62883759	 41.69963074	 22.19659424	        -250	         252
 0.10000	 37.34458542	 42.47607422	 21.84126091	 38.17188644	 43.71142960	 21.64301682	        -251	         253
 0.10000	 38.59732437	 44.49628830	 21.53051567	 39.30038452	 45.81905746	 21.45496178	        -252	         254
 0.10000	 40.05796051	 46.30339813	 21.42037582	 41.55460739	 46.39766693	 21.44944572	        -253	         255
 0.10000	 42.44124603	 46.37945938	 21.29713058	 43.88927841	 46.15468597	 20.97697639	        -254	         256
 0.10000	 44.37287521	 45.89669037	 20.26323318	 44.07287979	 45.42026138	 18.87296104	        -255	         257
 0.10000	 44.00844955	 45.37775803	 17.97641563	 43.81196976	 45.67613602	 16.51963615	        -256	         258
 0.10000	 44.04373169	 46.04488754	 15.73212624	 45.01054001	 46.94753647	 15.02476978	        -257	         259
 0.10000	 45.07313919	 47.14229584	 14.14835835	 44.48147202	 46.50024033	 12.92865562	        -258	         260
 0.10000	 43.83022690	 46.94164658	 12.49150181	 43.24747467	 48.18649292	 13.09203339	        -259	         261
 0.10000	 42.93381500	 48.96768951	 13.40998077	 42.79851913	 50.29281616	 14.09955120	        -260	         262
 0.10000	 42.25065231	 50.91561508	 14.44841290	 40.92952347	 51.55438232	 14.75877476	        -261	         263
 0.10000	 40.10092926	 51.24828339	 14.92989826	 39.51768875	 49.86687851	 14.95864487	        -262	         264
 0.10000	 39.05556107	 49.09686661	 15.00455284	 38.32394791	 47.78979111	 15.07387829	        -263	         265
 0.10000	 37.75967789	 47.09152603	 15.11725807	 36.66090775	 46.07357407	 15.18509388	        -264	         266
 0.10000	 35.91396332	 45.57762146	 15.24796581	 34.52922821	 45.02735519	 15.41586304	        -265	         267
 0.10000	 33.77426147	 44.54018784	 15.38156033	 32.71150970	 43.54003906	 15.03608418	        -266	         268
 0.10000	 32.01564407	 42.98167419	 15.15088081	 31.04994774	 42.23980713	 16.02651787	        -267	         269
 0.10000	 30.28539848	 41.84790802	 15.75867462	 29.68455887	 41.83154678	 14.38440323	        -268	         270
 0.10000	 29.35428619	 41.70096970	 13.55751610	 29.08277321	 41.55261993	 12.08979607	        -269	         271
 0.10000	 28.83761978	 40.98900986	 11.43239594	 28.24726486	 39.65174103	 11.09603882	        -270	         272
 0.10000	 28.66429901	 38.88214874	 10.88727188	 30.12418556	 38.53849030	 10.90648174	        -271	         273
 0.10000	 30.99699020	 38.32133484	 10.88256073	 32.48908234	 38.17059326	 10.86051846	        -272	         274
 0.10000	 33.37965012	 38.04584885	 10.83455181	 34.86263275	 37.82153702	 10.83697510	        -273	         275
 0.10000	 35.70062256	 37.63615799	 10.56677628	 36.77524567	 37.08385086	  9.67801189	        -274	         276
 0.10000	 37.55799484	 37.42158890	  9.38965225	 38.11714935	 38.81307602	  9.42069721	        -275	         277
 0.10000	 38.82912064	 39.12582779	  9.87364960	 39.67116547	 38.46589279	 10.92499924	        -276	         278
 0.10000	 40.24024200	 38.22310638	 11.57847500	 41.25753403	 37.88296509	 12.62691593	        -277	         279
 0.10000	 41.50718689	 37.66420364	 13.46334267	 41.31618881	 37.40190506	 14.92778206	        -278	         280
 0.10000	 40.87280273	 37.11452103	 15.65624809	 39.80643463	 36.32690048	 16.35792351	        -279	         281
 0.10000	 39.00522995	 36.65486145	 16.60373688	 38.49197006	 38.03062057	 16.29763222	        -280	         282
 0.10000	 38.10289764	 38.83036423	 16.16090202	 37.64981842	 40.23392105	 15.88790607	        -281	         283
 0.10000	 36.96669769	 40.79244232	 15.71121788	 35.48487854	 41.01774979	 15.76918793	        -282	         284
 0.10000	 35.05234146	 41.03325653	 14.98013496	 35.84381104	 40.71773148	 13.74568844	        -283	         285
 0.10000	 36.22210312	 40.63993073	 12.93292332	 36.95472717	 40.66252899	 11.62429810	        -284	         286
 0.10000	 37.35780334	 40.63459396	 10.82029247	 37.94898224	 40.65780258	  9.44198227	        -285	         287
 0.10000	 38.35612488	 40.21933746	  8.76985741	 38.83036423	 38.86629868	  8.32919693	        -286	         288
 0.10000	 39.38987732	 38.47224045	  7.74484634	 40.36613846	 38.70008469	  6.62912273	        -287	         289
 0.10000	 41.15791702	 38.76655579	  6.20675802	 42.64260101	 38.87250137	  6.02189732	        -288	         290
 0.10000	 43.50971985	 39.01953506	  5.83197689	 44.95148468	 39.25395966	  5.49124289	        -289	         291
 0.10000	 45.55533218	 39.86940765	  5.23368502	 46.02450562	 41.27668381	  5.01168680	        -290	         292
 0.10000	 45.50647736	 41.85145187	  4.55212736	 44.17066956	 41.37656403	  4.06227970	        -291	         293
 0.10000	 43.29328918	 41.25316238	  3.90498781	 41.80480576	 41.09710312	  4.00389004	        -292	         294
 0.10000	 40.97315979	 40.75731659	  4.05505657	 39.91809082	 39.69265366	  4.11122036	        -293	         295
 0.10000	 39.04182053	 39.66727066	  4.31442738	 38.05862045	 40.71242905	  4.75124598	        -294	         296
 0.10000	 37.20219803	 40.83932114	  4.99673319	 35.83460236	 40.27198410	  5.23666048	        -295	         297
 0.10000	 35.00622940	 40.08345032	  5.53313255	 33.67221451	 39.89803696	  6.19326210	        -296	         298
 0.10000	 32.96869659	 39.87796402	  6.75403881	 32.11657715	 40.25705338	  7.92881012	        -297	         299
 0.10000	 31.56417084	 39.68915176	  8.35571861	 31.41110611	 38.24418259	  7.98335695	        -298	         300
 0.10000	 31.09862709	 37.40950775	  8.10810375	 30.37405968	 36.25144577	  8.72761536	        -299	         301
 0.10000	 30.18671799	 35.39167786	  8.91616058	 30.21126175	 33.90657043	  8.70678043	        -300	         302
 0.10000	 30.50614166	 33.30722427	  9.30994606	 31.31245041	 33.67794800	 10.51923561	        -301	         303
 0.10000	 30.93560028	 33.50226212	 11.31741047	 29.49316406	 33.09215164	 11.28376770	        -302	         304
 0.10000	 28.83292007	 32.70019150	 11.75321674	 28.36688995	 31.92327881	 12.94868851	        -303	         305
 0.10000	 27.72577477	 31.59000969	 13.48513126	 26.31858444	 31.37594795	 13.95826340	        -304	         306
 0.10000	 25.52409172	 31.10881615	 14.28574562	 24.27902794	 30.35971069	 14.65797520	        -305	         307
 0.10000	 23.70881844	 30.43497849	 15.35015488	 23.65556145	 31.32036972	 16.55976105	        -306	         308
 0.10000	 23.61881638	 31.88587952	 17.25880814	 23.50211525	 32.81964111	 18.42687988	        -307	         309
 0.10000	 24.04906845	 33.53092575	 18.49629021	 25.16205215	 33.66305542	 17.49942398	        -308	         310
 0.10000	 25.35640526	 34.25740051	 16.85219383	 24.69097137	 35.21189499	 15.90553761	        -309	         311
 0.10000	 24.32691765	 35.97722626	 16.20817566	 24.28623390	 36.22800827	 17.68647194	        -310	         312
 0.10000	 24.10117912	 36.55558395	 18.50393867	 23.61801338	 37.10552216	 19.81310081	        -311	         313
 0.10000	 23.53990746	 37.57155609	 20.57895088	 23.60720062	 38.38266373	 21.83890533	        -312	         314
 0.10000	 24.08122253	 39.13141251	 21.99555779	 24.99073029	 39.86421204	 21.05441475	        -313	         315
 0.10000	 25.62137222	 40.29753876	 20.58073425	 26.77927208	 40.96654510	 19.90135193	        -314	         316
 0.10000	 27.18183327	 40.78641510	 19.11690331	 27.04774666	 39.79012680	 18.00363350	        -315	           0
