-1
105
251
250
249
249
283
250
249
250
-1
250
250
249
246
252
2
249
248
-1
249
250
-1
-1
250
245
250
248
252
250
-1
-1
248
550
250
260
306
249
249
250
307
251
94
247
777
251
249
250
252
249
249
287
250
250
249
252
250
250
322
249
249
249
250
249
250
248
250
250
-1
248
189
250
881
250
829
249
250
249
251
270
250
249
248
396
-1
250
249
249
250
247
250
250
250
194
249
250
260
249
250
1
-1
246
250
192
299
250
249
249
249
340
249
250
339
246
250
249
249
250
-1
254
250
249
840
249
249
250
204
250
668
247
250
270
157
283
250
249
57
250
250
249
250
249
-1
266
250
251
250
229
249
248
257
249
250
250
249
253
251
249
253
250
249
249
256
248
250
250
250
-1
245
250
250
249
884
250
249
166
-1
234
259
-1
250
694
868
251
875
250
249
248
250
249
247
665
248
843
249
253
250
250
247
249
250
250
-1
250
250
250
182
252
247
-1
245
841
250
249
249
-1
246
-1
848
4
250
-1
249
249
249
250
249
250
249
249
250
829
249
249
277
249
249
249
250
249
250
250
249
840
251
250
249
250
839
604
271
250
-1
250
250
247
249
251
249
249
250
247
251
-1
988
249
234
250
252
247
249
250
250
-1
248
249
344
307
119
250
251
268
250
250
246
247
250
249
249
249
235
249
813
248
249
4
249
8
250
247
247
250
249
250
849
250
249
-1
249
250
253
648
250
251
250
789
248
248
264
266
250
238
240
250
837
260
250
250
189
250
249
249
249
256
249
249
283
249
250
250
250
250
249
250
835
250
249
249
34
249
248
250
26
257
64
248
249
248
251
246
250
247
245
254
249
256
250
231
253
251
-1
250
250
249
249
245
249
624
255
250
248
139
271
250
-1
792
250
250
248
238
248
253
836
250
249
249
249
243
250
248
249
249
249
250
249
249
249
865
249
-1
250
246
246
250
251
250
249
249
840
-1
245
842
250
250
248
219
250
250
249
249
250
252
246
-1
249
249
249
250
250
246
250
249
250
29
250
256
248
252
249
250
272
249
249
250
249
251
250
249
250
249
255
250
250
250
13
250
243
250
250
248
250
249
250
250
779
249
250
250
70
-1
249
249
-1
250
84
247
249
250
147
252
272
247
249
-1
250
249
251
624
249
250
248
51
-1
250
93
301
273
246
249
250
249
250
741
-1
288
244
248
249
250
749
-1
249
249
251
249
247
249
250
25
249
249
249
249
248
250
-1
843
249
249
250
706
249
251
249
838
250
249
249
244
249
846
249
249
250
231
115
249
250
-1
874
250
843
248
251
690
250
250
249
-1
249
54
612
249
643
249
241
179
107
249
249
250
248
251
248
250
247
359
250
251
250
249
263
838
293
250
249
831
250
249
-1
253
247
251
249
250
-1
844
256
250
249
693
250
249
-1
248
786
251
249
179
-1
249
251
246
294
250
250
250
250
250
4
249
249
249
155
250
250
249
257
687
249
927
250
249
839
253
249
246
249
250
249
249
250
258
249
247
-1
250
249
249
249
249
250
294
250
-1
249
-1
250
249
250
249
249
250
250
249
-1
250
249
249
249
249
247
249
250
-1
250
250
845
249
250
249
249
250
249
249
250
833
249
250
250
250
250
250
193
250
193
253
-1
249
250
246
-1
250
249
249
250
250
250
-1
249
250
246
717
114
249
880
249
249
249
249
249
250
250
80
250
250
169
249
-1
887
-1
248
249
249
196
249
18
-1
-1
250
253
249
249
249
250
249
-1
250
249
77
247
249
249
453
249
249
249
249
-1
252
249
252
258
249
249
248
247
249
-1
249
251
839
249
255
249
249
256
246
249
250
249
762
256
250
250
248
271
249
249
237
248
670
250
248
250
250
249
250
-1
253
-1
849
242
250
254
249
817
34
249
249
250
250
250
247
35
875
249
249
249
250
847
623
250
250
250
250
249
249
250
250
275
250
-1
-1
246
-1
229
250
251
249
249
250
249
156
242
250
834
247
-1
250
248
250
254
249
249
250
-1
249
250
249
249
248
186
832
254
250
291
249
243
250
260
249
250
810
250
-1
257
250
250
249
167
250
251
250
250
-1
774
250
250
273
249
249
249
840
-1
-1
250
249
249
265
248
240
-1
12
250
249
248
250
250
301
255
250
249
143
254
76
839
250
250
295
238
157
53
253
-1
249
458
247
249
249
832
250
863
-1
250
249
257
708
250
249
249
-1
668
249
250
250
250
250
249
249
-1
250
249
249
256
250
250
249
249
249
706
249
250
249
833
249
249
248
253
247
250
249
249
249
250
300
249
250
842
865
250
250
249
113
-1
249
251
250
249
250
249
249
249
249
985
245
744
248
-1
249
250
249
-1
250
249
250
12
250
250
250
252
250
248
250
250
-1
250
251
250
251
244
249
242
249
813
249
247
250
250
9
690
-1
243
250
246
250
432
247
129
248
245
249
251
250
357
250
248
355
839
-1
249
249
837
254
249
247
364
247
250
249
249
250
249
250
250
252
250
247
100
841
250
252
258
247
287
-1
-1
250
181
-1
259
249
248
249
249
248
250
249
248
248
249
250
249
249
250
5
250
250
423
249
249
250
249
249
251
250
249
442
250
-1
250
249
252
250
249
250
651
841
851
249
249
28
250
248
249
249
249
249
249
76
247
249
250
249
248
-1
249
-1
842
249
250
-1
249
249
-1
249
250
250
249
-1
249
249
250
-1
247
249
71
249
243
250
249
249
250
831
248
-1
249
250
249
412
249
245
259
250
250
869
244
250
-1
250
750
60
249
250
249
249
250
275
-1
250
249
249
-1
250
250
-1
250
896
-1
249
241
-1
249
250
249
261
250
-1
250
250
252
241
250
249
249
250
471
250
250
251
-1
244
257
-1
23
250
250
254
250
249
250
249
249
-1
-1
831
838
839
251
250
-1
250
249
249
249
248
837
250
250
249
-1
249
249
250
-1
250
250
249
253
249
249
247
-1
250
249
249
250
250
250
251
250
260
42
322
247
260
534
249
25
248
250
250
284
249
247
259
250
249
257
249
851
249
249
250
249
-1
250
293
-1
249
241
249
251
250
251
250
249
-1
250
-1
88
251
839
249
246
48
947
606
249
250
250
250
249
249
250
250
249
254
250
252
844
250
287
-1
-1
251
246
250
249
248
249
248
250
249
250
-1
249
248
249
248
250
249
250
250
248
249
249
-1
124
249
249
250
250
249
-1
249
249
-1
-1
249
-1
250
-1
770
249
249
250
251
249
249
17
249
249
5
657
260
246
250
157
251
249
681
249
260
-1
250
191
250
251
246
250
250
-1
836
249
-1
250
251
185
249
249
249
-1
249
249
251
639
249
646
195
-1
8
-1
250
250
250
260
250
250
249
250
250
248
249
249
250
250
250
250
249
249
249
249
-1
250
250
249
251
246
1
249
249
237
250
250
-1
248
71
249
251
250
249
249
248
249
840
-1
249
248
462
238
13
52
253
250
251
258
250
248
249
-1
-1
249
5
-1
250
247
298
247
249
249
249
249
250
-1
246
250
82
844
256
842
250
249
269
-1
-1
-1
247
249
250
249
249
250
-1
248
250
39
-1
263
251
249
249
3
-1
256
778
694
250
250
252
251
249
249
256
-1
249
247
250
249
249
-1
7
250
246
486
249
249
-1
250
250
841
273
250
250
253
252
249
250
247
245
249
249
831
250
250
250
249
-1
249
79
250
3
249
250
250
15
249
238
131
249
250
249
250
-1
249
250
249
249
250
247
250
250
249
247
250
437
250
253
249
249
268
249
249
244
307
250
-1
276
250
362
637
250
249
249
249
250
250
-1
250
-1
249
249
247
250
249
249
-1
225
236
256
248
250
250
15
-1
-1
247
250
250
250
250
-1
-1
249
-1
250
231
250
848
49
245
249
250
249
-1
250
663
250
-1
237
249
8
777
249
244
4
249
249
250
249
737
250
249
776
250
249
250
250
250
246
-1
249
249
249
250
250
837
366
250
295
251
250
250
-1
249
249
251
249
250
640
250
253
250
251
248
-1
-1
272
250
249
-1
241
34
-1
249
250
250
249
249
169
251
249
256
250
250
252
249
250
250
247
250
-1
278
249
249
248
275
501
249
164
248
250
250
249
241
250
248
116
-1
354
250
249
250
-1
749
38
249
250
249
250
249
250
872
249
257
242
249
250
-1
250
796
250
248
247
252
249
249
334
248
249
250
251
249
-1
249
130
249
250
248
250
249
249
781
840
249
247
245
249
247
250
256
250
250
248
249
783
249
1
248
840
250
250
245
250
248
832
249
249
250
250
249
248
250
248
249
252
249
244
250
247
230
254
-1
253
593
253
250
830
837
249
249
249
7
844
-1
250
249
250
252
251
250
277
250
83
249
250
249
51
250
831
249
249
247
250
-1
839
834
249
841
250
250
626
385
250
249
248
-1
250
249
245
297
259
-1
249
250
249
-1
250
250
249
253
249
250
849
251
324
250
249
247
249
249
238
250
250
842
251
252
274
270
253
249
249
250
249
249
250
249
248
250
248
242
836
257
-1
557
-1
251
250
250
250
249
248
252
360
244
250
245
250
258
754
245
250
249
248
249
250
252
249
252
29
250
250
-1
249
251
250
249
17
250
249
250
250
250
253
249
249
249
249
249
838
250
249
-1
250
9
249
250
250
249
248
-1
249
250
251
250
547
250
249
250
249
249
775
250
290
250
779
249
707
249
247
249
250
249
237
250
250
250
231
249
249
250
250
-1
252
249
249
101
249
249
627
250
250
250
254
250
249
250
15
249
252
249
250
250
250
250
317
-1
248
841
250
250
250
250
250
249
352
545
244
249
249
243
251
250
250
253
250
246
49
250
248
249
249
968
7
258
257
250
249
250
250
251
248
250
248
250
249
276
250
841
249
250
250
246
840
249
250
250
250
249
250
250
250
249
-1
838
250
251
249
250
835
250
250
250
249
250
250
250
249
250
249
247
-1
253
-1
230
234
250
249
250
290
250
-1
250
249
250
248
255
250
252
270
249
250
250
249
249
250
250
248
156
251
191
225
1
238
249
250
249
250
248
250
248
253
249
251
-1
250
248
248
-1
250
249
66
248
250
249
111
251
249
244
249
-1
-1
251
249
250
847
282
249
250
249
250
248
250
234
250
113
293
250
249
249
831
250
-1
249
-1
-1
-1
247
241
250
255
271
259
243
49
592
249
244
-1
246
246
645
249
249
927
251
250
283
453
247
277
81
249
691
251
249
250
250
249
690
249
250
254
251
249
249
250
250
250
250
276
249
249
248
846
249
248
249
250
251
250
247
250
865
249
250
250
250
250
249
249
250
248
250
-1
250
250
-1
251
250
249
248
250
247
853
-1
250
838
250
836
7
250
248
250
239
249
249
248
250
248
249
250
797
822
250
853
-1
249
244
250
787
250
250
693
249
249
254
249
250
249
248
374
843
248
-1
250
289
-1
248
249
47
177
250
111
249
17
249
249
251
125
607
-1
249
249
249
253
248
251
250
-1
250
250
849
249
250
249
250
829
256
249
250
-1
237
250
250
246
250
245
250
250
-1
250
252
248
248
250
249
668
111
250
250
246
249
263
72
73
247
249
249
241
249
250
249
250
246
246
630
250
-1
250
250
250
249
245
249
710
843
249
249
249
250
263
249
840
236
250
251
250
250
744
249
250
585
250
250
250
848
249
261
251
250
251
249
249
250
250
250
250
249
251
249
250
241
-1
250
845
250
249
250
250
251
-1
249
251
250
249
249
283
832
96
6
835
249
250
249
249
249
250
249
779
249
250
806
249
250
-1
248
259
246
249
251
249
243
250
249
250
250
250
250
848
249
251
250
788
249
248
251
249
253
250
245
-1
-1
-1
250
250
249
249
250
250
250
249
243
854
249
249
250
840
249
250
249
250
250
827
250
249
250
1
245
59
249
250
-1
250
1
249
-1
249
239
250
250
250
250
690
249
250
255
250
249
249
-1
249
246
250
250
250
253
234
523
250
249
246
250
256
-1
250
249
573
248
250
249
250
244
249
238
250
250
250
249
249
249
249
294
781
249
250
250
249
251
250
-1
250
-1
720
249
249
832
80
-1
249
251
249
250
249
845
250
250
250
250
250
250
-1
249
249
250
249
250
250
249
675
250
844
250
251
257
249
255
251
60
250
-1
124
252
246
249
249
251
255
249
257
248
253
-1
250
249
90
249
250
249
247
250
250
250
250
249
249
-1
250
249
248
249
13
250
245
876
249
250
249
-1
250
249
6
264
256
249
-1
250
250
249
247
248
-1
250
250
249
251
642
249
693
248
249
250
841
255
249
-1
250
148
250
250
249
245
251
249
249
249
249
-1
250
249
802
249
251
249
250
249
250
249
251
250
249
-1
250
249
249
249
838
-1
247
253
250
249
249
249
249
249
249
247
249
249
856
249
249
250
251
747
-1
249
249
251
249
250
249
249
249
250
249
250
250
-1
243
250
249
249
249
247
249
777
259
250
249
250
250
249
254
822
250
244
250
59
250
77
249
250
250
250
249
250
249
250
247
249
249
249
250
250
249
249
-1
250
250
249
-1
791
835
249
867
245
-1
249
246
250
250
246
251
259
249
436
249
249
249
250
257
249
775
249
250
250
250
776
249
249
250
-1
250
249
766
248
249
249
828
250
254
235
249
250
250
250
251
257
249
249
642
250
249
251
250
250
250
250
-1
249
248
248
250
248
247
667
250
278
628
250
234
620
250
250
249
249
249
250
252
779
249
-1
247
249
-1
249
251
253
252
249
248
250
249
306
249
250
250
249
828
251
258
250
246
249
249
249
249
640
248
249
250
248
253
250
1
297
250
249
251
249
251
243
48
653
248
249
254
249
864
249
250
-1
-1
249
250
249
252
841
250
249
250
250
245
250
249
184
249
247
773
249
249
250
277
249
250
12
21
249
249
286
249
249
112
780
241
249
248
249
260
248
248
664
235
248
253
250
236
93
831
250
250
268
-1
250
-1
251
249
248
249
250
250
249
247
248
250
253
249
250
249
269
249
257
237
250
249
251
252
877
249
842
818
-1
248
250
270
249
-1
248
250
706
551
624
843
250
250
250
261
249
250
249
249
250
246
250
247
252
251
249
250
804
250
249
250
249
250
249
249
249
250
-1
249
249
245
250
250
249
286
783
-1
776
245
249
249
253
249
250
249
249
246
250
852
253
250
250
245
828
74
240
-1
249
791
250
249
88
251
249
253
255
246
250
249
249
-1
250
249
844
249
272
336
249
256
251
271
249
250
246
250
250
838
253
-1
250
250
250
250
250
250
276
249
827
251
250
255
249
-1
240
249
250
248
836
283
251
247
250
250
253
249
249
250
198
250
250
249
250
249
82
249
249
-1
-1
250
249
816
247
250
250
634
249
248
251
246
841
236
249
249
250
250
607
10
250
249
255
250
249
249
250
250
250
249
253
638
250
250
248
251
850
840
246
237
251
249
249
251
251
249
248
249
247
578
246
56
249
250
249
249
-1
249
250
249
248
249
250
250
249
250
249
249
251
250
249
247
538
-1
249
249
250
250
250
249
250
160
-1
250
250
253
249
842
240
246
-1
249
654
248
-1
249
111
249
-1
-1
838
250
250
110
250
249
249
250
252
249
249
843
249
250
249
275
249
249
250
249
251
249
255
-1
250
846
249
249
250
249
249
250
250
249
249
666
-1
250
250
252
250
248
236
-1
249
-1
248
249
250
-1
250
-1
250
245
250
250
249
260
8
-1
250
263
249
250
250
248
249
247
249
-1
251
251
250
-1
249
251
255
247
250
249
250
249
249
250
251
249
245
250
249
248
250
249
249
247
250
250
250
249
249
250
250
250
249
184
250
249
249
269
277
253
249
250
249
249
250
250
249
249
250
246
249
257
247
251
230
249
250
139
250
321
251
249
249
78
249
-1
248
249
249
250
249
199
-1
250
249
250
153
250
762
251
249
843
213
250
851
249
249
249
250
-1
249
250
250
250
249
248
-1
285
249
839
249
251
250
-1
244
232
253
249
838
250
243
249
250
249
250
250
249
705
249
249
242
250
250
250
250
250
249
250
249
249
271
249
251
249
250
248
244
249
249
250
-1
246
249
185
754
250
252
246
250
249
250
271
249
249
405
303
190
250
707
249
-1
250
103
255
-1
296
104
250
821
233
249
833
-1
249
250
250
249
249
250
249
249
269
283
273
249
250
484
250
250
249
261
841
269
622
251
250
705
779
250
249
249
249
250
250
-1
249
250
-1
250
249
250
249
249
251
250
249
-1
245
243
250
249
-1
-1
249
249
250
250
249
249
250
249
249
249
-1
-1
248
250
249
249
249
250
-1
663
249
250
251
249
16
249
179
254
257
-1
252
248
249
250
250
247
138
250
250
249
-1
246
348
-1
250
250
250
-1
250
250
249
392
250
249
261
780
249
631
249
249
269
259
253
250
249
-1
246
249
-1
369
250
259
-1
251
249
249
254
47
251
249
249
249
250
250
249
250
265
-1
250
250
251
249
839
250
241
-1
249
234
249
249
250
250
250
250
255
249
249
201
253
250
249
250
256
250
252
249
249
249
786
246
-1
125
250
239
249
284
249
-1
704
249
250
249
187
249
251
250
249
746
250
-1
249
251
259
250
249
250
249
743
-1
250
844
154
249
249
249
249
253
782
250
281
249
249
268
600
249
249
248
253
250
838
250
249
250
249
249
249
249
249
250
249
250
250
249
249
-1
250
250
249
249
250
-1
250
381
255
250
250
250
250
553
250
247
249
249
249
251
250
250
249
253
250
250
248
249
239
13
22
261
271
249
243
239
-1
249
250
282
265
620
250
249
249
249
249
-1
281
249
248
249
246
260
53
839
250
73
249
254
249
252
247
393
109
250
250
250
249
249
248
247
249
249
-1
250
815
249
771
249
249
255
250
250
-1
257
-1
-1
253
233
250
250
249
250
249
248
349
244
249
250
839
250
842
250
269
249
249
304
249
250
249
249
249
250
833
168
251
249
264
248
250
247
249
249
250
248
-1
249
251
250
250
250
250
249
-1
250
249
249
253
250
-1
250
23
250
250
-1
250
-1
250
249
250
249
249
250
248
-1
249
247
249
270
246
261
250
250
460
-1
249
253
250
250
250
-1
-1
250
250
248
247
249
251
250
250
248
311
250
249
249
251
250
249
-1
250
239
31
74
250
249
251
249
250
250
250
250
251
245
250
-1
249
153
250
250
-1
250
-1
248
260
836
250
250
832
251
249
299
1
250
250
250
254
250
243
465
251
152
-1
240
250
249
843
249
250
245
249
251
250
249
-1
254
250
250
198
249
244
250
250
153
245
248
249
249
249
250
250
249
267
-1
250
250
249
250
249
250
259
842
14
249
250
254
249
250
249
250
248
249
249
243
250
252
250
250
249
249
249
255
250
250
251
250
249
-1
636
249
249
78
308
250
249
250
249
844
249
250
249
249
249
249
747
248
-1
248
250
249
250
250
250
249
249
249
250
249
249
249
277
249
9
833
250
249
250
249
250
-1
688
249
249
250
249
250
249
252
249
251
130
250
297
250
250
253
-1
-1
250
842
249
253
249
249
250
249
249
241
251
250
249
248
249
250
250
250
250
249
254
250
251
-1
249
250
250
250
2
250
250
249
247
249
251
15
835
252
252
249
325
248
250
135
249
249
251
249
257
249
250
249
238
249
833
249
66
611
249
-1
248
250
233
870
250
-1
249
249
249
258
258
251
251
250
289
101
250
249
-1
250
249
-1
250
249
97
249
251
829
-1
250
249
250
249
249
250
-1
646
255
251
249
250
848
250
249
250
249
244
250
249
249
250
250
250
1
250
249
250
655
836
249
251
251
318
243
249
249
356
248
250
377
250
252
23
259
252
438
761
249
250
-1
250
249
249
246
-1
248
256
638
257
250
137
250
249
249
251
249
250
250
387
249
249
250
247
248
234
251
434
247
272
250
249
249
-1
243
234
250
252
-1
248
249
248
10
250
249
99
248
249
249
249
249
250
249
248
837
250
260
250
840
253
249
82
249
-1
249
249
249
250
836
250
250
824
824
248
246
250
687
326
247
250
249
250
250
250
250
-1
248
250
251
249
249
-1
250
249
249
250
246
-1
250
281
250
250
249
241
250
665
248
248
250
-1
248
-1
241
831
249
250
249
250
249
250
-1
250
247
243
246
250
814
-1
250
250
250
249
250
250
250
250
249
251
245
250
249
250
841
250
250
250
250
249
-1
249
637
250
249
249
273
251
252
251
-1
249
249
536
255
250
251
-1
249
250
7
251
249
249
249
249
249
250
243
634
18
249
-1
249
-1
249
-1
249
251
249
42
249
251
50
-1
241
250
387
250
363
250
249
250
164
622
250
251
249
73
249
253
249
250
533
-1
249
-1
249
287
251
536
249
249
249
250
81
-1
250
251
690
-1
-1
249
2
141
12
250
249
687
250
249
249
249
250
802
303
248
249
250
248
249
250
248
249
249
126
661
842
249
348
129
244
249
250
251
250
254
250
251
-1
249
665
250
250
250
250
250
250
246
263
249
249
249
277
-1
250
139
-1
250
250
248
249
248
250
269
249
-1
250
-1
843
-1
256
-1
250
249
250
250
249
249
249
249
249
254
249
249
653
250
246
250
254
742
247
250
249
239
251
249
248
711
249
250
246
275
250
249
-1
238
249
249
247
273
249
-1
248
252
181
249
249
249
250
249
259
4
249
747
245
-1
249
271
250
91
250
250
236
249
279
249
249
272
250
250
-1
337
250
249
250
259
250
245
249
250
257
249
238
841
249
256
245
250
250
866
247
126
250
248
249
250
360
-1
250
249
838
317
704
835
249
252
249
250
250
874
249
249
249
249
250
250
250
250
248
249
250
243
249
252
249
258
-1
262
814
250
247
250
249
256
250
250
249
-1
249
250
240
846
248
249
249
250
249
808
250
250
249
249
250
-1
269
254
254
249
249
832
250
247
250
249
252
235
249
-1
249
248
250
112
258
11
247
400
247
250
843
250
243
245
248
249
308
250
249
249
250
269
167
250
-1
837
250
240
250
249
-1
250
247
255
249
248
250
249
237
249
362
260
249
254
670
706
249
249
250
-1
250
253
249
249
762
247
250
249
48
-1
250
250
-1
250
250
249
249
-1
760
249
-1
250
249
-1
250
249
250
249
249
253
-1
877
249
255
248
250
250
249
250
241
249
249
241
258
777
252
248
250
247
16
249
839
250
249
249
250
261
245
249
322
249
249
251
837
251
72
775
249
250
249
250
867
262
249
689
21
251
252
249
242
38
255
284
250
170
250
249
618
882
248
250
250
250
250
250
249
257
191
249
351
258
249
392
-1
249
249
249
244
834
251
249
197
839
254
251
250
-1
250
250
250
250
281
249
249
250
-1
-1
250
250
249
-1
-1
249
249
251
247
-1
356
248
249
249
250
779
249
250
250
249
524
248
237
250
-1
249
837
250
238
115
-1
253
250
244
249
16
-1
250
245
249
673
253
250
247
250
875
249
249
249
250
249
249
249
249
-1
269
249
177
250
251
250
614
249
-1
250
249
250
250
250
863
248
708
248
-1
249
-1
250
841
705
250
277
250
250
248
194
249
-1
245
249
250
883
-1
249
249
245
249
249
250
145
-1
249
247
252
233
249
234
249
192
247
250
249
-1
250
248
249
249
250
249
250
248
638
249
252
841
249
249
-1
250
836
823
250
40
250
251
250
820
249
259
249
250
250
248
249
-1
254
47
249
250
250
250
843
249
250
51
249
250
251
250
250
-1
364
250
250
250
250
250
249
250
246
250
250
247
250
248
111
248
249
249
251
250
921
250
250
250
257
249
250
249
249
251
250
247
-1
-1
250
249
249
269
250
244
252
250
251
249
250
816
-1
249
251
249
58
249
255
8
249
250
383
249
254
-1
249
250
237
250
250
250
355
249
553
249
250
667
250
233
253
249
250
248
763
263
126
250
257
-1
829
248
250
249
245
249
253
248
-1
250
247
253
245
20
-1
249
250
249
248
65
247
-1
-1
250
249
249
250
276
259
250
249
252
250
249
249
250
250
251
833
250
250
-1
250
249
250
250
248
248
250
249
770
247
249
250
-1
-1
249
239
275
260
246
242
164
248
834
17
249
250
250
108
249
249
250
778
10
-1
249
249
251
519
250
-1
249
249
250
249
249
249
249
249
250
250
250
249
250
250
250
243
249
246
249
250
245
249
249
247
250
250
254
249
-1
249
249
249
250
257
249
249
249
841
249
279
245
250
280
829
877
250
272
251
251
249
253
250
249
250
612
250
250
250
250
250
250
250
248
655
250
249
707
249
249
250
249
249
249
250
249
246
249
-1
250
250
363
287
260
250
250
250
241
749
249
249
251
857
834
249
250
249
257
249
249
250
814
250
246
243
249
250
249
249
92
249
249
250
250
250
249
252
252
248
247
835
249
286
249
250
249
249
250
249
250
250
248
846
250
250
249
278
256
250
284
250
250
249
275
128
839
250
249
250
250
-1
249
249
-1
250
242
250
250
250
250
250
334
250
248
246
87
274
250
250
250
250
250
250
250
842
250
-1
247
250
782
-1
250
249
249
249
250
250
272
-1
432
249
248
4
248
-1
250
250
249
250
768
251
249
249
29
249
249
364
249
250
250
249
250
840
251
252
249
249
276
246
202
-1
257
250
274
248
250
250
249
251
243
249
597
830
250
249
240
246
249
250
249
246
125
252
-1
250
256
249
249
-1
250
249
251
249
249
355
249
245
1
249
249
250
250
249
249
782
251
2
250
8
265
248
253
251
248
252
250
288
250
249
250
250
249
-1
-1
250
251
246
250
249
273
250
249
249
249
250
249
249
249
269
249
391
8
250
249
249
249
250
250
250
250
249
250
251
249
250
249
250
73
249
265
252
249
44
249
244
249
251
-1
232
250
250
250
250
250
249
251
250
250
274
249
-1
190
250
249
250
250
249
250
249
249
250
248
249
250
249
-1
250
250
249
250
250
259
249
270
248
247
247
250
-1
250
246
256
250
250
248
250
649
250
250
249
249
780
250
250
243
250
250
249
302
-1
250
250
249
250
-1
249
-1
96
250
-1
249
250
252
251
249
253
250
381
278
-1
249
835
250
838
250
249
255
251
867
249
249
237
250
249
249
-1
250
250
369
249
249
83
250
251
-1
249
249
250
259
250
240
249
234
249
249
258
784
250
-1
249
237
250
250
250
248
249
249
249
258
249
249
250
248
250
357
249
260
464
250
246
247
249
284
250
249
250
249
884
-1
249
249
250
248
249
249
249
249
250
245
-1
249
249
5
250
249
829
250
249
249
250
244
250
207
259
250
247
20
249
249
250
3
250
249
248
61
250
249
249
250
250
249
250
-1
249
835
249
250
250
249
249
830
-1
406
250
249
250
249
250
249
186
250
242
7
250
621
250
251
249
-1
249
250
837
250
53
246
250
248
-1
249
-1
272
-1
249
250
869
250
250
249
249
249
71
183
251
750
247
250
249
249
249
249
271
250
249
249
250
250
17
251
279
249
250
249
249
249
250
250
252
30
250
254
249
251
118
249
250
250
245
242
248
249
250
249
250
250
67
250
249
248
63
250
658
250
249
249
250
249
250
-1
250
852
249
249
250
250
250
250
878
249
250
26
254
263
250
867
250
251
252
249
250
251
250
698
252
250
260
250
250
250
251
250
639
241
249
250
239
844
250
249
249
249
-1
820
-1
-1
249
250
250
249
841
269
250
256
-1
355
255
248
-1
256
249
250
247
249
249
249
249
88
683
244
249
249
249
-1
250
250
250
250
-1
250
250
972
52
266
252
255
261
99
250
249
250
250
250
-1
250
249
886
250
251
251
249
825
-1
707
250
14
250
250
249
249
250
250
250
249
250
250
249
253
250
249
249
248
-1
249
254
253
250
249
643
245
249
249
250
250
249
729
250
250
249
58
250
249
249
250
249
651
252
250
374
249
249
-1
249
250
251
276
252
-1
129
250
247
238
250
839
249
249
283
249
250
268
250
249
249
18
249
250
249
250
246
249
249
266
251
148
708
250
248
867
250
250
249
251
250
249
253
249
250
250
249
249
851
250
248
244
772
249
68
248
239
249
-1
250
250
288
250
-1
747
250
-1
282
249
249
-1
767
249
250
249
252
250
248
840
838
250
64
249
250
250
250
177
250
250
249
270
250
782
250
244
271
298
80
249
251
249
150
250
248
275
-1
249
249
250
249
249
730
249
250
-1
250
244
249
250
249
269
248
249
248
249
249
250
244
250
14
250
249
244
249
-1
251
841
692
248
246
250
250
-1
675
742
250
248
250
250
706
249
250
249
250
250
251
265
249
247
249
251
250
84
250
249
252
690
250
249
249
250
250
249
247
250
249
249
476
842
574
279
249
-1
252
-1
252
264
250
250
250
151
250
250
826
-1
253
673
249
249
415
98
252
292
249
250
254
250
249
249
250
250
249
249
85
4
250
249
277
250
250
254
249
250
-1
249
250
239
247
80
254
248
249
249
249
867
329
250
249
249
248
249
250
-1
-1
250
153
250
260
250
249
9
247
247
249
250
250
250
249
359
249
250
247
247
249
250
249
74
249
249
881
249
866
250
250
844
252
251
107
250
154
-1
140
250
250
250
250
249
250
62
250
250
249
249
250
250
250
250
-1
790
249
781
250
250
249
249
251
251
249
165
250
-1
249
250
250
250
250
93
249
250
249
249
250
-1
409
249
250
249
249
-1
905
249
249
249
249
249
848
250
246
-1
35
239
249
249
250
249
250
250
249
249
249
250
249
249
250
255
250
241
250
249
-1
249
744
26
249
249
248
250
248
248
250
250
249
260
250
-1
250
521
250
250
250
249
820
249
-1
268
250
250
250
639
250
660
250
251
128
62
250
273
763
252
253
249
249
250
248
250
-1
250
111
250
242
248
250
249
250
249
-1
521
250
252
249
249
318
246
245
238
249
249
-1
270
250
250
832
732
-1
250
250
247
249
233
249
249
250
9
249
252
250
501
252
250
248
249
-1
124
249
-1
243
249
250
250
-1
256
249
249
839
250
249
250
250
250
249
181
252
258
249
249
249
250
249
204
250
240
249
249
249
249
250
253
249
250
250
249
250
249
250
249
249
-1
248
251
250
247
247
249
247
249
250
248
250
249
255
933
249
249
249
262
249
250
247
249
250
250
-1
184
249
-1
249
250
249
250
-1
250
250
250
830
680
249
241
-1
690
250
249
249
48
247
116
248
249
250
272
248
-1
250
251
250
269
254
247
249
250
636
248
249
249
233
250
249
250
-1
249
248
247
243
252
249
249
250
248
-1
250
832
204
250
294
250
251
247
249
853
665
249
248
84
250
245
250
247
-1
249
263
249
249
250
249
250
270
249
249
250
263
-1
249
26
618
250
249
249
250
249
136
248
356
-1
840
249
249
250
250
253
16
258
797
249
255
250
250
249
250
270
248
251
249
249
249
250
249
860
249
249
249
250
-1
249
250
262
250
200
250
250
250
250
249
677
249
257
268
249
250
250
250
250
247
249
250
250
249
249
249
681
249
249
830
100
-1
250
271
250
-1
249
690
249
250
251
-1
250
249
252
250
250
282
-1
250
747
360
249
4
251
250
259
249
250
250
81
250
262
249
661
259
249
26
250
-1
252
249
-1
257
250
251
836
249
250
251
811
249
-1
-1
-1
697
250
249
249
250
244
248
249
248
250
656
250
258
-1
250
218
-1
251
254
244
692
250
248
259
250
250
409
250
249
250
250
249
740
871
249
249
250
276
251
249
250
249
250
249
250
249
249
-1
280
249
248
251
249
249
124
250
250
249
2
250
249
250
249
249
250
954
275
256
-1
252
213
3
250
250
249
249
249
250
249
249
447
250
354
250
251
248
248
865
248
249
250
832
-1
-1
249
250
250
249
250
251
248
249
250
250
249
249
546
249
250
250
249
249
248
41
837
249
776
250
247
290
249
868
249
251
237
250
841
250
249
847
249
254
-1
240
245
-1
-1
249
250
77
689
517
249
839
250
251
250
250
249
249
249
249
250
248
-1
249
249
250
252
246
250
248
250
255
250
246
527
165
182
250
249
249
250
250
250
249
250
249
251
272
250
249
250
250
249
72
250
249
250
250
258
246
250
256
249
250
249
250
249
249
249
254
249
273
-1
-1
249
247
251
244
226
247
250
250
417
249
249
-1
245
249
248
250
248
251
259
249
250
631
251
239
250
250
249
272
249
250
242
249
249
250
249
249
250
249
250
-1
249
250
860
250
-1
247
250
249
249
250
248
249
250
250
237
250
250
35
249
249
840
232
250
249
250
250
250
249
272
269
249
871
249
249
-1
258
250
250
251
237
250
256
249
241
249
248
250
847
249
-1
-1
250
250
609
250
250
249
249
250
250
-1
77
249
249
251
249
245
247
249
290
715
249
848
249
250
250
-1
497
249
249
243
250
248
249
249
249
179
250
831
249
-1
249
249
250
250
255
249
250
249
249
249
252
249
249
250
252
250
250
250
-1
249
250
250
250
249
250
249
250
247
247
250
700
251
-1
250
238
248
250
249
-1
250
94
249
250
625
249
250
-1
251
121
246
249
249
250
250
250
250
249
248
249
249
239
839
250
249
820
249
250
250
249
249
250
-1
86
249
250
249
253
-1
543
249
249
900
250
839
-1
249
249
250
-1
250
249
259
250
249
249
249
829
249
636
-1
250
529
-1
249
246
250
274
249
249
157
-1
250
250
253
249
249
249
249
250
249
258
522
249
250
249
249
562
843
121
251
250
-1
249
250
250
249
250
734
250
250
249
251
250
249
248
-1
246
521
248
249
250
844
249
250
254
250
251
251
248
249
252
249
250
250
249
249
250
249
6
249
605
249
250
248
387
250
-1
249
250
-1
-1
840
-1
250
15
249
242
880
988
250
249
657
-1
248
250
978
246
250
255
248
-1
249
248
9
247
250
257
249
287
250
51
250
250
249
252
250
249
249
250
250
670
249
250
250
290
249
-1
249
250
249
250
251
249
251
89
249
247
250
250
250
250
256
249
249
250
330
250
268
249
253
249
249
250
263
248
250
250
240
253
249
249
840
246
242
250
248
249
249
-1
249
250
552
507
250
50
248
250
249
247
711
250
250
247
249
3
249
249
228
233
250
249
249
250
250
428
309
250
249
250
-1
249
249
252
248
250
250
-1
866
233
246
249
249
250
249
250
249
250
818
250
250
774
464
249
249
249
249
341
249
250
250
250
250
250
249
250
251
249
250
249
249
249
249
249
250
840
248
-1
249
251
249
-1
250
258
242
-1
96
49
249
250
-1
204
250
225
250
249
249
249
249
249
-1
65
250
249
249
833
257
251
799
250
249
249
250
249
250
249
-1
249
251
249
249
248
250
249
247
250
250
235
-1
842
181
253
250
250
245
-1
136
251
250
249
262
-1
250
250
249
245
664
-1
250
248
250
249
241
250
249
250
249
249
249
249
250
250
250
250
249
250
248
250
249
249
250
252
249
-1
249
249
249
-1
248
92
-1
251
250
250
249
250
249
231
250
251
250
250
249
248
846
251
249
250
245
249
250
250
250
655
252
249
668
249
250
250
249
250
246
250
249
245
252
250
246
249
292
690
249
-1
249
247
140
248
249
249
250
249
247
250
838
520
131
840
249
250
248
283
-1
249
249
249
119
250
840
807
249
250
-1
250
250
664
259
251
246
250
276
183
250
681
250
248
258
248
259
250
249
250
-1
-1
249
249
249
249
249
249
748
250
249
250
249
856
253
249
249
287
249
247
-1
239
837
249
246
-1
248
-1
283
-1
249
250
306
250
-1
249
833
249
249
249
250
-1
250
249
-1
249
250
51
248
250
249
251
249
840
249
249
841
-1
250
248
641
249
250
253
198
250
242
250
268
246
-1
249
63
249
779
249
-1
250
250
251
249
249
250
249
242
250
255
251
-1
249
250
250
249
254
63
250
844
389
249
840
267
252
250
249
107
250
257
249
249
249
249
250
250
-1
250
250
248
250
237
249
246
249
238
250
250
250
249
250
202
249
250
249
249
-1
250
-1
246
249
-1
249
245
4
280
250
249
250
249
250
249
250
247
250
250
743
249
246
252
249
249
249
250
249
249
106
250
249
249
250
249
249
513
237
250
249
250
773
398
249
250
250
565
250
196
249
518
249
256
249
847
250
249
250
256
250
249
249
250
250
250
249
247
299
-1
284
256
249
1
250
249
250
246
249
255
228
269
250
65
249
250
250
28
15
249
249
249
246
-1
2
249
198
251
249
249
400
250
250
-1
251
249
249
249
250
666
248
253
242
250
256
-1
250
249
250
250
250
785
2
249
250
843
250
434
143
247
249
56
252
-1
351
252
250
250
249
250
250
248
249
250
430
814
250
250
250
1
878
264
250
252
249
26
10
249
250
-1
247
250
253
250
250
250
824
248
274
250
249
249
357
256
250
250
261
249
249
249
250
249
250
249
249
249
249
251
250
710
26
251
250
251
246
979
250
49
249
249
250
666
249
250
253
250
250
-1
249
250
249
250
247
250
249
370
249
250
254
248
249
249
-1
257
249
249
249
250
272
250
-1
252
-1
784
249
-1
253
248
249
249
256
772
247
388
-1
250
101
247
249
250
250
250
249
250
249
250
251
249
262
249
260
75
250
249
250
250
249
250
254
-1
249
249
249
783
250
249
5
-1
250
251
249
250
249
249
247
245
250
249
236
249
246
-1
250
250
250
251
250
83
250
250
801
250
251
249
239
254
249
249
249
250
4
249
732
249
249
249
251
250
250
253
707
249
-1
250
249
250
249
250
247
249
243
250
249
250
250
250
249
250
250
250
247
250
779
249
881
247
249
249
249
250
250
250
250
774
249
250
246
249
249
350
250
250
136
6
252
251
249
248
200
271
249
249
253
250
250
847
245
354
251
249
250
250
70
-1
249
-1
249
249
250
240
250
250
251
249
94
250
243
241
838
251
275
249
250
249
249
250
250
-1
841
248
249
247
249
250
250
250
249
249
-1
249
-1
249
249
250
5
216
841
248
249
249
250
250
250
254
249
250
249
249
250
250
249
246
255
249
248
249
251
258
249
-1
250
-1
250
250
40
187
249
247
194
250
246
251
249
250
249
254
270
248
250
253
249
250
250
249
251
247
250
361
-1
840
774
250
249
694
249
-1
278
249
249
-1
250
250
249
249
249
250
245
250
250
255
349
247
245
250
249
250
247
278
-1
88
249
250
355
78
249
250
-1
47
250
249
249
250
242
249
249
251
250
250
255
256
250
249
249
246
249
250
249
249
250
250
-1
247
250
262
250
250
-1
250
790
248
250
248
-1
257
-1
907
249
249
249
239
247
249
240
840
281
249
-1
250
-1
840
250
243
250
250
249
249
670
249
251
237
170
250
250
249
-1
250
249
-1
249
250
158
250
250
856
243
249
250
-1
49
249
249
250
255
709
234
250
285
249
270
275
253
250
247
250
249
816
249
250
-1
250
249
249
250
249
-1
250
252
248
250
250
250
250
-1
250
289
250
250
251
247
249
249
-1
249
233
249
250
267
250
1
250
250
250
-1
251
838
527
61
231
250
249
254
250
515
258
841
246
250
250
250
250
248
248
250
248
249
840
607
249
249
247
885
250
250
212
249
835
249
251
250
249
256
245
89
250
250
250
250
251
249
284
251
-1
250
249
257
249
249
249
249
249
250
260
249
250
250
252
249
249
249
250
250
250
250
248
667
250
262
250
249
870
250
250
-1
245
250
517
250
248
849
249
249
248
250
11
250
249
270
260
250
250
257
250
249
271
250
183
249
245
251
90
250
303
250
250
250
250
247
250
850
250
842
-1
250
252
276
245
250
720
250
250
-1
249
249
250
-1
251
-1
250
250
251
249
12
253
851
746
249
248
830
249
253
249
249
249
675
250
249
250
247
249
249
249
249
250
49
245
832
384
249
250
249
250
249
250
245
-1
250
250
251
273
250
508
249
251
250
250
249
250
250
249
249
73
248
-1
-1
249
250
250
250
249
250
249
250
250
249
842
249
249
254
250
249
271
29
249
249
10
249
252
250
249
250
250
245
250
243
249
779
612
248
249
253
250
250
246
249
162
251
248
-1
249
399
241
794
249
249
969
250
145
250
247
250
250
249
249
250
249
250
246
249
245
799
249
838
253
249
250
249
256
-1
261
827
327
265
81
-1
248
250
256
250
-1
250
250
250
249
203
250
141
250
272
249
250
651
-1
249
250
836
245
73
500
249
248
250
249
249
250
250
838
827
245
250
250
842
81
235
-1
249
249
249
249
249
249
249
-1
250
250
250
55
249
250
249
249
-1
-1
249
246
250
250
249
-1
249
249
258
262
-1
250
271
246
249
241
249
249
249
365
-1
275
430
249
691
250
248
250
249
251
249
-1
250
250
250
250
249
249
250
10
250
838
250
-1
841
90
249
247
434
250
249
1
282
249
241
250
-1
249
242
249
276
248
250
247
250
250
838
249
260
252
249
252
250
229
250
-1
250
83
-1
249
251
250
250
250
250
249
249
248
249
250
250
249
379
250
250
249
249
247
250
258
190
250
249
255
250
257
249
249
249
867
249
249
250
248
53
249
250
250
249
249
249
840
250
250
250
250
249
248
90
250
249
250
250
237
250
250
247
250
640
244
251
269
251
712
248
-1
250
-1
116
250
250
-1
249
250
249
250
248
249
252
248
916
250
249
-1
36
776
249
249
249
250
-1
-1
249
250
279
250
-1
-1
25
248
835
245
249
252
249
249
249
249
250
249
254
250
249
250
250
757
-1
-1
250
250
-1
250
-1
250
249
250
100
251
249
250
249
481
826
250
249
249
250
249
248
240
249
746
-1
250
130
839
250
249
245
834
248
31
250
-1
248
249
258
249
73
249
249
249
682
249
244
244
246
250
263
-1
-1
356
250
249
250
249
249
250
249
249
246
250
249
250
251
864
248
-1
92
250
250
252
142
249
250
249
250
249
7
250
250
251
430
847
249
252
250
100
782
250
249
249
250
839
249
249
253
253
-1
250
250
529
249
250
250
253
268
246
249
250
249
842
255
-1
250
250
249
254
250
249
250
614
250
248
250
251
250
248
248
249
42
250
243
-1
250
249
250
250
839
249
249
249
250
249
250
250
249
287
250
250
269
244
841
250
249
250
250
250
249
250
167
65
249
250
249
247
543
250
250
249
-1
250
249
250
274
101
777
250
250
250
246
249
249
246
250
249
691
249
250
249
251
251
-1
250
249
324
831
3
15
250
832
250
249
250
249
249
249
251
250
249
249
250
250
250
250
251
250
249
249
92
249
250
612
252
75
241
249
121
117
250
248
251
249
249
-1
249
-1
-1
525
913
257
250
250
249
249
250
250
249
249
249
250
85
250
72
399
249
833
249
249
250
250
252
261
665
250
12
250
249
841
249
552
75
250
250
250
248
258
249
249
244
364
250
249
249
152
-1
-1
250
249
249
249
251
237
250
249
249
640
-1
249
249
250
224
331
-1
249
250
250
249
229
-1
250
249
249
250
250
250
244
250
250
250
250
291
252
249
250
250
249
243
249
250
250
250
250
249
249
250
250
249
-1
-1
252
298
250
250
248
250
2
250
247
249
250
250
85
250
249
258
-1
250
249
249
247
840
251
271
-1
13
832
250
253
250
-1
254
288
250
249
829
249
191
250
250
285
249
253
249
250
249
250
249
249
250
-1
247
59
843
256
249
249
249
235
249
250
840
249
250
250
274
51
250
249
251
21
669
249
246
249
249
239
250
249
702
239
249
250
250
534
250
250
251
249
247
250
245
-1
251
249
250
250
250
249
248
246
249
-1
250
249
249
250
254
250
232
250
250
202
249
249
272
250
249
250
248
250
249
849
250
250
250
290
244
133
663
250
769
250
-1
180
249
249
-1
-1
250
249
249
250
249
243
-1
249
249
-1
435
249
250
250
249
249
250
249
250
9
249
230
247
249
250
252
250
251
249
249
250
249
250
248
-1
249
249
250
249
-1
268
39
101
259
-1
249
249
-1
250
250
250
838
250
249
278
250
250
6
250
250
250
251
248
250
778
-1
249
249
291
250
10
249
249
274
250
190
249
-1
249
250
26
250
839
250
248
708
249
250
250
249
249
249
250
251
249
249
189
249
250
-1
249
-1
250
61
250
245
250
250
250
826
247
249
837
249
250
249
249
250
250
277
-1
249
328
-1
249
248
259
840
249
251
250
-1
249
787
250
253
362
-1
245
256
250
252
248
250
251
249
249
250
249
866
249
250
247
254
250
250
248
268
250
-1
249
252
244
250
249
249
249
92
258
247
250
251
249
242
217
250
249
-1
248
249
250
250
249
5
248
250
-1
105
285
249
249
250
250
250
-1
249
248
252
250
249
667
250
247
249
840
250
249
-1
250
250
250
250
250
283
249
248
249
249
249
249
250
841
-1
251
250
248
249
250
250
249
250
247
250
839
249
250
249
249
270
248
249
367
-1
250
253
176
840
250
249
250
250
250
268
842
324
-1
249
237
-1
251
249
250
250
250
250
249
250
135
250
252
249
249
77
249
76
-1
77
250
249
249
592
249
248
178
249
193
251
250
250
250
710
249
249
249
250
250
877
249
250
-1
249
250
249
250
332
249
267
249
249
251
250
249
250
249
250
-1
249
250
250
252
249
283
250
253
247
250
-1
250
249
250
271
250
249
-1
247
251
248
250
249
249
834
249
252
249
249
250
250
250
250
251
249
243
828
250
249
249
250
249
-1
250
250
250
252
247
-1
-1
238
87
249
18
248
249
250
249
250
251
249
248
250
280
250
249
249
249
249
250
250
250
249
249
250
250
249
249
250
250
249
249
250
-1
249
249
250
-1
250
251
250
250
249
246
255
250
-1
-1
323
249
247
249
249
250
-1
188
250
265
94
249
249
250
247
249
250
-1
252
711
250
-1
248
248
249
252
248
250
249
249
247
640
249
250
250
250
249
250
834
249
250
250
250
250
709
250
250
732
250
249
249
250
249
250
250
249
249
-1
250
250
249
250
329
249
237
250
249
250
249
249
249
249
249
133
250
249
247
846
249
249
249
249
251
249
249
249
705
248
248
249
250
246
845
251
250
250
817
414
819
248
652
251
249
682
248
249
249
250
249
250
138
250
250
832
249
243
250
250
4
-1
249
251
250
-1
254
652
249
249
249
230
250
755
249
287
251
-1
244
-1
249
-1
251
249
-1
-1
834
249
516
248
249
-1
250
248
23
249
251
750
258
249
258
255
231
249
-1
249
250
249
250
-1
252
249
256
249
-1
249
249
249
248
250
249
288
250
249
248
250
250
249
249
250
250
250
235
250
254
250
252
246
249
250
249
247
249
246
249
