0.00047481
0.00015671
0.00033068
0.00062651
0.00062651
0.00035403
0.00028058
0.00071222
0.00071222
0.00037042
0.00040962
0.00047859
0.00068418
0.00068418
0.00054699
0.00050479
0.00050479
0.00047212
0.00042839
0.00038330
0.00038330
0.00019102
0.00051031
0.00051031
0.00025799
0.00003094
0.00040255
0.00015963
0.00019542
0.00037193
0.00000000
0.00037193
0.00035979
0.00020912
0.00020912
0.00037070
0.00037954
0.00037954
0.00006004
0.00049067
0.00049067
0.00029008
0.00051567
0.00051567
0.00041872
0.00040716
0.00042819
0.00044478
0.00044478
0.00051212
0.00058642
0.00058642
0.00036290
0.00037002
0.00055176
0.00055316
0.00055316
0.00041457
0.00044191
0.00028079
0.00028996
0.00028996
0.00038148
0.00038148
0.00032861
0.00045445
0.00045445
0.00033461
0.00033461
0.00015137
0.00037465
0.00037465
0.00029244
0.00022732
0.00043063
0.00049205
0.00049205
0.00036738
0.00036738
0.00034014
0.00024512
0.00063894
0.00063894
0.00037642
0.00037466
0.00025710
0.00044416
0.00044416
0.00036675
0.00030320
0.00040874
0.00064625
0.00064625
0.00018625
0.00035191
0.00035191
0.00029793
0.00008968
0.00020369
0.00038424
0.00038424
0.00034908
0.00017150
0.00017150
0.00032152
0.00032152
0.00026752
0.00033817
0.00033817
0.00030487
0.00060235
0.00060235
0.00033795
0.00031520
0.00034796
0.00034796
0.00032652
0.00020712
0.00017844
0.00017844
0.00032755
0.00059942
0.00059942
0.00040383
0.00020915
0.00013669
0.00043728
0.00043728
0.00059951
0.00059951
0.00028492
0.00028492
0.00024976
0.00028436
0.00041357
0.00041357
0.00045165
0.00045165
0.00037454
0.00045994
0.00057815
0.00057834
0.00057834
0.00030340
0.00044469
0.00044469
0.00031920
0.00035226
0.00042181
0.00042851
0.00024366
0.00007294
0.00000000
0.00000000
0.00060873
0.00000000
0.00000000
0.00000000
0.00406557
0.00406557
0.00049986
0.00027335
0.00027335
0.00015843
0.00017758
0.00026872
0.00026872
0.00027242
0.00027242
0.00029918
0.00043986
0.00043986
0.00000000
0.00000000
0.00059551
0.00013094
0.00412520
0.00412520
0.00212909
0.00023448
0.00043927
0.00039245
0.00023975
0.00031854
0.00031854
0.00038661
0.00038932
0.00038932
0.00031431
0.00031431
0.00025646
0.00250208
0.00250208
0.00034307
0.00034307
0.00061646
0.00061646
0.00027238
0.00070453
0.00070453
0.00034470
0.00024506
0.00010843
0.00042037
0.00043848
0.00043848
0.00040069
0.00034077
0.00034077
0.00034267
0.00034267
0.00029753
0.00036162
0.00036162
0.00015678
0.00025426
0.00025426
0.00036612
0.00041861
0.00041861
0.00023014
0.00023014
0.00032572
0.00032572
0.00057809
0.00057809
0.00000000
0.00059264
0.00052733
0.00000000
0.00041768
0.00004958
0.00030465
0.00032611
0.00035079
0.00040185
0.00040185
0.00000000
0.00123510
0.00123510
0.00026904
0.00021689
0.00027897
0.00030284
0.00043921
0.00043921
0.00023939
0.00017940
0.00028447
0.00034722
0.00034722
0.00034259
0.00034259
0.00027881
0.00036872
0.00036872
0.00032045
0.00038703
0.00038703
0.00035706
0.00029000
0.00036892
0.00036892
0.00029826
0.00035447
0.00035447
0.00021450
0.00038263
0.00038263
0.00020971
0.00037691
0.00041276
0.00041276
0.00036632
0.00036632
0.00036883
0.00036883
0.00029553
0.00038895
0.00044277
0.00044277
0.00024322
0.00024322
0.00030652
0.00030652
0.00021385
0.00027939
0.00027939
0.00010160
0.00029912
0.00029912
0.00001420
0.00000000
0.00000000
0.00032453
0.00072678
0.00072678
0.00020935
0.00020935
0.00015923
0.00020509
0.00020509
0.00045243
0.00052656
0.00052656
0.00037015
0.00037015
0.00034713
0.00033200
0.00007418
0.00030425
0.00030425
0.00030777
0.00024570
0.00024570
0.00033244
0.00033714
0.00033714
0.00035646
0.00035646
0.00007992
0.00030777
0.00024631
0.00026196
0.00029744
0.00039142
0.00039142
0.00020669
0.00000000
0.00040255
0.00000000
0.00033618
0.00073753
0.00073753
0.00054748
0.00040481
0.00034328
0.00013795
0.00013795
0.00024410
0.00000000
0.00364063
0.00364063
0.00013639
0.00118757
0.00191843
0.00191843
0.00031447
0.00031447
0.00035883
0.00035883
0.00035390
0.00043381
0.00043381
0.00015904
0.00050221
0.00050221
0.00048414
0.00028328
0.00039664
0.00048153
0.00048153
0.00083069
0.00083069
0.00059251
0.00005406
0.00036335
0.00036335
0.00062631
0.00062631
0.00040538
0.00029836
0.00032939
0.00032939
0.00029509
0.00024942
0.00026424
0.00027510
0.00044258
0.00044258
0.00017299
0.00029269
0.00039058
0.00082669
0.00082669
0.00070617
0.00033308
0.00053560
0.00053560
0.00036936
0.00036936
0.00049915
0.00049915
0.00018829
0.00014204
0.00070580
0.00082647
0.00082647
0.00067886
0.00053618
0.00055949
0.00055949
0.00028457
0.00028457
0.00033029
0.00071885
0.00071885
0.00030235
0.00030235
0.00022769
0.00041686
0.00041686
0.00045377
0.00045377
0.00020300
0.00020300
0.00082251
0.00099341
0.00099341
0.00058909
0.00019980
0.00048480
0.00048480
0.00077481
0.00110588
0.00110588
0.00051188
0.00048781
0.00048781
0.00043179
0.00038339
0.00077598
0.00077598
0.00060415
0.00027459
0.00000000
0.00027459
0.00000000
0.00000000
0.00016346
0.00022250
0.00032517
0.00044260
0.00044260
0.00054349
0.00054349
0.00034165
0.00034165
0.00033547
0.00048882
0.00048882
0.00046928
0.00033640
0.00053057
0.00053057
0.00034613
0.00034613
0.00030798
0.00034615
0.00037203
0.00037203
0.00036843
0.00036843
0.00051518
0.00051518
0.00033796
0.00033851
0.00033851
0.00034315
0.00047735
0.00084020
0.00084020
0.00057281
0.00034729
0.00033976
0.00033976
0.00033890
0.00033890
0.00039044
0.00051601
0.00051601
0.00051076
0.00048347
0.00021122
0.00055235
0.00055398
0.00055398
0.00022835
0.00045030
0.00086777
0.00086777
0.00051853
0.00034777
0.00034777
0.00040927
0.00040927
0.00041920
0.00041920
0.00038597
0.00069147
0.00069147
0.00058475
0.00037744
0.00034873
0.00073896
0.00073896
0.00038411
0.00022315
0.00022315
0.00034661
0.00057011
0.00095266
0.00095266
0.00066378
0.00031932
0.00022304
0.00067493
0.00067493
0.00053605
0.00008372
0.00032442
0.00035415
0.00035415
0.00030355
0.00008898
0.00000000
0.00000000
0.00033615
0.00037367
0.00000000
0.00011630
0.00033615
0.00037367
0.00034041
0.00034041
0.00044414
0.00046257
0.00046257
0.00044177
0.00044177
0.00040653
0.00040653
0.00033901
0.00033901
0.00063402
0.00063402
0.00059850
0.00059850
0.00051174
0.00074567
0.00074567
0.00050993
0.00050993
0.00030690
0.00023836
0.00030753
0.00040918
0.00049622
0.00049622
0.00006461
0.00034262
0.00034262
0.00044330
0.00044330
0.00056663
0.00056663
0.00046070
0.00062513
0.00062513
0.00036804
0.00052121
0.00052121
0.00040580
0.00050420
0.00050420
0.00030703
0.00058348
0.00058348
0.00022308
0.00024570
0.00041055
0.00041055
0.00034688
0.00034688
0.00000000
0.00032664
0.00032664
0.00030529
0.00000000
0.00059833
0.00020904
0.00001927
0.00055943
0.00059833
0.00000000
0.00000000
0.00014108
0.00026283
0.00026283
0.00029952
0.00063189
0.00063189
0.00059255
0.00032763
0.00034858
0.00034858
0.00038162
0.00038162
0.00032549
0.00032549
0.00026744
0.00019389
0.00001254
0.00000000
0.00034194
0.00023565
0.00018885
0.00000262
0.00000262
0.00023565
0.00402189
0.00402189
0.00011259
0.00011259
0.00017056
0.00000000
0.00033242
0.00000000
0.00000000
0.00000000
0.00009810
0.00277155
0.00277155
0.00021729
0.00021729
0.00016281
0.00019362
0.00006912
0.00037215
0.00037215
0.00036210
0.00036210
0.00025498
0.00025498
0.00027478
0.00036174
0.00036174
0.00020946
0.00020946
0.00020306
0.00044805
0.00044805
0.00035876
0.00028519
0.00028519
0.00040651
0.00063227
0.00063227
0.00032948
0.00029176
0.00029176
0.00000396
0.00000000
0.00048593
0.00000000
0.00048593
0.00003364
0.00000000
0.00023996
0.00026798
0.00048104
0.00048104
0.00033609
0.00000000
0.00045711
0.00000000
0.00045711
0.00000000
0.00022384
0.00041739
0.00050477
0.00050477
0.00021635
0.00035432
0.00035432
0.00039914
0.00039914
0.00037430
0.00032906
0.00032906
0.00031719
0.00055810
0.00055810
0.00050210
0.00035277
0.00009635
0.00021769
0.00021769
0.00014520
0.00015922
0.00032832
0.00075045
0.00075045
0.00034126
0.00042585
0.00042585
0.00032186
0.00044240
0.00078845
0.00078845
0.00054155
0.00034250
0.00034250
0.00044342
0.00044342
0.00042559
0.00042691
0.00042691
0.00034236
0.00034236
0.00029218
0.00029218
0.00016406
0.00016406
0.00037974
0.00048904
0.00048904
0.00039501
0.00040053
0.00055559
0.00055559
0.00040374
0.00037977
0.00018069
0.00048019
0.00048019
0.00037054
0.00037054
0.00034096
0.00051484
0.00058932
0.00058932
0.00049002
0.00024172
0.00029608
0.00029608
0.00054295
0.00054295
0.00032849
0.00046233
0.00046233
0.00020063
0.00020063
0.00015310
0.00259566
0.00259566
0.00011844
0.00011452
0.00042352
0.00055494
0.00078486
0.00078486
0.00046660
0.00023007
0.00031549
0.00031549
0.00018270
0.00020074
0.00020074
0.00003761
0.00000000
0.00000000
0.00021048
0.00035030
0.00000000
0.00035030
0.00005445
0.00000000
0.00021892
0.00000000
0.00000000
0.00048346
0.00048346
0.00038637
0.00035447
0.00035447
0.00014535
0.00016037
0.00016407
0.00016407
0.00015496
0.00027310
0.00027310
0.00015154
0.00017843
0.00032098
0.00032098
0.00004696
0.00009402
0.00011358
0.00027871
0.00027871
0.00019681
0.00010107
0.00030572
0.00030572
0.00017252
0.00023920
0.00027180
0.00027180
0.00012586
0.00009335
0.00012372
0.00024072
0.00024072
0.00039073
0.00039073
0.00010363
0.00011703
0.00011703
0.00027644
0.00027644
0.00009920
0.00037394
0.00057284
0.00057284
0.00039635
0.00039635
0.00015155
0.00004008
0.00017716
0.00017716
0.00009810
0.00011786
0.00011786
0.00007755
0.00007755
0.00022343
0.00032733
0.00032733
0.00030235
0.00015560
0.00020703
0.00044506
0.00044506
0.00042954
0.00020070
0.00015335
0.00015335
0.00021824
0.00021824
0.00030057
0.00030057
0.00020585
0.00028754
0.00028754
0.00027062
0.00035667
0.00035667
0.00030651
0.00030651
0.00042330
0.00050643
0.00050643
0.00033643
0.00017268
0.00021862
0.00032176
0.00032176
0.00027172
0.00036833
0.00036833
0.00026534
0.00026534
0.00022310
0.00022239
0.00022239
0.00017139
0.00016110
0.00017768
0.00017768
0.00031084
0.00031084
0.00018016
0.00017247
0.00018392
0.00018392
0.00015442
0.00035893
0.00035893
0.00025579
0.00017336
0.00011488
0.00021732
0.00028280
0.00034215
0.00034215
0.00024733
0.00019732
0.00025837
0.00039379
0.00039379
0.00029741
0.00034613
0.00034613
0.00046987
0.00067716
0.00067716
0.00060210
0.00035912
0.00022694
0.00012892
0.00000000
0.00028464
0.00029135
0.00011186
0.00000000
0.00000000
0.00029135
0.00000000
0.00023645
0.00025270
0.00025270
0.00019264
0.00019264
0.00014008
0.00014008
0.00008892
0.00008899
0.00010797
0.00010797
0.00007350
0.00006037
0.00005998
0.00005998
0.00014042
0.00014042
0.00010019
0.00010019
0.00010773
0.00010773
0.00011721
0.00011721
0.00008300
0.00008461
0.00008461
0.00000639
0.00012062
0.00012062
0.00011009
0.00016040
0.00016040
0.00012245
0.00034992
0.00034992
0.00018413
0.00018413
0.00009815
0.00013631
0.00013631
0.00011482
0.00006631
0.00006886
0.00013897
0.00013897
0.00010314
0.00017284
0.00017284
0.00003256
0.00000000
0.00012456
0.00012456
0.00008305
0.00009229
0.00009229
0.00013219
0.00013219
0.00013926
0.00013926
0.00017383
0.00020245
0.00020245
0.00018724
0.00022938
0.00022938
0.00015516
0.00010109
0.00008307
0.00008307
0.00012078
0.00012078
0.00015894
0.00027359
0.00027359
0.00074249
0.00074249
0.00006235
0.00011175
0.00011175
0.00007238
