1.49998
2.38763
3.81538
4.61574
5.56175
6.30056
7.56976
8.45927
9.84689
10.70543
12.17264
12.81578
13.26836
13.39766
13.19850
13.20100
13.32476
13.45487
13.73021
14.09679
14.98715
15.52668
16.26627
16.84988
17.97479
18.53959
19.30520
19.74386
20.50570
20.57639
20.02115
19.71973
19.17422
18.90508
18.76234
18.71741
18.87019
18.62588
17.77239
17.37733
16.84045
16.66327
16.60747
16.79512
17.20610
17.91945
19.41484
20.30108
21.73695
22.54598
23.21722
23.86846
25.02770
25.83807
26.71919
27.34038
28.20158
28.57932
28.93635
28.90888
28.43702
28.42839
28.76573
