1.49984
2.34136
3.51963
4.26297
5.12077
5.94012
7.43443
8.26208
9.38292
10.18199
11.49534
12.29179
13.55479
14.38088
15.81602
16.68957
18.07384
18.92396
20.29884
21.17045
22.22088
22.58784
22.48086
22.70133
23.33742
23.81943
24.87361
25.05477
24.44581
24.46517
24.81992
25.55682
27.04671
27.88679
28.93642
29.83600
30.92055
31.81969
32.99167
33.67056
34.46931
34.98321
35.73914
36.45388
37.65173
38.37831
39.54611
40.30194
41.63015
42.41376
43.57169
44.23626
45.06899
45.46582
45.74964
46.34822
47.67061
48.56181
49.77087
50.59813
51.96714
52.79705
54.18894
54.96324
55.96132
56.60424
57.74757
58.14614
58.11420
58.11723
58.11238
57.81345
57.00813
56.18573
54.74014
53.90025
52.63430
51.87863
50.68275
50.03878
49.23586
48.55225
47.63049
47.26322
47.05239
47.17751
47.82266
48.30978
49.21810
49.97277
51.26287
51.91811
52.72677
53.00002
53.00757
52.84494
52.30829
51.79193
50.91513
50.38795
49.57258
48.95713
47.74329
47.08280
46.01775
45.70547
45.97543
46.01649
45.97484
46.04751
46.20936
46.63277
47.64265
48.29091
49.38361
50.07577
50.74312
51.10182
51.47162
51.57723
51.41183
51.47374
51.87084
51.74533
51.02461
50.61452
49.96799
49.35241
48.19609
47.58456
46.67799
46.37196
46.38171
46.33388
46.39342
45.98806
44.84290
44.28223
43.56964
43.31726
43.26807
43.23893
43.21471
43.36485
43.95354
43.95190
43.38723
43.08382
42.63845
42.09859
40.92189
40.12767
39.24918
38.53487
37.32184
36.61778
35.48603
34.84423
33.98458
33.12921
31.80611
30.97124
29.57700
28.74736
27.32730
26.76016
26.65984
26.39733
25.83836
25.35376
24.43784
23.92867
23.11052
22.78356
22.49493
22.54092
23.02715
23.27582
23.50277
24.09341
25.44476
26.25168
27.44626
28.03782
28.65531
29.04177
29.50265
29.62057
29.65270
29.13761
27.70102
26.89376
25.62145
24.91461
23.95786
23.77273
24.36405
24.78586
25.66661
26.29821
27.52175
28.06720
28.38228
28.83921
29.84175
30.50779
31.31353
31.87781
32.97760
33.17865
32.73151
32.20587
31.17755
30.53741
29.49744
28.72708
27.52424
26.63014
25.56092
24.98222
24.44385
24.40542
25.00571
24.95754
24.33736
23.85685
22.73139
22.42909
22.47979
23.06152
24.51340
25.40545
26.59936
27.43305
28.38605
29.01554
29.96254
30.77550
32.09007
32.90741
34.28194
35.08062
36.41176
36.98403
37.35650
37.69632
38.03267
38.51591
39.63463
40.30225
41.38982
42.09939
42.90752
43.58923
44.46774
44.87613
45.29024
45.38823
45.23939
45.24202
45.28579
45.57337
46.43830
46.89488
47.64133
47.84227
47.62603
47.92521
48.97525
49.52432
50.31613
50.81565
51.77508
51.90621
51.33591
50.97532
50.33895
49.96651
49.35428
49.13552
49.08870
48.97337
48.75868
48.56889
48.10513
48.02152
48.30950
48.03984
46.94269
46.57679
46.46558
46.33297
45.93341
46.21553
47.37150
48.07533
49.30293
49.83477
49.90114
50.49891
51.93289
52.77360
53.87318
54.71591
56.20239
57.05884
58.11305
58.89953
60.23240
61.01469
61.80602
62.31864
63.03587
63.71461
65.10362
65.92212
67.30758
68.06976
69.17870
69.87973
70.89006
71.68093
73.16052
73.97279
75.14549
75.83858
76.96215
77.53086
78.20851
78.73927
79.33267
80.02483
81.33505
82.01451
82.82116
83.17034
83.17918
83.36950
83.71442
84.14955
85.14598
85.89291
87.29727
87.80561
87.82133
87.78556
87.49762
87.31317
86.86175
86.95190
87.64585
88.09945
88.94663
89.10852
88.67609
88.75144
89.30045
89.56189
89.92302
90.22534
90.79970
90.99129
90.84648
91.37115
92.78229
93.61971
95.00707
95.84137
96.81063
97.54285
98.85421
99.73208
101.20443
102.09732
103.49545
104.34155
105.75889
106.50474
107.50647
107.97524
108.40774
108.25926
107.34210
106.81071
105.83394
105.37893
104.82626
104.63267
104.63053
104.56880
104.38290
104.35065
104.44570
104.40032
104.14332
104.09133
104.10019
104.29563
104.79613
105.38458
106.70197
107.41766
108.52241
109.18404
110.26761
110.84124
111.40217
111.52563
111.35491
110.82209
109.49749
108.61529
107.49673
106.69522
105.32910
104.50230
103.15654
102.33689
100.96104
100.14365
99.02142
98.32240
97.12952
96.69406
96.79351
96.67287
96.29215
96.21831
96.30327
96.48210
96.99934
97.29698
97.78177
98.14811
98.85876
99.37608
100.45980
100.74870
100.43981
100.62437
101.40216
101.72919
102.03206
102.21679
102.49160
102.61929
102.64682
102.99375
103.79193
104.42386
105.75950
106.20784
106.31151
105.84047
104.47431
103.62906
102.79336
102.16362
101.41540
100.72904
99.62740
99.02337
98.26008
97.52286
96.06003
95.38046
94.98976
95.16570
96.16596
96.56967
96.89166
97.16203
97.51539
97.52747
97.19061
97.00500
96.64369
96.55048
96.49343
96.84628
97.81083
98.60377
99.99208
100.82306
102.18442
103.01888
104.44340
105.16626
105.94203
106.67362
108.08597
108.81179
109.72768
109.81123
108.99028
108.94481
109.49188
109.93617
110.91975
111.46095
112.31415
112.69791
112.97243
112.83412
112.19056
111.45840
110.05994
109.21912
107.80092
107.10819
106.38024
106.37121
107.08133
107.20736
107.22198
107.17522
107.14864
107.42404
107.97706
108.36747
109.03583
109.77310
111.25333
112.01753
112.61111
112.44347
111.32413
110.69681
109.66934
108.91232
107.70979
106.87307
106.12873
105.76972
104.92868
104.35445
103.47561
102.68419
101.19061
100.45012
99.76887
99.58233
99.92966
99.56098
98.26904
97.71439
97.25774
96.66547
95.42134
94.69458
93.43412
92.97535
92.76798
93.04941
94.12083
94.59182
95.01811
95.46193
96.33608
97.02926
97.88876
98.61163
99.95495
100.57993
101.01793
101.29212
101.56729
101.76729
102.09659
102.24705
102.49339
102.14381
100.89560
100.34731
99.71080
99.41340
99.08374
98.87941
98.55646
98.37764
98.09183
97.93611
97.68354
97.63330
97.60798
97.94148
98.72498
99.53399
100.92781
101.78391
103.17255
104.05043
105.26279
106.04400
107.36671
108.16909
109.52828
110.34792
111.72708
112.54232
113.88365
114.64929
115.73745
116.45226
117.45123
118.32302
119.63026
120.44960
121.75556
122.63498
123.76747
124.51128
125.78489
126.45309
127.43048
127.80473
127.99688
128.02657
127.89951
127.67158
127.07218
126.68566
126.02433
125.53775
124.99037
124.59319
123.90105
123.47052
122.75236
122.27200
121.45257
120.96274
120.09910
119.80268
119.83673
119.87803
119.95003
120.40839
121.43277
122.32406
123.53850
124.42487
125.90104
126.65495
127.44687
127.96522
128.85740
129.16955
129.28691
129.36737
129.56695
129.31998
128.46726
127.99054
127.22051
126.75485
125.97992
125.53453
124.81372
124.46521
124.05447
123.76146
123.19869
123.05108
123.14278
123.34628
123.96706
124.33170
124.84387
125.42749
126.38966
127.00905
128.05689
128.73100
129.90280
130.63112
131.86566
132.50520
133.34407
133.76991
133.98571
134.15898
134.30632
134.67865
135.70728
136.10141
136.37532
136.55772
136.79596
137.03226
137.59648
137.78589
137.94243
137.67454
136.81943
136.39050
136.08396
135.87148
135.54419
135.39374
135.33696
135.29462
135.37206
134.99852
133.94266
133.20234
131.84189
131.08064
129.88270
129.42927
129.28245
129.20162
129.15162
129.25385
129.47855
130.00580
131.33522
132.07998
133.26006
133.94214
134.66612
135.05920
135.23059
135.73035
136.83023
137.65083
139.14063
139.92365
140.73819
141.47203
142.77672
143.22810
143.27186
142.99330
142.05410
141.53815
140.89539
141.00292
141.85394
142.67497
144.03416
144.49486
144.31686
144.16196
143.66329
143.34902
142.69263
142.56928
142.76556
143.14311
144.11061
144.60066
145.18166
145.69277
146.57932
147.40333
148.87557
149.75058
151.15359
152.00242
153.37196
154.21808
155.59724
156.48413
157.63070
158.21911
158.79691
158.90855
158.53015
158.46226
158.57586
158.67216
158.94171
158.99048
158.94680
158.72146
158.15501
157.78060
157.10547
156.59742
155.57523
155.03279
154.11996
154.05121
154.83317
155.02578
155.08760
154.78821
153.87823
153.26169
152.16653
151.37450
149.96946
149.10533
148.29091
147.49275
146.07369
145.21121
143.79333
142.97074
141.71107
140.92594
139.61116
138.90134
138.11035
137.31058
135.91621
135.06529
133.67570
132.83825
131.55259
130.69524
129.74907
129.10614
127.92324
127.67461
128.31246
128.08587
126.96550
126.34111
125.32623
124.71719
123.70672
123.10597
122.13064
121.57846
120.67733
120.31237
120.10406
119.78530
119.31805
118.68418
117.26707
116.45523
115.10183
114.44616
113.78014
113.48593
113.23483
113.22793
113.34644
113.91220
115.31654
116.03705
117.03988
117.54357
118.11070
118.49991
119.21211
119.50497
119.62078
120.07191
121.23756
121.93396
123.07978
123.39052
123.05965
122.98228
122.92032
122.88725
122.76314
123.02259
123.87540
124.56751
125.86885
126.67622
127.98707
128.85670
130.23795
131.06581
132.18340
132.86280
133.72659
134.28986
135.22157
135.82076
136.88732
137.47000
138.21405
138.75688
139.72808
140.44837
141.79573
142.44911
143.23836
143.54083
143.72630
143.56819
142.84284
142.47477
141.86649
141.63793
141.49021
141.44308
141.38364
141.62502
142.29525
142.71381
143.42496
143.93206
144.66575
145.31445
146.30076
146.86188
147.58785
147.90880
148.12980
148.52043
149.49948
149.83832
149.98440
149.88692
149.38846
148.98019
148.09993
147.50753
146.47754
145.68549
144.43154
143.54229
142.07127
141.36987
140.93742
140.35221
139.12922
138.58117
138.26053
138.02343
137.73204
137.32831
136.25044
135.94661
136.02933
136.19195
136.74512
137.02399
137.47967
137.55514
137.24072
137.41847
138.24691
138.61357
138.97011
139.44368
140.49876
141.00205
141.58569
141.88259
142.15707
142.33635
142.65600
142.71071
142.56319
142.50179
142.39442
142.38926
142.54815
142.43695
141.96273
141.66280
141.10334
140.72461
139.95499
139.74797
139.87115
140.25896
141.39330
142.04393
143.10588
143.81148
144.81163
145.37310
146.06617
146.50184
147.25452
147.54364
147.70663
147.86076
147.96098
148.35812
149.47180
150.05305
150.85594
151.55208
152.95962
153.61363
154.06495
154.57315
155.65342
156.13674
156.61295
156.61944
156.10373
155.82742
155.30388
155.16735
155.29260
155.47821
155.93056
156.49515
157.79354
158.37719
158.85533
159.48035
160.76332
161.64685
162.73661
163.56851
164.68391
165.10195
165.23365
165.03379
164.34053
163.56705
162.20135
161.40784
160.15074
159.67351
159.61290
159.26378
158.41110
157.64381
156.20631
155.30995
153.95913
153.18585
152.12124
151.29892
150.06615
149.48265
149.31921
148.85028
147.90647
147.24826
146.05057
145.62017
145.47488
145.44052
145.56072
145.63793
145.78443
145.94736
146.30427
146.69958
147.65438
148.14516
148.81321
149.33779
150.26743
150.89572
152.01722
152.81086
154.23171
155.10820
156.49262
157.25567
158.24857
158.45014
158.03119
157.59872
156.63626
156.46082
156.83031
157.33779
158.55448
159.31962
160.67467
161.37081
162.20005
162.62777
163.29173
163.17273
162.24632
161.47367
160.12320
159.30009
157.91330
157.13777
155.98630
155.29514
154.19647
153.44249
152.10095
151.48390
151.09973
150.63055
149.67215
149.49969
149.92343
150.30161
151.16300
151.67352
152.39343
152.51891
152.09559
151.98297
151.91152
152.00152
152.32250
152.69234
153.43424
153.80414
154.29470
154.62352
155.18842
155.62668
156.51107
157.01911
157.83794
158.31885
159.02311
159.59623
160.64866
161.30232
162.44675
163.05496
163.85394
164.37163
165.19589
165.92288
167.25101
168.14476
169.30393
170.05508
171.30038
171.96840
172.48855
172.90940
173.58110
174.16304
175.12460
175.75176
176.79309
177.43474
178.51529
179.19907
180.38571
181.01098
181.88665
182.35821
182.94599
183.60080
184.93900
185.73025
187.05977
187.79866
188.90780
189.67197
191.06433
191.89254
193.27696
194.11014
195.46779
196.20907
197.16519
197.83881
198.99535
199.83270
200.85603
201.61275
202.95139
203.74779
205.01612
205.88461
207.30053
207.99732
208.72831
209.13075
209.69115
209.89463
209.85514
210.26167
211.26986
211.90668
213.03822
213.70733
214.75374
215.57003
217.05631
217.88723
218.82920
219.27311
219.54536
219.26371
218.15632
217.47678
216.21549
215.73932
215.68943
215.58569
215.43712
215.35103
215.21639
215.12224
214.82242
215.08302
216.08693
216.70490
217.81333
218.50741
219.70879
220.48265
221.87331
222.61696
223.75834
224.01340
223.52067
223.42274
223.43006
223.50028
223.73754
223.72098
223.35362
223.49611
224.22843
224.78893
225.93894
226.37947
226.48832
226.89696
227.97648
228.45172
229.01693
229.17821
229.18228
228.74441
227.54475
226.80549
225.47333
224.83920
224.18279
223.73651
223.07468
222.42631
221.44865
220.58057
219.24748
218.45404
217.29945
216.51424
215.70317
215.10336
214.00995
213.56778
213.27021
213.17228
213.15517
213.37640
214.12856
214.17070
213.59504
213.31496
212.85551
212.59244
212.16203
212.01156
211.78011
212.23242
213.65278
214.39159
215.40634
216.13773
217.31651
217.56520
217.06542
216.59806
215.63066
214.91743
213.55837
212.76990
211.46648
210.87313
210.67338
210.17098
208.96526
208.43374
207.96381
207.42243
206.22444
205.54731
204.64592
204.17868
203.59637
203.18421
202.40764
202.00645
201.46370
201.18445
200.84874
200.55160
199.91405
199.65768
199.57881
199.14476
198.06832
197.40432
196.52687
195.97865
195.10197
194.48593
193.31283
192.68366
191.73532
191.25114
190.60655
190.41233
190.53734
190.31135
189.51257
189.16434
188.88529
188.73479
188.59644
188.43864
188.00803
188.09877
188.83950
189.01515
188.88415
188.80739
188.60497
188.56649
188.68733
188.58599
188.16180
187.97988
187.75695
187.63675
187.47487
187.49069
187.67952
187.93407
188.47842
188.70714
188.92213
189.05654
189.24022
189.43686
189.92589
190.03409
189.96095
189.77653
189.32015
189.09396
188.74673
188.70069
188.83822
189.12184
189.87904
189.94332
189.34108
189.28939
189.71061
189.68175
189.34454
188.78927
187.52303
186.80410
185.63564
185.07284
184.75675
184.36238
183.48906
183.51529
184.51424
184.74388
184.42634
184.43392
184.75869
184.54695
183.68045
183.26063
182.65031
182.47419
182.75174
182.48286
181.44442
181.13753
181.15099
181.52654
182.60678
183.29361
184.30505
184.90021
185.86445
186.24054
186.51005
186.28641
185.26999
184.82796
184.35637
183.94169
183.08010
182.63790
182.14947
181.75001
181.05578
180.34254
178.87943
177.99643
176.50700
175.61217
174.18933
173.29999
171.85591
171.15247
170.79436
170.52417
170.07836
170.05695
170.43556
170.60662
170.85153
170.94735
171.04403
170.96662
170.55603
170.54583
170.92303
171.03518
171.00546
171.25186
172.07465
172.28344
172.20825
172.15043
171.99022
171.89769
171.74406
171.70001
171.69785
171.76454
171.98419
172.17814
172.60149
172.89646
173.35405
173.92585
174.95857
175.44505
175.83451
175.94977
175.79780
175.71977
175.62783
175.27028
174.27645
173.57093
172.27731
171.38967
170.14459
169.55897
169.39243
169.23138
169.06412
168.85482
168.18323
168.39947
169.64099
170.06570
170.16051
170.36400
170.83300
171.09312
171.50687
171.75983
172.21566
172.33926
172.26924
172.25619
172.22002
172.37865
172.93464
173.14070
173.16624
173.28662
173.58001
173.67513
173.85032
173.38185
172.00611
171.29219
170.30098
169.66670
168.56165
167.96099
167.01095
166.78492
167.02691
167.41531
168.14456
168.66331
169.12171
169.50036
170.13866
170.51870
170.81454
171.07724
171.70659
171.46207
170.23211
169.51290
168.30599
167.93959
168.20167
168.48671
169.34098
169.45767
168.94945
168.26623
167.10147
166.24756
164.85296
164.02371
162.98280
162.44485
161.80530
161.45108
160.92717
160.71211
160.53330
160.45022
160.35880
160.33446
160.31886
160.38533
160.57383
160.80597
161.32067
161.74789
162.55665
163.35110
164.83924
165.72790
167.20230
167.97466
168.71595
169.41464
170.51010
171.31989
172.80976
173.55353
174.33319
174.74912
175.24803
175.49622
175.80464
175.85062
175.62362
175.66800
176.01689
176.01815
175.67716
175.63726
175.85668
175.79926
175.45272
175.26780
174.86542
175.00841
175.90611
176.08770
175.84609
175.55523
174.93527
174.54682
173.97566
173.55804
172.75616
172.34074
171.81671
171.46647
170.81120
170.59994
170.67241
170.57161
170.24665
170.07618
169.72723
169.78974
170.24637
170.80249
172.07392
172.88181
174.21249
174.96139
175.87939
176.46528
177.41317
177.97009
178.90681
179.06341
178.56348
178.15187
177.29576
177.02836
177.17723
177.21000
177.27331
177.34061
177.49066
177.55681
177.49428
177.94455
179.19327
179.86464
180.74053
181.30835
182.25880
182.80689
183.64716
184.20482
185.17950
185.50404
185.38386
185.80775
187.02513
187.26871
186.73521
186.52555
186.29943
186.34410
186.56740
187.21927
188.68333
189.53452
190.42355
191.02752
192.07838
192.47475
192.57110
192.89900
193.62637
194.05505
194.45517
194.84229
195.60993
196.16761
197.11246
197.98397
199.23718
200.11913
201.09347
201.67123
202.39634
203.07404
204.21943
204.84665
205.57951
206.32950
207.44326
208.15517
208.82403
209.17168
209.31181
209.34916
209.13340
209.33960
210.02021
210.48613
211.41707
211.85536
212.27951
212.88772
214.15112
214.90136
215.94745
216.43614
216.93993
217.03806
216.74060
216.74092
216.91946
217.17171
217.85638
218.05413
218.00622
218.05417
218.21316
218.24813
218.07657
218.42210
219.56171
220.03439
220.22137
220.42272
220.86404
220.81371
220.37692
219.69329
218.31918
217.47220
216.33145
215.63322
214.53650
213.84258
212.61593
212.00954
211.23454
211.17550
211.76099
212.29579
213.22037
213.93746
215.16532
215.91840
216.70169
217.15691
217.48713
217.96622
219.13541
219.28363
218.54816
218.04252
217.19315
216.65493
215.76514
215.17448
214.15097
213.44718
212.07934
211.61105
211.69322
211.64049
211.56885
211.38309
210.89759
210.67845
210.35985
210.64636
211.80622
212.33972
213.06060
213.36823
213.55455
213.68762
213.84457
214.00734
214.35289
214.57977
214.93355
215.33632
216.24625
216.78544
217.54647
218.30641
219.43667
220.28746
221.74291
222.64006
224.10157
224.87963
225.44876
225.41439
224.61059
224.10605
223.19575
222.66182
221.82026
221.37503
220.79878
220.55546
220.26526
220.59832
221.86539
222.38199
222.87218
222.94866
222.53730
222.70861
223.64028
223.76479
223.30373
222.97757
222.26636
221.82329
221.06919
220.52310
219.44718
218.85796
218.01338
217.33964
216.02257
215.23067
213.92953
213.12074
211.90601
211.05645
209.69456
208.89127
207.93577
207.22950
205.98434
205.16102
203.97810
203.59727
203.83006
203.96203
204.20787
204.58485
205.54693
205.89733
206.11044
206.24490
206.34786
206.69812
207.68367
208.20910
208.79503
209.37228
210.35563
210.90875
211.58283
212.36664
213.82740
214.45225
214.63345
214.99773
215.66939
216.46105
217.94910
218.68851
219.15921
219.68599
220.59617
221.44290
222.66098
223.39310
224.43945
225.05254
225.88467
226.57910
227.90968
228.48006
228.62445
228.71124
228.74675
228.42623
227.37295
226.96113
226.66260
226.48869
226.30112
226.21535
226.14413
226.02241
225.68598
225.54009
225.51690
225.08618
223.84381
223.27658
222.71187
222.42644
222.15616
221.90422
221.37888
221.38075
221.88059
222.15563
222.35846
222.75922
223.88945
224.01399
223.20871
222.98909
222.90552
222.98702
223.40162
223.52120
223.55938
223.51849
223.30614
223.25921
223.29207
223.31748
223.51293
223.13640
221.96736
221.36329
220.47705
219.96744
219.09694
218.88186
219.24557
218.90253
217.71925
216.91392
215.93377
215.29737
214.36311
214.21326
214.75554
215.19686
216.19996
216.77888
217.54519
217.75404
217.39783
217.81303
219.16858
219.96490
221.34638
222.09428
222.98423
223.79713
225.09502
225.76973
226.42991
226.44787
225.74080
225.45126
225.06486
224.88070
224.81022
224.31772
222.98471
222.22092
221.00435
220.17304
218.71138
217.94623
217.22684
216.81190
216.23618
216.06919
216.03203
216.38364
217.34392
218.05487
219.05137
219.55907
220.25937
220.26926
219.64693
219.11645
218.14590
218.00640
218.61161
218.87494
219.27168
219.46031
219.52167
219.77499
220.50029
220.80659
220.92316
220.90108
220.63866
220.52421
220.52373
220.03664
218.69037
217.93716
216.86786
216.12328
214.79862
214.09140
213.29907
213.15579
213.64408
213.71085
213.63014
213.27007
212.18723
211.80062
211.87263
211.64093
210.99012
210.91507
211.28392
211.56245
212.15629
212.52101
213.11760
213.65237
214.81119
215.39446
216.10116
216.73518
217.96953
218.81447
220.11536
220.81462
221.34287
221.97895
223.23127
223.93093
224.63299
225.19571
226.19102
226.75942
227.63579
228.21019
229.18876
229.73257
230.26523
230.83822
231.87527
