 0.10000	 48.77049637	 33.44719315	 23.27929878	 47.78906250	 32.62762451	 24.06346512	           0	           2
 0.10000	 47.19644547	 32.14262772	 24.53586769	 46.21958923	 31.32895088	 25.33157730	          -1	           3
 0.10000	 45.51233292	 30.98995209	 25.77220535	 44.14931870	 30.81680870	 26.37350845	          -2	           4
 0.10000	 43.50948334	 30.35917091	 26.80983543	 42.97526550	 29.17315292	 27.55628586	          -3	           5
 0.10000	 42.56931686	 28.40950012	 27.80314064	 41.84386444	 27.09756279	 27.84186935	          -4	           6
 0.10000	 41.52524567	 26.25691795	 27.86427689	 41.26321030	 24.78053284	 27.88984871	          -5	           7
 0.10000	 40.86708069	 23.98811913	 27.73418236	 39.90673828	 22.89624214	 27.36678314	          -6	           8
 0.10000	 39.43028641	 22.56023407	 26.68155289	 39.11603928	 22.84867096	 25.24366951	          -7	           9
 0.10000	 38.86113739	 22.82240105	 24.38139153	 38.39168549	 22.67769814	 22.96436501	          -8	          10
 0.10000	 38.28152847	 22.30348778	 22.15380669	 38.43151093	 21.32853508	 21.02408028	          -9	          11
 0.10000	 38.43873215	 20.55804825	 20.55987549	 38.25613785	 19.09680939	 20.27564049	         -10	          12
 0.10000	 38.53206635	 18.24637794	 20.17616653	 39.46242523	 17.07324409	 20.26301384	         -11	          13
 0.10000	 40.20593643	 16.56733704	 20.24068069	 41.65586090	 16.21098328	 20.09895706	         -12	          14
 0.10000	 42.53203583	 16.01037788	 20.13691711	 44.02031708	 15.83428097	 20.19697380	         -13	          15
 0.10000	 44.65800476	 15.61498070	 20.79270554	 44.78041077	 15.30140495	 22.25432014	         -14	          16
 0.10000	 44.87816620	 14.93113613	 23.06844521	 44.97476959	 14.08591652	 24.30369186	         -15	          17
 0.10000	 44.70140839	 13.51708794	 24.94493866	 43.86008072	 12.57892418	 25.75831604	         -16	          18
 0.10000	 43.08644485	 12.12434101	 25.82370567	 41.79749680	 11.79339790	 25.13197708	         -17	          19
 0.10000	 40.95707321	 11.76001644	 24.81340599	 39.58763504	 12.09655952	 24.30319214	         -18	          20
 0.10000	 38.70591736	 12.17472172	 24.14461327	 37.20692062	 12.21074295	 24.17098045	         -19	          21
 0.10000	 36.33462524	 12.01463223	 24.07335281	 35.07559204	 11.24523640	 23.80476952	         -20	          22
 0.10000	 34.21880341	 11.14523220	 23.54933739	 32.86364746	 11.62004852	 23.11616898	         -21	          23
 0.10000	 32.18638229	 11.62625027	 22.52390099	 31.57290649	 11.26573181	 21.20357895	         -22	          24
 0.10000	 31.18138313	 11.04315186	 20.42465401	 30.52145004	 10.46137810	 19.20986176	         -23	          25
 0.10000	 30.40390587	 10.60809708	 18.32987022	 30.65358734	 11.54520512	 17.18563461	         -24	          26
 0.10000	 31.16839409	 12.13193893	 16.73795319	 32.43125534	 12.93866539	 16.67432785	         -25	          27
 0.10000	 33.17768097	 13.42608452	 16.79564285	 34.36473846	 14.14907551	 17.35931015	         -26	          28
 0.10000	 35.08370972	 14.53070354	 17.74269485	 36.29758072	 15.16148567	 18.35781670	         -27	          29
 0.10000	 36.78256226	 15.13580990	 19.11538124	 36.70795059	 14.40278435	 20.42187119	         -28	          30
 0.10000	 37.16164017	 14.21974087	 21.17708206	 38.43962479	 14.31747150	 21.95603180	         -29	          31
 0.10000	 38.99206924	 14.42922211	 22.65712166	 39.53004456	 14.74707317	 24.02047920	         -30	          32
 0.10000	 39.88019943	 14.95393372	 24.82259750	 40.55620575	 15.32577515	 26.10858536	         -31	          33
 0.10000	 40.53299713	 15.58810902	 26.96852684	 39.76588821	 15.99295807	 28.19188118	         -32	          34
 0.10000	 39.48009109	 16.23250008	 29.01007462	 39.21307373	 16.62763596	 30.43180275	         -33	          35
 0.10000	 38.97418213	 16.78017044	 31.28516769	 38.54636765	 16.76522636	 32.72246170	         -34	          36
 0.10000	 38.09219742	 17.16818428	 33.38612747	 37.22248840	 18.30292130	 33.83917618	         -35	          37
 0.10000	 36.68498611	 18.98008728	 34.08731079	 35.88874817	 20.23027992	 34.31607437	         -36	          38
 0.10000	 35.08599091	 20.60152435	 34.48021698	 33.60825348	 20.46000481	 34.69360352	         -37	          39
 0.10000	 32.75999451	 20.19055748	 34.82322311	 31.53655434	 19.34332466	 35.00898743	         -38	          40
 0.10000	 30.79603195	 18.84674263	 35.12747574	 29.51006126	 18.08746910	 35.26580048	         -39	          41
 0.10000	 29.10729980	 17.33802414	 35.55812454	 29.35262489	 16.04898071	 36.28446960	         -40	          42
 0.10000	 29.09779358	 15.20432568	 36.45917892	 28.27883339	 13.96446323	 36.25732803	         -41	          43
 0.10000	 27.62107468	 13.35379696	 36.20883560	 26.29418755	 12.65727043	 36.16231918	         -42	          44
 0.10000	 25.45955849	 12.32596016	 36.19049454	 24.00120354	 11.99932766	 36.30920029	         -43	          45
 0.10000	 23.16379738	 11.72441578	 36.48345566	 21.88287354	 11.18184662	 37.04271317	         -44	          46
 0.10000	 21.04661560	 10.85360813	 37.01611710	 19.77219391	 10.37211609	 36.38976288	         -45	          47
 0.10000	 18.98076630	 10.08730793	 36.07269287	 17.67916107	  9.55577183	 35.55121613	         -46	          48
 0.10000	 16.82307434	  9.54387474	 35.27606964	 15.40931225	  9.87096691	 34.89716339	         -47	          49
 0.10000	 14.82890511	 10.55620480	 34.84212875	 14.68937683	 12.01169205	 35.17636490	         -48	          50
 0.10000	 14.90190220	 12.87959576	 35.07106400	 15.78749657	 13.94634628	 34.49898529	         -49	          51
 0.10000	 16.40219879	 14.53549671	 34.20865631	 17.67040253	 15.19125557	 33.74938202	         -50	          52
 0.10000	 18.11122513	 15.95329189	 33.56516647	 18.14904594	 17.44849586	 33.45666122	         -51	          53
 0.10000	 18.15836525	 18.34103203	 33.56363297	 18.07280350	 19.75291824	 34.06110382	         -52	          54
 0.10000	 17.83721352	 20.58141327	 34.31740952	 17.21212196	 21.88624763	 34.71062469	         -53	          55
 0.10000	 16.59407997	 22.50884819	 34.90554047	 15.23898506	 23.12395668	 35.08800888	         -54	          56
 0.10000	 14.49693012	 23.57532692	 35.31829834	 13.29764366	 24.28997993	 35.86511230	         -55	          57
 0.10000	 12.86473083	 25.00620842	 36.19261551	 12.76560974	 26.43951607	 36.62123108	         -56	          58
 0.10000	 12.72422600	 27.25619507	 36.99338913	 12.75724220	 28.55026245	 37.74967957	         -57	          59
 0.10000	 12.91465759	 29.27308846	 38.25960159	 13.41820431	 30.33291245	 39.19303513	         -58	          60
 0.10000	 13.69097328	 30.98237038	 39.75150299	 13.97692871	 32.07539749	 40.73765182	         -59	          61
 0.10000	 14.62508488	 32.59937286	 41.07617188	 16.11099434	 32.78864288	 40.99932098	         -60	          62
 0.10000	 16.77369690	 33.39729309	 41.00891876	 17.22068024	 34.82575226	 40.91179657	         -61	          63
 0.10000	 17.34823799	 35.66156006	 41.21974564	 17.21022797	 36.65910339	 42.33134460	         -62	          64
 0.10000	 16.98018265	 37.50938034	 42.51517105	 16.46740723	 38.85184097	 42.08543396	         -63	          65
 0.10000	 16.05713654	 39.35807419	 41.46480560	 15.32809448	 39.36364365	 40.15392685	         -64	          66
 0.10000	 15.34788799	 39.32646942	 39.25502014	 16.10353851	 39.01980591	 37.99609756	         -65	          67
 0.10000	 16.66723633	 39.01188278	 37.29466248	 17.90502548	 39.11310577	 36.45352554	         -66	          68
 0.10000	 18.28234863	 39.60265350	 35.79942703	 18.18091774	 40.86729050	 34.99929428	         -67	          69
 0.10000	 17.76539421	 41.38724518	 34.39365005	 16.47732162	 41.70220566	 33.69252777	         -68	          70
 0.10000	 16.14078140	 41.70301056	 32.85786819	 16.42845917	 41.22293472	 31.46624756	         -69	          71
 0.10000	 16.82368279	 41.22998047	 30.65784836	 17.88168526	 41.76605606	 29.73966980	         -70	          72
 0.10000	 18.33640671	 41.60599518	 28.97981262	 18.59562683	 40.61189651	 27.88694954	         -71	          73
 0.10000	 18.81688118	 40.43669510	 27.03250313	 19.12236595	 40.81289673	 25.61302757	         -72	          74
 0.10000	 19.38358688	 40.95421600	 24.76357269	 19.77951622	 40.98268509	 23.31709099	         -73	          75
 0.10000	 20.45256042	 40.77545547	 22.75677681	 21.94444656	 40.85065460	 22.89275932	         -74	          76
 0.10000	 22.81290054	 41.00444794	 22.71414375	 23.93242455	 41.91302872	 22.30074501	         -75	          77
 0.10000	 24.73631668	 42.06888580	 21.92782974	 26.00431633	 41.67414093	 21.23074532	         -76	          78
 0.10000	 26.70129967	 41.54255676	 20.67734337	 27.67523384	 41.26483536	 19.57110405	         -77	          79
 0.10000	 28.22432899	 41.60461807	 18.94481850	 28.75794029	 42.81644440	 18.24069786	         -78	          80
 0.10000	 29.08334923	 43.60503006	 17.95658302	 29.57379150	 45.01561356	 17.82160759	         -79	          81
 0.10000	 29.65398788	 45.90550613	 17.72360611	 29.43680000	 47.38389587	 17.59961319	         -80	          82
 0.10000	 29.21860886	 48.25070953	 17.50506783	 28.77031326	 49.67872238	 17.41366577	         -81	          83
 0.10000	 28.17825508	 50.26284027	 17.07197571	 26.96478844	 50.48235703	 16.21879005	         -82	          84
 0.10000	 26.22488785	 50.54092789	 15.71175385	 25.03178978	 50.37440872	 14.81897736	         -83	          85
 0.10000	 24.19837379	 50.27855682	 14.49634743	 22.71433258	 50.11325073	 14.36007881	         -84	          86
 0.10000	 21.84310722	 49.95561981	 14.20447254	 20.44839096	 49.57931900	 13.80211544	         -85	          87
 0.10000	 19.56542015	 49.42985153	 13.88519573	 18.23723984	 49.45611191	 14.58135414	         -86	          88
 0.10000	 17.48268318	 49.00992584	 14.78391647	 16.59002686	 47.81475067	 14.62778091	         -87	          89
 0.10000	 16.48714066	 46.97560883	 14.93562317	 17.19066238	 45.95932770	 15.78523254	         -88	          90
 0.10000	 17.44756508	 45.29918289	 16.33983612	 17.72703552	 44.20207977	 17.32351303	         -89	          91
 0.10000	 17.94786263	 43.74114227	 18.06374168	 18.34874344	 43.35885620	 19.45746803	         -90	          92
 0.10000	 18.62360001	 42.95954514	 20.21522331	 19.11249733	 42.08595276	 21.33202362	         -91	          93
 0.10000	 19.55410004	 41.72977829	 22.03027153	 20.47179413	 41.62208176	 23.21177292	         -92	          94
 0.10000	 20.80487061	 41.03356552	 23.80545425	 21.33809853	 40.71645355	 25.17108345	         -93	          95
 0.10000	 21.34855461	 40.43147659	 26.02459145	 20.70913887	 39.81331253	 27.23243713	         -94	          96
 0.10000	 20.57761383	 39.54916000	 28.08256721	 20.79521942	 39.50734329	 29.56606674	         -95	          97
 0.10000	 20.88982010	 38.89465714	 30.21840477	 20.89588737	 37.40159607	 30.36178207	         -96	          98
 0.10000	 21.19269180	 36.56719589	 30.52133369	 22.05297852	 35.34968185	 30.68674088	         -97	          99
 0.10000	 22.72398949	 34.81681061	 30.96153069	 23.99394226	 34.39811325	 31.64102554	         -98	         100
 0.10000	 24.67826843	 33.86473465	 31.87982941	 25.61204910	 32.69904709	 32.01816177	         -99	           0
