1.49999
2.37301
3.75627
4.44207
5.20031
5.69760
6.05997
6.40156
6.89974
6.99640
6.77677
6.81382
7.05736
7.32882
7.96057
8.32238
9.11111
9.73818
10.85799
11.04670
10.40717
9.62339
8.75980
8.54294
9.33986
9.19559
8.47875
8.39912
8.79806
8.91609
9.00631
9.16131
9.78929
10.00107
9.26992
9.28085
9.79951
10.23086
10.61232
10.54687
9.24234
8.38814
7.85912
7.58674
7.44821
7.18168
6.53945
6.29362
6.39534
5.95792
4.69595
4.04524
3.39408
2.84932
1.79334
1.62872
2.31402
3.00859
4.41089
4.70953
4.03590
3.72503
2.98810
3.43514
4.81540
5.60194
6.76842
7.49798
7.80357
8.68521
9.65464
10.05302
9.89198
10.63651
11.84219
12.53839
13.21649
13.98158
15.22795
16.03343
17.25057
18.12294
19.29503
19.76767
19.86947
20.10180
20.51154
21.15449
22.59758
23.30552
24.10794
24.53280
24.96769
25.48242
26.50347
27.14045
28.23674
28.86927
29.99409
30.12474
29.22032
29.23696
30.16347
30.15023
29.27995
28.85839
28.19425
27.85437
27.21801
27.54517
28.80912
29.12036
28.46504
28.51436
29.18963
29.32505
28.96002
28.99934
29.19152
29.84070
30.85236
31.61126
32.93525
33.82852
35.16894
35.41381
34.53195
34.44492
35.08409
34.84037
33.66765
32.96711
31.79375
30.92080
29.57909
28.94504
28.66048
28.22939
27.25461
26.71992
25.79460
25.62035
26.19539
26.02166
25.08349
24.71231
24.57857
23.95948
22.89516
22.39812
21.91452
22.01908
22.93971
23.61014
24.34251
24.87827
25.97154
25.95192
24.83688
24.11755
22.98791
22.17223
20.74745
19.87163
18.60915
18.22531
18.65924
18.98839
19.36862
19.85613
20.30913
20.40326
19.84411
20.34722
21.80613
22.61122
23.15903
23.71180
24.74897
25.52800
27.00984
27.51144
27.24749
26.88256
25.91112
25.21089
24.26202
23.44664
22.10290
21.48122
21.02278
20.58379
20.13538
19.39982
17.95451
17.07508
16.03494
15.30377
15.16885
