1.49999
1.94487
1.44328
1.68142
2.32790
2.86441
3.80753
4.18443
3.76166
4.10537
5.20125
5.90375
6.97014
7.56968
6.90333
7.01615
7.73595
7.87222
7.67013
7.30029
6.37354
5.65190
4.22329
4.14431
4.94087
5.65527
6.87118
7.72597
8.64772
8.43369
7.44192
7.38228
8.28042
9.06772
9.20663
9.12585
9.81357
9.62207
8.75045
8.05244
6.64289
6.60323
7.41883
7.38929
8.54772
9.06393
9.09106
9.07026
8.80759
9.32394
9.94085
10.08167
9.53090
9.44148
9.85738
9.59950
8.57478
8.21301
7.41107
6.56358
5.51518
5.37189
5.60163
5.94540
6.53499
7.14881
7.19771
7.89368
9.32548
10.20358
11.57908
12.35444
12.76353
13.46606
13.36733
13.94227
13.92871
14.75951
15.81246
16.50813
16.65478
16.65032
16.22567
16.29641
16.88263
17.17303
17.62100
17.78620
17.56517
18.31997
19.30139
20.00919
21.20715
21.86567
22.61308
23.32857
22.71252
23.42720
24.77989
24.91589
23.54206
23.38745
24.38004
24.99581
25.83524
26.21623
25.80112
25.54256
24.87087
24.77777
25.14684
25.32811
25.61918
25.85754
26.30901
26.51984
26.82716
26.54336
26.00940
25.72993
26.19724
27.06579
28.33990
28.45704
28.88660
28.75957
27.42384
27.19253
26.66325
27.25832
28.24437
29.13854
30.17008
30.98084
30.53573
31.01929
31.82995
32.28335
32.84192
33.10401
33.24199
33.76820
34.91218
35.47476
36.31323
36.20942
35.21963
35.20249
36.22889
36.91210
38.18956
38.78628
39.18855
39.31375
39.03427
39.38409
40.40992
40.88108
41.06109
41.72617
43.07022
43.93898
45.41881
46.31108
47.79067
48.41035
48.46338
48.85037
49.19257
49.46038
49.93598
50.06213
49.77098
50.23728
51.57619
52.37490
53.12037
53.57508
53.89852
54.58717
56.05199
56.89388
58.12199
58.53878
57.43718
57.22969
57.53823
57.46365
57.16944
56.85718
56.22915
55.87730
55.95540
56.77596
57.65992
57.70749
56.67807
56.30010
55.98046
