1.50000
2.02084
1.96253
1.71465
0.90091
1.48427
2.72386
3.44089
4.14265
4.35978
3.99291
4.12462
4.61479
5.26461
6.37338
7.02688
7.53813
7.27103
6.38608
6.63143
7.56951
8.26935
8.10702
8.71904
9.43794
9.26532
8.13484
7.55432
8.20646
8.41357
8.46304
8.52192
8.45397
8.95994
10.26598
11.15797
12.32149
12.70278
11.76597
11.33643
10.50000
10.86433
12.02616
12.75136
13.98072
14.24201
13.59668
13.38049
13.10383
13.10123
13.40263
13.48298
13.37245
13.34629
13.19105
13.50854
14.01341
14.47853
15.48546
15.64084
15.30178
14.60657
13.63823
13.08549
12.37677
12.16714
11.93108
11.03972
10.70424
11.16152
11.84521
12.73426
13.72467
13.57302
12.16684
11.30678
10.80461
10.34224
10.93718
10.33151
9.71817
9.48680
9.97508
10.32258
10.50119
11.06096
11.60905
11.92388
12.09357
11.98766
12.23575
12.89749
14.32921
15.19550
16.37794
17.18708
18.57381
19.38615
20.56788
21.21594
21.62947
21.53121
20.85801
20.41871
20.33085
21.08222
22.48644
22.65670
21.39806
20.72981
19.93721
19.45647
18.65418
18.56026
19.25376
19.36299
19.28383
18.72040
17.27786
16.64670
16.82267
17.00691
17.68356
17.79107
17.07668
17.53498
18.41734
19.02168
20.15434
20.18158
19.17558
18.35486
17.34532
16.77763
16.08355
15.81509
16.01368
15.28156
14.00378
13.60737
14.20293
13.91112
13.28309
12.99443
13.14115
13.29650
13.65579
13.99469
14.60152
15.01226
15.74819
15.91963
15.46370
15.22544
14.92153
14.30661
12.81113
12.59925
13.91165
14.65434
15.93624
16.62885
17.27705
17.37448
16.10009
16.12493
16.50683
16.90875
18.14632
18.52061
17.50206
17.01789
16.52022
15.64147
15.82304
15.51130
15.40382
15.76554
14.98599
14.51744
14.50262
15.16957
15.55287
15.73961
15.57896
15.70273
16.20078
16.35146
15.98904
16.59554
17.93689
18.42719
17.63541
17.54842
17.93156
17.74929
17.28232
17.19812
17.32870
