0.00003300
0.00014561
0.00014561
0.00014793
0.00014793
0.00025293
0.00025293
0.00019274
0.00018452
0.00013702
0.00000000
0.00000000
0.00033469
0.00026596
0.00001303
0.00010804
0.00018122
0.00018122
0.00010099
0.00000616
0.00014523
0.00014523
0.00010434
0.00010565
0.00022822
0.00434824
0.00434824
0.00000000
0.00038493
0.00011469
0.00030575
0.00000000
0.00007165
0.00015728
0.00015728
0.00011691
0.00011691
0.00021694
0.00021694
0.00019577
0.00014405
0.00018648
0.00018648
0.00007564
0.00007564
0.00010004
0.00018857
0.00018857
0.00014581
0.00008021
0.00018509
0.00018509
0.00017093
0.00026567
0.00033515
0.00033515
0.00018858
0.00010421
0.00014637
0.00014637
0.00017576
0.00017576
0.00003384
0.00015260
0.00000000
0.00003564
0.00011577
0.00013342
0.00018776
0.00018776
0.00012114
0.00012114
0.00009459
0.00013342
0.00016278
0.00016278
0.00013989
0.00013989
0.00020795
0.00020795
0.00012186
0.00005582
0.00366290
0.00366290
0.00014987
0.00020669
0.00020669
0.00019257
0.00019257
0.00015886
0.00015886
0.00014580
0.00018875
0.00018875
0.00016037
0.00014076
0.00019878
0.00019878
0.00013825
0.00013825
0.00006941
0.00017436
0.00017436
0.00015891
0.00015891
0.00007145
0.00010976
0.00010976
0.00026408
0.00026408
0.00022694
0.00008553
0.00013093
0.00012816
0.00006736
0.00013093
0.00016004
0.00024342
0.00027103
0.00027103
0.00016554
0.00013627
0.00000000
0.00000000
0.00025241
0.00005726
0.00016499
0.00216051
0.00216051
0.00025241
0.00000000
0.00008970
0.00014336
0.00000000
0.00000000
0.00000000
0.00000000
0.00016125
0.00033469
0.00000000
0.00004073
0.00015582
0.00015582
0.00005291
0.00009757
0.00009757
0.00015099
0.00015099
0.00012798
0.00010599
0.00015917
0.00015917
0.00016446
0.00028782
0.00028782
0.00018637
0.00002659
0.00017988
0.00017988
0.00017369
0.00011112
0.00015036
0.00015036
0.00020671
0.00021250
0.00022234
0.00022234
0.00017982
0.00017265
0.00000000
0.00001313
0.00018119
0.00018119
0.00017149
0.00017509
0.00018895
0.00018895
0.00010648
0.00017265
0.00017982
0.00013001
0.00013001
0.00031944
0.00036540
0.00037393
0.00037393
0.00031970
0.00022189
0.00015083
0.00015083
0.00016979
0.00016979
0.00008038
0.00006896
0.00004929
0.00009986
0.00019704
0.00019704
0.00015264
0.00015264
0.00021326
0.00021326
0.00018736
0.00013372
0.00013372
0.00006460
0.00030061
0.00030061
0.00015109
0.00015109
0.00007004
0.00029489
0.00029489
0.00009253
0.00025013
0.00025013
0.00029742
0.00029742
0.00020873
0.00020873
0.00016394
0.00016394
0.00015456
0.00015456
0.00018955
0.00033463
0.00033463
0.00029792
0.00036691
0.00036691
0.00022377
0.00021407
0.00021407
0.00026440
0.00026440
0.00030889
0.00030889
0.00034153
0.00034153
0.00034973
0.00034973
0.00029340
0.00034051
0.00036726
0.00036726
0.00024955
0.00024955
0.00023001
0.00046638
0.00046638
0.00032334
0.00021661
0.00026143
0.00051317
0.00051317
0.00036551
0.00016851
0.00018726
0.00018726
0.00015456
0.00015456
0.00026817
0.00026817
0.00039304
0.00039304
0.00038287
0.00017737
0.00017737
0.00017044
0.00041051
0.00041051
0.00024640
0.00025676
0.00025676
0.00032782
0.00032782
0.00019529
0.00021461
0.00024535
0.00046810
0.00046810
0.00039385
0.00010692
0.00034303
0.00034303
0.00028385
0.00028385
0.00030061
0.00030061
0.00008639
0.00037301
0.00037301
0.00004275
0.00023268
0.00023268
0.00029633
0.00029633
0.00032159
0.00032159
0.00018994
0.00022919
0.00022919
0.00028557
0.00049629
0.00068950
0.00068950
0.00042383
0.00040841
0.00033748
0.00033748
0.00019624
0.00043746
0.00043746
0.00032544
0.00020656
0.00012180
