0.00041874
0.00129302
0.00154674
0.00223714
0.00223714
0.00146860
0.00146860
0.00441262
0.00441262
0.00313192
0.00131099
0.00002695
0.00018090
0.00096328
0.00083481
0.00154674
0.00087933
0.00000000
0.00004551
0.00004551
0.00000000
0.00000000
0.00005962
0.00096328
0.00091927
0.00163125
0.00163125
0.00000752
0.00044905
0.00013648
0.00009140
0.00000000
0.00008776
0.00011714
0.00105172
0.00181852
0.00181852
0.00132674
0.00023352
0.00006454
0.00119895
0.00119895
0.00122098
0.00122098
0.00009905
0.00003521
0.00003521
0.00006206
0.00008022
0.00127492
0.00127492
0.00008022
0.00001613
0.00005591
0.00005591
0.00003184
0.00023656
0.00023656
0.00004392
0.00001206
0.00001817
0.00162669
0.00162669
0.00139558
0.00139558
0.00009654
0.00001371
0.00050661
0.00050661
0.00001684
0.00004681
0.00004681
0.00004325
0.00004325
0.00001605
0.00001605
0.00000289
0.00000000
0.00005413
0.00018548
0.00018548
0.00005413
0.00000000
0.00000000
0.00000000
0.00000000
0.00000000
0.00008514
0.00034196
0.00034196
0.00006648
0.00393234
0.00393234
0.00289441
0.00304625
0.00304625
0.00050142
0.00006951
0.00002401
0.00000000
