0.00053655
0.00101742
0.00101742
0.00119127
0.00200271
0.00263114
0.00263114
0.00218819
0.00153754
0.00083148
0.00083148
0.00069933
0.00104261
0.00104261
0.00085047
0.00085047
0.00057899
0.00047136
0.00067180
0.00086891
0.00089529
0.00146886
0.00182277
0.00182277
0.00160675
0.00136800
0.00185617
0.00201440
0.00201440
0.00124175
0.00085807
0.00112515
0.00112515
0.00109362
0.00073009
0.00057215
0.00074743
0.00074743
0.00076994
0.00088130
0.00095751
0.00100477
0.00145341
0.00145341
0.00135103
0.00116527
0.00116527
0.00080980
0.00043388
0.00030013
0.00033428
0.00060943
0.00112614
0.00112614
0.00145363
0.00196302
0.00260723
0.00306854
0.00306854
0.00245377
0.00186932
0.00083295
0.00120733
0.00120733
0.00056784
0.00045274
0.00038663
0.00072910
0.00072910
0.00068307
0.00071139
0.00071139
0.00071746
0.00071746
0.00058297
0.00073187
0.00080211
0.00083131
0.00105481
0.00119101
0.00168729
0.00233358
0.00299290
0.00299290
0.00274690
0.00224284
0.00178609
0.00109868
0.00106566
0.00106566
0.00057942
0.00113259
0.00133747
0.00133747
0.00083948
0.00074841
0.00038711
0.00043767
0.00057388
0.00088685
0.00088685
0.00093485
0.00093485
0.00075012
0.00075012
0.00067283
0.00067283
0.00038411
0.00022415
0.00050065
0.00050065
0.00041602
0.00018280
0.00000000
0.00000000
0.00000000
0.00038411
0.00032816
0.00000000
0.00000000
0.00005945
0.00048874
0.00084808
0.00084808
0.00042521
0.00041813
0.00123410
0.00143019
0.00143019
0.00136324
0.00097371
0.00089456
0.00058920
0.00048476
0.00056028
0.00056028
0.00065583
0.00074860
0.00074860
0.00067648
0.00075083
0.00075083
0.00049601
0.00041324
0.00041324
0.00043400
0.00043400
0.00082636
0.00120143
0.00126987
0.00208743
0.00240590
0.00240590
0.00219854
0.00151546
0.00089239
0.00053184
0.00049008
0.00047475
0.00047475
0.00053520
0.00069946
0.00069946
0.00050152
0.00050152
0.00052438
0.00057089
0.00060747
0.00060747
0.00073403
0.00097441
0.00106703
0.00106703
0.00090270
0.00073545
0.00083054
0.00083054
0.00075431
0.00063649
0.00112193
0.00165297
0.00219800
0.00219800
0.00184422
0.00235857
0.00259786
0.00259786
0.00223373
0.00147388
0.00082792
0.00054662
0.00046172
0.00059638
0.00075598
0.00075598
0.00067457
0.00074222
0.00093684
0.00110130
0.00110130
0.00062563
0.00059664
0.00073570
0.00073570
0.00084032
0.00084032
0.00070575
0.00075808
0.00092446
0.00092446
0.00080296
0.00113645
0.00113645
0.00140637
0.00140637
0.00105742
0.00089607
0.00089607
0.00076718
0.00083517
0.00103463
0.00148081
0.00148081
0.00093419
0.00062261
0.00057539
0.00069625
0.00069625
0.00088098
0.00088098
0.00056647
0.00098892
0.00111416
0.00160236
0.00160236
0.00106990
0.00068592
0.00109441
0.00109441
0.00100105
0.00036042
0.00054058
0.00075622
0.00099611
0.00099611
0.00079734
0.00079734
0.00073117
0.00069956
0.00103953
0.00103953
0.00095040
0.00075262
0.00075262
0.00120662
0.00120662
0.00095511
0.00081490
0.00107995
0.00107995
0.00138382
0.00197968
0.00261577
0.00261577
0.00212570
0.00166775
0.00111547
0.00071505
0.00129058
0.00129058
0.00108689
0.00079801
0.00089262
0.00089262
0.00056009
0.00101504
0.00112901
0.00112901
0.00084002
0.00103037
0.00144522
0.00155257
0.00155257
0.00115890
0.00110141
0.00110141
0.00108162
0.00101161
0.00083106
0.00084355
0.00124949
0.00144305
0.00144305
0.00089706
0.00077641
0.00056640
0.00103423
0.00103423
0.00083133
0.00091379
0.00091379
0.00114527
0.00114527
0.00148487
0.00148487
0.00095983
0.00049687
0.00098022
0.00107361
0.00107361
0.00063710
0.00086053
0.00144074
0.00178094
0.00178094
0.00162161
0.00119487
0.00122081
0.00122081
0.00075692
0.00065591
0.00095192
0.00137784
0.00187140
0.00206628
0.00245909
0.00245909
0.00213346
0.00155497
0.00084238
0.00131758
0.00131758
0.00092895
0.00087301
0.00087301
0.00073461
0.00073461
0.00058017
0.00100737
0.00100737
0.00061688
0.00093018
0.00093018
0.00126781
0.00160284
0.00160284
0.00099587
0.00089718
0.00053803
0.00077946
0.00089589
0.00098084
0.00098084
0.00066919
0.00066082
0.00081114
0.00088859
0.00088859
0.00094217
0.00094217
0.00123328
0.00123328
0.00108761
0.00085479
0.00056982
0.00104051
0.00127022
0.00127022
0.00111470
0.00111470
0.00071291
0.00076267
0.00101851
0.00101851
0.00094730
0.00104069
0.00104069
0.00085022
0.00064385
0.00126651
0.00190232
0.00190232
0.00136718
0.00088599
0.00109725
0.00109725
0.00088233
0.00125605
0.00132965
0.00132965
0.00082895
0.00089803
0.00089803
0.00068288
0.00059295
0.00061092
0.00109552
0.00119918
0.00119918
0.00078414
0.00074501
0.00048613
0.00052356
0.00054219
0.00054219
0.00089948
0.00089948
0.00052152
0.00058364
0.00078139
0.00078139
0.00090065
0.00090065
0.00066189
0.00028913
0.00055923
0.00067780
0.00067780
0.00059314
0.00058652
0.00058652
0.00071039
0.00102577
0.00126482
0.00204143
0.00274474
0.00274474
0.00251758
0.00177198
0.00113331
0.00079391
0.00051023
0.00051023
0.00065777
0.00085459
0.00122835
0.00122835
0.00084235
0.00045180
0.00045180
0.00051051
0.00051051
0.00050844
0.00071127
0.00071127
0.00054669
0.00063413
0.00065285
0.00075970
0.00075970
0.00042078
0.00042078
0.00040788
0.00045769
0.00045769
0.00039703
0.00039703
0.00050699
0.00050699
0.00049599
0.00049599
0.00059512
0.00059512
0.00043549
0.00049735
0.00067552
0.00077021
0.00077021
0.00067727
0.00067727
0.00068623
0.00068623
0.00051843
0.00041402
0.00044337
0.00064293
0.00064293
0.00034955
0.00064791
0.00124320
0.00186677
0.00191705
0.00191705
0.00141481
0.00088090
0.00120196
0.00192315
0.00260482
0.00291612
0.00291612
0.00277412
0.00194787
0.00105181
0.00047833
0.00057972
0.00062259
0.00067632
0.00067632
0.00083074
0.00100606
0.00120370
0.00124613
0.00124613
0.00109043
0.00061322
0.00043489
0.00050899
0.00050899
0.00050485
0.00050485
0.00066302
0.00066302
0.00046214
0.00052513
0.00102524
0.00124147
0.00124147
0.00164825
0.00225303
0.00230535
0.00230535
0.00201928
0.00189817
0.00173248
0.00091731
0.00045115
0.00038884
0.00092121
0.00104022
0.00196975
0.00227486
0.00230814
0.00230814
0.00179089
0.00146052
0.00122079
0.00080130
0.00043971
0.00057310
0.00057310
0.00057482
0.00057482
0.00040764
0.00047743
0.00047743
0.00039472
0.00053408
0.00091471
0.00101273
0.00115578
0.00115578
0.00085696
0.00053027
0.00048729
0.00065714
0.00083498
0.00083498
0.00051602
0.00032737
0.00031717
0.00054409
0.00073761
0.00073761
0.00097187
0.00118323
0.00128795
0.00128795
0.00100234
0.00073350
0.00113870
0.00176535
0.00196657
0.00196657
0.00178189
0.00143348
0.00143348
0.00104957
0.00043901
0.00036005
0.00036005
0.00102161
0.00204927
0.00265590
0.00265590
0.00240434
0.00168382
0.00074555
0.00027258
0.00031718
0.00057141
0.00084701
0.00084701
0.00093663
0.00093663
0.00074202
0.00040507
0.00046739
0.00070679
0.00131070
0.00158461
0.00158461
0.00136831
0.00123825
0.00141348
0.00205526
0.00232056
0.00232056
0.00224993
0.00168591
0.00088338
0.00040971
0.00020374
0.00031568
0.00059353
0.00059353
0.00058208
0.00052959
0.00064027
0.00079073
0.00106527
0.00106527
0.00081520
0.00071069
0.00031495
0.00046895
0.00047744
0.00047744
0.00036310
0.00036310
0.00043886
0.00054074
0.00054074
0.00034032
0.00029302
0.00037558
0.00039448
0.00040659
0.00040659
0.00046332
0.00046332
0.00049063
0.00049063
0.00033179
0.00036272
0.00041179
0.00041179
0.00039538
0.00053080
0.00053080
0.00079339
0.00111423
0.00111423
0.00080355
0.00043782
0.00043782
0.00040351
0.00040351
0.00044420
0.00044420
0.00044864
0.00044864
0.00060279
0.00092746
0.00092746
0.00069074
0.00036040
0.00078944
0.00119206
0.00119206
0.00094116
0.00066736
0.00066736
0.00059599
0.00059599
0.00045178
0.00038854
0.00052291
0.00077340
0.00077340
0.00053160
0.00052444
0.00053054
0.00083383
0.00126373
0.00164876
0.00164876
0.00155331
0.00095051
0.00048252
0.00048252
0.00032148
0.00038038
0.00057500
0.00057500
0.00059029
0.00059029
0.00068105
0.00115871
0.00151185
0.00239859
0.00267582
0.00267582
0.00240852
0.00226389
0.00279165
0.00289179
0.00289179
0.00247845
0.00183223
0.00103949
0.00072884
0.00052857
0.00045218
0.00067530
0.00067530
0.00063158
0.00063158
0.00057148
0.00045600
0.00028273
0.00025559
0.00052507
0.00052507
0.00046330
0.00046330
0.00051343
0.00080419
0.00080419
0.00061788
0.00039769
0.00036731
0.00036731
0.00047275
0.00047275
0.00081757
0.00129789
0.00151065
0.00153743
0.00153743
0.00121381
0.00076049
0.00059632
0.00084558
0.00094199
0.00094199
0.00080952
0.00044389
0.00040085
0.00040085
0.00039867
0.00037019
0.00037019
0.00030320
0.00098783
0.00131170
0.00170087
0.00170087
0.00150728
0.00101334
0.00118300
0.00190086
0.00227743
0.00227743
0.00193789
0.00124633
0.00062178
0.00065473
0.00065473
0.00044064
0.00087235
0.00141406
0.00188527
0.00188527
0.00224458
0.00224458
0.00215999
0.00191406
0.00125485
0.00061023
0.00036432
0.00038364
0.00038364
0.00045513
0.00057209
0.00063079
0.00067440
0.00067959
0.00067959
0.00050394
0.00034745
0.00040591
0.00041533
0.00041533
0.00035741
0.00096770
0.00145275
0.00204109
0.00204109
0.00199817
0.00148465
0.00056860
0.00058752
0.00058752
0.00057554
0.00057554
0.00041573
0.00049156
0.00049156
0.00052731
0.00052731
0.00073967
0.00073967
0.00025593
0.00043282
0.00054161
0.00081059
0.00101636
0.00101636
0.00081916
0.00045304
0.00030411
0.00042255
0.00043880
0.00043880
0.00056192
0.00056192
0.00030240
0.00026763
0.00042492
0.00042492
0.00070864
0.00096928
0.00096928
0.00072758
0.00062911
0.00042162
0.00057144
0.00082475
0.00082475
0.00074813
0.00090981
0.00120213
0.00154534
0.00154534
0.00121052
0.00045820
0.00044424
0.00051366
0.00066323
0.00066323
0.00047715
0.00071916
0.00134303
0.00185832
0.00185832
0.00164277
0.00114855
0.00053533
0.00049002
0.00045465
0.00082820
0.00107425
0.00136068
0.00136068
0.00087166
0.00039518
0.00042957
0.00095842
0.00143949
0.00154882
0.00202264
0.00202264
0.00183646
0.00118066
0.00071521
0.00052736
0.00044147
0.00037403
0.00028241
0.00040815
0.00059419
0.00075228
0.00102674
0.00102674
0.00081228
0.00096824
0.00096824
0.00077494
0.00053321
0.00035734
0.00051894
0.00083202
0.00090511
0.00090511
0.00076013
0.00059160
0.00033207
0.00041708
0.00046366
0.00113414
0.00170313
0.00187199
0.00187199
0.00161630
0.00163691
0.00193321
0.00193321
0.00153122
0.00096708
0.00133428
0.00155597
0.00155597
0.00125357
0.00085545
0.00085545
0.00112731
0.00112731
0.00109575
0.00073449
0.00149791
0.00239398
0.00263883
0.00278353
0.00278353
0.00250661
0.00284700
0.00334423
0.00354458
0.00354458
0.00324950
0.00304141
0.00304141
0.00286267
0.00259975
0.00194391
0.00155953
0.00082850
0.00039025
0.00026592
0.00038855
0.00038855
0.00048116
0.00048116
0.00033208
0.00102045
0.00178164
0.00215018
0.00215018
0.00206823
0.00137320
0.00098301
0.00065074
0.00069584
0.00069972
0.00069972
0.00063103
0.00056912
0.00051683
0.00043898
0.00035166
0.00035166
0.00029784
0.00029784
0.00026540
0.00035212
0.00070314
0.00150187
0.00203210
0.00203210
0.00202384
0.00136767
0.00094060
0.00078036
0.00051263
0.00026463
0.00037657
0.00043611
0.00043611
0.00030953
0.00040952
0.00040952
0.00035547
0.00032937
0.00057483
0.00057483
0.00032373
0.00032373
0.00056036
0.00073581
0.00073581
0.00061989
0.00026718
0.00056364
0.00084929
0.00084929
0.00067952
0.00067952
0.00042873
0.00036730
0.00035328
