 0.10000	177.23400879	 27.18942261	116.38940430	177.06619263	 28.54422951	117.01061249	           0	           2
 0.10000	176.90467834	 29.34740829	117.38196564	176.51681519	 30.66165543	117.99125671	          -1	           3
 0.10000	176.31842041	 31.44339943	118.38871002	176.04086304	 32.72634888	119.11371613	          -2	           4
 0.10000	175.82559204	 33.51290131	119.49257660	175.40402222	 34.83274078	120.06644440	          -3	           5
 0.10000	175.04652405	 35.65154266	120.17024231	174.20111084	 36.85544968	119.87852478	          -4	           6
 0.10000	174.18142700	 37.74555206	119.74937439	174.97218323	 39.01988602	119.73271179	          -5	           7
 0.10000	175.40534973	 39.68938828	119.31603241	176.03260803	 40.26489258	118.08119202	          -6	           8
 0.10000	176.36164856	 40.92708969	117.56880188	176.63317871	 42.32679749	117.10349274	          -7	           9
 0.10000	177.16845703	 43.04393768	117.01284027	178.46141052	 43.75666428	117.27592468	          -8	          10
 0.10000	179.08821106	 44.38852692	117.40265656	179.84761047	 45.66658783	117.59823608	          -9	          11
 0.10000	180.49134827	 46.26586533	117.78356171	181.76226807	 46.95656204	118.17811584	         -10	          12
 0.10000	182.53889465	 47.34847641	118.40251160	183.88264465	 47.91016006	118.75868988	         -11	          13
 0.10000	184.68685913	 48.24989319	118.97320557	186.05229187	 48.65948486	119.43887329	         -12	          14
 0.10000	186.65367126	 49.31955719	119.33005524	186.81811523	 50.65208435	118.66159821	         -13	          15
 0.10000	186.95692444	 51.22789383	117.98442078	187.16157532	 51.60384369	116.54701233	         -14	          16
 0.10000	186.87617493	 51.91541290	115.75289154	185.71745300	 52.25697708	114.86407471	         -15	          17
 0.10000	185.55561829	 52.82273483	114.18354034	186.28927612	 53.87842941	113.41116333	         -16	          18
 0.10000	186.34690857	 54.61031723	112.89142609	185.92935181	 55.83819580	112.13837433	         -17	          19
 0.10000	185.76846313	 56.55961609	111.62607574	185.52954102	 57.67593384	110.65354156	         -18	          20
 0.10000	185.56488037	 58.48944855	110.27161407	185.97080994	 59.91627884	110.05156708	         -19	          21
 0.10000	185.99060059	 60.79095840	109.84287262	185.87506104	 62.21858215	109.39809418	         -20	          22
 0.10000	185.26223755	 62.87249374	109.32013702	183.78448486	 63.11037827	109.41412354	         -21	          23
 0.10000	183.07139587	 63.16004181	109.96046448	182.65602112	 62.90167999	111.37828064	         -22	          24
 0.10000	182.12033081	 62.74224091	112.08293152	180.96092224	 62.44609833	112.98670959	         -23	          25
 0.10000	180.29809570	 62.21625137	113.54956818	179.32487488	 61.76779175	114.59899139	         -24	          26
 0.10000	178.48876953	 61.46515656	114.73573303	177.25675964	 61.00848389	114.01228333	         -25	          27
 0.10000	176.38421631	 61.07421112	113.80352783	175.04008484	 61.73540497	113.72867584	         -26	          28
 0.10000	174.29441833	 62.23388672	113.79756927	173.17120361	 63.19698715	114.04274750	         -27	          29
 0.10000	172.90925598	 63.92623520	114.49978638	173.33686829	 64.95628357	115.50259399	         -28	          30
 0.10000	173.42179871	 65.62813568	116.09519196	173.38381958	 66.74720001	117.09337616	         -29	          31
 0.10000	173.58546448	 67.48449707	117.56942749	174.29142761	 68.69405365	118.10723114	         -30	          32
 0.10000	174.12521362	 69.52142334	118.42311096	173.16003418	 70.59849548	118.82227325	         -31	          33
 0.10000	172.45356750	 71.15907288	118.83507538	172.02545166	 72.02790070	117.68936157	         -32	          34
 0.10000	172.09835815	 72.31259918	116.83778381	172.85705566	 72.13053894	115.55651855	         -33	          35
 0.10000	173.35041809	 72.41897583	114.86101532	174.12796021	 73.45934296	114.11080170	         -34	          36
 0.10000	174.51177979	 74.11736298	113.63221741	174.98234558	 75.31388855	112.86013031	         -35	          37
 0.10000	175.30270386	 76.00965118	112.38887787	175.97244263	 77.05663300	111.54953003	         -36	          38
 0.10000	175.99632263	 77.90803528	111.26012421	175.40930176	 79.28771210	111.29161072	         -37	          39
 0.10000	174.98945618	 80.08245087	111.25639343	174.18702698	 81.34881592	111.30030823	         -38	          40
 0.10000	173.46934509	 81.78388977	110.97602081	172.29969788	 81.69619751	110.04132843	         -39	          41
 0.10000	171.55238342	 81.62549591	109.54611969	170.27621460	 81.45221710	108.77767181	         -40	          42
 0.10000	169.61132812	 80.94395447	108.44766235	169.04447937	 79.58835602	108.14684296	         -41	          43
 0.10000	168.38502502	 79.01142120	108.35095215	167.24935913	 78.62729645	109.25225067	         -42	          44
 0.10000	166.54705811	 78.78647614	109.79126740	165.70498657	 79.78857422	110.52351379	         -43	          45
 0.10000	164.97349548	 80.03932953	110.98324585	163.61354065	 79.93405151	111.60652161	         -44	          46
 0.10000	162.88447571	 79.82987213	112.12280273	161.81695557	 79.41598511	113.09164429	         -45	          47
 0.10000	161.47315979	 79.74808502	113.85398865	161.50302124	 80.81655121	114.90614319	         -46	          48
 0.10000	161.48152161	 81.40174866	115.58894348	161.29634094	 82.33995056	116.74424744	         -47	          49
 0.10000	161.77055359	 82.79654694	117.35744476	163.16937256	 83.10974121	117.79875946	         -48	          50
 0.10000	164.03259277	 82.97705841	118.01361847	165.30119324	 82.17905426	118.06994629	         -49	          51
 0.10000	166.07513428	 81.79240417	118.31518555	167.28675842	 81.25524139	119.01680756	         -50	          52
 0.10000	168.03472900	 80.85279083	119.31177521	169.30557251	 80.11806488	119.61864471	         -51	          53
 0.10000	169.91464233	 79.48506927	119.81277466	170.63255310	 78.20217133	120.11040497	         -52	          54
 0.10000	170.95794678	 77.38174438	120.28716278	171.29513550	 75.94837952	120.57443237	         -53	          55
 0.10000	171.65846252	 75.12440491	120.52243805	172.41763306	 73.89754486	120.10952759	         -54	          56
 0.10000	172.70497131	 73.14749146	119.69685364	172.98382568	 71.97057343	118.80822754	         -55	          57
 0.10000	173.22319031	 71.35804749	118.18872070	172.46945190	 70.16830444	117.67134094	         -56	          58
 0.10000	172.25260925	 69.48709869	117.12252808	172.47380066	 68.68467712	115.87429047	         -57	          59
 0.10000	172.36752319	 68.18354797	115.13327026	171.90090942	 67.39450836	113.94580841	         -58	          60
 0.10000	171.17935181	 67.00643921	113.57268524	169.71282959	 66.78206635	113.79335785	         -59	          61
 0.10000	168.88198853	 66.77713013	114.13809204	167.74200439	 66.89437866	115.10555267	         -60	          62
 0.10000	167.31884766	 67.50630188	115.61151123	167.52316284	 68.91270447	116.09095001	         -61	          63
 0.10000	167.24450684	 69.75890350	115.96590424	166.46383667	 70.65998840	115.05590057	         -62	          64
 0.10000	165.93623352	 71.19918823	114.56615448	164.92791748	 71.93515778	113.73526001	         -63	          65
 0.10000	164.35748291	 72.48648834	113.31179810	163.37364197	 73.42388153	112.67726898	         -64	          66
 0.10000	163.18444824	 74.29758453	112.57720947	163.67225647	 75.66233063	112.96315002	         -65	          67
 0.10000	163.89842224	 76.51277924	113.14932251	164.43849182	 77.87369537	113.47401428	         -66	          68
 0.10000	164.16831970	 78.71896362	113.62190247	162.92752075	 79.55082703	113.75519562	         -67	          69
 0.10000	162.36117554	 80.21453094	113.53623962	161.59077454	 80.95081329	112.48086548	         -68	          70
 0.10000	161.19377136	 81.50706482	111.89604950	160.83467102	 82.52249146	110.85235596	         -69	          71
 0.10000	160.14166260	 83.02579498	110.57764435	158.73637390	 83.40300751	110.94060516	         -70	          72
 0.10000	157.84384155	 83.32541656	111.01496887	156.51632690	 82.62874603	111.02429962	         -71	          73
 0.10000	155.71142578	 82.23141479	110.99333954	154.39086914	 81.53457642	110.86192322	         -72	          74
 0.10000	153.62452698	 81.07534027	110.77761841	152.39495850	 80.23324585	110.61801910	         -73	          75
 0.10000	151.61552429	 79.79759216	110.52680969	150.25465393	 79.17118073	110.47525787	         -74	          76
 0.10000	149.48052979	 78.89152527	110.11557770	148.42230225	 78.71209717	109.06895447	         -75	          77
 0.10000	147.90052795	 78.43182373	108.39337921	147.28146362	 77.78564453	107.19045258	         -76	          78
 0.10000	147.08296204	 77.25405121	106.49358368	147.16723633	 76.11968994	105.51671600	         -77	          79
 0.10000	146.97561646	 75.69748688	104.74663544	146.32923889	 75.49832916	103.40848541	         -78	          80
 0.10000	146.09103394	 75.42613983	102.54495239	145.90887451	 75.51192474	101.05924225	         -79	          81
 0.10000	145.79165649	 75.39019012	100.17662048	145.62229919	 74.83300781	 98.79497528	         -80	          82
 0.10000	145.45660400	 74.89875793	 97.91417694	145.08047485	 75.60475159	 96.64609528	         -81	          83
 0.10000	145.02569580	 76.05493164	 95.87048340	145.24507141	 76.91290283	 94.66078186	         -82	          84
 0.10000	145.23614502	 77.39151001	 93.90064240	145.09812927	 78.06824493	 92.56996918	         -83	          85
 0.10000	144.79022217	 78.65525055	 91.96316528	143.99874878	 79.78473663	 91.37511444	         -84	          86
 0.10000	143.36688232	 80.40026093	 91.20407104	142.10006714	 81.19490814	 91.31076813	         -85	          87
 0.10000	141.45469666	 81.80878448	 91.42943573	140.53338623	 82.94509888	 91.75836182	         -86	          88
 0.10000	140.18919373	 83.73609924	 92.01099396	140.15519714	 85.15181732	 92.50403595	         -87	          89
 0.10000	139.69184875	 85.87432098	 92.77147675	138.42527771	 86.61515808	 93.08053589	         -88	          90
 0.10000	137.66450500	 87.05403900	 93.27095795	136.36822510	 87.73997498	 93.58227539	         -89	          91
 0.10000	135.50677490	 87.94819641	 93.72930908	134.02008057	 87.82837677	 93.88235474	         -90	          92
 0.10000	133.17369080	 88.11412811	 93.98105621	131.98666382	 89.02486420	 94.08025360	         -91	          93
 0.10000	131.43481445	 89.69561005	 94.31164551	130.92491150	 90.99974060	 94.84786987	         -92	          94
 0.10000	130.65739441	 91.59468842	 95.46607971	130.39970398	 92.09693146	 96.85503387	         -93	          95
 0.10000	130.29768372	 92.59675598	 97.59432220	130.27949524	 93.64407349	 98.66657257	         -94	          96
 0.10000	130.16954041	 94.24929047	 99.32050323	129.86372375	 95.25826263	100.38603210	         -95	          97
 0.10000	129.60826111	 95.81404877	101.04359436	129.07679749	 96.72137451	102.11218262	         -96	          98
 0.10000	128.66505432	 96.95717621	102.87555695	127.87815094	 96.83072662	104.14589691	         -97	          99
 0.10000	127.50423431	 96.48908997	104.88922882	127.27436066	 95.37643433	105.86827850	         -98	         100
 0.10000	126.66907501	 95.17420959	106.50244141	125.38629150	 95.63035583	107.13153839	         -99	         101
 0.10000	124.74851990	 96.23521423	107.32202911	124.24021912	 97.63011932	107.11100769	        -100	         102
 0.10000	123.72960663	 98.36752319	107.16902161	122.69445801	 99.41194916	107.46094513	        -101	         103
 0.10000	122.08200073	100.02769470	107.68984985	121.09926605	101.04328918	108.18952179	        -102	         104
 0.10000	120.36498260	101.47431946	108.47421265	118.98211670	101.81368256	108.94204712	        -103	         105
 0.10000	118.17784882	102.18721771	109.07936096	116.92727661	103.01235962	109.04708099	        -104	         106
 0.10000	116.17398071	103.49615479	109.10349274	114.92591095	104.29722595	109.31896210	        -105	         107
 0.10000	114.24608612	104.88310242	109.31952667	113.24400330	105.96878052	109.06716919	        -106	         108
 0.10000	112.79930115	106.74495697	109.14371490	112.40295410	108.10985565	109.61975861	        -107	         109
 0.10000	112.24125671	108.95868683	109.86303711	112.16937256	110.42497253	110.16586304	        -108	         110
 0.10000	112.06473541	111.17738342	110.64485931	111.81109619	112.05919647	111.83022308	        -109	         111
 0.10000	111.76472473	112.62894440	112.52267456	111.85301971	113.54747772	113.70404816	        -110	         112
 0.10000	111.91506958	114.19801331	114.32022095	112.01723480	115.40452576	115.20435333	        -111	         113
 0.10000	112.24032593	116.19041443	115.57922363	112.87908173	117.47801971	116.00704193	        -112	         114
 0.10000	113.14801025	118.30151367	115.76480865	113.11600494	119.28622437	114.63398743	        -113	         115
 0.10000	113.66724396	119.74161530	114.08778381	115.10205078	119.95852661	113.70853424	        -114	         116
 0.10000	115.89797974	119.76277924	113.33797455	116.93775177	118.89816284	112.68939972	        -115	         117
 0.10000	117.47618103	118.23439789	112.40873718	117.94753265	116.84302521	112.10631561	        -116	         118
 0.10000	118.69389343	116.34077454	112.12234497	120.16102600	116.41972351	112.42360687	        -117	         119
 0.10000	120.91371918	116.22275543	112.87481689	121.75621796	115.70261383	114.00110626	        -118	         120
 0.10000	122.30594635	115.40817261	114.64871979	123.23950195	114.88040924	115.69666290	        -119	         121
 0.10000	123.73127747	114.71288300	116.43013000	124.42754364	114.71055603	117.75814056	        -120	         122
 0.10000	124.73374176	114.63108063	118.59980774	125.19627380	114.43244934	120.01253510	        -121	         123
 0.10000	124.87536621	114.26915741	120.83695221	123.57270050	114.01785278	121.53652191	        -122	         124
 0.10000	122.81671143	113.95207214	122.01944733	121.55545807	113.85197449	122.82481384	        -123	         125
 0.10000	120.79959869	114.28585052	123.04833221	120.09838867	115.60237122	122.89146423	        -124	         126
 0.10000	119.41486359	116.12566376	122.63014984	118.19345093	116.41163635	121.80804443	        -125	         127
 0.10000	117.38549805	116.79945374	121.73053741	116.23967743	117.58802795	122.29121399	        -126	         128
 0.10000	115.46489716	117.97013855	122.54113770	114.10642242	118.48381805	122.91455078	        -127	         129
 0.10000	113.26875305	118.71412659	123.14713287	111.81603241	118.81051636	123.50716400	        -128	         130
 0.10000	111.12125397	119.29744720	123.80628204	110.54003906	120.53911591	124.41442108	        -129	         131
 0.10000	110.29129028	121.40328217	124.39405060	110.25959778	122.79166412	123.82802582	        -130	         132
 0.10000	110.22396088	123.40487671	123.17118073	110.21252441	123.79669189	121.72381592	        -131	         133
 0.10000	110.18601990	124.08353424	120.87239075	110.10603333	124.56356049	119.45421600	        -132	         134
 0.10000	110.10566711	124.68107605	118.56332397	110.11564636	124.55625153	117.06918335	        -133	         135
 0.10000	110.36317444	124.59712219	116.20602417	111.23304749	124.77906036	114.99821472	        -134	         136
 0.10000	111.40501404	124.96485901	114.13553619	111.23605347	125.43880463	112.72286987	        -135	         137
 0.10000	110.74337769	125.47283173	111.97147369	109.44779968	125.14608765	111.29094696	        -136	         138
 0.10000	108.73993683	124.85497284	110.82006836	107.66352081	124.13864136	110.06136322	        -137	         139
 0.10000	106.94934845	123.81850433	109.62078857	105.70275879	123.37678528	108.91499329	        -138	         140
 0.10000	104.89685059	123.37606049	108.51857758	103.56984711	123.81514740	107.97667694	        -139	         141
 0.10000	102.81196594	124.15239716	107.63182831	101.68542480	124.92493439	107.01371002	        -140	         142
 0.10000	100.87519836	125.25376129	106.80471039	 99.43757629	125.62012482	106.58581543	        -141	         143
 0.10000	 98.64931488	125.65412903	107.01792908	 97.89601898	125.13488770	108.20632172	        -142	         144
 0.10000	 97.16308594	125.12403107	108.72774506	 95.89760590	125.60662842	109.37193298	        -143	         145
 0.10000	 95.13282013	125.89978790	109.74351501	 93.81621552	126.37211609	110.28466034	        -144	         146
 0.10000	 93.24547577	126.98792267	110.60779572	 93.00342560	128.38899231	111.08509064	        -145	         147
 0.10000	 92.32289124	128.97624207	111.12280273	 90.88681793	129.13464355	110.72035980	        -146	         148
 0.10000	 90.02941132	129.31359863	110.51594543	 88.59208679	129.58573914	110.18586731	        -147	         149
 0.10000	 87.76824188	129.80279541	109.89837646	 86.50850677	130.22698975	109.20409393	        -148	         150
 0.10000	 85.68501282	130.57151794	109.09399414	 84.33655548	131.11369324	109.46422577	        -149	         151
 0.10000	 83.80902863	131.84072876	109.51313782	 83.72673035	133.32978821	109.35501862	        -150	         152
 0.10000	 83.51560211	134.20118713	109.28797150	 83.02648926	135.61297607	109.16068268	        -151	         153
 0.10000	 82.83317566	136.48950195	109.21566772	 82.51235962	137.90084839	109.60877228	        -152	         154
 0.10000	 82.86808777	138.72264099	109.52021027	 84.10708618	139.33033752	108.93265533	        -153	         155
 0.10000	 84.72032166	139.92457581	108.65000916	 85.61589813	141.09875488	108.38799286	        -154	         156
 0.10000	 85.86966705	141.71829224	107.78697205	 85.48786926	142.22143555	106.42646790	        -155	         157
 0.10000	 85.91713715	142.66290283	105.77047729	 87.28359222	143.21585083	105.49388885	        -156	         158
 0.10000	 88.09576416	143.37744141	105.14277649	 89.42107391	143.36450195	104.44114685	        -157	         159
 0.10000	 90.18132019	143.06100464	104.06933594	 91.21879578	142.09092712	103.58856201	        -158	         160
 0.10000	 91.86608887	141.54704285	103.28351593	 92.91295624	140.59779358	102.78235626	        -159	         161
 0.10000	 93.62802887	140.19737244	102.41303253	 94.91851807	139.90254211	101.70848083	        -160	         162
 0.10000	 95.60498047	139.49070740	101.29895782	 96.55689240	138.45449829	100.78025055	        -161	         163
 0.10000	 97.01923370	138.09872437	100.09562683	 97.22242737	138.09999084	 98.60961151	        -162	         164
 0.10000	 97.89330292	137.93438721	 98.03340149	 99.35358429	137.59330750	 98.01522827	        -163	         165
 0.10000	100.21724701	137.36840820	 97.90531158	101.65325928	136.97312927	 97.73151398	        -164	         166
 0.10000	102.49734497	136.67964172	 97.63472748	103.89018250	136.14443970	 97.48609924	        -165	         167
 0.10000	104.62498474	135.63255310	 97.40628052	105.68106079	134.59042358	 97.18775177	        -166	         168
 0.10000	105.93518829	133.76600647	 97.44274902	105.53097534	132.66511536	 98.37786865	        -167	         169
 0.10000	105.27997589	131.84210205	 98.64031219	104.81408691	130.43356323	 98.41947174	        -168	         170
 0.10000	104.39916992	129.76600647	 98.85742950	103.77839661	129.36358643	100.16213226	        -169	         171
 0.10000	103.31945038	129.33071899	100.93506622	102.63050842	129.89999390	102.13945007	        -170	         172
 0.10000	101.95056915	129.72984314	102.70336914	100.78679657	128.82133484	102.96678162	        -171	         173
 0.10000	100.26551819	128.12255859	103.18829346	 99.82170105	126.70360565	103.38545227	        -172	         174
 0.10000	 99.53309631	126.00489044	103.87309265	 99.24542999	125.22298431	105.12017822	        -173	         175
 0.10000	 98.83164215	124.98364258	105.88213348	 97.80200195	124.95505524	106.97229004	        -174	         176
 0.10000	 97.13091278	125.25289154	107.49239349	 95.82576752	125.98536682	107.39371490	        -175	         177
 0.10000	 94.94602203	125.87904358	107.54900360	 93.88660431	124.88390350	107.91899872	        -176	         178
 0.10000	 93.21232605	124.32989502	108.13710022	 92.08596802	123.40970612	108.50287628	        -177	         179
 0.10000	 91.60951233	122.67370605	108.70403290	 91.31785583	121.22367096	108.95223999	        -178	         180
 0.10000	 90.78775024	120.53316498	109.17904663	 89.53397369	119.86826324	109.66406250	        -179	         181
 0.10000	 88.78124237	119.38098907	109.73364258	 87.50657654	118.60910034	109.56398010	        -180	         182
 0.10000	 86.98734283	117.98846436	109.17086792	 86.84870148	116.89865112	108.14988708	        -181	         183
 0.10000	 86.30124664	116.45523834	107.59078217	 84.96144867	116.26454163	106.94477844	        -182	         184
 0.10000	 84.18743134	116.11938477	106.51126862	 82.87975311	115.91033936	105.80807495	        -183	         185
 0.10000	 82.18748474	115.81726837	105.24235535	 81.23423004	115.69400787	104.09152985	        -184	         186
 0.10000	 80.63314056	115.73693848	103.42436981	 79.63193512	116.10762024	102.37125397	        -185	         187
 0.10000	 79.07823181	115.94083405	101.68228912	 78.35374451	115.00080872	100.76528168	        -186	         188
 0.10000	 78.14588928	114.85489655	 99.90227509	 78.42633057	115.32635498	 98.50632477	        -187	         189
 0.10000	 78.21776581	115.52490997	 97.65400696	 77.34560394	115.85832977	 96.48030853	        -188	         190
 0.10000	 77.02224731	115.73478699	 95.65000153	 77.01607513	115.00153351	 94.34165192	        -189	         191
 0.10000	 76.42376709	114.72697449	 93.72248077	 74.94969940	114.76255035	 93.44786072	        -190	         192
 0.10000	 74.15509796	114.40177917	 93.22975922	 73.17411804	113.29689789	 92.97310638	        -191	         193
 0.10000	 72.41000366	112.85500336	 92.80124664	 70.98201752	112.47412872	 92.54723358	        -192	         194
 0.10000	 70.16085052	112.21907043	 92.28495026	 68.87535095	111.77631378	 91.65254974	        -193	         195
 0.10000	 68.02548218	111.63257599	 91.39699554	 66.56654358	111.63183594	 91.05010986	        -194	         196
 0.10000	 65.70178223	111.56309509	 91.28739166	 64.69094849	111.31831360	 92.36782074	        -195	         197
 0.10000	 63.94668961	111.49216461	 92.84173584	 62.76559448	112.26322174	 93.35116577	        -196	         198
 0.10000	 61.99663544	112.69612122	 93.52457428	 60.65080643	113.35784912	 93.52423859	        -197	         199
 0.10000	 59.99254990	113.96989441	 93.55647278	 59.23271561	115.25903320	 93.45657349	        -198	         200
 0.10000	 58.83020782	115.90113831	 93.94125366	 58.51798248	116.35354614	 95.33662415	        -199	         201
 0.10000	 58.47998047	116.76051331	 96.13765717	 58.74269867	117.51531219	 97.40645599	        -200	         202
 0.10000	 58.88265228	117.90706635	 98.20336151	 59.10036087	118.55697632	 99.53710938	        -201	         203
 0.10000	 59.33842087	118.59317017	100.40351105	 59.84882355	118.04636383	101.70330811	        -202	         204
 0.10000	 60.13059235	117.75366974	102.50575256	 60.66692352	117.32984161	103.84070587	        -203	         205
 0.10000	 60.62495422	116.76802826	104.54219818	 59.93249130	115.56858826	105.11800385	        -204	         206
 0.10000	 59.74807358	115.02650452	105.81201172	 59.94396591	114.65301514	107.25146484	        -205	         207
 0.10000	 59.53059006	114.17832184	107.89452362	 58.31956100	113.33013153	108.14694214	        -206	         208
 0.10000	 57.52828598	113.00684357	108.42789459	 56.11875534	112.93976593	108.93609619	        -207	         209
 0.10000	 55.37798309	112.49150085	109.18046570	 54.50002289	111.29756927	109.41100311	        -208	         210
 0.10000	 54.16617966	110.47507477	109.55712128	 54.14856720	108.99954224	109.82496643	        -209	         211
 0.10000	 53.78529358	108.17977142	109.75214386	 52.85188293	107.16661835	109.15908813	        -210	         212
 0.10000	 52.11863708	106.64874268	109.21559906	 50.88544083	106.16436005	109.91822052	        -211	         213
 0.10000	 50.06659698	106.07099152	110.27788544	 48.69311142	106.29648590	110.83590698	        -212	         214
 0.10000	 47.87724304	106.54141235	111.12340546	 46.60758209	107.23273468	111.52177429	        -213	         215
 0.10000	 45.74105835	107.42591095	111.66450500	 44.24740601	107.31292725	111.73660278	        -214	         216
 0.10000	 43.38175583	107.54907990	111.67465210	 42.08061600	108.22811890	111.36612701	        -215	         217
 0.10000	 41.61404419	108.98896790	111.25343323	 41.73653030	110.48165131	111.17229462	        -216	         218
 0.10000	 41.34198761	111.28176117	111.29034424	 40.15262222	112.02183533	111.82653046	        -217	         219
 0.10000	 39.77792740	112.83780670	111.76619720	 40.01490784	114.14702606	111.07375336	        -218	         220
 0.10000	 39.74351883	114.96817780	110.82592773	 38.84424591	116.14914703	110.61136627	        -219	         221
 0.10000	 38.18421555	116.74258423	110.75772095	 36.95542145	117.26243591	111.44262695	        -220	         222
 0.10000	 36.43429947	117.86431885	111.86085510	 35.97509384	119.08518219	112.60068512	        -221	         223
 0.10000	 35.93998337	119.95827484	112.81143951	 36.37807465	121.38994598	112.73147583	        -222	         224
 0.10000	 36.51841354	122.27081299	112.62554932	 36.61442566	123.72779846	112.28633118	        -223	         225
 0.10000	 36.72233963	124.59461975	112.07842255	 36.97263718	126.02465057	111.70503998	        -224	         226
 0.10000	 37.09708786	126.88410950	111.47566223	 37.21378326	128.29113770	110.97104645	        -225	         227
 0.10000	 37.46794891	129.14402771	111.09797668	 38.05097198	130.21574402	111.96980286	        -226	         228
 0.10000	 38.51692581	130.77850342	112.49409485	 39.33448792	131.57446289	113.46739960	        -227	         229
 0.10000	 40.15484238	131.63153076	113.83220673	 41.51935196	131.01199341	113.89226532	        -228	         230
 0.10000	 42.19682312	130.46194458	113.67391968	 42.79062271	129.35614014	112.85310364	        -229	         231
 0.10000	 43.20125961	128.65779114	112.46276093	 43.86665344	127.43762970	111.89929199	        -230	         232
 0.10000	 44.26992035	126.68587494	111.61398315	 44.91172028	125.34510803	111.41405487	        -231	         233
 0.10000	 45.32931900	124.88060760	110.76643372	 45.71244049	125.11794281	109.33582306	        -232	         234
 0.10000	 46.10903931	124.82402802	108.58359528	 46.71374893	123.77456665	107.69902802	        -233	         235
 0.10000	 47.51504517	123.55467224	107.35408783	 48.94532776	124.00014496	107.42498779	        -234	         236
 0.10000	 49.83944702	124.08639526	107.38474274	 51.33617401	124.06344604	107.29690552	        -235	         237
 0.10000	 52.23329926	124.06405640	107.24089050	 53.72849274	124.08276367	107.12931824	        -236	         238
 0.10000	 54.62535858	124.02360535	107.10980988	 56.10841370	123.85169220	107.25074005	        -237	         239
 0.10000	 56.92458725	123.58356476	106.98419952	 57.80295944	122.94792175	105.94791412	        -238	         240
 0.10000	 58.60503387	122.56219482	105.81612396	 59.80148315	121.98602295	106.51338959	        -239	         241
 0.10000	 60.69267273	122.10975647	106.51583862	 61.66979599	123.07805634	105.91818237	        -240	         242
 0.10000	 62.49464035	123.38945770	105.73889160	 63.99053955	123.47635651	105.67382812	        -241	         243
 0.10000	 64.87452698	123.64192963	105.69397736	 66.34435272	123.91131592	105.82247162	        -242	         244
 0.10000	 66.99138641	124.50308990	106.02400970	 67.24330902	125.89638519	106.51868439	        -243	         245
 0.10000	 67.72025299	126.65422058	106.60518646	 68.81658936	127.66952515	106.47688293	        -244	         246
 0.10000	 69.41635895	128.21009827	106.08031464	 70.20442963	128.83168030	104.96591187	        -245	         247
 0.10000	 70.66023254	129.13423157	104.25205231	 71.34757233	129.30955505	102.93067932	        -246	         248
 0.10000	 71.63761139	129.89868164	102.31588745	 71.63156128	131.32296753	101.84623718	        -247	         249
 0.10000	 72.05675507	132.11470032	101.80381775	 73.24825287	132.88372803	102.29204559	        -248	         250
 0.10000	 73.60166931	133.70750427	102.36776733	 73.46669006	135.18743896	102.16645813	        -249	         251
 0.10000	 73.39978027	136.07878113	102.07038879	 73.26348877	137.56019592	101.88363647	        -250	         252
 0.10000	 72.89926910	138.38151550	101.86681366	 71.87693787	139.46197510	102.05490875	        -251	         253
 0.10000	 71.37487793	140.19538879	101.92362976	 70.71269989	141.41024780	101.34667969	        -252	         254
 0.10000	 70.39064789	142.18176270	101.01915741	 70.01721191	143.52244568	100.46268463	        -253	         255
 0.10000	 69.76665497	144.31405640	100.12075806	 69.38397980	145.66709900	 99.60079193	        -254	         256
 0.10000	 68.92816162	146.26000977	 99.10244751	 67.87560272	146.67639160	 98.11907196	        -255	         257
 0.10000	 67.42373657	147.10533142	 97.47132874	 66.99285889	148.07897949	 96.41564178	        -256	         258
 0.10000	 66.72595215	148.25494385	 95.57586670	 66.41874695	147.86907959	 94.16010284	        -257	         259
 0.10000	 66.24053955	147.45201111	 93.38493347	 65.99417877	146.42268372	 92.32350159	        -258	         260
 0.10000	 65.87112427	145.74073792	 91.75283051	 65.73807526	144.48602295	 90.94391632	        -259	         261
 0.10000	 65.59220123	143.69813538	 90.53997803	 65.19458771	142.34094238	 90.04347229	        -260	         262
 0.10000	 65.24236298	141.49996948	 89.73364258	 65.78145599	140.17593384	 89.28327942	        -261	         263
 0.10000	 66.09142303	139.38362122	 88.99622345	 66.60490417	138.07550049	 88.47425079	        -262	         264
 0.10000	 67.11929321	137.36712646	 88.27233124	 68.26211548	136.41084290	 88.10694885	        -263	         265
 0.10000	 68.93611908	135.81825256	 88.16043854	 70.02195740	134.93623352	 88.70097351	        -264	         266
 0.10000	 70.57769012	134.29133606	 88.41003418	 70.85661316	133.50714111	 87.16232300	        -265	         267
 0.10000	 71.24257660	133.15193176	 86.43157959	 72.08345795	132.82540894	 85.23352051	        -266	         268
 0.10000	 72.57130432	132.83486938	 84.47789001	 73.27853394	133.07785034	 83.17778015	        -267	         269
 0.10000	 73.77335358	133.68370056	 82.73329163	 74.37684631	135.05651855	 82.75292969	        -268	         270
 0.10000	 74.58131409	135.81407166	 83.19213104	 74.47878265	136.58322144	 84.47526550	        -269	         271
 0.10000	 74.44275665	136.92553711	 85.30541992	 74.31395721	137.11412048	 86.78713989	        -270	         272
 0.10000	 74.38805389	137.40579224	 87.63341522	 74.74794769	138.10673523	 88.90864563	        -271	         273
 0.10000	 74.94734192	138.50900269	 89.68622589	 75.24002075	139.20977783	 90.97863007	        -272	         274
 0.10000	 75.59277344	139.54449463	 91.73377991	 76.38600922	139.90403748	 92.95407104	        -273	         275
 0.10000	 77.06854248	140.23048401	 93.43904877	 78.38136292	140.90988159	 93.69058990	        -274	         276
 0.10000	 79.25228119	141.06622314	 93.84877777	 80.73052216	140.94224548	 94.06784821	        -275	         277
 0.10000	 81.59111786	140.69703674	 93.97984314	 82.75773621	139.93600464	 93.42433167	        -276	         278
 0.10000	 83.62953186	139.73492432	 93.33452606	 85.10388947	139.89509583	 93.55726624	        -277	         279
 0.10000	 85.97698212	139.72473145	 93.69044495	 87.35736084	139.20707703	 93.96607208	        -278	         280
 0.10000	 87.92884064	138.52032471	 94.07163239	 88.12174988	137.03350830	 94.10803986	        -279	         281
 0.10000	 88.48017120	136.20880127	 94.12760925	 89.41847229	135.04261780	 94.03202057	        -280	         282
 0.10000	 89.54741669	134.20327759	 94.32912445	 88.95744324	133.14460754	 95.21259308	        -281	         283
 0.10000	 88.80124664	132.41433716	 95.71360016	 88.81865692	131.14749146	 96.51562500	        -282	         284
 0.10000	 88.54765320	130.45175171	 97.01584625	 87.71086884	129.47218323	 97.78305817	        -283	         285
 0.10000	 87.19175720	128.96795654	 98.31610107	 86.35945892	128.26834106	 99.34870148	        -284	         286
 0.10000	 85.55043793	128.06512451	 99.68432617	 84.05976868	128.20663452	 99.60602570	        -285	         287
 0.10000	 83.17034149	128.22927856	 99.73081207	 81.72124481	128.25061035	100.11421967	        -286	         288
 0.10000	 80.84949493	128.26309204	100.32974243	 79.39597321	128.26194763	100.69664001	        -287	         289
 0.10000	 78.52832031	128.37838745	100.89839935	 77.16064453	128.85411072	101.28739166	        -288	         290
 0.10000	 76.26638794	128.79211426	101.21871948	 75.04942322	128.12562561	100.64992523	        -289	         291
 0.10000	 74.29421234	127.88082886	100.22772980	 73.11093140	127.74177551	 99.31699371	        -290	         292
 0.10000	 72.39698029	127.37683868	 98.90959167	 71.30731201	126.40164185	 98.57690430	        -291	         293
 0.10000	 70.79958344	125.81751251	 98.11866760	 70.23214722	124.98080444	 97.01086426	        -292	         294
 0.10000	 70.17791748	124.20911407	 96.55178833	 70.72191620	122.85147095	 96.21959686	        -293	         295
 0.10000	 70.68119812	121.95311737	 96.24162292	 70.10520935	120.65437317	 96.72206879	        -294	         296
 0.10000	 69.81816864	119.83901978	 96.97112274	 69.20262909	118.53089142	 97.37048340	        -295	         297
 0.10000	 69.40577698	117.69152069	 97.62328339	 70.60028076	116.79697418	 97.77359772	        -296	         298
 0.10000	 71.02261353	116.20738983	 98.30603790	 71.12239838	115.44303894	 99.59260559	        -297	         299
 0.10000	 71.23651886	115.33882141	100.47885895	 71.33592224	115.83825684	101.88960266	        -298	         300
 0.10000	 71.55375671	116.13134766	102.71164703	 72.10910034	116.77182007	103.94887543	        -299	         301
 0.10000	 72.56687164	116.85780334	104.71855164	 73.61585236	116.53215790	105.73994446	        -300	         302
 0.10000	 73.65150452	116.30206299	106.60897064	 72.70742035	116.02303314	107.74057007	        -301	         303
 0.10000	 72.22290802	115.67160034	108.41212463	 71.33341217	114.82723999	109.27545166	        -302	         304
 0.10000	 71.20085144	114.41332245	110.06314087	 71.68902588	113.93692780	111.39891815	        -303	         305
 0.10000	 72.04954529	114.05845642	112.21410370	 72.70318604	114.98316956	113.19754791	        -304	         306
 0.10000	 73.15273285	115.22151184	113.93937683	 73.90610504	115.12899017	115.23281860	        -305	         307
 0.10000	 74.41238403	115.22406769	115.97001648	 75.26998138	115.61899567	117.13526917	        -306	         308
 0.10000	 75.97795868	115.59323883	117.68972015	 77.30471039	115.04603577	118.12545013	        -307	         309
 0.10000	 77.98629761	115.15559387	118.70233917	 78.50563812	115.99955750	119.82817078	        -308	         310
 0.10000	 79.14369202	116.23271179	120.41795349	 80.47741699	116.16635132	121.10064697	        -309	         311
 0.10000	 81.24732971	116.25691986	121.55654144	 82.49424744	116.58773804	122.32118225	        -310	         312
 0.10000	 83.23992157	116.63784790	122.82164001	 84.42739868	116.35807800	123.69401550	        -311	         313
 0.10000	 85.09623718	116.67937469	124.20296478	 85.82548523	117.78382111	124.90863037	        -312	         314
 0.10000	 86.19936371	118.60115814	124.87049866	 86.48568726	119.83837128	124.07247162	        -313	         315
 0.10000	 86.43308258	120.56897736	123.55042267	 85.97494507	121.63410950	122.59922791	        -314	         316
 0.10000	 85.63343048	122.17434692	121.96615601	 84.95109558	122.89623260	120.84232330	        -315	           0
