 0.20000	251.56811523	148.78291321	356.39639282	251.46228027	150.22372437	356.79940796	           0	           2
 0.20000	251.32926941	151.06585693	357.08578491	250.96681213	152.41406250	357.63305664	          -1	           3
 0.20000	250.90403748	153.27133179	357.89562988	251.07406616	154.72660828	358.21340942	          -2	           4
 0.20000	251.19071960	155.60115051	358.38458252	251.47198486	157.05212402	358.63778687	          -3	           5
 0.20000	251.38233948	157.93910217	358.75186157	250.81735229	159.32325745	358.86682129	          -4	           6
 0.20000	250.53349304	160.17369080	358.92718506	250.08032227	161.60044861	359.01110840	          -5	           7
 0.20000	250.00885010	162.49525452	359.05746460	250.26165771	163.97154236	359.12646484	          -6	           8
 0.20000	250.38185120	164.86073303	359.17199707	250.59248352	166.34262085	359.25466919	          -7	           9
 0.20000	250.60404968	167.24029541	359.28582764	250.50195312	168.73609924	359.29101562	          -8	          10
 0.20000	250.20289612	169.57606506	359.40438843	249.33825684	170.74998474	359.75436401	          -9	          11
 0.20000	248.84355164	171.46740723	359.97286987	248.01397705	172.64013672	360.40127563	         -10	          12
 0.20000	247.45797729	173.34338379	360.45245361	246.44354248	174.41079712	360.17181396	         -11	          13
 0.20000	245.97135925	175.16917419	360.07885742	245.47013855	176.58187866	360.06753540	         -12	          14
 0.20000	245.04347229	177.35978699	359.92886353	244.16506958	178.51803589	359.56326294	         -13	          15
 0.20000	243.74584961	179.18507385	359.13281250	243.28744507	180.16123962	358.09197998	         -14	          16
 0.20000	242.92041016	180.65989685	357.44232178	242.19180298	181.28768921	356.29302979	         -15	          17
 0.20000	241.76690674	181.74819946	355.65093994	241.06427002	182.57812500	354.61981201	         -16	          18
 0.20000	240.68627930	183.22760010	354.12908936	240.16477966	184.52328491	353.58502197	         -17	          19
 0.20000	239.94857788	185.27253723	353.13949585	239.83229065	186.48748779	352.26913452	         -18	          20
 0.20000	239.70933533	187.21568298	351.75741577	239.37631226	188.38861084	350.88476562	         -19	          21
 0.20000	239.46025085	189.18278503	350.47171021	239.96603394	190.52474976	350.03399658	         -20	          22
 0.20000	240.47474670	191.22650146	349.79617310	241.60844421	192.16281128	349.50274658	         -21	          23
 0.20000	242.40623474	192.54310608	349.33944702	243.87004089	192.77517700	349.11303711	         -22	          24
 0.20000	244.74220276	192.89186096	348.93249512	246.19247437	192.95919800	348.55953979	         -23	          25
 0.20000	247.05969238	193.08999634	348.36831665	248.49069214	193.44879150	348.10433960	         -24	          26
 0.20000	249.36747742	193.56179810	347.94909668	250.84489441	193.57086182	347.69622803	         -25	          27
 0.20000	251.73812866	193.61808777	347.61468506	253.22645569	193.79754639	347.59576416	         -26	          28
 0.20000	254.11286926	193.65022278	347.57714844	255.45330811	192.97962952	347.53417969	         -27	          29
 0.20000	256.31234741	192.71760559	347.50332642	257.78070068	192.42182922	347.44354248	         -28	          30
 0.20000	258.66714478	192.29832458	347.37661743	260.15991211	192.26281738	347.24786377	         -29	          31
 0.20000	261.01651001	192.23300171	346.98022461	262.33676147	192.14242554	346.27572632	         -30	          32
 0.20000	263.04788208	192.32902527	345.75839233	264.01693726	192.95437622	344.80026245	         -31	          33
 0.20000	264.40368652	193.40130615	344.12371826	264.61944580	194.28463745	342.93194580	         -32	          34
 0.20000	264.81350708	194.67588806	342.14758301	265.16931152	195.04585266	340.73959351	         -33	          35
 0.20000	265.52926636	195.38101196	339.98898315	266.38763428	196.01203918	338.93508911	         -34	          36
 0.20000	266.81588745	196.53074646	338.34109497	267.38906860	197.58378601	337.44180298	         -35	          37
 0.20000	267.73925781	198.30021667	337.03027344	268.34487915	199.58412170	336.55004883	         -36	          38
 0.20000	268.51956177	200.45489502	336.42260742	268.51934814	201.95086670	336.50970459	         -37	          39
 0.20000	268.33511353	202.81802368	336.64675903	267.71459961	204.12153625	337.04852295	         -38	          40
 0.20000	267.41021729	204.94616699	337.22677612	267.03848267	206.37580872	337.47924805	         -39	          41
 0.20000	266.65505981	207.18565369	337.43835449	265.86172485	208.40650940	337.08425903	         -40	          42
 0.20000	265.40078735	209.08969116	336.73126221	264.65899658	210.11752319	335.93264771	         -41	          43
 0.20000	264.24288940	210.75801086	335.46401978	263.58523560	211.85368347	334.68179321	         -42	          44
 0.20000	263.20977783	212.50599670	334.19384766	262.61605835	213.58786011	333.34347534	         -43	          45
 0.20000	262.29666138	214.24598694	332.82296753	261.84188843	215.36973572	331.94104004	         -44	          46
 0.20000	261.43957520	215.89714050	331.33529663	260.57455444	216.48042297	330.25878906	         -45	          47
 0.20000	260.11093140	216.67282104	329.51394653	259.45593262	216.70210266	328.16580200	         -46	          48
 0.20000	259.04638672	216.49681091	327.39251709	258.36022949	215.76515198	326.27801514	         -47	          49
 0.20000	258.13781738	215.41708374	325.48025513	258.16787720	215.02928162	324.03259277	         -48	          50
 0.20000	258.00500488	214.56430054	323.28131104	257.44943237	213.53569031	322.34277344	         -49	          51
 0.20000	257.41299438	212.86221313	321.74972534	257.83450317	211.72326660	320.87091064	         -50	          52
 0.20000	257.97418213	211.18399048	320.16680908	258.08657837	210.57490540	318.80203247	         -51	          53
 0.20000	258.05914307	210.20935059	317.98355103	257.78665161	209.65586853	316.61837769	         -52	          54
 0.20000	257.72482300	209.19688416	315.85058594	257.73034668	208.25337219	314.68655396	         -53	          55
 0.20000	257.69595337	207.72303772	313.96496582	257.57601929	206.88984680	312.72607422	         -54	          56
 0.20000	257.53323364	206.35324097	312.00952148	257.51052856	205.39781189	310.85543823	         -55	          57
 0.20000	257.57775879	204.87030029	310.13400269	257.82458496	204.07528687	308.88879395	         -56	          58
 0.20000	257.89050293	203.56106567	308.15805054	257.86343384	202.66169739	306.96002197	         -57	          59
 0.20000	257.87289429	201.99557495	306.35961914	257.94580078	200.71499634	305.58493042	         -58	          60
 0.20000	257.84594727	199.93278503	305.15811157	257.46389771	198.62513733	304.53393555	         -59	          61
 0.20000	257.13256836	197.86170959	304.19857788	256.40570068	196.64495850	303.71136475	         -60	          62
 0.20000	255.90756226	195.95265198	303.43124390	254.85870361	194.97824097	302.98733521	         -61	          63
 0.20000	254.35520935	194.28785706	302.71203613	253.67919922	193.03538513	302.24227905	         -62	          64
 0.20000	253.25074768	192.29125977	301.98083496	252.50622559	191.05285645	301.58215332	         -63	          65
 0.20000	252.06019592	190.31785583	301.32186890	251.35508728	189.08190918	300.84939575	         -64	          66
 0.20000	250.70184326	188.51821899	300.59799194	249.35354614	187.94744873	300.27505493	         -65	          67
 0.20000	248.51562500	187.75859070	300.01007080	247.11041260	187.83280945	299.49264526	         -66	          68
 0.20000	246.24516296	187.71820068	299.28002930	244.80377197	187.34037781	299.11611938	         -67	          69
 0.20000	243.93936157	187.11975098	299.00976562	242.51115417	186.68641663	298.86639404	         -68	          70
 0.20000	241.65646362	186.64639282	298.59158325	240.36167908	186.98008728	297.91296387	         -69	          71
 0.20000	239.71191406	187.04742432	297.29602051	238.95921326	186.94197083	296.00372314	         -70	          72
 0.20000	238.57220459	187.05198669	295.20046997	238.08259583	187.45774841	293.84286499	         -71	          73
 0.20000	237.92765808	187.70642090	292.99343872	237.98284912	188.18881226	291.57492065	         -72	          74
 0.20000	237.92864990	188.27940369	290.68252563	237.79415894	188.05471802	289.20657349	         -73	          75
 0.20000	237.72349548	187.96037292	288.31686401	237.64105225	187.85797119	286.82379150	         -74	          76
 0.20000	237.49440002	187.62472534	285.96887207	237.14393616	187.01339722	284.64575195	         -75	          77
 0.20000	236.82176208	186.61216736	283.90963745	236.13197327	185.82244873	282.83792114	         -76	          78
 0.20000	235.61114502	185.53587341	282.16381836	234.62654114	185.45306396	281.03625488	         -77	          79
 0.20000	233.96446228	185.27563477	280.45574951	232.74395752	184.84980774	279.69674683	         -78	          80
 0.20000	232.02479553	184.61050415	279.21463013	230.83396912	184.26817322	278.37042236	         -79	          81
 0.20000	230.25088501	183.81217957	277.86062622	229.62718201	182.69464111	277.07943726	         -80	          82
 0.20000	229.16000366	182.19200134	276.49954224	228.38414001	181.59252930	275.36535645	         -81	          83
 0.20000	227.76884460	181.39874268	274.73983765	226.56820679	181.39411926	273.84204102	         -82	          84
 0.20000	225.84924316	181.45964050	273.30780029	224.64941406	181.66268921	272.43206787	         -83	          85
 0.20000	223.95977783	182.04463196	272.00036621	222.97755432	183.05186462	271.48178101	         -84	          86
 0.20000	222.34616089	183.61431885	271.17810059	221.26002502	184.52806091	270.69589233	         -85	          87
 0.20000	220.63244629	185.10450745	270.41348267	219.61186218	186.10220337	269.95626831	         -86	          88
 0.20000	218.96307373	186.65162659	269.66955566	217.80867004	187.46662903	269.17031860	         -87	          89
 0.20000	217.12800598	188.01693726	268.97070312	216.04592896	189.04048157	268.80163574	         -88	          90
 0.20000	215.32971191	189.57774353	268.72851562	214.00959778	190.28083801	268.62518311	         -89	          91
 0.20000	213.36524963	190.89627075	268.74108887	212.65913391	192.13824463	269.19555664	         -90	          92
 0.20000	212.12205505	192.81788635	269.43328857	211.06472778	193.80986023	269.81481934	         -91	          93
 0.20000	210.59521484	194.57014465	269.90728760	210.11030579	195.98550415	269.81268311	         -92	          94
 0.20000	209.91278076	196.86108398	269.78656006	209.80625916	198.35606384	269.80334473	         -93	          95
 0.20000	209.70553589	199.22875977	269.62023926	209.50372314	200.58110046	269.00683594	         -94	          96
 0.20000	209.34461975	201.39195251	268.65716553	209.04301453	202.73924255	268.07391357	         -95	          97
 0.20000	208.73304749	203.47576904	267.66488647	208.03364563	204.55563354	266.89599609	         -96	          98
 0.20000	207.60159302	205.21537781	266.46798706	206.81573486	206.30581665	265.80490112	         -97	          99
 0.20000	206.41136169	207.04840088	265.50305176	205.89672852	208.41943359	265.18298340	         -98	         100
 0.20000	205.45523071	209.18296814	265.01300049	204.58113098	210.37757874	264.77514648	         -99	         101
 0.20000	203.88685608	210.93725586	264.66510010	202.51473999	211.52066040	264.50830078	        -100	         102
 0.20000	201.69355774	211.86294556	264.63125610	200.37962341	212.34609985	265.16702271	        -101	         103
 0.20000	199.54528809	212.51954651	265.45062256	198.11688232	212.63958740	265.88992310	        -102	         104
 0.20000	197.26675415	212.49732971	266.14450073	195.93762207	211.92633057	266.53872681	        -103	         105
 0.20000	195.14884949	211.60479736	266.82418823	193.88127136	211.03152466	267.38284302	        -104	         106
 0.20000	193.06130981	210.85556030	267.70471191	191.64913940	210.87298584	268.20718384	        -105	         107
 0.20000	190.79713440	210.82373047	268.48568726	189.37309265	210.68078613	268.93041992	        -106	         108
 0.20000	188.49412537	210.54927063	269.05313110	187.02410889	210.27104187	268.96951294	        -107	         109
 0.20000	186.16581726	210.02113342	268.89489746	184.78149414	209.48071289	268.70129395	        -108	         110
 0.20000	183.94165039	209.18917847	268.57736206	182.51007080	208.78486633	268.39282227	        -109	         111
 0.20000	181.75527954	208.45281982	268.03713989	180.80606079	207.82681274	267.06045532	        -110	         112
 0.20000	180.13916016	207.46467590	266.58071899	178.92910767	206.88224792	265.91516113	        -111	         113
 0.20000	178.22602844	206.52098083	265.49084473	177.08815002	205.89587402	264.74261475	        -112	         114
 0.20000	176.38496399	205.46464539	264.38922119	175.18875122	204.66970825	263.96041870	        -113	         115
 0.20000	174.53266907	204.13446045	263.66122437	173.58181763	203.12289429	263.09561157	        -114	         116
 0.20000	172.93647766	202.58816528	262.77182007	171.78450012	201.77903748	262.25552368	        -115	         117
 0.20000	170.98229980	201.49958801	261.96124268	169.54949951	201.49586487	261.51940918	        -116	         118
 0.20000	168.70256042	201.29194641	261.29879761	167.33125305	200.74827576	261.03155518	        -117	         119
 0.20000	166.59614563	200.34207153	260.71350098	165.63099670	199.49186707	259.94366455	        -118	         120
 0.20000	164.91482544	199.11878967	259.55081177	163.58654785	198.70278931	258.99450684	        -119	         121
 0.20000	162.78828430	198.45683289	258.66476440	161.42666626	198.08558655	258.15902710	        -120	         122
 0.20000	160.77442932	197.79914856	257.61163330	160.08558655	197.25080872	256.39837646	        -121	         123
 0.20000	159.74057007	197.01969910	255.60160828	159.37915039	196.91246033	254.15036011	        -122	         124
 0.20000	159.18275452	196.54559326	253.35340881	158.95071411	195.56176758	252.24584961	        -123	         125
 0.20000	158.82890320	194.88053894	251.67247009	158.65213013	193.56706238	250.97149658	        -124	         126
 0.20000	158.66281128	192.84268188	250.43998718	158.80690002	191.78648376	249.38557434	        -125	         127
 0.20000	159.14347839	191.09617615	248.91851807	160.05729675	189.98962402	248.48413086	        -126	         128
 0.20000	160.64250183	189.35635376	248.23182678	161.73214722	188.36810303	247.94316101	        -127	         129
 0.20000	162.31768799	187.80087280	247.56552124	163.12231445	186.93040466	246.64762878	        -128	         130
 0.20000	163.74711609	186.55801392	246.12026978	164.94772339	186.20065308	245.29647827	        -129	         131
 0.20000	165.64656067	186.13661194	244.73478699	166.73571777	186.40109253	243.73849487	        -130	         132
 0.20000	167.40176392	186.26576233	243.15019226	168.45269775	185.66265869	242.26698303	        -131	         133
 0.20000	169.01197815	185.19557190	241.74127197	169.76028442	184.20954895	240.89547729	        -132	         134
 0.20000	170.29450989	183.72937012	240.35633850	171.28105164	183.07325745	239.43794250	        -133	         135
 0.20000	171.79592896	182.77717590	238.76390076	172.56089783	182.50045776	237.50437927	        -134	         136
 0.20000	172.81657410	182.37269592	236.65219116	172.84307861	182.29185486	235.15530396	        -135	         137
 0.20000	172.86129761	182.12751770	234.27226257	172.79618835	181.74807739	232.82321167	        -136	         138
 0.20000	172.89863586	181.27801514	232.06401062	173.25209045	180.11978149	231.17984009	        -137	         139
 0.20000	173.51345825	179.64210510	230.46482849	174.04449463	179.23933411	229.12184143	        -138	         140
 0.20000	174.25923157	178.90982056	228.31430054	174.45521545	178.27508545	226.97059631	        -139	         141
 0.20000	174.53150940	177.89581299	226.16004944	174.50494385	177.22161865	224.82122803	        -140	         142
 0.20000	174.69091797	176.96022034	223.98178101	175.32310486	176.78323364	222.63383484	        -141	         143
 0.20000	175.51878357	176.71418762	221.75970459	175.59773254	176.72747803	220.26252747	        -142	         144
 0.20000	175.48356628	176.63417053	219.37580872	175.02114868	176.26611328	217.99761963	        -143	         145
 0.20000	174.69750977	176.33638000	217.16203308	174.09399414	176.89814758	215.90959167	        -144	         146
 0.20000	173.74736023	177.19761658	215.13632202	173.13432312	177.70639038	213.86589050	        -145	         147
 0.20000	173.04852295	177.92176819	212.99696350	173.42106628	178.10134888	211.55560303	        -146	         148
 0.20000	173.53721619	178.17070007	210.66708374	173.63442993	178.19006348	209.17112732	        -147	         149
 0.20000	173.70422363	178.19346619	208.27568054	173.79966736	178.17703247	206.77983093	        -148	         150
 0.20000	174.01760864	178.21495056	205.90928650	174.60275269	178.35600281	204.53637695	        -149	         151
 0.20000	175.02868652	178.43893433	203.75039673	175.87556458	178.56710815	202.52035522	        -150	         152
 0.20000	176.36613464	178.70530701	201.78085327	177.13865662	179.02523804	200.53642273	        -151	         153
 0.20000	177.79501343	179.19804382	199.94757080	179.13360596	179.44091797	199.31756592	        -152	         154
 0.20000	179.90664673	179.59097290	198.88574219	181.18196106	179.83532715	198.13710022	        -153	         155
 0.20000	181.92362976	180.07714844	197.69235229	183.12713623	180.61741638	196.98023987	        -154	         156
 0.20000	183.70899963	180.99450684	196.40905762	184.36222839	181.70045471	195.25915527	        -155	         157
 0.20000	184.83744812	182.09141541	194.60476685	185.76411438	182.71705627	193.60591125	        -156	         158
 0.20000	186.14976501	182.95445251	192.82972717	186.42845154	183.07797241	191.36180115	        -157	         159
 0.20000	186.70204163	183.23065186	190.52011108	187.25373840	183.56228638	189.16651917	        -158	         160
 0.20000	187.60523987	183.67710876	188.34883118	188.22065735	183.73849487	186.98371887	        -159	         161
 0.20000	188.66746521	183.67143250	186.20819092	189.52684021	183.38482666	185.01408386	        -160	         162
 0.20000	190.03576660	183.23634338	184.28913879	190.88923645	183.05105591	183.07054138	        -161	         163
 0.20000	191.38473511	182.70043945	182.40776062	192.14044189	181.77702332	181.49986267	        -162	         164
 0.20000	192.54153442	181.15724182	180.98786926	193.14021301	179.99703979	180.25111389	        -163	         165
 0.20000	193.40505981	179.26800537	179.79808044	193.64047241	178.01818848	179.00401306	        -164	         166
 0.20000	193.93312073	177.22196960	178.70703125	194.60655212	175.88623047	178.60673523	        -165	         167
 0.20000	195.00939941	175.12506104	178.34954834	195.73263550	174.00845337	177.65771484	        -166	         168
 0.20000	195.90344238	173.21310425	177.27482605	195.73820496	171.83139038	176.71646118	        -167	         169
 0.20000	195.52865601	171.01982117	176.39294434	194.89398193	169.76194763	175.88046265	        -168	         170
 0.20000	194.68374634	168.94075012	175.58251953	194.51174927	167.53207397	175.09841919	        -169	         171
 0.20000	194.70106506	166.68322754	174.87011719	195.42289734	165.39006042	174.63516235	        -170	         172
 0.20000	196.06440735	164.77729797	174.49011230	197.42179871	164.16784668	174.30490112	        -171	         173
 0.20000	198.21255493	163.80577087	174.07942200	199.51814270	163.24234009	173.60458374	        -172	         174
 0.20000	200.23423767	163.04447937	173.09921265	201.19869995	162.97193909	171.95364380	        -173	         175
 0.20000	201.80181885	162.90730286	171.29127502	202.79560852	162.83647156	170.17102051	        -174	         176
 0.20000	203.40830994	162.57948303	169.56590271	204.40776062	161.85038757	168.71890259	        -175	         177
 0.20000	205.03646851	161.38258362	168.27990723	206.14752197	160.55516052	167.70704651	        -176	         178
 0.20000	206.70364380	159.93954468	167.36257935	207.40939331	158.71960449	166.85147095	        -177	         179
 0.20000	207.81315613	158.10575867	166.33427429	208.35122681	157.31900024	165.17701721	        -178	         180
 0.20000	208.71456909	156.85270691	164.50094604	209.33154297	156.12379456	163.34526062	        -179	         181
 0.20000	209.83804321	155.69912720	162.73649597	210.93699646	155.08691406	161.92059326	        -180	         182
 0.20000	211.37207031	154.61749268	161.28956604	211.64884949	153.68948364	160.14503479	        -181	         183
 0.20000	211.99243164	153.20516968	159.47073364	212.74835205	152.50509644	158.38175964	        -182	         184
 0.20000	213.24398804	152.20005798	157.69795227	214.15061951	151.92890930	156.53562927	        -183	         185
 0.20000	214.67881775	151.76705933	155.82759094	215.56623840	151.61080933	154.62936401	        -184	         186
 0.20000	216.03945923	151.26947021	153.94573975	216.69329834	150.30990601	152.99708557	        -185	         187
 0.20000	217.16528320	149.94041443	152.32763672	218.04695129	149.65512085	151.14921570	        -186	         188
 0.20000	218.61631775	149.51298523	150.46919250	219.68128967	149.38424683	149.42179871	        -187	         189
 0.20000	220.15667725	149.33737183	148.66073608	220.58834839	149.34878540	147.22506714	        -188	         190
 0.20000	221.03691101	149.29870605	146.44810486	222.00701904	149.21075439	145.30825806	        -189	         191
 0.20000	222.61404419	148.88192749	144.73246765	223.56987000	147.94958496	144.05020142	        -190	         192
 0.20000	224.23237610	147.38250732	143.83168030	225.38635254	146.42825317	143.90748596	        -191	         193
 0.20000	226.14317322	145.95384216	143.81074524	227.47041321	145.33108521	143.49789429	        -192	         194
 0.20000	228.32249451	145.08619690	143.35520935	229.79855347	144.89695740	143.17526245	        -193	         195
 0.20000	230.69140625	144.91990662	143.08073425	232.14656067	145.24668884	142.92802429	        -194	         196
 0.20000	233.04345703	145.29115295	142.96302795	234.50227356	145.07086182	143.23088074	        -195	         197
 0.20000	235.37582397	145.23783875	143.36347961	236.71131897	145.89749146	143.53601074	        -196	         198
 0.20000	237.39939880	146.46014404	143.66957092	238.30593872	147.62652588	143.92686462	        -197	         199
 0.20000	238.60841370	148.46655273	144.03257751	238.62208557	149.96405029	144.10722351	        -198	         200
 0.20000	238.55541992	150.85702515	144.18150330	238.25788879	152.31739807	144.34303284	        -199	         201
 0.20000	238.00909424	153.17372131	144.44764709	237.44633484	154.55023193	144.63452148	        -200	         202
 0.20000	237.17012024	155.39434814	144.76271057	236.78050232	156.82125854	145.00302124	        -201	         203
 0.20000	236.49586487	157.65307617	145.18252563	235.93057251	158.99433899	145.53999329	        -202	         204
 0.20000	235.56825256	159.79229736	145.73522949	234.89532471	161.09359741	146.05302429	        -203	         205
 0.20000	234.58152771	161.93133545	146.13665771	234.18214417	163.37635803	146.11122131	        -204	         206
 0.20000	234.19674683	164.27491760	146.12594604	234.66250610	165.69918823	146.18064880	        -205	         207
 0.20000	234.88784790	166.56874084	146.20790100	235.22985840	168.02850342	146.19931030	        -206	         208
 0.20000	235.42770386	168.87203979	146.43867493	235.69859314	170.13029480	147.20787048	        -207	         209
 0.20000	236.05253601	170.84048462	147.62977600	236.95306396	171.84660339	148.28149414	        -208	         210
 0.20000	237.31985474	172.61164856	148.57746887	237.61663818	174.04748535	148.89038086	        -209	         211
 0.20000	237.89886475	174.89707947	148.96360779	238.46321106	176.28102112	148.84936523	        -210	         212
 0.20000	238.73629761	177.13534546	148.81304932	239.07998657	178.59376526	148.78187561	        -211	         213
 0.20000	239.30436707	179.46199036	148.75225830	239.70083618	180.90682983	148.71311951	        -212	         214
 0.20000	240.01733398	181.73405457	148.56665039	240.66896057	183.02220154	148.16378784	        -213	         215
 0.20000	241.03770447	183.79211426	147.88781738	241.61598206	185.06048584	147.33732605	        -214	         216
 0.20000	241.94728088	185.82771301	147.00910950	242.49775696	187.10218811	146.44346619	        -215	         217
 0.20000	242.68675232	187.95086670	146.21789551	242.76055908	189.43362427	146.00828552	        -216	         218
 0.20000	242.68960571	190.32698059	146.07115173	242.36228943	191.72702026	146.49604797	        -217	         219
 0.20000	242.22483826	192.57994080	146.74194336	242.09878540	194.00511169	147.18902588	        -218	         220
 0.20000	241.91383362	194.86485291	147.36956787	241.43409729	196.27796936	147.51101685	        -219	         221
 0.20000	241.22898865	197.14721680	147.60829163	241.09284973	198.63244629	147.76203918	        -220	         222
 0.20000	240.74139404	199.44174194	147.93403625	239.78518677	200.53067017	148.31900024	        -221	         223
 0.20000	239.24671936	201.21716309	148.53376770	238.40580750	202.40946960	148.87928772	        -222	         224
 0.20000	237.69309998	202.92295837	149.06948853	236.28239441	203.35945129	149.32901001	        -223	         225
 0.20000	235.43424988	203.62341309	149.46321106	234.00047302	204.01719666	149.65388489	        -224	         226
 0.20000	233.16403198	204.32513428	149.76591492	231.81146240	204.95559692	149.91078186	        -225	         227
 0.20000	231.06800842	205.35478210	150.22035217	230.05528259	205.98185730	151.13122559	        -226	         228
 0.20000	229.42425537	206.55827332	151.41017151	228.45637512	207.70341492	151.40361023	        -227	         229
 0.20000	228.01911926	208.48844910	151.40223694	227.57522583	209.92028809	151.38101196	        -228	         230
 0.20000	227.35830688	210.77473450	151.20835876	227.12704468	212.15568542	150.67277527	        -229	         231
 0.20000	227.01054382	213.01429749	150.43699646	226.85574341	214.47909546	150.15948486	        -230	         232
 0.20000	226.77641296	215.35020447	149.95716858	226.66679382	216.79118347	149.55877686	        -231	         233
 0.20000	226.60224915	217.65596008	149.32408142	226.54814148	219.09638977	148.91145325	        -232	         234
 0.20000	226.24119568	219.93176270	148.78465271	225.28767395	221.08898926	148.79356384	        -233	         235
 0.20000	224.96345520	221.92456055	148.86238098	224.86262512	223.39703369	149.12629700	        -234	         236
 0.20000	224.66313171	224.26925659	149.20697021	224.24731445	225.70973206	149.21675110	        -235	         237
 0.20000	223.74143982	226.45120239	149.26301575	222.54055786	227.33879089	149.39802551	        -236	         238
 0.20000	221.85426331	227.91328430	149.32008362	220.72962952	228.82952881	148.94145203	        -237	         239
 0.20000	220.16123962	229.49484253	148.73699951	219.47297668	230.79318237	148.43913269	        -238	         240
 0.20000	218.87202454	231.38204956	148.12301636	217.66586304	231.91015625	147.40592957	        -239	         241
 0.20000	217.06059265	232.46391296	147.03890991	216.35209656	233.69224548	146.55181885	        -240	         242
 0.20000	215.69651794	234.25079346	146.29499817	214.35949707	234.84860229	145.97416687	        -241	         243
 0.20000	213.54885864	235.17869568	145.77197266	212.14936829	235.58741760	145.42268372	        -242	         244
 0.20000	211.37391663	236.00019836	145.23345947	210.18565369	236.87678528	144.97280884	        -243	         245
 0.20000	209.66456604	237.60061646	144.86010742	209.27386475	239.03999329	144.70552063	        -244	         246
 0.20000	208.88166809	239.83261108	144.86682129	208.10169983	240.92486572	145.53538513	        -245	         247
 0.20000	207.65724182	241.60884094	145.91224670	206.94627380	242.73802185	146.59585571	        -246	         248
 0.20000	206.43638611	243.44738770	146.80583191	205.49565125	244.61357117	146.86064148	        -247	         249
 0.20000	204.99784851	245.32659912	146.63265991	204.41738892	246.42834473	145.79736328	        -248	         250
 0.20000	203.82986450	246.99702454	145.42384338	202.57275391	247.72486877	145.05213928	        -249	         251
 0.20000	201.85606384	248.03849792	144.60961914	200.76039124	248.28588867	143.61650085	        -250	         252
 0.20000	200.12466431	248.37484741	142.98811340	199.11701965	248.41044617	141.87864685	        -251	         253
 0.20000	198.51893616	248.31492615	141.21461487	197.58802795	247.87678528	140.12367249	        -252	         254
 0.20000	196.94218445	247.92294312	139.50009155	195.83049011	248.51325989	138.68504333	        -253	         255
 0.20000	195.25476074	248.66386414	138.01129150	194.57023621	248.63482666	136.67759705	        -254	         256
 0.20000	193.96307373	248.60099792	136.01585388	192.70880127	248.47650146	135.20393372	        -255	         257
 0.20000	192.03176880	248.40655518	134.61756897	190.99095154	248.26881409	133.54756165	        -256	         258
 0.20000	190.47999573	248.31634521	132.81033325	189.89784241	248.58386230	131.45503235	        -257	         259
 0.20000	189.43489075	248.84216309	130.72976685	188.48612976	249.39019775	129.70642090	        -258	         260
 0.20000	188.07383728	249.92938232	129.11758423	187.64505005	251.11225891	128.30226135	        -259	         261
 0.20000	187.50930786	251.81820679	127.76379395	187.50132751	253.00366211	126.84601593	        -260	         262
 0.20000	187.65356445	253.70591736	126.30631256	188.22966003	254.82315063	125.48892975	        -261	         263
 0.20000	188.34698486	255.47059631	124.87660980	188.20539856	256.44653320	123.74717712	        -262	         264
 0.20000	188.12963867	257.03988647	123.07669067	187.97045898	258.03927612	121.97063446	        -263	         265
 0.20000	187.94303894	258.70043945	121.36367035	188.05448914	259.89291382	120.46240997	        -264	         266
 0.20000	188.08538818	260.65570068	119.99000549	188.12870789	262.00970459	119.34876251	        -265	         267
 0.20000	188.00048828	262.80844116	118.95896912	187.51829529	264.09426880	118.35780334	        -266	         268
 0.20000	187.36340332	264.83529663	117.87413025	187.27700806	265.99749756	116.93106842	        -267	         269
 0.20000	187.18907166	266.69970703	116.37812042	187.03819275	267.88818359	115.47689056	        -268	         270
 0.20000	186.74732971	268.55133057	114.94491577	185.95820618	269.51046753	114.10519409	        -269	         271
 0.20000	185.66374207	270.18218994	113.58619690	185.50401306	271.40371704	112.73199463	        -270	         272
 0.20000	185.27104187	272.07812500	112.18620300	184.74842834	273.07427979	111.19494629	        -271	         273
 0.20000	184.34255981	273.76159668	110.78253937	183.52601624	274.98339844	110.48641968	        -272	         274
 0.20000	183.08299255	275.71310425	110.20664215	182.41252136	276.92800903	109.63934326	        -273	         275
 0.20000	181.99871826	277.65887451	109.32171631	181.26814270	278.88568115	108.86527252	        -274	         276
 0.20000	180.95642090	279.64477539	108.50008392	180.67488098	280.92684937	107.77601624	        -275	         277
 0.20000	180.52983093	281.70932007	107.36047363	180.41780090	283.06106567	106.72256470	        -276	         278
 0.20000	180.18002319	283.76132202	106.21274567	179.54875183	284.67385864	105.20451355	        -277	         279
 0.20000	179.18518066	285.22882080	104.59825134	178.60424805	286.14849854	103.56617737	        -278	         280
 0.20000	178.09442139	286.73135376	103.10966492	177.03787231	287.70785522	102.68753052	        -279	         281
 0.20000	176.41722107	288.30743408	102.43825531	175.41036987	289.37957764	102.14820862	        -280	         282
 0.20000	174.74893188	289.82504272	101.73383331	173.64590454	290.12124634	100.76231384	        -281	         283
 0.20000	173.15126038	290.56723022	100.15900421	172.72508240	291.63085938	 99.19225311	        -282	         284
 0.20000	172.46250916	292.21841431	 98.56558990	172.05061340	293.16430664	 97.47801208	        -283	         285
 0.20000	171.88952637	293.64910889	 96.73928833	171.77096558	294.29992676	 95.39407349	        -284	         286
 0.20000	171.68310547	294.70251465	 94.59623718	171.52221680	295.38598633	 93.27198029	        -285	         287
 0.20000	171.39303589	295.81188965	 92.49252319	171.14141846	296.54779053	 91.21139526	        -286	         288
 0.20000	170.88139343	297.01324463	 90.48947144	170.31654358	297.82327271	 89.36223602	        -287	         289
 0.20000	170.05235291	298.36505127	 88.69746399	169.73367310	299.35586548	 87.61905670	        -288	         290
 0.20000	169.54278564	299.95138550	 86.97504425	169.23446655	300.94818115	 85.89885712	        -289	         291
 0.20000	168.97937012	301.52960205	 85.26370239	168.44731140	302.45620728	 84.21216583	        -290	         292
 0.20000	168.10568237	303.12850952	 83.72449493	167.51315308	304.39636230	 83.18799591	        -291	         293
 0.20000	167.15370178	305.18966675	 82.96883392	166.51023865	306.53634644	 82.82540131	        -292	         294
 0.20000	166.34426880	307.41326904	 82.71920013	166.54968262	308.89022827	 82.55945587	        -293	         295
 0.20000	166.34658813	309.75128174	 82.39945984	165.60801697	311.01330566	 82.06745911	        -294	         296
 0.20000	165.08506775	311.72244263	 81.89110565	164.06779480	312.78628540	 81.60580444	        -295	         297
 0.20000	163.48658752	313.46737671	 81.52677917	162.57458496	314.65307617	 81.63298035	        -296	         298
 0.20000	162.16531372	315.43823242	 81.47473907	161.87832642	316.79864502	 80.91266632	        -297	         299
 0.20000	161.43025208	317.50723267	 80.58773041	160.33233643	318.36450195	 80.03240204	        -298	         300
 0.20000	159.81918335	319.07769775	 79.84099579	159.17735291	320.43273926	 79.82475281	        -299	         301
 0.20000	159.00375366	321.30865479	 79.71964264	159.14045715	322.78698730	 79.51039886	        -300	         302
 0.20000	159.28775024	323.59475708	 79.14393616	159.67520142	324.70584106	 78.21432495	        -301	         303
 0.20000	159.92860413	325.35159302	 77.64251709	160.37394714	326.37072754	 76.63690186	        -302	         304
 0.20000	160.79481506	326.95660400	 76.10057068	161.77189636	327.83239746	 75.37480164	        -303	         305
 0.20000	162.10443115	328.46557617	 74.83010864	162.18634033	329.59677124	 73.84938812	        -304	         306
 0.20000	162.26028442	330.28543091	 73.27707672	162.37039185	331.45956421	 72.35157013	        -305	         307
 0.20000	162.43591309	332.14520264	 71.77525330	162.58609009	333.26464844	 70.78945160	        -306	         308
 0.20000	162.48074341	333.94885254	 70.21663666	161.97958374	335.07827759	 69.36746216	        -307	         309
 0.20000	161.75436401	335.70037842	 68.75942230	161.46217346	336.63360596	 67.62276459	        -308	         310
 0.20000	161.24681091	337.23162842	 66.98702240	160.88456726	338.29626465	 65.99503326	        -309	         311
 0.20000	160.40742493	338.92840576	 65.56939697	159.25117493	339.81634521	 65.21846771	        -310	         312
 0.20000	158.74694824	340.52862549	 65.00465393	158.21798706	341.89761353	 64.69938660	        -311	         313
 0.20000	158.00093079	342.76171875	 64.58779144	157.86660767	344.25396729	 64.55227661	        -312	         314
 0.20000	157.83129883	345.14855957	 64.49945068	157.85253906	346.64193726	 64.37722778	        -313	         315
 0.20000	157.89886475	347.53353882	 64.28421021	158.03198242	349.01486206	 64.09637451	        -314	         316
 0.20000	158.11468506	349.90628052	 64.01617432	158.25720215	351.39709473	 63.93670654	        -315	           0
