 0.60000	 27.34153748	 29.95432663	  7.88622761	 27.80769348	 31.38002396	  7.88121891	           0	           2
 0.60000	 28.51069450	 31.92288780	  7.73615456	 29.98640060	 31.87764168	  7.47118521	          -1	           3
 0.60000	 30.45184326	 32.52097321	  7.04743862	 30.59647560	 34.01132584	  6.95774746	          -2	           4
 0.60000	 29.70141983	 34.10497665	  6.94489050	 29.19472504	 32.69609451	  7.03563070	          -3	           5
 0.60000	 28.81740189	 31.95665932	  6.68780804	 28.62547493	 30.57701111	  7.24436283	          -4	           6
 0.60000	 28.02604866	 29.92398071	  7.08887243	 26.78362274	 29.88790703	  6.24918652	          -5	           7
 0.60000	 26.38686180	 30.41330147	  5.63552380	 27.00262451	 31.62472534	  5.00047445	          -6	           8
 0.60000	 26.35385513	 32.24777222	  4.96755838	 25.10622978	 31.83440018	  5.69045401	          -7	           9
 0.60000	 24.64357758	 31.12509155	  5.99532604	 25.00134277	 29.67123222	  6.08656597	          -8	          10
 0.60000	 24.97374916	 28.78210449	  5.94913054	 24.66437912	 27.34621048	  5.64481974	          -9	          11
 0.60000	 24.40831184	 26.51628304	  5.40827847	 23.82048416	 25.23158264	  4.90422058	         -10	          12
 0.60000	 24.65147972	 24.88516426	  4.90298700	 25.30975914	 26.21338272	  5.13207388	         -11	          13
 0.60000	 25.32068253	 27.00732613	  4.70826483	 23.84759140	 27.26350784	  4.82814837	         -12	          14
 0.60000	 23.32336044	 26.53903008	  4.92939234	 22.66907692	 25.20763016	  4.70744133	         -13	          15
 0.60000	 21.85591316	 25.57641029	  4.82073212	 22.50897598	 26.91293335	  5.01377153	         -14	          16
 0.60000	 22.98393440	 27.35085487	  4.38699913	 24.03567123	 28.22029495	  3.76411390	         -15	          17
 0.60000	 24.09610939	 29.11720657	  3.80863404	 22.72694588	 29.40595436	  4.34891701	         -16	          18
 0.60000	 21.91670418	 29.66693878	  4.05466270	 22.43318939	 31.07397652	  4.10847759	         -17	          19
 0.60000	 22.02465439	 31.04421616	  4.91787481	 21.62536430	 29.62115669	  5.17518044	         -18	          20
 0.60000	 21.36802483	 28.79862976	  5.43770361	 21.46101761	 27.31462860	  5.23860312	         -19	          21
 0.60000	 21.35754013	 26.69366455	  4.59424877	 22.41826630	 26.49477768	  3.55222726	         -20	          22
 0.60000	 22.68179131	 27.35779381	  3.46639490	 21.50230217	 27.57432175	  4.36710405	         -21	          23
 0.60000	 20.61291885	 27.68978882	  4.44013453	 20.45367241	 28.50015068	  5.69221354	         -22	          24
 0.60000	 19.78000259	 27.91743469	  5.84955978	 19.61416817	 26.50767326	  5.36460543	         -23	          25
 0.60000	 19.48885918	 25.93980980	  4.67542076	 20.57189560	 26.71696854	  3.98767543	         -24	          26
 0.60000	 20.24202538	 26.39993668	  3.21172357	 18.79038048	 26.07451439	  3.40376329	         -25	          27
 0.60000	 18.98589516	 25.21096611	  3.56595182	 20.43539619	 25.53115845	  3.35057473	         -26	          28
 0.60000	 20.59310913	 25.20681572	  4.17565012	 19.17449570	 24.99568176	  4.61499643	         -27	          29
 0.60000	 18.56730270	 24.88316917	  5.26982546	 18.08328247	 25.77606773	  6.37367439	         -28	          30
 0.60000	 18.64536285	 26.47917557	  6.37125349	 20.14338875	 26.51736069	  6.30385208	         -29	          31
 0.60000	 20.43329811	 25.95881271	  5.66029882	 19.99766922	 24.60947227	  5.17085361	         -30	          32
 0.60000	 19.86095047	 24.17337227	  4.39549303	 20.26532173	 24.52647972	  2.99484944	         -31	          33
 0.60000	 20.66156769	 24.89836502	  2.27743483	 21.48195267	 25.73685455	  1.34261525	         -32	          34
 0.60000	 21.95016670	 26.44233704	  1.64792192	 21.95320511	 27.28075218	  2.89174533	         -33	          35
 0.60000	 21.46136665	 27.97690201	  3.18110180	 21.41434669	 28.66638947	  4.51246738	         -34	          36
 0.60000	 22.14077950	 28.90392876	  4.98885489	 23.61947250	 28.77361298	  5.20499468	         -35	          37
 0.60000	 23.92729950	 27.95563126	  5.43120432	 22.49132919	 27.66226387	  5.74982643	         -36	          38
 0.60000	 22.38355827	 27.82903481	  4.86683702	 22.30193520	 28.80651665	  3.73192263	         -37	          39
 0.60000	 21.51913643	 29.14356041	  3.44026303	 20.03062248	 28.97526741	  3.51911378	         -38	          40
 0.60000	 19.14914513	 28.80457115	  3.45367575	 17.85535431	 28.06029320	  3.60287905	         -39	          41
 0.60000	 17.92156601	 27.28042030	  4.04751062	 19.35698318	 27.03912544	  3.68509269	         -40	          42
 0.60000	 19.56841660	 27.88152695	  3.92457366	 18.19352341	 28.03083611	  4.50547934	         -41	          43
 0.60000	 17.44517517	 28.51272392	  4.36826420	 16.89647102	 29.87336922	  4.68146181	         -42	          44
 0.60000	 17.58465004	 30.18385315	  5.18348265	 18.06245804	 28.77486992	  4.99416256	         -43	          45
 0.60000	 18.63493347	 28.16274643	  5.32157135	 19.06765747	 27.37490082	  6.52235699	         -44	          46
 0.60000	 18.97948647	 26.86363029	  7.25771523	 17.71497917	 26.05675697	  7.26337624	         -45	          47
 0.60000	 16.92173958	 26.27441406	  6.89756203	 16.58937073	 27.73558998	  6.96480465	         -46	          48
 0.60000	 16.87383461	 28.58135605	  6.84762716	 18.04563332	 29.46799088	  6.54627228	         -47	          49
 0.60000	 18.59761620	 30.17214394	  6.44798899	 18.90148544	 31.50368309	  5.82777166	         -48	          50
 0.60000	 18.17096329	 31.83055496	  6.24013186	 17.85303497	 30.49376297	  6.84177113	         -49	          51
 0.60000	 17.73951530	 29.78645134	  7.38680983	 17.38114738	 28.40968895	  7.86246490	         -50	          52
 0.60000	 17.26978493	 27.62480545	  8.28917599	 17.35146523	 26.58949280	  9.37163067	         -51	          53
 0.60000	 17.58902740	 25.84680176	  8.91445923	 17.24293900	 26.68129349	  7.71710539	         -52	          54
 0.60000	 17.93306160	 27.22640991	  7.50435925	 18.31849098	 26.97851181	  8.93253517	         -53	          55
 0.60000	 18.33093262	 26.42430687	  9.64143467	 18.11883736	 25.01374435	 10.10537338	         -54	          56
 0.60000	 18.67990875	 24.31044579	 10.08239841	 20.02357864	 24.08102608	  9.45642090	         -55	          57
 0.60000	 20.90143013	 24.03159714	  9.26430511	 22.31473351	 24.32432556	  8.85574341	         -56	          58
 0.60000	 22.08634567	 24.63782692	  8.04196930	 20.67640114	 24.29625130	  8.42320061	         -57	          59
 0.60000	 19.96725655	 24.67537689	  8.01900959	 20.19806862	 25.56844330	  6.83613586	         -58	          60
 0.60000	 19.65348434	 25.43343353	  6.13235903	 18.60764694	 26.19687653	  5.37511921	         -59	          61
 0.60000	 17.99617195	 26.71583748	  5.78401613	 18.04902077	 28.02197075	  6.51979113	         -60	          62
 0.60000	 18.47371292	 28.74999237	  6.20320892	 18.98026657	 29.37230873	  4.93577337	         -61	          63
 0.60000	 19.80276871	 28.99708176	  4.95803452	 19.42624474	 28.69310570	  6.37773466	         -62	          64
 0.60000	 19.07582664	 28.22981644	  7.06504059	 19.03229332	 27.28422356	  8.22862530	         -63	          65
 0.60000	 19.88407135	 27.42646217	  8.49008656	 19.99110031	 28.24578857	  7.23823118	         -64	          66
 0.60000	 20.25579453	 28.88844490	  6.66658640	 20.91649818	 30.10209084	  6.08313131	         -65	          67
 0.60000	 21.68943214	 29.64072800	  6.11668730	 21.18149185	 28.29149055	  6.53086805	         -66	          68
 0.60000	 21.40472984	 27.47148705	  6.82700586	 22.16646576	 26.48670959	  7.66362667	         -67	          69
 0.60000	 22.97752953	 26.10489845	  7.74302292	 24.30265427	 26.08415413	  7.04045725	         -68	          70
 0.60000	 25.13452530	 26.41874313	  6.96330690	 25.98645020	 27.60581398	  7.30250216	         -69	          71
 0.60000	 26.85608101	 27.69639969	  7.51567507	 28.14142799	 27.09590530	  8.00273609	         -70	          72
 0.60000	 28.22187424	 26.32453156	  7.54612780	 26.93194008	 26.32505798	  6.78060484	         -71	          73
 0.60000	 26.64556885	 25.74584961	  6.15414953	 27.16299820	 24.54158783	  5.42478514	         -72	          74
 0.60000	 27.15297318	 23.75178146	  4.99341249	 26.87475204	 22.53756142	  4.15778589	         -73	          75
 0.60000	 26.41984367	 21.91241264	  4.61844015	 25.96261787	 22.52343369	  5.90979147	         -74	          76
 0.60000	 25.80155373	 21.68813705	  6.20522690	 26.77712631	 20.78033447	  5.51663351	         -75	          77
 0.60000	 27.65031052	 20.95160866	  5.65281630	 28.45930290	 21.90074158	  6.48637915	         -76	          78
 0.60000	 28.01569939	 22.09701920	  7.25108910	 26.82432747	 21.75926018	  6.40486813	         -77	          79
 0.60000	 26.90688515	 20.89244843	  6.63288498	 28.35895538	 20.52184105	  6.56815481	         -78	          80
 0.60000	 28.59977913	 20.38678551	  7.42474985	 27.41938019	 20.17016602	  8.32459068	         -79	          81
 0.60000	 27.19370461	 21.03473663	  8.21627617	 28.33168793	 21.24409485	  7.26171350	         -80	          82
 0.60000	 29.14193916	 21.63462639	  7.22748137	 28.62485504	 23.04020691	  7.14443445	         -81	          83
 0.60000	 28.28130341	 23.66753960	  7.69064617	 29.11857414	 23.67810249	  8.93516254	         -82	          84
 0.60000	 29.21800041	 24.14787102	  9.69633007	 28.83365822	 25.20066833	 10.69325638	         -83	          85
 0.60000	 28.41436768	 25.99206543	 10.78201199	 27.60182953	 26.98477364	 10.00460052	         -84	          86
 0.60000	 27.40937233	 27.77682877	  9.62270355	 27.55936050	 29.15908051	  9.05974770	         -85	          87
 0.60000	 27.63434601	 29.86642456	  9.61139870	 27.81870842	 31.31971169	  9.93409252	         -86	          88
 0.60000	 27.90530777	 31.59436417	  9.07810783	 27.65852547	 30.15105057	  8.75256062	         -87	          89
 0.60000	 28.32699013	 30.03032112	  8.15641308	 28.65524101	 31.45498466	  8.49156189	         -88	          90
 0.60000	 28.80342293	 32.34254837	  8.49289227	 29.57885551	 33.57967758	  8.83652592	         -89	          91
 0.60000	 29.64275169	 34.41608810	  9.16231823	 29.28761673	 35.80076981	  9.61659145	         -90	          92
 0.60000	 28.67079735	 36.37949753	  9.92391205	 27.25357056	 36.54039001	 10.38809204	         -91	          93
 0.60000	 26.73761559	 35.98106384	 10.86853886	 26.18803406	 35.37228775	 12.12445450	         -92	          94
 0.60000	 26.04591370	 34.48579025	 12.18817520	 26.38515282	 33.66160965	 10.98166561	         -93	          95
 0.60000	 26.72534180	 33.89567947	 10.18191051	 26.78517151	 35.29255295	  9.63854694	         -94	          96
 0.60000	 27.50105286	 35.56425858	 10.11145496	 28.38763428	 35.71455765	 11.31203079	         -95	          97
 0.60000	 28.28686905	 36.53803253	 11.66111183	 27.04423904	 37.34737015	 11.43549919	         -96	          98
 0.60000	 27.25522232	 37.51438522	 10.57661533	 28.68349075	 37.26285934	 10.19351006	         -97	          99
 0.60000	 28.89837074	 38.01601410	 10.63879776	 27.51951790	 38.12362671	 11.21950150	         -98	         100
 0.60000	 27.39401245	 38.91028595	 10.80045033	 28.73752975	 38.75891495	 10.15080643	         -99	         101
 0.60000	 29.48276520	 38.40159988	  9.79438591	 30.56857681	 37.95028305	  8.86305141	        -100	         102
 0.60000	 30.76005173	 38.74141312	  8.47881603	 29.65918732	 39.40308762	  9.25353241	        -101	         103
 0.60000	 29.30984306	 39.76200867	 10.00120926	 29.34228325	 39.68598175	 11.49889469	        -102	         104
 0.60000	 29.54477692	 39.66436768	 12.37545872	 30.23909760	 39.59907913	 13.70343971	        -103	         105
 0.60000	 30.72620010	 39.45798874	 14.44688225	 31.73431396	 39.29484177	 15.54552555	        -104	         106
 0.60000	 31.98471832	 38.54368973	 15.97331619	 31.66569901	 37.12947845	 15.58831596	        -105	         107
 0.60000	 30.96587563	 36.65842438	 15.90192223	 29.83333206	 36.98056412	 16.83123207	        -106	         108
 0.60000	 29.94485855	 36.18096542	 17.23079109	 31.21498299	 35.97152328	 16.46079254	        -107	         109
 0.60000	 31.23751640	 35.07352829	 16.51520348	 29.97661209	 35.07214355	 17.32764244	        -108	         110
 0.60000	 29.38278580	 34.44044495	 17.56878471	 28.91267395	 33.02091217	 17.45142365	        -109	         111
 0.60000	 28.62870789	 32.32181931	 16.96092796	 28.05105591	 31.58324623	 15.79013348	        -110	         112
 0.60000	 28.37006569	 30.83607101	 16.18040466	 29.18380356	 31.21393204	 17.38249969	        -111	         113
 0.60000	 28.52467155	 31.72444725	 17.72156906	 27.56201935	 31.34926414	 16.63408089	        -112	         114
 0.60000	 27.71594429	 30.46224785	 16.69204330	 28.54287338	 30.81325150	 17.89326096	        -113	         115
 0.60000	 29.20226669	 31.21075439	 18.35931015	 29.66510201	 30.79434013	 19.72399521	        -114	         116
 0.60000	 29.53823853	 30.05044937	 20.21441650	 29.00517273	 28.81343079	 19.55441284	        -115	         117
 0.60000	 28.41668320	 28.18121338	 19.30168915	 27.25560379	 27.29133415	 18.97003555	        -116	         118
 0.60000	 26.53664970	 27.81009865	 18.81472206	 26.74777794	 29.29127502	 18.92232513	        -117	         119
 0.60000	 27.13943100	 29.95464325	 18.45675278	 27.41721916	 31.41361618	 18.24634933	        -118	         120
 0.60000	 27.71306038	 31.45796204	 19.09573936	 27.28134918	 30.04425812	 19.35091972	        -119	         121
 0.60000	 26.40492630	 30.09369659	 19.15199089	 26.45796776	 31.32923508	 18.30305862	        -120	         122
 0.60000	 26.73074913	 32.16056824	 18.51456833	 26.83481216	 32.80746841	 19.86393166	        -121	         123
 0.60000	 27.41325951	 32.89797974	 20.54762840	 28.64823341	 32.68113327	 21.37101173	        -122	         124
 0.60000	 29.33096695	 32.12858582	 21.56886292	 29.98734093	 30.87260246	 21.07702637	        -123	         125
 0.60000	 30.39527321	 30.10614777	 20.83932877	 31.39643288	 28.99370003	 20.94043350	        -124	         126
 0.60000	 31.27568054	 28.18813133	 20.55768204	 30.61884308	 26.85870743	 20.78409958	        -125	         127
 0.60000	 29.98768044	 27.01730919	 21.40573120	 30.06850052	 28.45741081	 21.81753922	        -126	         128
 0.60000	 30.90837097	 28.78032494	 21.79930496	 31.67933655	 27.58726692	 21.31733322	        -127	         129
 0.60000	 32.36151505	 27.43162727	 20.75113487	 33.79642868	 27.70082855	 21.09540749	        -128	         130
 0.60000	 34.68096924	 27.78954315	 21.23522377	 36.06574631	 27.71486282	 21.80679893	        -129	         131
 0.60000	 36.42024231	 28.09358406	 21.07134628	 35.06522751	 28.18080902	 20.43400383	        -130	         132
 0.60000	 34.40277863	 28.50112152	 19.91598320	 33.26614380	 29.04687309	 19.10351372	        -131	         133
 0.60000	 33.32429886	 29.94425583	 19.06848335	 34.55412674	 30.33288765	 19.83423996	        -132	         134
 0.60000	 34.95646667	 30.96708679	 20.32999229	 35.24491119	 32.31953430	 20.91096687	        -133	         135
 0.60000	 35.56846237	 32.97959137	 21.43002892	 35.87239838	 34.21200943	 22.22920227	        -134	         136
 0.60000	 35.09456635	 34.17347336	 22.68222427	 34.76126099	 32.98142242	 21.83493423	        -135	         137
 0.60000	 34.76823425	 32.10210800	 21.64336967	 34.75136185	 30.62174606	 21.40198517	        -136	         138
 0.60000	 34.02563477	 30.18900299	 21.09171677	 32.60893631	 30.65428925	 20.92910385	        -137	         139
 0.60000	 32.55587387	 30.55701447	 21.82443428	 33.99658966	 30.18138123	 22.00684738	        -138	         140
 0.60000	 33.68933868	 29.52191544	 22.53926659	 32.24530411	 29.81132126	 22.25434113	        -139	         141
 0.60000	 31.59039688	 30.23479462	 21.80487633	 30.09310341	 30.22232246	 21.71493340	        -140	         142
 0.60000	 29.35061646	 30.24407005	 21.20622826	 28.12189484	 30.12397575	 20.35411835	        -141	         143
 0.60000	 27.81224632	 30.92318726	 20.06733894	 29.23256302	 31.35741043	 20.27692986	        -142	         144
 0.60000	 29.04949188	 32.16103745	 20.64840317	 28.04576302	 31.37181473	 21.43531227	        -143	         145
 0.60000	 27.50860977	 31.57598114	 20.73643112	 28.53952026	 32.27956390	 19.90424538	        -144	         146
 0.60000	 29.43728256	 32.30392456	 19.83955002	 30.51698112	 31.44927216	 20.43451309	        -145	         147
 0.60000	 30.84595299	 31.14686966	 21.21597481	 30.35046577	 31.17387772	 22.63154221	        -146	         148
 0.60000	 29.76109886	 31.23439598	 23.30911064	 28.37695694	 31.59927368	 23.75742722	        -147	         149
 0.60000	 27.62015724	 31.12425995	 23.86493301	 26.65916061	 30.09779930	 24.38724709	        -148	         150
 0.60000	 26.70362091	 29.27424240	 24.74740219	 26.63405609	 27.82720566	 24.35856438	        -149	         151
 0.60000	 25.92702675	 27.28809357	 24.21935654	 24.45930481	 27.57686234	 24.33065987	        -150	         152
 0.60000	 24.43349075	 28.19804764	 23.67996979	 25.89569664	 28.06491661	 23.37297440	        -151	         153
 0.60000	 26.36494255	 28.81400490	 23.54231071	 25.79037285	 29.80205917	 24.51373100	        -152	         154
 0.60000	 25.93179321	 30.31391335	 25.24040222	 25.12110519	 30.96679306	 26.32048798	        -153	         155
 0.60000	 25.35798454	 31.62570190	 26.88616371	 26.84915161	 31.72968292	 27.01026917	        -154	         156
 0.60000	 26.83662796	 31.24844170	 26.24464798	 26.62179947	 31.37941933	 24.76587677	        -155	         157
 0.60000	 27.29048157	 31.81229019	 24.34598732	 28.37424088	 32.39597321	 25.20335007	        -156	         158
 0.60000	 27.88400841	 33.08203125	 25.53257751	 27.17107201	 32.94167328	 24.22046471	        -157	         159
 0.60000	 26.63394356	 32.32824707	 23.83006668	 25.68178940	 33.48287964	 23.72989845	        -158	         160
 0.60000	 25.66577911	 34.22080231	 24.24511528	 26.74886131	 34.46211624	 25.25445747	        -159	         161
 0.60000	 27.12096786	 34.19112396	 26.02799797	 27.57491875	 32.87033081	 26.57530022	        -160	         162
 0.60000	 27.65572548	 32.28187943	 27.25144196	 28.71511650	 32.90063858	 28.11441231	        -161	         163
 0.60000	 28.14143753	 33.59067917	 28.20344543	 27.06041718	 32.97688293	 27.36400604	        -162	         164
 0.60000	 26.60577202	 32.64587402	 26.66138268	 27.11938095	 32.12741089	 25.35092545	        -163	         165
 0.60000	 27.60331917	 31.37219620	 25.27336693	 28.97987366	 30.95333862	 25.69698906	        -164	         166
 0.60000	 29.07975388	 30.06345749	 25.78644371	 29.06635666	 28.57629585	 25.98162842	        -165	         167
 0.60000	 29.80150795	 28.36879349	 26.45745659	 30.76390648	 29.39085388	 26.98578835	        -166	         168
 0.60000	 31.58210945	 29.54925156	 27.32540894	 33.01098251	 29.25821495	 27.67679787	        -167	         169
 0.60000	 33.76664734	 29.10887337	 28.14204597	 34.73994446	 28.91917992	 29.26744080	        -168	         170
 0.60000	 35.34503937	 28.47263527	 29.76166916	 36.18481827	 27.30200386	 30.17907906	        -169	         171
 0.60000	 36.73566818	 26.76229095	 30.64290047	 37.98591232	 26.31288528	 31.33921623	        -170	         172
 0.60000	 37.48980713	 26.35763550	 32.09149551	 36.15464401	 26.70127487	 31.50028038	        -171	         173
 0.60000	 35.85556793	 25.85084724	 31.44233131	 37.26189423	 25.49880981	 31.82724762	        -172	         174
 0.60000	 38.03144455	 25.03835869	 31.93432236	 37.19707870	 23.85610199	 31.53929329	        -173	         175
 0.60000	 36.97755432	 23.38049507	 32.27108765	 37.12782669	 24.24146271	 33.49017334	        -174	         176
 0.60000	 37.57234955	 23.96084785	 34.22059250	 38.39578247	 22.71055603	 34.31343842	        -175	         177
 0.60000	 39.06353760	 22.18276978	 34.60562134	 40.40989304	 21.89967728	 35.20314789	        -176	         178
 0.60000	 40.63701630	 21.09213066	 35.52898788	 39.97169113	 19.76976585	 35.28681183	        -177	         179
 0.60000	 39.44246674	 19.75417328	 36.01457214	 39.67688751	 21.16305923	 36.47286224	        -178	         180
 0.60000	 39.88449478	 21.74073410	 37.13089371	 40.51092529	 22.22311401	 38.40555573	        -179	         181
 0.60000	 41.07051086	 22.17334938	 39.10846710	 42.12835312	 21.48647308	 39.92026520	        -180	         182
 0.60000	 42.73470688	 21.08316994	 40.44891739	 43.52155685	 20.11710930	 41.28411865	        -181	         183
 0.60000	 44.24797821	 20.46406937	 41.68638611	 44.51021576	 21.91815567	 41.42798996	        -182	         184
 0.60000	 44.85952759	 22.74492645	 41.49312973	 45.52536011	 24.05703354	 41.78438187	        -183	         185
 0.60000	 45.86816025	 24.86025047	 42.00152206	 46.29993820	 26.29051208	 42.13507843	        -184	         186
 0.60000	 46.53651810	 26.44345093	 42.98976517	 46.34975052	 25.09132195	 43.61172104	        -185	         187
 0.60000	 46.31657791	 25.06103706	 44.51061249	 46.60685730	 26.22923851	 45.40562820	        -186	         188
 0.60000	 45.86763382	 26.64223862	 45.71070099	 44.53607559	 26.26296043	 45.13341522	        -187	         189
 0.60000	 43.87162781	 25.71816444	 44.86491776	 43.01366806	 24.52070999	 44.58175278	        -188	         190
 0.60000	 42.67440796	 23.89697075	 45.13555908	 42.74277878	 23.80111885	 46.63097000	        -189	         191
 0.60000	 43.27463531	 23.51604462	 47.29871368	 44.36341095	 22.58817291	 46.84743881	        -190	         192
 0.60000	 44.99485397	 23.22968864	 46.78515625	 43.88730621	 24.17193604	 47.15314102	        -191	         193
 0.60000	 44.24379349	 24.99520302	 47.22422409	 45.70998383	 24.67875862	 47.23944473	        -192	         194
 0.60000	 45.92131424	 24.41944695	 46.40385437	 44.70026398	 24.01538658	 45.63204575	        -193	         195
 0.60000	 44.26511002	 24.80326653	 45.62568665	 45.17512131	 25.46873665	 46.61511612	        -194	         196
 0.60000	 45.81955719	 25.28100586	 46.01109314	 44.91222000	 24.64088821	 45.00251389	        -195	         197
 0.60000	 44.26264954	 24.21296501	 44.54941177	 42.97356796	 23.49200249	 44.28763962	        -196	         198
 0.60000	 42.10314560	 23.50601578	 44.51603317	 40.67235947	 23.82062340	 44.83812714	        -197	         199
 0.60000	 40.17858124	 24.01249313	 45.56564713	 40.26184082	 23.57488060	 46.99791336	        -198	         200
 0.60000	 40.61083984	 23.37224770	 47.80213928	 40.23355865	 23.10584259	 49.22914886	        -199	         201
 0.60000	 41.13105392	 23.08563232	 49.34202576	 41.58930206	 23.25986671	 47.92429733	        -200	         202
 0.60000	 42.03002930	 23.09626961	 47.15653610	 42.43865585	 22.48225594	 45.85030746	        -201	         203
 0.60000	 43.07139206	 22.25897026	 45.25020981	 44.54228592	 21.96900558	 45.19943619	        -202	         204
 0.60000	 45.27650452	 21.89698601	 44.68370438	 45.46619415	 20.46444130	 44.28161621	        -203	         205
 0.60000	 44.58002472	 20.50661469	 44.10757828	 44.40780640	 21.98384476	 44.30361557	        -204	         206
 0.60000	 44.25550461	 22.77816963	 44.69960403	 43.59214020	 23.85415459	 45.50746536	        -205	         207
 0.60000	 43.19795990	 24.63796997	 45.71084213	 41.99420547	 25.10993195	 44.95032883	        -206	         208
 0.60000	 41.18264389	 24.72047424	 44.94103241	 41.13104630	 23.83969879	 46.15410995	        -207	         209
 0.60000	 40.69964600	 24.50027466	 46.58756638	 40.48031998	 25.28945732	 45.33094025	        -208	         210
 0.60000	 41.00577164	 25.91818047	 45.70658112	 41.05661774	 25.42655754	 47.12287140	        -209	         211
 0.60000	 41.94208908	 25.52068901	 47.27907181	 41.97491074	 25.94414711	 45.84066010	        -210	         212
 0.60000	 41.55662155	 25.14663506	 45.73639297	 41.56486130	 24.55291557	 47.11391449	        -211	         213
 0.60000	 41.42950821	 25.05141640	 47.85094070	 41.34138107	 25.64506531	 49.22565079	        -212	         214
 0.60000	 40.61077499	 25.39766693	 49.68918991	 39.51965714	 24.83369446	 48.82817841	        -213	         215
 0.60000	 40.06296921	 24.11712646	 48.75200272	 41.46588135	 23.99133110	 49.26779175	        -214	         216
 0.60000	 42.09373856	 23.36457634	 49.42052841	 41.92166901	 21.87750626	 49.32490540	        -215	         217
 0.60000	 41.79803848	 20.98635101	 49.35581589	 41.32078934	 19.56975365	 49.23049545	        -216	         218
 0.60000	 40.68199158	 19.75086975	 48.61975861	 41.22640991	 21.14816093	 48.65353394	        -217	         219
 0.60000	 40.88745117	 21.78191185	 49.19581985	 39.59215927	 22.39422989	 49.64009857	        -218	         220
 0.60000	 38.84581757	 22.83969879	 49.87432098	 37.58333588	 23.64581108	 49.79401016	        -219	         221
 0.60000	 37.09588242	 22.93638229	 49.52884293	 38.36753082	 22.14162445	 49.56234360	        -220	         222
 0.60000	 39.05347824	 21.63499069	 49.84949875	 40.32739258	 20.89198494	 50.12276459	        -221	         223
 0.60000	 40.43270111	 20.99350739	 49.22910690	 39.29553986	 21.66908264	 48.52152634	        -222	         224
 0.60000	 38.86071014	 20.89767456	 48.35386276	 39.98612213	 20.22443962	 49.08200073	        -223	         225
 0.60000	 40.26804733	 19.68173981	 49.74845505	 39.19309998	 18.78017044	 49.21794891	        -224	         226
 0.60000	 38.49756622	 19.01545525	 49.73843002	 38.90391541	 20.18994713	 50.57835388	        -225	         227
 0.60000	 38.65593719	 20.92263794	 51.03838348	 37.81035995	 22.08094406	 51.47794724	        -226	         228
 0.60000	 37.19667435	 22.70300674	 51.69293976	 36.19123077	 23.74567604	 52.08259964	        -227	         229
 0.60000	 35.38969421	 23.52295876	 51.73910904	 35.70287323	 22.26006699	 50.99275208	        -228	         230
 0.60000	 34.84466171	 22.08751297	 50.78349686	 34.15336609	 23.22534943	 51.47440720	        -229	         231
 0.60000	 33.80025482	 24.00714111	 51.74634552	 33.73364639	 25.48479271	 51.99520874	        -230	         232
 0.60000	 33.51171875	 26.24922562	 52.41497421	 32.95700836	 27.43269920	 53.15090179	        -231	         233
 0.60000	 32.83119202	 27.06391716	 53.96226120	 33.30035400	 25.66923523	 53.67119980	        -232	         234
 0.60000	 33.49152756	 24.81426239	 53.87702560	 33.53255844	 23.43904686	 54.47449875	        -233	         235
 0.60000	 34.24158096	 22.99591446	 54.80732727	 35.55680847	 23.57604790	 55.23585892	        -234	         236
 0.60000	 36.11006927	 23.30241394	 54.58087540	 35.19046402	 22.66481400	 53.58205414	        -235	         237
 0.60000	 34.47985840	 22.33993912	 53.13566971	 33.00677490	 22.06357765	 53.07589722	        -236	         238
 0.60000	 32.11001587	 22.11062431	 53.01523209	 30.69734001	 22.60209465	 52.90141678	        -237	         239
 0.60000	 29.85656738	 22.78683472	 53.16495514	 28.76323128	 22.88696289	 54.18709564	        -238	         240
 0.60000	 27.88710976	 23.08512497	 54.24616623	 26.61110687	 23.48011017	 53.56357193	        -239	         241
 0.60000	 26.12525558	 23.32907486	 52.82084656	 26.02901649	 23.45285416	 51.32897186	        -240	         242
 0.60000	 25.99691772	 24.32487679	 51.10578918	 25.61216927	 25.58615685	 51.82116318	        -241	         243
 0.60000	 25.90663719	 25.36719131	 52.65051270	 26.47770691	 24.20639610	 51.89163208	        -242	         244
 0.60000	 27.30689621	 23.84806442	 51.81056595	 27.66157532	 25.07507324	 52.59674454	        -243	         245
 0.60000	 27.77070999	 25.86063576	 53.02170181	 28.57029152	 26.78569412	 53.89046860	        -244	         246
 0.60000	 28.33965492	 27.64750290	 53.77205276	 27.28616714	 28.13030052	 52.81970215	        -245	         247
 0.60000	 26.70325851	 28.55910301	 52.28474045	 25.53615952	 29.11862373	 51.52659988	        -246	         248
 0.60000	 25.80690575	 29.61120033	 50.82377625	 27.27875710	 29.40683556	 50.61927414	        -247	         249
 0.60000	 27.35656166	 30.30382156	 50.65346146	 25.90942764	 30.49795341	 50.99730301	        -248	         250
 0.60000	 25.04446983	 30.47598839	 51.24544525	 23.74688911	 29.81657791	 51.60810471	        -249	         251
 0.60000	 23.47488976	 29.91481209	 50.75569916	 24.78618431	 30.54210854	 50.38562393	        -250	         252
 0.60000	 25.62569046	 30.77300262	 50.15791321	 27.11001205	 30.84642982	 49.95450592	        -251	         253
 0.60000	 27.24976540	 30.70141220	 49.07735062	 25.77477455	 30.63353157	 48.81305313	        -252	         254
 0.60000	 25.00401306	 30.35548973	 48.44039154	 24.04250336	 29.28985214	 48.00453568	        -253	         255
 0.60000	 24.70620728	 28.85236931	 47.58249283	 25.67831039	 29.89778519	 48.04296875	        -254	         256
 0.60000	 25.76541710	 30.78590584	 47.92616272	 24.69251633	 31.82437706	 47.78297043	        -255	         257
 0.60000	 24.19421387	 32.54828262	 47.97761917	 23.27218246	 33.57525253	 48.56521606	        -256	         258
 0.60000	 22.90186501	 33.98308945	 47.85170746	 22.91280365	 32.63241959	 47.19952011	        -257	         259
 0.60000	 23.78470421	 32.82708740	 47.05970383	 23.81489372	 34.09351730	 47.86311340	        -258	         260
 0.60000	 23.39823723	 34.46711731	 48.56813049	 24.00801468	 35.16263199	 49.74900436	        -259	         261
 0.60000	 23.32314110	 35.68568802	 50.01708603	 22.50486565	 34.86923981	 49.06118011	        -260	         262
 0.60000	 22.47762680	 34.00183487	 49.29954529	 22.87834167	 32.56200027	 49.17158890	        -261	         263
 0.60000	 22.09839630	 32.31617355	 48.79584503	 21.43824005	 33.64180756	 49.03460693	        -262	         264
 0.60000	 21.98651695	 34.12599945	 48.50494766	 22.68663597	 32.81655502	 48.29289246	        -263	         265
 0.60000	 23.28808784	 32.17587280	 48.08073425	 22.27322960	 31.26353645	 48.70325470	        -264	         266
 0.60000	 22.74700356	 30.52277756	 48.51180649	 23.93677521	 30.88786697	 47.67446899	        -265	         267
 0.60000	 24.68469238	 30.84007263	 47.17623901	 25.86439705	 30.55182457	 46.29586029	        -266	         268
 0.60000	 26.63822365	 30.92858887	 46.03288269	 27.62223816	 32.00825882	 46.37345886	        -267	         269
 0.60000	 27.43424225	 32.84456635	 46.09944534	 26.11299133	 33.09489059	 45.43496323	        -268	         270
 0.60000	 25.35797691	 33.45230484	 45.10028458	 24.07444763	 34.10050583	 44.67347717	        -269	         271
 0.60000	 23.35442924	 34.53898239	 44.35866928	 22.46358681	 35.60888290	 43.80047989	        -270	         272
 0.60000	 21.69619942	 35.21220779	 43.54804230	 21.84760857	 33.75233841	 43.85744476	        -271	         273
 0.60000	 21.88498306	 32.86709976	 44.01450348	 22.19181252	 31.44004822	 44.35978699	        -272	         274
 0.60000	 22.37897110	 30.58038902	 44.54909134	 22.92881966	 29.28682327	 45.07283401	        -273	         275
 0.60000	 22.60078812	 28.58657837	 44.61248398	 21.55209732	 28.12103462	 43.64633942	        -274	         276
 0.60000	 21.34843445	 27.38903236	 43.16403961	 21.87792778	 26.02617455	 42.82899475	        -275	         277
 0.60000	 21.30464172	 25.39574242	 42.53924561	 19.83707809	 25.55733490	 42.27425003	        -276	         278
 0.60000	 19.31858444	 25.58390808	 43.00960541	 19.87957191	 25.90414810	 44.36337662	        -277	         279
 0.60000	 19.91118813	 26.44433403	 45.08251953	 20.38939667	 26.86039352	 46.44200897	        -278	         280
 0.60000	 19.89648438	 26.23878860	 46.86935043	 19.49070358	 25.75684738	 45.50812531	        -279	         281
 0.60000	 19.21812630	 25.41021156	 44.72373962	 18.75206184	 24.91861534	 43.38554764	        -280	         282
 0.60000	 18.52801704	 24.69703293	 42.54278183	 17.85008240	 24.18680573	 41.30598831	        -281	         283
 0.60000	 18.67002296	 24.29368210	 40.94041824	 19.38648796	 24.73115730	 42.18362808	        -282	         284
 0.60000	 19.92638969	 24.76248741	 42.90354538	 20.66456032	 25.81498909	 43.67654037	        -283	         285
 0.60000	 20.94970512	 26.48988724	 44.19964218	 21.68103790	 27.24361229	 45.27072144	        -284	         286
 0.60000	 21.67391777	 26.88339996	 46.09582520	 20.63416862	 25.83652115	 46.36627197	        -285	         287
 0.60000	 20.42327118	 25.26982880	 45.69820023	 20.99988365	 24.72860527	 44.42329025	        -286	         288
 0.60000	 21.39433670	 25.47945786	 44.09904861	 20.87397003	 26.01806641	 45.39835358	        -287	         289
 0.60000	 21.30303383	 25.39661217	 45.88914871	 21.95261192	 24.77528763	 44.68836975	        -288	         290
 0.60000	 22.30256844	 25.50502968	 44.29466248	 22.35681152	 26.64926338	 45.26301956	        -289	         291
 0.60000	 23.12031746	 27.10367012	 45.40616608	 24.42791367	 27.50088692	 44.78779984	        -290	         292
 0.60000	 24.17606354	 28.36441231	 44.74390411	 22.82064438	 27.94172478	 45.22776794	        -291	         293
 0.60000	 22.00363731	 28.08335686	 45.57757950	 21.84980202	 29.53381157	 45.92762375	        -292	         294
 0.60000	 21.57009125	 30.26507568	 46.37171173	 20.77019119	 31.00821495	 47.40028000	        -293	         295
 0.60000	 21.04776764	 31.72966194	 47.86148071	 21.96200943	 32.82895660	 47.40781403	        -294	         296
 0.60000	 22.32468605	 33.39131927	 46.80589676	 22.62459373	 34.83684158	 47.07132721	        -295	         297
 0.60000	 21.76973724	 34.97745132	 46.81896210	 20.90784645	 33.75340271	 46.72455978	        -296	         298
 0.60000	 20.63082123	 33.10237885	 47.28107834	 21.03129768	 32.54550934	 48.61508942	        -297	         299
 0.60000	 21.36309624	 32.13118362	 49.34222412	 21.95061874	 31.42658043	 50.52901459	        -298	         300
 0.60000	 22.02055359	 31.43618774	 51.42630386	 22.13277626	 32.22380829	 52.69791412	        -299	         301
 0.60000	 21.31635094	 32.26442719	 53.07439804	 20.38101006	 31.53453827	 52.15662766	        -300	         302
 0.60000	 19.54623032	 31.60645103	 51.82819366	 18.21210098	 32.25231934	 51.59823227	        -301	         303
 0.60000	 18.16410446	 33.14726257	 51.51690674	 19.42347145	 33.94971085	 51.65837097	        -302	         304
 0.60000	 20.07555008	 34.56552505	 51.73178101	 20.94859505	 35.78485870	 51.70191193	        -303	         305
 0.60000	 21.71355247	 35.60967636	 52.14247131	 21.54212952	 34.24676514	 52.74499512	        -304	         306
 0.60000	 21.88926888	 33.42953491	 52.59846878	 22.60096169	 32.69458389	 51.50158310	        -305	         307
 0.60000	 23.08473206	 32.54983521	 50.75680542	 23.78367996	 32.94529724	 49.48998642	        -306	         308
 0.60000	 24.47279167	 33.23160172	 48.98705673	 25.08785629	 33.74596405	 47.71940994	        -307	         309
 0.60000	 25.37003517	 34.51971436	 47.35676193	 24.33171082	 35.60162354	 47.32014465	        -308	         310
 0.60000	 24.60493851	 36.45711136	 47.26166916	 26.02042770	 36.95187759	 47.22267532	        -309	         311
 0.60000	 26.71518707	 37.51694489	 47.31138992	 27.70855141	 38.58494186	 46.96133041	        -310	         312
 0.60000	 27.57817459	 38.97233582	 47.76313782	 26.54063034	 37.94779205	 48.11511612	        -311	         313
 0.60000	 26.15781212	 37.14239120	 48.23825455	 26.06285286	 35.73067856	 47.73994827	        -312	         314
 0.60000	 26.10600281	 35.14760590	 47.05524445	 26.99308586	 34.38730621	 46.11441422	        -313	         315
 0.60000	 27.64449692	 34.32888031	 46.73336792	 26.78898621	 35.15872574	 47.64413452	        -314	         316
 0.60000	 26.01835632	 34.87362289	 48.01161957	 25.83125877	 33.39905930	 48.21353149	        -315	           0
