1.49995
2.36308
3.64914
4.53715
5.94144
6.83375
8.27821
9.14918
10.57094
11.45443
12.85187
13.71382
14.89738
15.79401
16.97872
17.73665
18.98468
19.73200
20.94239
21.77523
23.27072
23.98602
24.51838
25.05191
26.06275
26.86348
28.31961
29.18996
30.37349
31.26469
32.71079
33.39985
33.93815
34.40190
35.21606
35.90957
37.27670
38.08236
39.40457
40.01036
40.46207
41.00152
41.94526
42.44943
42.86312
42.96287
42.71122
42.71497
43.04733
42.79799
41.83767
41.16816
40.11210
39.65601
39.50808
39.57787
39.93707
40.58339
42.00623
42.78024
43.94242
44.65715
45.86132
