1.49977
2.39072
3.85547
4.74689
6.24204
7.13859
8.63651
9.53115
11.01946
11.90293
13.35061
14.24297
15.72278
16.61959
18.08601
18.98153
20.44642
21.27130
22.42259
23.26370
24.75661
25.61911
26.85373
27.65618
29.03481
29.88026
31.30856
32.19969
33.65903
34.53943
36.00894
36.86550
38.08995
38.84762
39.99714
40.80184
42.23480
43.13189
44.59837
45.46254
46.78641
47.61876
49.03275
49.89463
51.34511
52.23502
53.72473
54.61678
56.10422
56.99629
58.41813
59.27366
60.70681
61.54613
62.93690
63.62399
64.35500
65.01817
66.30927
67.11265
68.49564
69.37418
70.86979
71.73589
73.00586
73.65323
74.46770
75.01872
75.99420
76.62910
77.73136
78.38624
79.41940
80.12981
81.42269
82.17286
83.34256
84.08734
85.37706
86.13553
87.28634
88.03799
89.33067
90.07379
91.11858
91.77828
92.90986
93.50447
94.27927
94.80322
95.73997
96.32323
97.36149
97.89377
98.59089
99.11723
100.15752
100.62630
101.17077
101.44735
101.77879
102.20148
103.25079
103.85453
104.86099
105.53978
106.75622
107.54858
108.92488
109.74035
111.09577
111.89530
113.18026
114.05539
115.54482
116.43986
117.93393
118.82952
120.32660
121.19206
122.46511
123.08557
123.78606
124.09101
124.31432
124.53129
124.95497
125.41157
126.43323
127.00200
127.84439
128.35660
129.21891
129.85640
131.09480
131.69011
132.39806
132.84270
133.60582
134.06144
134.80049
135.45482
136.78175
137.66231
139.10412
139.96856
141.34660
142.17224
143.54458
144.32607
145.59076
146.35068
147.62423
148.33947
149.43960
150.11907
151.27851
151.97635
153.15276
153.84242
154.94486
155.72420
157.16114
157.93109
159.02293
159.58298
160.29441
160.79037
161.69653
162.26213
163.26907
163.78226
164.43100
164.83896
165.54302
165.87907
166.30155
166.53124
166.74942
166.96822
167.45732
167.68600
167.99981
168.00997
167.75483
167.62221
167.42734
167.26960
166.91942
166.95136
167.36409
167.75989
168.64591
169.26634
170.49807
171.08764
171.77568
172.22571
172.97044
173.51366
174.49050
175.03519
175.82379
176.35159
177.29633
177.81799
178.61564
179.07321
179.68950
180.13539
180.91001
181.42321
182.31694
182.88307
183.83770
184.55250
185.90701
186.70471
188.04130
188.71728
189.54173
190.01599
190.73943
191.14173
191.79244
191.92733
191.71531
191.62358
191.48582
191.37224
191.08710
191.16962
191.65514
192.02874
192.80733
193.22556
193.84764
194.23122
194.89437
195.26665
195.83648
196.10443
196.37657
196.56575
196.89593
197.15425
197.70897
197.96986
198.32044
198.31469
197.96427
197.73273
197.34748
197.03596
196.38792
196.10439
195.78549
195.62205
195.40573
195.22143
194.81313
194.58963
194.23800
193.97823
193.47136
193.18280
192.71157
192.54834
192.48191
192.47947
192.55852
192.56736
192.52158
192.51104
192.52603
192.45758
192.18904
192.14479
192.30421
192.14155
191.51968
191.01441
189.96889
189.36702
188.37596
187.77211
186.74620
186.19037
185.44028
184.83723
183.67162
182.97389
181.80969
181.09178
179.97294
179.27403
178.16079
177.43412
176.11123
175.49229
174.88197
174.37778
173.43733
172.72669
171.41956
170.64771
169.36639
168.61503
167.45131
166.64728
165.29471
164.40833
162.93032
162.03612
160.58014
159.72383
158.33225
157.49076
156.15100
155.26056
153.81416
152.96897
151.64493
150.81846
149.41215
148.53872
147.12889
146.24396
144.75327
143.85827
142.36187
141.49478
140.21511
139.53811
138.64156
138.22323
137.84904
137.40120
136.34553
135.84478
135.24703
134.83757
134.09354
133.77022
133.44743
133.37125
133.47600
133.63717
134.07500
134.34311
134.79521
135.06135
135.46892
135.67694
135.91365
136.17596
136.75874
137.12611
137.77887
138.17890
138.86460
139.24228
139.79500
140.16101
140.76831
141.10956
141.62519
141.95911
142.54928
142.67679
142.47235
142.43457
142.45135
142.41682
142.24597
142.27889
142.51117
142.61398
142.70993
142.95322
143.64133
144.04418
144.65816
145.13949
146.08234
146.62332
147.50643
147.84641
148.06996
148.22561
148.49657
148.66148
148.93738
149.14687
149.56839
149.75988
149.97657
150.16222
150.58009
150.77377
150.95862
151.05067
151.11685
151.12251
151.10951
150.90634
150.29063
149.75325
148.60225
147.95444
146.94846
146.48229
145.98943
145.65863
145.07787
144.58320
143.53899
142.96999
142.19564
141.75142
141.02911
140.65796
140.13632
140.03164
140.22433
140.24056
140.14785
140.14662
140.24823
140.11937
139.59712
139.31769
138.88218
138.61559
138.15785
137.90011
137.49507
137.27411
136.97330
136.61879
135.72352
135.26119
134.65284
134.08494
132.89541
132.21635
131.22828
130.52867
129.33428
128.55497
127.25074
126.61592
125.90612
125.44649
124.73973
124.16524
123.05541
122.33940
121.15691
120.43981
119.23759
118.57815
117.65910
117.21095
116.66196
116.37590
116.01266
115.79913
115.48140
115.46572
115.71076
115.85964
116.07904
116.42454
117.30254
117.78707
118.58546
118.85111
118.89347
118.99902
119.20177
119.50846
120.23822
120.78996
121.90236
122.35244
122.72948
122.80607
122.64771
122.46918
122.02758
121.59679
120.58468
120.18269
119.86596
119.69705
119.57029
119.30137
118.53855
118.18884
117.70555
117.53546
117.47584
117.42583
117.37710
117.08897
116.14365
115.84270
115.74190
115.63790
115.44124
115.34323
115.21331
115.10034
114.86687
114.80166
114.85215
114.90780
115.03070
115.14190
115.38936
115.29703
114.71668
114.39060
113.84266
113.53836
113.06935
112.81298
112.42558
112.20781
111.89515
111.56184
110.75858
110.35512
109.78593
109.43809
108.77147
108.66041
108.92372
109.26225
110.11861
110.61477
111.42473
112.06955
113.38021
114.05598
115.03944
115.47844
115.88210
116.20220
116.77789
117.11712
117.70735
117.86644
117.82832
117.84586
117.87577
118.11500
118.87327
119.28100
119.81813
120.31339
121.34951
121.97173
123.02719
123.69831
124.79744
125.45854
126.55576
127.23001
128.37395
128.97882
129.83462
130.37731
131.30559
131.93311
133.09283
133.76381
134.82170
135.54341
136.82238
137.63511
139.03194
139.82807
141.08610
141.81059
142.97796
143.59800
144.45258
145.03094
146.09369
146.57860
147.08571
147.46841
148.20740
148.65619
149.34701
149.73545
150.34963
150.62313
150.94719
151.20009
151.70098
152.00597
152.52220
152.84947
153.42940
153.76825
154.30538
154.66038
155.24051
155.47565
155.67973
155.59313
155.06566
154.69802
153.94162
153.58018
153.16264
152.76920
151.91328
151.49847
151.02146
150.53133
149.50580
148.89286
147.86875
147.33938
146.66335
146.07978
144.90674
144.17435
142.89578
142.11671
140.76942
140.05424
139.15849
138.39587
136.93858
136.08041
134.81813
134.01526
132.65320
131.95946
131.16915
130.51769
129.21636
128.57670
127.78985
127.49310
127.34100
127.39988
127.73025
128.15192
129.18326
129.80644
130.87643
131.53447
132.68486
133.19130
133.65635
133.96565
134.43396
134.71701
135.25044
135.36561
135.15726
135.27625
135.81133
136.06820
136.45012
136.60568
136.81240
136.64292
135.90650
135.38586
134.35705
133.82309
133.11057
132.67360
131.96880
131.49777
130.67819
130.14917
129.15206
128.70883
128.21316
128.06462
128.11473
128.12529
128.17327
128.07214
127.67085
127.53951
127.42221
127.59027
128.21860
128.67206
129.62876
130.03864
130.48529
130.61542
130.51892
130.63767
131.11946
131.21435
131.04468
130.99934
130.97232
130.89311
130.68657
130.35033
129.40421
128.96147
128.32173
128.08077
127.89339
127.86610
128.02716
127.88625
127.23957
126.93092
126.50414
126.45596
126.79647
126.75898
126.37071
126.06515
125.29390
125.09339
125.10330
125.33301
126.09456
126.53408
127.23750
127.80099
128.92516
129.54433
130.48828
131.03719
131.90520
132.34034
132.87952
133.07223
133.17396
133.19063
133.10932
133.14499
133.33115
133.41422
133.46318
133.67638
134.32411
134.51282
134.51389
134.44809
134.20892
134.09225
133.94833
133.81678
133.55290
133.40718
133.24234
132.91803
132.05791
131.63300
131.03454
130.68681
130.12964
129.73227
128.96352
128.45046
127.50785
127.08753
126.64455
126.39730
126.02144
125.83279
125.58632
125.39091
125.01164
124.79134
124.43733
124.22949
123.91268
123.64523
123.14242
122.75403
122.01257
121.51836
120.60065
120.17614
119.68308
119.41364
119.03744
118.88584
118.77278
118.75494
118.82183
118.95047
119.25558
119.56117
120.29842
120.54565
120.67956
120.70897
120.70430
120.56960
120.18895
119.75289
118.72340
118.17789
117.42285
116.96684
116.23855
115.75683
114.84723
114.50510
114.27267
114.31163
114.78632
114.85008
114.70319
114.51922
114.03803
113.81766
113.53974
113.45142
113.45369
113.39128
113.22817
112.98167
112.36229
112.04956
111.61417
111.35534
110.92592
110.67451
110.27278
110.08139
109.82838
109.88579
110.36678
110.66005
111.18033
111.57252
112.36390
112.56038
112.43845
112.28065
111.81278
111.64258
111.52396
111.48770
111.52683
111.32429
110.63014
110.26397
109.70402
109.29537
108.49885
108.04006
107.30532
106.87729
106.19425
105.81742
105.24249
104.85621
104.14654
103.68401
102.82844
102.42419
101.95589
101.70555
101.39977
101.20029
100.86556
100.71282
100.54770
100.45965
100.32388
100.28070
100.26452
100.25462
100.26701
100.24283
100.15297
100.11470
100.05980
100.06514
100.10334
100.26705
100.75592
101.14791
101.98099
102.50552
103.45807
103.92296
104.47249
104.81770
105.31945
105.67171
106.29708
106.53261
106.67552
106.79863
107.03494
107.26168
107.77868
108.07838
108.55710
108.92959
109.69925
110.03373
110.32591
110.55711
111.00539
111.26610
111.73534
111.83699
111.73103
111.47689
110.70861
110.32110
109.83288
109.53474
109.03588
108.83535
108.67982
108.64299
108.70000
108.74498
108.80320
108.97100
109.39751
109.89130
111.03757
111.65399
112.56450
113.12928
114.10183
114.73037
115.85280
116.56308
117.76199
118.60196
120.09026
120.97385
122.44745
123.32841
124.78295
125.65314
127.09601
127.99243
129.45395
130.34661
131.80317
132.68561
134.15685
135.02468
136.44780
137.30011
138.73056
139.56989
140.92025
141.67508
142.75331
143.57498
145.06274
145.94786
147.27738
148.10110
149.49659
150.23239
151.21482
151.82882
152.87009
153.56322
154.81194
155.57319
156.88608
157.59793
158.63473
159.22950
160.16592
160.77736
161.84876
162.54919
163.82968
164.54110
165.58808
166.26000
167.41118
168.05159
169.00774
169.59158
170.54882
171.22543
172.52977
173.13713
173.77969
174.12085
174.54404
174.82243
175.33218
175.58145
175.91574
176.13633
176.53409
176.82429
177.43294
177.80051
178.39037
178.84343
179.73875
180.32771
181.40185
182.06020
183.07781
183.80522
185.17913
185.86021
186.72036
187.11642
187.54905
187.61220
187.33477
187.19962
186.98375
186.85135
186.62647
186.47026
186.17485
185.92246
185.37839
185.05102
184.50800
184.07221
183.20093
182.77355
182.22292
181.91735
181.45448
181.20258
180.79384
180.69272
180.74229
181.00197
181.82083
182.15031
182.44364
182.68930
183.16919
183.54998
184.30076
184.83001
185.85563
186.38326
187.04454
187.49067
188.27245
188.70152
189.31851
189.69579
190.32422
190.73981
191.43579
191.90806
192.78122
193.23442
193.77936
194.20462
195.05231
195.31110
195.29367
195.37025
195.58126
195.70000
195.86858
196.02435
196.34594
196.51608
196.68655
197.04190
198.01529
198.57786
199.51969
200.12297
201.19722
201.73224
202.43149
202.79098
203.22044
203.68970
204.80133
205.21460
205.42305
205.68374
206.28627
206.42476
206.28707
206.21321
206.08218
205.93999
205.54184
205.35076
205.11406
204.79478
203.96232
203.72113
203.80829
203.72342
203.46420
203.15669
202.42922
201.98188
201.23778
200.66342
199.52617
198.85722
197.73566
197.06686
196.00275
195.58062
195.34821
195.11165
194.61415
194.23905
193.50203
193.10826
192.54518
192.36668
192.40508
192.42616
192.53618
192.44978
192.07364
191.88519
191.61881
191.43939
191.12149
190.93409
190.60431
190.47394
190.35915
190.51575
191.17527
191.32202
191.16584
191.07725
190.88206
190.87315
191.06637
191.02448
190.71303
190.62502
190.64204
190.54786
190.22719
190.10780
190.02188
189.94626
189.78934
189.70302
189.55719
189.62478
189.97611
190.14592
190.36534
190.60722
191.15264
191.45047
191.90107
192.18512
192.68231
193.02675
193.64841
194.00412
194.55309
194.92605
195.61781
196.03352
196.73113
197.14742
197.83517
198.25644
198.97086
199.43164
200.23997
200.75674
201.61848
202.04813
202.50761
203.01721
204.18003
204.76042
205.55640
205.95495
206.49589
206.63835
206.49503
206.55517
206.88507
206.83299
206.34980
206.15519
205.93260
205.82941
205.69481
205.69547
205.78121
206.03994
206.80077
207.18775
207.76183
208.11420
208.71544
209.06369
209.62363
209.88442
210.19198
210.36617
210.63012
210.85459
211.27433
211.51579
211.90080
212.09479
212.35085
212.54277
212.91024
213.23680
213.88983
214.16112
214.41536
214.58262
214.85302
214.99444
215.17193
215.35035
215.77877
215.93013
215.99679
216.05399
216.13347
216.22637
216.43931
216.52496
216.56769
216.58466
216.55823
216.71385
217.22787
217.53346
218.04554
218.31381
218.66504
218.81397
218.97021
218.94204
218.69552
218.46816
217.90077
217.57818
217.08750
216.56936
215.41105
214.66143
213.32930
212.50481
211.12560
210.29260
208.95377
208.11385
206.68517
205.83220
204.41317
203.53275
202.06204
201.18344
199.71839
198.84822
197.41717
196.54968
195.08131
194.19392
192.72207
191.87678
190.60380
189.82565
188.63710
187.88771
186.67342
185.96373
184.84168
184.08678
182.75514
182.14349
181.56736
181.11402
180.24484
179.77321
179.05278
178.58295
177.75818
177.16370
176.10065
175.43036
174.35393
173.70448
172.62335
171.98822
171.04423
170.34748
169.05143
168.25514
166.99514
166.26370
165.10318
164.31632
162.98022
162.15076
160.74078
159.87271
158.41472
157.51765
156.05658
155.24613
154.14694
153.31686
151.83300
151.00128
149.77773
149.02738
147.76738
147.03844
145.86344
145.18770
144.13894
143.59896
142.89087
142.72933
142.97976
142.90795
142.49374
142.20218
141.63909
141.31408
140.78537
140.46838
139.96048
139.62048
139.06027
138.67715
137.97309
137.57255
136.95861
136.64323
136.20008
136.06813
136.06992
136.17934
136.52780
136.88570
137.73888
138.23689
139.05236
139.55232
140.39685
140.96477
142.02011
142.43226
142.67342
142.84792
143.13728
143.43288
144.07958
144.49416
145.24454
145.68449
146.34654
146.72470
147.31574
147.67644
148.29314
148.71050
149.48328
150.02639
150.97841
151.61446
152.71154
153.50428
154.91173
155.78204
157.23568
158.11245
159.58147
160.45235
161.86214
162.71291
164.14566
165.02419
166.51344
167.40035
168.86790
169.76438
171.20800
172.10239
173.58604
174.43961
175.73947
176.52852
177.85526
178.62234
179.85337
180.59880
181.85372
182.59789
183.82405
184.61230
185.98829
186.83073
188.24847
189.08164
190.44253
191.24943
192.55232
193.39115
194.74084
195.52699
196.77324
197.45911
198.39179
199.06892
200.32644
200.88039
201.39028
201.67757
202.06908
202.36478
202.92696
203.16983
203.43094
203.62118
203.99329
204.13945
204.25147
204.37142
204.65360
204.73328
204.71136
204.67857
204.58807
204.53229
204.46878
204.25470
203.62660
203.14675
202.15441
201.62691
200.81195
200.55985
200.59323
200.49509
200.18398
199.84930
199.06095
198.68075
198.19251
198.02054
197.97183
197.89273
197.73255
197.54199
197.08153
196.75236
196.12124
195.69156
194.89223
194.47847
193.88300
193.71797
193.75578
193.82449
194.02112
194.14461
194.33531
194.55175
195.04544
195.53223
196.65382
197.23846
198.14137
198.68788
199.59255
200.22686
201.34731
202.15675
203.63837
204.46567
205.64657
206.43831
207.77140
208.63134
210.04115
210.90354
212.34618
213.20914
214.62591
215.50236
216.97270
217.86249
219.35237
220.22811
221.59217
222.46971
223.89215
224.75992
226.17625
226.95795
228.07385
228.69456
229.55806
230.11899
231.10559
231.76676
232.96932
233.74448
235.11706
235.93378
237.29432
238.03680
239.07097
239.67603
240.64990
241.23710
242.22717
242.78798
243.67985
244.08773
244.49972
244.89585
245.81452
246.13008
246.22002
246.41747
246.90684
247.27640
248.01829
248.38809
248.85654
249.26879
250.13243
250.63022
251.33687
251.96358
253.21063
253.87120
254.85726
255.49407
256.62833
257.34359
258.51171
259.30745
260.65410
261.47756
262.87202
263.70319
265.05893
265.73844
266.51587
266.92897
267.47680
267.76767
268.16400
268.37805
268.71658
268.65194
268.09216
267.79813
267.34578
267.21853
267.27143
267.23821
267.10729
266.99806
266.77034
266.67878
266.63975
266.54958
266.31379
266.15282
265.88877
265.67330
265.25929
265.16603
265.24993
265.33998
265.56103
265.67504
265.82366
266.05196
266.63834
267.14287
268.23558
268.88626
269.99860
270.54021
271.29775
271.75018
272.50591
273.01161
273.93337
274.51527
275.53897
276.10027
276.94452
277.35361
277.84048
278.24466
279.02381
279.49414
280.26046
280.86634
282.05907
282.79774
284.04042
284.79419
286.05922
286.86977
288.26435
289.06701
290.24020
291.01769
292.26878
293.04341
294.22693
294.97046
296.24463
296.95747
298.05571
298.70256
299.69126
300.45240
301.89643
302.66768
303.72579
304.36995
305.43686
306.12199
307.32502
307.87379
308.41170
308.94139
310.07313
310.71275
311.68057
312.37366
313.64262
314.41799
315.74815
316.45847
317.46099
318.02703
318.89074
319.35754
320.00665
320.43364
321.11226
321.56205
322.31136
322.93642
324.23637
324.91303
325.88170
326.38208
327.08481
327.53229
328.32073
328.68618
329.12218
329.27915
329.37469
329.44396
329.57431
329.76871
330.28208
330.68792
331.52318
332.09468
333.15689
333.79026
334.85532
335.35433
335.93612
336.28302
336.85762
337.22622
337.90439
338.34374
339.15913
339.44265
339.49512
339.77676
340.57251
341.12886
342.19894
342.81945
343.84077
344.38465
345.16575
345.67562
346.56581
347.30285
348.75593
349.62039
351.06923
351.93704
353.30569
354.14031
355.55243
356.35914
357.54432
358.31426
359.54118
360.30468
361.61977
362.32449
363.23462
363.84481
364.89590
365.63988
367.01230
367.89243
369.37934
370.23923
371.48054
372.11104
372.90207
373.44807
374.45952
374.99778
375.78410
376.17274
376.66974
376.86199
376.93165
377.02228
377.26489
377.21517
376.82877
376.68864
376.61939
376.51583
376.24345
376.13767
376.05950
376.06981
376.18232
376.30517
376.60097
376.80600
377.19105
377.43727
377.87453
378.09075
378.37455
378.53678
378.75262
379.15084
380.18444
380.91709
382.23867
383.03039
384.31605
385.07375
386.30433
386.98816
388.04070
388.76859
390.10030
390.90267
392.23657
393.00143
394.21379
394.87579
395.77985
396.43781
397.63878
398.23671
398.90299
399.51997
400.81026
401.57455
402.87065
403.58026
404.60001
405.16868
406.04469
406.39979
406.64973
406.74875
406.80538
406.97295
407.45114
407.74626
408.26406
408.55820
409.01970
409.47368
410.47684
411.15195
412.39645
413.19777
414.56957
415.25502
416.12508
416.41103
416.40843
416.32391
415.96334
415.83856
415.78545
415.80376
415.90349
415.96612
416.06426
416.05311
415.92806
415.76636
415.36370
415.24026
415.23884
415.41205
416.02948
416.28007
416.52893
416.63754
416.75574
416.81482
416.92208
416.78550
416.26816
415.70739
414.43648
413.71686
412.54120
411.92538
411.12896
410.70919
410.18787
409.87936
409.44772
408.93644
407.71969
407.19353
406.69056
406.44517
406.16606
405.98031
405.65329
405.55366
405.56391
405.60838
405.74407
405.74682
405.62090
405.52485
405.33034
405.10547
404.55501
404.20755
403.60034
403.31033
402.95232
402.75922
402.47539
402.16934
401.42262
401.04028
400.52672
400.03384
398.92829
398.36358
397.58358
397.06554
396.13743
395.64315
395.01842
394.61981
393.91653
393.65079
393.49803
393.32671
392.91399
392.57935
391.87340
391.39267
390.50061
389.93151
388.94399
388.23726
386.97002
386.13941
384.75071
383.99156
382.87245
382.18707
381.07197
380.44665
379.49011
378.94740
378.12517
377.60731
376.69816
376.23216
375.61406
375.21617
374.55480
374.11580
373.30587
372.92337
372.49069
372.43337
372.72280
372.68849
372.31386
372.16752
372.02737
371.91490
371.66279
371.66599
371.97043
371.96672
371.63417
371.72196
372.26893
372.70988
373.65609
374.16758
374.92833
375.41848
376.24219
376.74331
377.59924
378.11529
379.01548
379.37643
379.64158
379.75001
379.75537
380.01304
380.80958
381.36996
382.45635
383.05840
383.98174
384.46350
385.06960
385.48608
386.25716
386.62170
387.06805
387.46481
388.32413
388.92107
390.02655
390.76953
392.10052
392.81120
393.83741
394.41327
395.30918
395.85836
396.79196
397.42783
398.60502
399.26099
400.26765
400.89497
401.98239
402.72193
404.06192
404.85018
406.14128
406.86936
407.98214
408.49776
409.04909
409.35979
409.82779
410.08312
410.45545
410.78641
411.51474
411.92686
412.57429
412.90905
413.37599
