1.50003
2.13207
2.35231
3.04533
4.43320
5.28491
6.66550
7.51963
8.44135
8.99912
9.74630
10.39691
11.50835
12.35947
12.80110
12.86992
12.51571
11.84126
10.34738
9.57586
8.96292
8.51672
8.44741
8.43918
8.80165
8.44212
7.37163
6.79661
5.98102
5.59536
5.24083
5.00264
4.57524
4.63584
5.07740
5.77791
7.06523
7.87658
9.13858
9.94467
10.28760
10.69218
11.50908
11.67675
11.40887
11.01993
10.24277
10.10358
10.38410
10.91134
12.10524
12.87374
14.19309
15.07785
16.41181
17.15445
17.67788
17.97876
18.11541
18.18035
16.91402
16.61100
17.08058
17.45448
18.37535
18.71926
18.89718
18.87506
18.58446
18.50543
18.57628
18.33344
17.45721
17.28801
17.65518
18.18579
19.08682
19.49752
20.65818
21.40541
22.60127
23.44134
23.95327
24.24247
24.41546
24.33909
23.86067
23.76464
23.86571
23.93920
24.18339
24.03319
23.29437
22.81090
21.94003
21.97039
22.98031
23.14127
22.74329
22.60702
22.52392
22.32061
22.11350
21.80305
21.21959
20.48082
19.86521
19.05096
17.58612
16.91884
16.87598
17.17161
18.18358
19.03691
20.53300
20.98345
20.28081
20.17967
20.43945
20.05416
18.71210
18.37316
18.95941
19.62125
20.52959
21.07211
21.44780
21.40080
20.86623
20.21889
18.86379
18.15645
17.37961
17.33654
17.83923
18.58033
19.32379
19.60212
19.45635
19.66645
20.07600
20.73008
22.20259
22.80799
22.78091
23.63487
24.91484
25.17236
24.31793
24.47261
25.49908
26.09704
26.70258
27.54954
28.54506
29.28436
30.57174
31.38886
32.87004
33.23866
32.43919
32.17235
31.86936
31.64798
31.22400
31.18268
31.46953
31.62334
32.09192
31.71372
30.32193
29.54020
28.29571
27.55865
26.68691
26.27549
26.22553
25.72443
24.95139
24.17973
22.68074
21.87003
20.89965
20.50848
20.73276
21.17054
21.80187
22.47549
23.88731
24.42962
24.55876
24.88050
25.47015
26.29159
27.66323
28.11971
27.95490
27.49794
26.33119
25.48824
25.09553
24.22918
23.34697
22.51470
21.03023
20.22691
19.55828
19.00954
18.64764
18.35525
18.05351
17.79143
17.07662
17.33586
18.62591
19.38357
20.66277
21.50656
22.55983
23.42102
24.45288
24.89187
25.00009
25.55335
26.88253
27.65818
28.15791
28.91764
30.40572
31.24071
32.46944
33.24196
34.54810
35.37811
36.76148
37.54384
38.71524
39.40878
40.54957
41.09703
41.69808
42.21905
43.39845
43.57088
42.96333
42.25906
41.58275
40.69391
40.19727
39.35846
38.44183
38.08998
38.14086
38.13955
38.09178
38.37321
39.16861
39.50682
39.62556
39.95497
40.68311
41.49493
42.93797
43.80125
45.06557
45.74168
46.67225
46.88630
46.38015
45.72815
44.26061
43.38386
41.97047
41.32354
41.39873
41.87818
43.08291
43.82178
44.08488
44.62616
45.74984
46.51265
47.30203
48.17187
48.69102
49.02883
49.23746
49.27365
49.15840
48.94892
48.27995
48.20534
48.49591
48.95823
49.73519
50.42386
51.79111
52.60059
53.88310
54.67324
55.77829
56.59004
57.95154
58.76346
60.16667
60.59543
60.10532
60.64185
61.92618
62.72503
63.79586
63.60986
62.14577
61.83973
62.57027
63.20079
64.44975
65.27862
66.02402
66.85901
67.72827
68.01952
67.76093
67.73496
67.98192
67.57423
66.50107
66.32166
66.92186
67.40537
68.41574
68.46993
67.51315
67.11261
66.63880
66.35718
65.97137
65.59467
64.95960
64.39203
63.17577
62.61406
62.02272
61.70525
61.34190
61.02698
60.34780
60.34694
60.85220
61.42108
61.76677
62.43196
63.86506
64.71794
66.16718
66.96470
68.13584
68.44680
67.82108
67.21577
65.86352
65.39501
65.44075
65.35687
65.31972
64.79168
63.37054
62.69754
61.97901
61.36834
60.15637
59.42281
58.28098
57.39243
56.26189
55.57374
54.54101
53.86563
52.62973
52.09234
51.71757
51.61929
51.99760
51.52573
50.19164
49.41242
48.08241
47.58501
47.68997
47.98207
48.69670
49.56911
50.72089
51.55846
52.28238
52.76594
53.50255
53.84922
54.05448
54.24313
54.48945
54.92087
55.61596
55.99594
56.40515
57.06992
58.39225
59.13361
58.97755
59.56808
60.24111
61.09766
62.52754
63.04101
62.99604
62.52518
61.40352
60.54384
59.75166
59.03769
58.22515
57.82622
57.24507
57.03163
56.70637
57.26541
58.67096
59.25543
59.39841
59.97451
61.38404
62.07492
62.86816
63.23806
63.52918
63.92220
64.81824
65.42821
66.43452
67.32800
68.35571
68.94698
68.86023
68.94808
69.10802
69.23107
69.40313
69.68401
70.01459
69.82144
69.74372
69.04266
67.65995
67.36048
68.30013
68.80669
69.19577
69.82084
71.17926
72.05637
73.19452
74.06943
75.10159
75.01557
73.67482
73.30584
73.32943
73.81802
75.11163
75.63340
75.49968
75.25710
74.48530
73.99171
73.09596
72.49670
71.40977
70.56764
69.18752
68.79783
67.59392
67.12585
67.28994
67.36758
67.35348
67.90336
69.20413
69.94941
70.77163
71.32928
72.47516
72.68300
71.91274
72.29443
73.71698
74.45838
75.04168
74.75280
73.43482
72.68916
71.43772
70.68941
69.65032
69.40241
69.85167
70.00831
70.33471
70.73951
70.37180
70.19041
70.17284
69.77492
68.52363
68.01408
67.68094
67.53716
67.45184
67.61944
68.21223
68.70867
69.78150
70.31881
71.02896
71.20849
70.77960
71.34668
72.84445
73.74083
75.15779
76.01576
77.47069
78.14046
78.43437
79.16937
80.59200
81.43210
82.74443
83.53673
84.74349
85.64215
86.95687
87.50602
87.53342
87.72485
88.12779
88.21518
87.86171
88.35018
89.77335
90.66692
91.99056
92.79306
93.78261
94.24152
94.14823
94.20545
94.36128
94.25365
93.50170
93.96730
95.42896
96.31478
97.79094
98.61263
99.30730
100.20316
101.06717
101.39838
101.18743
100.73827
99.96281
99.54207
99.02676
98.60816
97.77951
97.96705
99.28507
99.58521
98.97392
99.19763
100.08653
100.92270
101.55391
102.06454
102.90201
103.43844
104.35909
105.01138
106.25254
106.76559
107.06439
107.10396
106.85100
106.65956
106.27475
105.86435
104.89132
104.40449
103.78320
103.44707
103.57037
103.48280
103.15990
103.47867
104.56258
105.41651
106.20990
106.72234
107.20759
107.57959
108.22835
108.61871
109.25689
109.73851
110.44772
111.28314
112.34646
112.87959
112.59714
112.74986
113.39277
112.93701
111.52307
110.90588
110.72623
109.91423
108.63267
107.86520
106.92455
106.21608
105.40579
