 0.50000	 41.26409149	 10.22219467	 29.27593231	 41.30558014	 10.21471119	 27.77653885	           0	           2
 0.50000	 40.45659256	 10.01971054	 27.55041695	 39.94166565	  9.88204288	 28.95252419	          -1	           3
 0.50000	 39.38361740	 10.18892860	 29.58860588	 38.06455612	 10.30957699	 30.29264450	          -2	           4
 0.50000	 37.74627686	 10.20247555	 31.12773514	 38.21413803	 11.37547970	 31.93716049	          -3	           5
 0.50000	 39.07975388	 11.17248058	 32.07778931	 39.35177231	  9.94294453	 31.26273537	          -4	           6
 0.50000	 39.14163971	  9.32471561	 30.64319038	 38.10508347	  9.38991642	 29.56086731	          -5	           7
 0.50000	 37.59244156	  9.87449169	 29.00183868	 36.56193542	  9.88454819	 27.91189003	          -6	           8
 0.50000	 36.07651901	 10.56402302	 27.57627106	 36.24416733	 11.95554447	 28.11059380	          -7	           9
 0.50000	 36.23526382	 12.81775856	 28.36827850	 36.28400421	 14.22518921	 28.88465500	          -8	          10
 0.50000	 35.96385193	 15.05346012	 29.03055954	 34.99365616	 16.18188667	 28.84287834	          -9	          11
 0.50000	 34.26989746	 16.62559128	 29.14147568	 32.99917603	 16.63316154	 29.93837738	         -10	          12
 0.50000	 32.86425018	 16.84049988	 30.80361557	 33.79960251	 16.99451065	 31.96606636	         -11	          13
 0.50000	 34.42185974	 17.60360336	 32.19340515	 35.05165863	 18.70824432	 31.39781952	         -12	          14
 0.50000	 35.29945374	 19.49010468	 31.02762032	 35.27360535	 20.89628410	 30.50625229	         -13	          15
 0.50000	 35.51907730	 21.54478073	 29.93264389	 36.13582611	 22.24018478	 28.75538635	         -14	          16
 0.50000	 36.74349594	 22.12940025	 28.10089684	 37.66977310	 21.01894569	 27.70238686	         -15	          17
 0.50000	 38.24540329	 20.80654716	 27.04405022	 38.83686829	 21.13694191	 25.70581818	         -16	          18
 0.50000	 39.24856186	 21.66044426	 25.10060883	 39.96202087	 22.91509628	 24.69235611	         -17	          19
 0.50000	 39.76966476	 23.72123337	 24.34176064	 38.62025452	 24.58508492	 23.91465187	         -18	          20
 0.50000	 37.77941132	 24.90455055	 23.88756561	 36.32297516	 24.90079117	 24.24612236	         -19	          21
 0.50000	 35.45303345	 24.92481613	 24.47489548	 34.01220322	 25.25420570	 24.73060608	         -20	          22
 0.50000	 33.80663300	 24.54033661	 25.23863220	 35.20270920	 23.99749565	 25.15973091	         -21	          23
 0.50000	 35.05208206	 23.23326683	 25.61050224	 33.57707977	 23.30736542	 25.87272072	         -22	          24
 0.50000	 32.80117798	 23.48648262	 26.29187775	 31.84639359	 24.29024315	 27.12385559	         -23	          25
 0.50000	 31.39779663	 24.72655678	 27.77057076	 31.26178741	 25.34667015	 29.12957764	         -24	          26
 0.50000	 30.43843651	 25.63703537	 29.34820366	 29.45766258	 25.55349541	 28.21637917	         -25	          27
 0.50000	 28.89217949	 25.08098221	 27.69974709	 29.42945671	 23.81823921	 27.09414101	         -26	          28
 0.50000	 29.93242264	 23.14886093	 26.76406860	 31.20634651	 23.56862640	 27.43559837	         -27	          29
 0.50000	 31.34793854	 23.10165596	 28.19217682	 30.36398506	 22.06788635	 28.65403748	         -28	          30
 0.50000	 29.59114265	 21.60681343	 28.68452263	 28.59281158	 20.74226952	 29.39584541	         -29	          31
 0.50000	 28.55232048	 19.92349625	 29.02429962	 29.87112808	 20.06121826	 28.32301140	         -30	          32
 0.50000	 30.44468498	 20.61454773	 28.74144936	 30.13036728	 21.83063889	 29.56143379	         -31	          33
 0.50000	 29.69857025	 22.53866959	 29.21102905	 29.33630371	 22.45261192	 27.75795174	         -32	          34
 0.50000	 28.94294930	 22.71418762	 26.99184036	 28.36201477	 24.02932167	 27.41951180	         -33	          35
 0.50000	 27.68420410	 24.57105255	 27.65854645	 27.62804031	 26.06649590	 27.76076698	         -34	          36
 0.50000	 26.81274033	 26.34473610	 28.02113724	 25.84854889	 25.21979904	 28.25526428	         -35	          37
 0.50000	 25.17477608	 24.62485504	 28.29935646	 23.93782234	 23.81067848	 28.06058502	         -36	          38
 0.50000	 24.08839226	 22.93614960	 28.21040916	 25.51536942	 22.72985077	 28.62405777	         -37	          39
 0.50000	 26.22287369	 22.19247246	 28.76733208	 27.01551819	 20.92050743	 28.82839584	         -38	          40
 0.50000	 27.83981514	 20.62640762	 28.61872673	 29.17078972	 21.02701950	 28.05483246	         -39	          41
 0.50000	 30.01415443	 21.32069778	 27.94348335	 30.72601700	 22.56900597	 27.51347923	         -40	          42
 0.50000	 30.35289955	 23.24004936	 27.98341942	 28.87542343	 23.46632004	 28.10891151	         -41	          43
 0.50000	 27.98633003	 23.55684090	 28.21464539	 26.72807312	 23.83236122	 27.44600487	         -42	          44
 0.50000	 26.69016838	 24.28980255	 26.67193031	 28.02346230	 24.69886971	 26.11972618	         -43	          45
 0.50000	 27.60276794	 24.90431595	 25.35057831	 26.39241791	 24.57848549	 24.52666092	         -44	          46
 0.50000	 26.18700981	 25.45051575	 24.44097900	 27.13717079	 26.36699486	 25.15323639	         -45	          47
 0.50000	 28.01479912	 26.19232941	 25.25040054	 28.41490555	 24.84271431	 24.73223114	         -46	          48
 0.50000	 28.41726685	 24.07823372	 25.20755959	 28.15681267	 23.28335381	 26.45274925	         -47	          49
 0.50000	 27.89786911	 22.85531998	 27.20121765	 28.02387810	 22.05667114	 28.46471405	         -48	          50
 0.50000	 27.77478409	 21.63468170	 29.21985245	 27.79668045	 20.55673027	 30.26277542	         -49	          51
 0.50000	 28.25195885	 20.16741371	 30.93464661	 29.04837036	 20.28574753	 32.20029449	         -50	          52
 0.50000	 29.53978157	 20.73165131	 32.80858231	 30.16649055	 21.99820328	 33.31179810	         -51	          53
 0.50000	 30.75620842	 22.63073349	 33.56183624	 32.03344345	 23.20949173	 34.09461212	         -52	          54
 0.50000	 32.11228943	 23.89291763	 33.51416016	 30.88380814	 23.59613228	 32.70629501	         -53	          55
 0.50000	 30.16862106	 23.52546501	 32.16472626	 28.86258507	 23.41440964	 31.43547440	         -54	          56
 0.50000	 28.36868095	 22.83043480	 30.96122742	 28.22362518	 21.39548874	 30.54918289	         -55	          57
 0.50000	 28.86734772	 20.80362320	 30.33632660	 30.35161018	 21.00891113	 30.26695061	         -56	          58
 0.50000	 30.78564262	 21.45399094	 30.91772461	 29.94864273	 22.16641045	 31.93840981	         -57	          59
 0.50000	 29.30832863	 22.23962975	 32.56647110	 28.07275200	 21.64364052	 33.17313004	         -58	          60
 0.50000	 27.33440971	 21.34043503	 33.58874512	 26.18642807	 20.58377647	 34.18833923	         -59	          61
 0.50000	 25.54951859	 20.98597336	 34.68083954	 25.70243645	 22.44611168	 34.98838806	         -60	          62
 0.50000	 25.06171417	 23.06776810	 35.10212708	 23.57525635	 22.93313217	 34.95276642	         -61	          63
 0.50000	 22.92734528	 23.54778481	 34.84178162	 22.80982971	 25.03258133	 34.66441345	         -62	          64
 0.50000	 22.85431480	 25.92766190	 34.58285141	 23.32614136	 27.34926033	 34.50392151	         -63	          65
 0.50000	 23.45425034	 28.23857307	 34.45490265	 23.47943497	 29.73640060	 34.37999725	         -64	          66
 0.50000	 23.41834641	 30.63234901	 34.32269669	 23.03612328	 32.08276749	 34.32779694	         -65	          67
 0.50000	 23.26895905	 32.84724045	 33.91391373	 24.39813232	 33.36371231	 33.07240295	         -66	          68
 0.50000	 24.24233818	 33.52285004	 32.20032501	 22.97441864	 33.03897095	 31.56142998	         -67	          69
 0.50000	 22.09731293	 33.19121552	 31.42959023	 20.77327156	 33.66620255	 31.95038986	         -68	          70
 0.50000	 20.74371910	 34.55497360	 32.08842850	 22.01434517	 35.24172592	 31.68366241	         -69	          71
 0.50000	 22.78185844	 35.47618484	 32.09088898	 23.46906853	 34.92520142	 33.30498886	         -70	          72
 0.50000	 23.73524857	 35.21401596	 34.11464691	 23.41507530	 36.30509186	 35.09290695	         -71	          73
 0.50000	 24.00872231	 36.94393539	 35.31516647	 25.31558228	 36.93330765	 34.57899094	         -72	          74
 0.50000	 25.59803963	 37.69780731	 34.96090317	 24.49265862	 37.86441803	 35.96104431	         -73	          75
 0.50000	 23.73290634	 38.31563187	 35.79058838	 23.35545349	 38.59563446	 34.36616135	         -74	          76
 0.50000	 23.36457443	 38.79850388	 33.48954010	 23.96871758	 39.04118729	 32.13825607	         -75	          77
 0.50000	 24.45060730	 39.03998184	 31.37821960	 25.64710045	 38.78951263	 30.50896072	         -76	          78
 0.50000	 25.55576515	 38.69521713	 29.61864471	 24.19466782	 38.72875214	 28.98918533	         -77	          79
 0.50000	 23.68205070	 38.84051514	 28.25810051	 23.29952812	 39.19006729	 26.85053253	         -78	          80
 0.50000	 23.06597710	 39.33959198	 25.99453545	 23.25341797	 39.37149811	 24.50675201	         -79	          81
 0.50000	 22.84949112	 40.17708588	 24.58153343	 22.00927734	 40.68211365	 25.71696663	         -80	          82
 0.50000	 21.16628647	 40.51285172	 25.98402405	 20.60918045	 39.24818039	 25.40102196	         -81	          83
 0.50000	 21.48449707	 39.11568832	 25.20482826	 21.90339851	 40.26982880	 24.34342957	         -82	          84
 0.50000	 22.37530136	 39.61286163	 23.93314743	 22.44558144	 38.45237732	 24.88120079	         -83	          85
 0.50000	 22.20519257	 37.58473587	 24.87793922	 20.72850418	 37.32165909	 24.89291763	         -84	          86
 0.50000	 20.60565376	 37.02487564	 25.73369026	 21.99749184	 36.91641617	 26.28239059	         -85	          87
 0.50000	 22.24188232	 37.77176285	 26.14588547	 21.16284180	 38.27599335	 25.23398399	         -86	          88
 0.50000	 20.95516396	 38.78399277	 24.52006149	 20.98110008	 40.19946289	 24.02394867	         -87	          89
 0.50000	 21.20999718	 41.05785751	 23.87770081	 21.28969765	 42.26617050	 22.99238014	         -88	          90
 0.50000	 21.27657700	 42.96362305	 22.42319679	 21.21952629	 44.09873962	 21.44418716	         -89	          91
 0.50000	 20.82881737	 44.76063156	 20.97556686	 19.58522987	 45.51937485	 20.61788177	         -90	          92
 0.50000	 19.16891670	 46.24961090	 20.29578590	 19.15106964	 47.64165497	 19.73715782	         -91	          93
 0.50000	 19.03180695	 48.45608139	 19.37300873	 18.70968246	 49.78219986	 18.75045395	         -92	          94
 0.50000	 18.71572304	 50.51858902	 18.23323631	 19.16591263	 51.74433136	 17.49516487	         -93	          95
 0.50000	 18.92747498	 51.53653717	 16.65257645	 18.33833504	 50.16989899	 16.83996582	         -94	          96
 0.50000	 18.07412338	 49.31166077	 16.78186417	 17.58228874	 47.89735413	 16.86963463	         -95	          97
 0.50000	 18.15634727	 47.24465179	 16.63636780	 19.56033707	 47.62186432	 16.26694870	         -96	          98
 0.50000	 20.03075790	 48.29988861	 15.90795040	 19.46374702	 49.60226440	 15.42598343	         -97	          99
 0.50000	 19.90537834	 50.37527084	 15.55757332	 20.98098564	 50.80463791	 16.51080322	         -98	         100
 0.50000	 21.71357155	 50.35198975	 16.24932861	 21.42492867	 49.35669708	 15.16485214	         -99	           0
