0.00003540
0.00003540
0.00005480
0.00000000
0.00000000
0.00005480
0.00002487
0.00005899
0.00010094
0.00010094
0.00009373
0.00009373
0.00013585
0.00013585
0.00009392
0.00007201
0.00009741
0.00012497
0.00012497
0.00015950
0.00015950
0.00003944
0.00011158
0.00011158
0.00008371
0.00002858
0.00002858
0.00010130
0.00014162
0.00018128
0.00000000
0.00015917
0.00018128
0.00004702
0.00004204
0.00007096
0.00007096
0.00007485
0.00007485
0.00005023
0.00011082
0.00014162
0.00007736
0.00023781
0.00023781
0.00001630
0.00008025
0.00000000
0.00000879
0.00004727
0.00000000
0.00000000
0.00000000
0.00012049
0.00012049
0.00006773
0.00000722
0.00009767
0.00010067
0.00010067
0.00004538
0.00005320
0.00011083
0.00017118
0.00017118
0.00014517
0.00003849
0.00006969
0.00008779
0.00008779
0.00010456
0.00010456
0.00003493
0.00007074
0.00016445
0.00016445
0.00006967
0.00013763
0.00020296
0.00213574
0.00213574
0.00366517
0.00366517
0.00358675
0.00019919
0.00001206
0.00033350
0.00019443
0.00000000
0.00000000
0.00000000
0.00000000
0.00010024
0.00010024
0.00013532
0.00013532
0.00005974
0.00005974
0.00005940
0.00003253
