1.50002
2.33152
3.31374
3.10884
1.95034
1.66712
1.94569
1.72474
1.10325
1.58757
2.95959
3.21075
2.37112
2.90857
4.07444
4.94308
6.43742
7.26183
8.22152
8.86311
7.98925
7.71469
7.44722
7.98481
8.63994
7.93107
7.17821
6.51656
7.31822
6.86785
5.43048
4.82581
5.09906
5.37345
5.95110
6.48816
7.62521
7.36311
5.97086
5.16692
4.71681
5.46772
6.75141
7.59018
8.90650
9.76019
11.03946
11.79961
12.32659
13.00657
12.44814
12.44684
11.55747
10.76488
11.71410
12.49846
13.91961
14.40757
13.90261
13.86624
13.96763
14.03499
14.88657
14.78277
13.71854
14.40620
15.51068
15.84105
15.10670
15.56856
16.36962
17.00557
16.16530
15.80958
17.10123
16.93060
15.59045
15.43927
16.52075
17.36776
18.70536
19.43821
20.49358
20.75354
20.38757
19.99647
20.14796
19.69537
18.33454
17.59296
16.93711
17.17808
18.44543
19.26950
20.51587
21.25655
22.30474
23.12866
24.28316
24.45618
23.91817
24.74942
25.30050
25.40188
25.50468
26.24929
27.28707
27.85135
27.17978
26.79760
26.30974
27.09633
28.06895
28.44890
28.80528
28.83749
28.18679
28.19917
28.85059
29.26137
30.09206
30.18848
29.64628
29.45133
29.49150
29.47667
29.42647
29.55848
30.05653
30.18134
30.30273
29.46988
28.59837
28.02232
27.52479
27.52718
27.90450
28.39567
28.48648
28.45120
28.04763
27.88735
27.71345
27.65496
27.51638
27.93072
29.23516
29.17791
27.84218
27.55835
28.32433
28.96412
28.84241
29.63368
30.78903
30.78104
30.29481
29.47294
29.95807
30.08359
30.13700
30.18761
30.48086
30.11771
29.07984
28.64456
28.25320
28.35670
28.72165
28.26618
28.04446
27.42069
26.70684
25.81270
25.02008
24.28678
22.96314
22.68919
23.15019
23.78625
25.01407
24.68695
23.36019
22.60148
21.58233
21.83395
23.28145
23.83744
23.92834
23.91760
24.07956
24.92359
24.78998
24.42639
23.09511
23.37725
24.77896
25.63550
27.06282
