0.00008771
0.00008771
0.00009554
0.00009554
0.00006233
0.00005434
0.00002130
0.00007025
0.00011643
0.00011643
0.00011034
0.00010299
0.00010299
0.00006490
0.00006490
0.00012383
0.00019662
0.00044635
0.00049013
0.00049013
0.00033014
0.00009908
0.00008358
0.00008426
0.00008426
0.00007006
0.00005797
0.00004119
0.00004774
0.00006544
0.00010027
0.00010027
0.00006010
0.00006010
0.00028439
0.00054749
0.00076612
0.00076612
0.00063266
0.00026910
0.00017680
0.00010287
0.00010190
0.00007657
0.00007987
0.00038296
0.00055982
0.00055982
0.00046203
0.00032300
0.00020934
0.00013608
0.00008804
0.00011097
0.00012965
0.00012965
0.00011076
0.00011076
0.00010159
0.00006334
0.00010874
0.00010874
0.00015533
0.00015533
0.00010962
0.00007494
0.00007494
0.00007295
0.00007295
0.00011277
0.00011277
0.00009236
0.00009236
0.00005767
0.00018849
0.00021672
0.00024584
0.00031185
0.00031185
0.00023362
0.00008188
0.00012219
0.00012219
0.00010914
0.00010675
0.00013548
0.00013548
0.00009918
0.00012845
0.00016915
0.00017993
0.00017993
0.00012573
0.00010334
0.00015084
0.00015084
0.00008350
0.00007264
0.00005461
0.00005236
