1.49999
2.17059
2.54092
3.27162
4.68428
5.17355
4.91210
4.81817
4.49829
4.89759
6.11381
6.93549
8.39606
9.17835
10.31878
10.77556
11.10570
10.92063
10.09960
9.64990
9.04131
8.85952
8.88179
9.18225
10.01610
10.30865
10.17935
10.16859
9.92632
10.48505
11.63599
12.26203
13.05735
13.67638
14.84231
15.42278
16.15838
16.30638
16.00625
15.59828
14.62553
13.85264
12.56722
11.87849
11.54499
11.49485
11.90443
11.84440
11.36936
11.21056
11.10388
11.17459
11.48078
11.90465
12.75809
13.65018
14.56563
15.29612
16.58730
17.28386
17.88413
18.35387
18.94623
19.36485
20.10542
20.47229
20.90642
21.28408
22.07802
22.45467
22.76938
23.27233
24.29028
24.21185
22.96919
22.58048
22.97166
23.12754
23.51048
23.44412
22.96118
22.35666
21.10617
20.24865
19.54855
19.33808
19.71109
19.79879
19.89493
19.53014
18.38138
17.78537
17.43504
16.92402
16.06247
16.38263
17.78408
18.57447
19.74953
20.28112
20.11764
19.87918
19.11045
18.43480
17.01892
16.40212
16.28847
15.69880
14.32260
13.65761
13.02191
13.11851
14.02868
14.65940
15.73033
16.40897
17.58931
18.12160
18.33311
18.63902
19.04923
19.91172
21.06731
21.89402
23.33345
23.99084
24.62428
24.64636
23.93129
23.86543
24.33404
24.30638
23.71073
23.82791
24.66474
25.19703
26.07616
26.90934
28.13222
28.98369
30.47820
31.21744
31.91063
32.39023
32.96326
33.82120
34.77912
35.58259
35.88125
36.04830
36.03629
36.09791
36.27485
36.39368
36.57079
36.73255
37.08077
37.31380
37.75705
37.99468
38.44180
38.36370
37.66882
37.43048
37.19680
37.32460
37.99123
38.40233
38.98805
39.83599
40.90784
41.80189
42.96309
43.10307
42.35319
41.47809
40.64800
39.82751
38.36337
37.95763
38.49028
38.85389
39.81009
39.61271
38.27582
37.64383
37.35187
37.87406
39.14456
39.57425
39.45628
39.57733
39.99532
40.05080
39.75756
40.00912
40.92353
41.42607
42.23094
