0.00076740
0.00137588
0.00185796
0.00207196
0.00223663
0.00223663
0.00248176
0.00278134
0.00284131
0.00284131
0.00266541
0.00295651
0.00295651
0.00266869
0.00261171
0.00256302
0.00262208
0.00262208
0.00237043
0.00243695
0.00318171
0.00324526
0.00324526
0.00307284
0.00269669
0.00269669
0.00257828
0.00287606
0.00309036
0.00309036
0.00299136
0.00278652
0.00321294
0.00335673
0.00335673
0.00335034
0.00295643
0.00284497
0.00267099
0.00301437
0.00325500
0.00341443
0.00341443
0.00322571
0.00297204
0.00267463
0.00252290
0.00214271
0.00287970
0.00325998
0.00348216
0.00348216
0.00334691
0.00285182
0.00264377
0.00221443
0.00212593
0.00238206
0.00286238
0.00318647
0.00318647
0.00318060
0.00314724
0.00314724
0.00289261
0.00289261
0.00249107
0.00216460
0.00254769
0.00281694
0.00324434
0.00342037
0.00342037
0.00340219
0.00316174
0.00294370
0.00294370
0.00271314
0.00224792
0.00210661
0.00246715
0.00246715
0.00251871
0.00251871
0.00255754
0.00255754
0.00260026
0.00314688
0.00379218
0.00379218
0.00329782
0.00317199
0.00290058
0.00234330
0.00227287
0.00227287
0.00185789
0.00218755
0.00230172
0.00250086
0.00250086
0.00260622
0.00260622
0.00281309
0.00313675
0.00352412
0.00352412
0.00346011
0.00333997
0.00315696
0.00301075
0.00277566
0.00239514
0.00209784
0.00180645
0.00183157
0.00215168
0.00225729
0.00235083
0.00258810
0.00266420
0.00267147
0.00293856
0.00293856
0.00288280
0.00288280
0.00313532
0.00322598
0.00322598
0.00289156
0.00242505
0.00240523
0.00266886
0.00266886
0.00246058
0.00202016
0.00189481
0.00208747
0.00247165
0.00303444
0.00323724
0.00323724
0.00296289
0.00311171
0.00348883
0.00348883
0.00343375
0.00323063
0.00260358
0.00254875
0.00256942
0.00260458
0.00260458
0.00251239
0.00280268
0.00302296
0.00302296
0.00289614
0.00259540
0.00301090
0.00307906
0.00307906
0.00279973
0.00254758
0.00298273
0.00319734
0.00319734
0.00315006
0.00285785
0.00255933
0.00255697
0.00265219
0.00283990
0.00328153
0.00353305
0.00382797
0.00382797
0.00359217
0.00312427
0.00227233
0.00225881
0.00225881
0.00249073
0.00284301
0.00298716
0.00298716
0.00278988
0.00258705
0.00212502
0.00264379
0.00323613
0.00323613
0.00307079
0.00309516
0.00309516
0.00305940
0.00296989
0.00275712
0.00275712
0.00260974
0.00254950
0.00254950
0.00252330
0.00285014
0.00305275
0.00341396
0.00341396
0.00327575
0.00287160
0.00252504
0.00235757
0.00260812
0.00269124
0.00269124
0.00249362
0.00245842
0.00314295
0.00348604
0.00348604
0.00332695
0.00319583
0.00274597
0.00257706
0.00257706
0.00274647
0.00288579
0.00296590
0.00296590
0.00285156
0.00301214
0.00311331
0.00311640
0.00311640
0.00293700
0.00265295
0.00216502
0.00225904
0.00266928
0.00316324
0.00325309
0.00325309
0.00304000
0.00271149
0.00202986
0.00185469
0.00168191
0.00216388
0.00229570
0.00229570
0.00226013
0.00287744
0.00314385
0.00314385
0.00302675
0.00281633
0.00288222
0.00316046
0.00340929
0.00340929
0.00321478
0.00303175
0.00255331
0.00278440
0.00308580
0.00308580
0.00306645
0.00325940
0.00325940
0.00318558
0.00302565
0.00269776
0.00225367
0.00236648
0.00272050
0.00295402
0.00305796
0.00305796
0.00302060
0.00289623
0.00266163
0.00248358
0.00239055
0.00239055
0.00273155
0.00312591
0.00315033
0.00315861
0.00329314
0.00329314
0.00316413
0.00285096
0.00285096
0.00270678
0.00280113
0.00280113
0.00266135
0.00229829
0.00254734
0.00280643
0.00315538
0.00319665
0.00319665
0.00293132
0.00234567
0.00234282
0.00234282
0.00225857
0.00261165
0.00282731
0.00296820
0.00296820
0.00264552
0.00220441
0.00177749
0.00123038
0.00080338
