0.00014943
0.00019278
0.00019278
0.00021172
0.00026554
0.00027827
0.00028872
0.00030365
0.00030751
0.00037548
0.00044229
0.00048054
0.00048054
0.00056495
0.00074806
0.00084515
0.00084515
0.00061403
0.00061403
0.00048888
0.00048888
0.00038253
0.00032234
0.00032234
0.00029197
0.00055897
0.00060851
0.00060851
0.00043885
0.00038761
0.00038761
0.00041154
0.00041154
0.00041128
0.00045946
0.00049620
0.00069659
0.00095754
0.00095754
0.00081123
0.00067276
0.00067276
0.00070399
0.00105342
0.00109390
0.00131940
0.00131940
0.00113952
0.00114282
0.00114282
0.00094552
0.00049341
0.00032013
0.00031021
0.00031021
0.00042360
0.00042360
0.00025978
0.00021265
0.00033454
0.00033454
0.00034781
0.00034781
0.00033076
0.00042521
0.00054823
0.00110664
0.00196688
0.00227559
0.00228808
0.00228808
0.00198839
0.00184736
0.00201568
0.00201568
0.00167213
0.00079857
0.00076248
0.00053609
0.00053609
0.00037396
0.00048024
0.00048024
0.00050078
0.00073740
0.00073740
0.00043227
0.00042988
0.00042988
0.00054457
0.00054457
0.00052609
0.00056877
0.00056877
0.00050515
0.00050515
0.00053997
0.00053997
0.00056857
0.00065170
0.00077250
0.00092413
0.00121110
0.00135400
0.00135400
0.00126498
0.00113699
0.00060883
0.00052250
0.00059388
0.00063870
0.00063870
0.00045150
0.00031169
0.00050504
0.00056866
0.00056866
0.00048834
0.00036641
0.00057055
0.00057055
0.00047840
0.00031354
0.00022031
0.00044396
0.00044396
0.00028594
0.00034664
0.00045361
0.00081240
0.00163800
0.00225409
0.00225409
0.00212617
0.00158655
0.00104991
0.00070959
0.00070959
0.00057060
0.00050272
0.00050272
0.00065000
0.00088130
0.00088130
0.00072363
0.00047798
0.00029486
0.00036009
0.00048270
0.00064425
0.00064425
0.00047014
0.00033397
0.00043284
0.00043284
0.00039828
0.00044655
0.00044655
0.00027232
0.00031420
0.00040928
0.00040928
0.00044134
0.00044134
0.00052386
0.00101289
0.00147061
0.00147061
0.00122554
0.00075598
0.00049318
0.00044155
0.00044155
0.00032745
0.00031516
0.00039633
0.00039633
0.00032930
0.00055866
0.00073403
0.00073403
0.00057064
0.00057064
0.00034256
0.00030920
0.00019602
0.00033388
0.00062625
0.00091756
0.00091756
0.00075431
0.00107819
0.00148140
0.00155765
0.00155765
0.00139101
0.00139101
0.00110923
0.00091410
0.00115086
0.00123214
0.00135133
0.00135133
0.00104112
0.00055579
0.00027904
0.00034635
0.00058383
0.00058383
0.00058327
0.00115899
0.00157760
0.00177930
0.00177930
0.00182983
0.00215948
0.00270269
0.00281692
0.00281692
0.00266214
0.00240270
0.00200732
0.00190078
0.00153435
0.00089335
0.00036072
0.00036072
0.00032611
0.00016531
0.00023449
0.00044792
0.00052663
0.00055821
0.00084402
0.00084402
0.00102869
0.00127670
0.00127670
0.00107802
0.00106469
0.00132826
0.00132826
0.00108591
0.00076294
0.00062254
0.00037703
0.00039367
0.00051570
0.00094308
0.00128485
0.00143148
0.00148287
0.00148287
0.00131241
0.00158102
0.00197302
0.00197302
0.00171446
0.00114470
0.00054260
0.00070441
0.00070441
0.00048700
0.00034225
0.00024478
0.00029770
0.00029770
0.00047424
0.00047424
0.00029431
0.00027289
0.00032013
0.00040189
0.00059795
0.00059795
0.00039976
0.00043983
0.00043983
0.00039116
0.00024692
0.00026886
0.00045798
0.00054414
0.00058162
0.00058162
0.00035993
0.00035993
0.00032872
0.00029923
0.00029923
0.00047489
0.00047489
0.00029065
0.00047706
0.00076365
0.00091435
0.00091435
0.00088336
0.00073843
0.00044278
0.00038825
0.00043405
0.00043405
0.00029862
0.00026995
0.00031497
0.00031497
0.00018899
0.00018829
0.00015943
0.00015943
0.00018696
0.00018696
0.00026894
0.00026894
0.00021403
