0.00066776
0.00126980
0.00183232
0.00211815
0.00225287
0.00231864
0.00235156
0.00235156
0.00236358
0.00242535
0.00242535
0.00256119
0.00256119
0.00252174
0.00235691
0.00287803
0.00317265
0.00317265
0.00295613
0.00312225
0.00312225
0.00309186
0.00282079
0.00239341
0.00216437
0.00205079
0.00233755
0.00272687
0.00305796
0.00305796
0.00297175
0.00299990
0.00305782
0.00311649
0.00311649
0.00290667
0.00269506
0.00264896
0.00237832
0.00233168
0.00239292
0.00296061
0.00336030
0.00336030
0.00331767
0.00302892
0.00283895
0.00299298
0.00299298
0.00295613
0.00264909
0.00259490
0.00259490
0.00266797
0.00290074
0.00319506
0.00319506
0.00299613
0.00320349
0.00320349
0.00315651
0.00293587
0.00290728
0.00286664
0.00306152
0.00324113
0.00324113
0.00299062
0.00262634
0.00239793
0.00239793
0.00259893
0.00259893
0.00288275
0.00331560
0.00346034
0.00351613
0.00351613
0.00319957
0.00304392
0.00304392
0.00304100
0.00267165
0.00242629
0.00244819
0.00244819
0.00237562
0.00198996
0.00216725
0.00222089
0.00243452
0.00265248
0.00283621
0.00283621
0.00270493
0.00270493
0.00244904
0.00210283
0.00136477
0.00063159
