0.00004263
0.00029410
0.00029410
0.00024556
0.00019132
0.00011609
0.00021351
0.00021351
0.00006942
0.00017648
0.00017648
0.00016922
0.00016922
0.00007953
0.00011611
0.00022748
0.00024633
0.00024633
0.00011039
0.00007021
0.00021994
0.00021994
0.00026837
0.00026837
0.00026411
0.00026411
0.00021124
0.00013787
0.00018774
0.00033472
0.00033472
0.00026644
0.00035080
0.00048775
0.00048775
0.00038879
0.00019384
0.00012175
0.00012175
0.00016080
0.00016080
0.00009944
0.00014034
0.00014034
0.00007741
0.00011963
0.00014541
0.00014541
0.00006094
0.00007143
0.00015535
0.00015535
0.00014960
0.00014960
0.00018392
0.00025784
0.00025784
0.00012800
0.00026323
0.00026323
0.00016688
0.00015287
0.00015287
0.00010610
0.00007414
0.00020422
0.00026627
0.00039919
0.00039919
0.00024864
0.00029293
0.00029293
0.00025559
0.00025731
0.00025731
0.00019165
0.00023190
0.00023190
0.00017139
0.00017139
0.00023635
0.00023635
0.00015694
0.00012845
0.00012845
0.00014032
0.00014032
0.00024182
0.00028524
0.00038342
0.00038342
0.00024226
0.00022332
0.00022332
0.00007753
0.00015608
0.00025676
0.00025676
0.00020584
0.00028190
0.00028190
0.00017240
0.00010809
0.00028907
0.00043171
0.00134267
0.00223063
0.00263368
0.00263368
0.00253773
0.00203555
0.00118223
0.00019669
0.00017883
0.00032764
0.00032764
0.00018925
0.00015936
0.00037738
0.00049841
0.00049841
0.00046864
0.00030789
0.00016921
0.00024681
0.00037813
0.00037813
0.00045744
0.00045744
0.00031113
0.00031113
0.00009226
0.00017111
0.00029252
0.00029252
0.00028478
0.00044608
0.00044608
0.00039260
0.00039260
0.00016100
0.00037310
0.00037310
0.00042266
0.00042266
0.00037073
0.00041407
0.00041407
0.00024475
0.00014603
0.00024434
0.00024434
0.00020920
0.00020920
0.00016766
0.00017668
0.00028323
0.00028323
0.00030564
0.00030564
0.00017558
0.00017558
0.00024637
0.00024637
0.00021996
0.00012735
0.00017999
0.00017999
0.00015089
0.00015089
0.00006197
0.00006197
0.00015901
0.00015901
0.00016009
0.00022164
0.00022164
0.00015376
0.00022457
0.00025683
0.00025683
0.00020811
0.00027356
0.00035602
0.00035602
0.00009641
0.00035001
0.00035001
0.00024437
0.00024437
0.00023174
0.00023174
0.00021342
0.00021342
0.00031626
0.00032944
0.00032944
0.00009065
0.00015135
0.00015135
0.00027034
0.00032228
0.00032228
0.00026731
0.00026731
0.00031884
0.00034039
0.00034039
0.00018874
0.00026367
0.00026367
0.00016676
0.00000000
0.00013017
0.00017549
0.00000000
0.00000000
0.00017549
0.00013017
0.00019634
0.00021606
0.00029792
0.00029792
0.00012794
0.00022595
0.00025642
0.00025642
0.00021378
0.00012014
0.00023670
0.00023670
0.00023107
0.00014659
0.00010770
0.00028693
0.00028693
0.00022610
0.00029676
0.00029676
0.00026408
0.00015823
0.00034964
0.00034964
0.00021730
0.00053267
0.00090189
0.00090189
0.00066673
0.00059444
0.00055722
0.00028998
0.00022122
0.00023757
0.00028672
0.00037089
0.00037089
0.00036995
0.00030048
0.00030048
0.00026011
0.00019533
0.00020979
0.00020979
0.00017865
0.00036372
0.00069547
0.00076158
0.00112531
0.00185934
0.00235717
0.00235717
0.00197735
0.00125652
0.00078251
0.00043711
0.00036683
0.00036683
0.00036479
0.00036479
0.00026830
0.00031903
0.00031956
0.00031956
0.00013193
0.00030458
0.00031370
0.00047036
0.00047036
0.00034703
0.00031414
0.00031414
0.00028047
0.00028047
0.00030749
0.00030749
0.00031897
0.00031897
0.00028753
0.00028753
0.00026952
0.00087907
0.00148475
0.00165672
0.00165672
0.00130267
0.00084731
0.00051686
0.00025285
0.00029685
0.00029685
0.00021597
0.00024895
0.00024895
0.00027188
0.00027188
0.00011679
