 0.10000	 86.16517639	 29.54979134	 32.89532089	 87.50903320	 30.16317749	 32.63519287	           0	           2
 0.10000	 88.22576904	 30.57999039	 32.28553391	 89.17024994	 31.37889481	 31.43726540	          -1	           3
 0.10000	 89.59900665	 31.52797508	 30.66023064	 89.72114563	 31.00829315	 29.25847054	          -2	           4
 0.10000	 90.21842957	 31.16874123	 28.52581215	 91.34001160	 32.01996994	 28.00882721	          -3	           5
 0.10000	 91.98591614	 32.62256241	 27.83765411	 92.92563629	 33.78572464	 27.95408249	          -4	           6
 0.10000	 93.58039093	 34.40227890	 27.97972298	 94.89110565	 35.13142776	 27.98361969	          -5	           7
 0.10000	 95.18187714	 35.98017883	 28.05264091	 94.61904144	 37.35817719	 28.23689461	          -6	           8
 0.10000	 94.26264954	 38.18353653	 28.27100754	 93.54918671	 39.49753189	 28.15365791	          -7	           9
 0.10000	 92.87656403	 40.08380508	 28.26801872	 91.50556183	 40.58845139	 28.60698700	          -8	          10
 0.10000	 90.80461884	 40.71068954	 29.15715981	 90.09307098	 40.48138046	 30.45722580	          -9	          11
 0.10000	 89.61006165	 40.39108276	 31.21029663	 88.84870911	 40.15878296	 32.48118210	         -10	          12
 0.10000	 88.25716400	 40.34366608	 33.13260651	 87.24810791	 41.17078781	 33.87165070	         -11	          13
 0.10000	 86.50335693	 41.50057220	 34.25219727	 85.13801575	 41.86818695	 34.75131607	         -12	          14
 0.10000	 84.23999786	 41.89744186	 34.77813721	 82.83984375	 41.57490158	 34.34919357	         -13	          15
 0.10000	 81.99101257	 41.46069336	 34.07656479	 80.64521027	 41.26734924	 33.44425964	         -14	          16
 0.10000	 79.76274872	 41.42794800	 33.38555908	 78.48561859	 42.09148788	 33.80618668	         -15	          17
 0.10000	 77.75904083	 42.51880264	 34.11765289	 76.72122192	 43.35892105	 34.79961014	         -16	          18
 0.10000	 75.99781036	 43.69117737	 35.21649933	 74.73031616	 44.01649094	 35.94855499	         -17	          19
 0.10000	 73.88464355	 43.95256042	 36.24713135	 72.47221375	 43.46952057	 36.39075470	         -18	          20
 0.10000	 71.82687378	 42.91523743	 36.68226624	 71.40703583	 41.66286850	 37.39241791	         -19	          21
 0.10000	 70.77552032	 41.06867599	 37.63026047	 69.40259552	 40.46706009	 37.66812897	         -20	          22
 0.10000	 68.54890442	 40.18740082	 37.69563675	 67.06857300	 39.94983292	 37.70798874	         -21	          23
 0.10000	 66.19493103	 39.74790192	 37.64753723	 64.80366516	 39.24018860	 37.41340256	         -22	          24
 0.10000	 63.91519928	 39.35980606	 37.34967804	 62.68301773	 40.21366119	 37.37337875	         -23	          25
 0.10000	 61.90558243	 40.66271210	 37.40633774	 60.63261032	 41.45124817	 37.47934341	         -24	          26
 0.10000	 59.78789139	 41.69784927	 37.66011429	 58.38414764	 41.68736267	 38.18645859	         -25	          27
 0.10000	 57.51143646	 41.72978973	 38.39553070	 56.02336502	 41.74999237	 38.57754135	         -26	          28
 0.10000	 55.18474960	 42.03236389	 38.73486328	 54.06525040	 42.99108505	 39.01055145	         -27	          29
 0.10000	 53.22239304	 43.19255447	 39.24958801	 51.85049438	 42.88816833	 39.77258682	         -28	          30
 0.10000	 50.95906448	 42.77477264	 39.78218079	 49.54584503	 42.60472870	 39.31136703	         -29	          31
 0.10000	 48.70026779	 42.59061050	 39.00853348	 47.33301163	 42.71019745	 38.40540314	         -30	          32
 0.10000	 46.51392746	 42.81281662	 38.05088425	 45.19618988	 43.14627838	 37.41812134	         -31	          33
 0.10000	 44.32909393	 43.01285172	 37.22232819	 42.98838806	 42.34198380	 37.25433350	         -32	          34
 0.10000	 42.33078384	 41.73115158	 37.30846405	 41.63354874	 40.41196823	 37.45860291	         -33	          35
 0.10000	 41.23506165	 39.65285873	 37.73048782	 40.56682968	 38.54900360	 38.49494934	         -34	          36
 0.10000	 40.68050003	 37.71063614	 38.80126953	 41.72621536	 36.63627243	 38.84554672	         -35	          37
 0.10000	 41.98732376	 35.81889725	 39.11647415	 41.84312057	 34.48439407	 39.78574371	         -36	          38
 0.10000	 41.74195862	 33.76069260	 40.31058884	 41.63631058	 32.68947601	 41.35507965	         -37	          39
 0.10000	 41.05461884	 32.36568832	 41.96029663	 39.67249298	 32.52315521	 42.52094650	         -38	          40
 0.10000	 38.93650436	 33.01334763	 42.68537521	 38.24620056	 34.32876205	 42.48080063	         -39	          41
 0.10000	 37.76646805	 35.08519745	 42.40647888	 36.95027924	 36.33148193	 42.23795700	         -40	          42
 0.10000	 36.58095551	 37.14606476	 42.32090759	 36.16036224	 38.52426910	 42.73429108	         -41	          43
 0.10000	 36.06676102	 39.36386871	 43.03899384	 36.21414185	 40.71483231	 43.67168808	         -42	          44
 0.10000	 36.27269745	 41.55611420	 43.98074722	 36.33303452	 43.00102997	 44.37602997	         -43	          45
 0.10000	 36.49016571	 43.83016205	 44.68533707	 37.07499695	 45.08127594	 45.26975632	         -44	          46
 0.10000	 36.91542816	 45.87046051	 45.67087555	 35.78388977	 46.74058533	 46.13137817	         -45	          47
 0.10000	 35.71118164	 47.45345688	 46.67549515	 36.56604767	 48.32175827	 47.55009460	         -46	          48
 0.10000	 37.11321259	 48.76841354	 48.10733032	 38.26218033	 49.21381760	 48.96228409	         -47	          49
 0.10000	 38.64080811	 49.67872620	 49.63291931	 38.60776901	 50.61879730	 50.80100632	         -48	          50
 0.10000	 38.85746002	 51.11517715	 51.50812531	 39.50180054	 51.85883331	 52.63975143	         -49	          51
 0.10000	 40.18610764	 52.04652023	 53.19187164	 41.59865189	 51.87610245	 53.66511917	         -50	          52
 0.10000	 42.39398193	 51.65038681	 54.01707077	 43.62889099	 51.04696655	 54.61574936	         -51	          53
 0.10000	 44.28216553	 50.52822113	 54.94887924	 45.13092041	 49.39011383	 55.43015289	         -52	          54
 0.10000	 45.76982498	 48.83964157	 55.73908997	 46.96800995	 48.11761475	 56.27799225	         -53	          55
 0.10000	 47.74909592	 47.75300980	 56.53145599	 49.17129517	 47.37368393	 56.81734848	         -54	          56
 0.10000	 49.88438416	 46.86948013	 57.03124237	 50.61762238	 45.58505630	 57.27966309	         -55	          57
 0.10000	 51.30106354	 45.29429626	 57.78714371	 52.26588440	 45.78092575	 58.82713699	         -56	          58
 0.10000	 52.78422165	 46.15290833	 59.46109772	 53.43905258	 47.11007309	 60.41187668	         -57	          59
 0.10000	 53.80368805	 47.35652542	 61.19600677	 54.22628021	 47.17927933	 62.62378311	         -58	          60
 0.10000	 54.51794052	 47.17038727	 63.47396469	 55.03248596	 47.21868134	 64.88147736	         -59	          61
 0.10000	 55.33784103	 47.26259995	 65.72583008	 55.81137848	 47.48405457	 67.13130951	         -60	          62
 0.10000	 56.17281723	 47.22295380	 67.91225433	 56.90462494	 46.29104233	 68.83165741	         -61	          63
 0.10000	 56.87985611	 45.56934738	 69.36817169	 56.19359970	 44.33196259	 69.86566925	         -62	          64
 0.10000	 55.45486832	 43.92664337	 70.18087006	 53.99182892	 44.06193161	 70.48159790	         -63	          65
 0.10000	 53.12398529	 44.02518082	 70.71450043	 51.69250107	 43.84796524	 71.12472534	         -64	          66
 0.10000	 50.86080170	 44.02086639	 71.41933441	 49.69546890	 44.73213196	 72.03955841	         -65	          67
 0.10000	 48.87799072	 45.10592651	 72.02950287	 47.60883331	 45.58595276	 71.39155579	         -66	          68
 0.10000	 46.82985306	 45.88609314	 71.05915833	 45.53906250	 46.38047791	 70.47854614	         -67	          69
 0.10000	 44.72561646	 46.66899109	 70.22903442	 43.29714966	 47.01914978	 69.93789673	         -68	          70
 0.10000	 42.61729431	 47.60662460	 69.94692993	 42.05599976	 48.95133209	 70.29941559	         -69	          71
 0.10000	 41.68181229	 49.75917816	 70.41681671	 41.11503601	 51.13874054	 70.56610870	         -70	          72
 0.10000	 40.71827698	 51.92683029	 70.40115356	 40.02634048	 53.06937408	 69.72154999	         -71	          73
 0.10000	 39.60451889	 53.76076126	 69.33561707	 38.87106705	 54.88916397	 68.67641449	         -72	          74
 0.10000	 38.51087189	 55.61080933	 68.28311920	 37.97805023	 56.85808182	 67.64526367	         -73	          75
 0.10000	 37.94275665	 57.67899323	 67.28314209	 38.41765976	 59.01053238	 66.78449249	         -74	          76
 0.10000	 38.53953552	 59.84857178	 66.48489380	 38.50378036	 61.25846100	 65.97621155	         -75	          77
 0.10000	 38.61088562	 62.13969421	 65.83529663	 38.97768402	 63.59239960	 65.77337646	         -76	          78
 0.10000	 39.15048981	 64.37751770	 66.17680359	 39.17607117	 65.17884064	 67.44429016	         -77	          79
 0.10000	 39.66864014	 65.62012482	 68.05419159	 41.04586029	 65.84275818	 68.60487366	         -78	          80
 0.10000	 41.60886002	 66.47321320	 68.91243744	 41.88137436	 67.92716217	 69.15840912	         -79	          81
 0.10000	 41.98359680	 68.81831360	 69.21644592	 41.89991760	 70.31301117	 69.13295746	         -80	          82
 0.10000	 41.94859695	 71.19812775	 68.98593140	 42.16341782	 72.62229156	 68.56926727	         -81	          83
 0.10000	 42.25017166	 73.46814728	 68.27798462	 42.46178436	 74.83815002	 67.70637512	         -82	          84
 0.10000	 42.14310837	 75.60534668	 67.36230469	 40.99186707	 76.43801880	 66.88242340	         -83	          85
 0.10000	 40.39012527	 77.09479523	 66.75846863	 39.50235748	 78.29715729	 66.88201904	         -84	          86
 0.10000	 38.99070740	 79.03660583	 66.85914612	 38.19218826	 80.26364899	 66.53320312	         -85	          87
 0.10000	 37.83332443	 80.97745514	 66.94718170	 37.82552338	 81.50173187	 68.35242462	         -86	          88
 0.10000	 37.38035965	 82.11162567	 68.84173584	 36.24718857	 83.09171295	 68.77280426	         -87	          89
 0.10000	 35.70835495	 83.77779388	 68.99183655	 35.10116196	 84.99748230	 69.61844635	         -88	          90
 0.10000	 34.58798981	 85.63618469	 69.98860168	 33.59479141	 86.54698944	 70.64632416	         -89	          91
 0.10000	 32.85062027	 86.98178101	 70.90237427	 31.42904282	 87.43034363	 71.06551361	         -90	          92
 0.10000	 30.59244537	 87.74134064	 71.17507935	 29.15029716	 88.12773895	 71.31685638	         -91	          93
 0.10000	 28.58699417	 88.81853485	 71.43857574	 28.42517090	 90.27883911	 71.73976135	         -92	          94
 0.10000	 28.63165283	 91.12466431	 71.51294708	 29.42285538	 91.97615051	 70.56507111	         -93	          95
 0.10000	 30.12861443	 92.41046906	 70.21488190	 31.55166054	 92.78072357	 69.91933441	         -94	          96
 0.10000	 32.42620087	 92.95096588	 70.04399872	 33.71789169	 93.11457062	 70.78841400	         -95	          97
 0.10000	 34.54061508	 92.95180511	 71.11369324	 35.80684662	 92.25417328	 71.51287079	         -96	          98
 0.10000	 36.61856079	 91.88632202	 71.63638306	 38.00430679	 91.33763123	 71.46813202	         -97	          99
 0.10000	 38.66913986	 90.97364807	 71.95309448	 38.99114227	 90.52799988	 73.34855652	         -98	         100
 0.10000	 39.63790131	 90.49337006	 73.97319794	 41.00064850	 90.81039429	 74.51383972	         -99	           0
