1.49999
2.37052
3.70015
4.51015
5.50288
6.35161
7.58871
8.09062
8.24579
8.66665
9.47883
10.25920
11.65950
12.32718
12.94936
13.50446
14.61368
14.99373
15.08226
14.93008
14.25392
13.93409
13.47428
13.26178
12.95500
13.10471
13.92667
14.14350
13.86938
14.13932
14.99431
15.44207
15.86626
16.47916
17.63491
18.34695
19.61798
20.07847
20.21579
20.34802
20.44659
20.81514
21.68978
22.33231
23.55930
24.31501
25.60912
26.34795
27.40019
28.07376
29.19383
29.96407
31.18061
31.84864
32.81214
33.44569
34.55681
35.14948
36.01110
36.53246
37.39057
38.00467
39.13436
