0.00019130
0.00053690
0.00082105
0.00090248
0.00132781
0.00144151
0.00144151
0.00108558
0.00047473
0.00023988
0.00023988
0.00028318
0.00032657
0.00032657
0.00020531
0.00014341
0.00019492
0.00019492
0.00013212
0.00021926
0.00026914
0.00026914
0.00023488
0.00036055
0.00077169
0.00116304
0.00116304
0.00088234
0.00053304
0.00044314
0.00028452
0.00028452
0.00063883
0.00096100
0.00096100
0.00081496
0.00066614
0.00052285
0.00025901
0.00023352
0.00022204
0.00023958
0.00054963
0.00122017
0.00156114
0.00156114
0.00127499
0.00083369
0.00038674
0.00029628
0.00063887
0.00100192
0.00100192
0.00098396
0.00076589
0.00058244
0.00063947
0.00137204
0.00225155
0.00247836
0.00247836
0.00213055
0.00119270
0.00055553
0.00034062
0.00027892
0.00027892
0.00042907
0.00056165
0.00059636
0.00068608
0.00068608
0.00034807
0.00070913
0.00088779
0.00096674
0.00103464
0.00103464
0.00112956
0.00112956
0.00097249
0.00070955
0.00126524
0.00145753
0.00145753
0.00128877
0.00072972
0.00049762
0.00028318
0.00013423
0.00019188
0.00019792
0.00045777
0.00061831
0.00061876
0.00061876
0.00061439
0.00043061
0.00020602
0.00000000
