1.49999
2.31138
3.24357
4.11966
5.24935
5.77361
6.12255
6.75508
8.01221
8.85313
9.36385
9.95906
10.19383
10.29385
9.68610
9.07582
8.79126
8.56316
8.24036
8.72860
9.25629
9.83740
10.54646
11.38352
12.18973
12.67607
12.88040
13.12493
13.55906
13.67253
13.45994
13.39591
13.29081
14.04863
15.33453
15.61576
14.28118
14.66778
15.97946
16.81138
18.01831
18.84438
19.16612
18.96109
18.00876
17.65631
17.55445
17.93326
19.09054
19.53195
19.02328
18.77767
18.04027
18.45681
19.56022
20.18781
21.07774
21.61933
22.04814
22.91541
23.01132
23.37108
24.09372
24.63282
25.69459
26.00774
25.46832
25.08953
25.00162
24.62350
23.59204
23.85143
25.20930
25.97227
26.54927
26.89641
26.49139
26.14530
25.57251
25.29658
25.05517
24.78787
24.51097
24.10834
23.30591
23.19161
23.77550
24.16238
25.05364
24.92215
23.92687
23.16772
22.80639
22.30030
21.61495
20.84283
19.36499
18.92008
19.32554
19.99615
20.90446
20.47305
19.02629
18.20505
17.32693
16.70501
15.62942
14.94364
14.18337
13.35552
12.20594
11.41692
10.69122
10.44206
10.33704
10.97875
12.23164
13.00841
14.10257
14.66715
13.82577
13.40302
12.61029
11.98778
10.72996
10.02298
8.95895
8.24323
7.11957
6.46438
5.54457
4.89622
3.85003
3.65002
4.31688
4.52741
4.66868
4.71236
4.69950
4.60829
4.31097
4.38513
5.05261
4.73261
3.55886
3.39530
4.51772
5.14645
5.87980
6.73232
7.19261
7.60941
8.12542
8.79023
9.46798
10.19961
10.30611
10.41409
10.36167
10.41884
10.64508
10.72048
10.50208
11.12620
12.41408
13.06539
13.18571
13.13357
12.46284
12.79052
14.12764
14.45934
13.69090
13.30492
13.14589
12.64779
12.38979
12.31827
12.59293
12.53376
12.12495
12.01399
11.98296
12.15925
12.74708
13.16302
14.09459
14.02349
12.96127
12.63922
12.93360
12.39232
10.89501
10.26125
10.41797
9.93310
8.78396
8.70608
9.60053
