0.00013643
0.00013643
0.00000000
0.00000000
0.00047095
0.00000000
0.00000000
0.00000000
0.00000000
0.00000000
0.00000000
0.00000000
0.00027305
0.00002643
0.00000000
0.00000000
0.00000000
0.00000000
0.00033145
0.00000000
0.00003509
0.00007104
0.00014882
0.00014882
0.00007944
0.00000288
0.00343946
0.00343946
0.00039929
0.00028931
0.00016565
0.00005099
0.00000736
0.00017609
0.00017609
0.00000000
0.00000000
0.00000000
0.00038541
0.00238829
0.00238829
0.00035515
0.00048849
0.00011133
0.00023884
0.00022879
0.00010471
0.00017762
0.00017762
0.00016790
0.00022879
0.00015295
0.00027305
0.00016417
0.00003908
0.00014126
0.00007980
0.00022602
0.00022602
0.00010899
0.00006664
0.00006664
0.00006627
0.00015356
0.00016712
0.00016712
0.00027900
0.00027900
0.00017214
0.00014226
0.00000000
0.00019070
0.00026682
0.00026682
0.00013811
0.00013811
0.00013204
0.00013474
0.00013474
0.00010701
0.00012493
0.00012493
0.00017380
0.00017380
0.00013525
0.00010608
0.00015352
0.00020181
0.00020181
0.00017405
0.00010133
0.00010133
0.00008582
0.00022220
0.00022220
0.00028689
0.00028689
0.00023958
0.00022972
0.00015076
0.00018855
0.00021012
0.00021012
0.00012812
0.00017903
0.00022267
0.00032818
0.00032818
0.00025132
0.00016800
0.00011318
0.00011318
0.00009353
0.00021956
0.00196632
0.00196632
0.00326335
0.00326335
0.00019940
0.00011957
0.00006561
0.00013542
0.00000000
0.00000000
0.00000000
0.00017338
0.00048849
0.00038541
0.00027138
0.00000000
0.00002095
0.00007941
0.00001554
0.00031177
0.00004380
0.00013716
0.00013716
0.00014765
0.00022629
0.00022629
0.00010889
0.00023995
0.00023995
0.00002801
0.00011929
0.00022953
0.00047914
0.00063585
0.00063585
0.00028126
0.00029568
0.00029568
0.00021047
0.00017315
0.00014368
0.00028881
0.00028881
0.00016486
0.00016486
0.00019022
0.00019857
0.00019857
0.00031312
0.00031312
0.00019385
0.00013389
0.00009035
0.00009035
0.00025994
0.00025994
0.00023905
0.00023905
0.00012421
0.00016259
0.00016284
0.00016284
0.00014134
0.00014134
0.00010708
0.00020095
0.00020095
0.00016467
0.00016008
0.00013651
0.00007355
0.00009537
0.00022193
0.00022193
0.00019738
0.00023669
0.00023669
0.00018774
0.00013596
0.00024744
0.00024744
0.00016919
0.00013237
0.00013237
0.00010258
0.00010642
0.00010642
0.00008076
0.00020358
0.00038328
0.00038328
0.00026443
0.00012278
0.00014674
0.00014674
0.00013025
0.00013025
0.00020709
0.00020709
0.00029749
0.00029749
0.00031282
0.00031282
0.00020093
0.00020093
0.00011714
0.00026546
0.00026546
0.00023098
0.00023098
0.00009483
0.00015183
0.00015183
0.00010966
0.00015260
0.00031919
0.00031919
0.00030060
0.00028711
0.00019756
0.00011399
0.00009887
0.00024008
0.00035453
0.00035453
0.00020769
0.00017723
0.00019386
0.00019386
0.00024919
0.00024919
0.00012576
0.00000000
0.00015035
0.00015035
0.00017315
0.00013162
0.00021725
0.00021725
0.00015353
0.00000000
0.00024365
0.00011103
0.00007159
0.00000000
0.00024365
0.00008720
0.00008720
0.00010594
0.00010594
0.00003009
0.00000000
0.00000000
0.00027645
0.00241445
0.00241445
0.00036734
0.00022221
0.00000000
0.00009120
0.00021906
0.00021308
0.00040864
0.00004236
0.00042364
0.00021360
0.00040864
0.00025353
0.00011636
0.00000000
0.00000000
0.00000000
0.00021308
0.00021611
0.00019775
0.00028152
0.00002495
0.00002592
0.00002592
0.00000000
0.00049593
0.00078560
0.00018420
0.00000000
0.00002253
0.00383885
0.00383885
0.00028567
0.00028567
0.00008382
0.00000000
0.00019950
0.00019950
0.00020657
0.00020657
0.00018508
0.00021906
0.00024948
0.00042364
0.00019054
0.00006564
0.00017396
0.00024030
0.00024030
0.00021403
0.00021403
0.00009986
0.00015063
0.00018811
0.00018811
0.00007777
0.00015401
0.00016257
0.00016257
0.00014769
0.00014641
0.00011557
0.00012069
0.00012069
0.00012837
0.00012837
0.00015190
0.00028688
0.00032993
0.00032993
0.00003256
0.00011187
0.00026255
0.00000000
0.00007697
0.00018508
0.00020053
0.00277849
0.00277849
0.00018420
0.00004221
0.00020050
0.00010605
0.00010694
0.00009049
0.00010678
0.00010678
0.00020050
0.00030032
0.00030032
0.00026315
0.00026315
0.00040974
0.00073214
0.00073214
0.00037884
0.00019092
0.00009663
0.00002781
0.00037214
0.00079461
0.00000000
0.00038616
0.00004781
0.00004781
0.00038616
0.00000000
0.00007071
0.00007071
0.00005527
0.00000000
0.00375141
0.00375141
0.00040357
0.00031608
0.00049327
0.00049327
0.00029318
0.00011083
0.00021893
0.00021893
0.00039570
0.00039570
0.00035937
0.00017325
0.00013598
0.00013598
0.00009407
0.00026690
0.00009517
0.00021028
0.00215620
0.00215620
0.00031586
0.00031586
0.00010163
0.00000000
0.00026690
0.00008564
0.00000000
0.00020000
0.00020000
0.00025376
0.00038127
0.00038127
0.00026770
0.00032543
0.00032543
0.00013479
0.00013479
0.00032773
0.00032773
0.00030205
0.00013012
0.00013012
0.00026288
0.00054906
0.00082920
0.00082920
0.00073021
0.00041741
0.00018650
0.00007312
0.00012291
0.00024933
0.00024933
0.00015636
0.00022919
0.00022919
0.00021759
0.00020977
0.00020977
0.00015846
0.00022645
0.00022645
0.00024692
0.00024692
0.00022407
0.00022407
0.00019433
0.00030446
0.00031918
0.00050463
0.00050463
0.00039286
0.00036241
0.00036241
0.00018356
0.00016811
0.00021960
0.00000000
0.00003785
0.00019576
0.00034699
0.00034699
0.00020131
0.00017457
0.00017457
0.00008305
0.00001407
0.00009516
0.00014741
0.00014741
0.00010400
0.00010400
0.00019895
0.00023934
0.00023934
0.00008813
0.00000000
0.00021960
0.00000000
0.00000594
0.00016758
0.00016758
0.00006052
0.00012225
0.00019720
0.00032626
0.00032626
0.00030591
0.00013659
0.00010587
0.00010587
0.00002768
0.00015346
0.00021210
0.00024167
0.00024167
0.00020942
0.00014389
0.00027187
0.00027187
0.00023379
0.00022658
0.00019119
0.00007902
0.00017546
0.00020770
0.00020770
0.00000000
0.00000000
0.00000000
0.00000755
0.00014254
0.00005784
0.00023313
0.00026893
0.00026893
0.00022789
0.00018048
0.00000493
0.00000000
0.00000000
0.00000000
0.00062905
0.00000000
0.00000000
0.00000000
0.00000000
0.00177851
0.00177851
0.00000000
0.00012159
0.00012159
0.00000000
0.00014254
0.00000299
0.00000000
0.00000000
0.00000000
0.00002988
0.00031511
0.00031511
0.00038507
0.00038507
0.00012903
0.00011238
0.00034144
0.00034144
0.00032377
0.00032377
0.00026774
0.00010592
0.00013324
0.00017588
0.00017588
0.00000000
0.00013604
0.00042800
0.00060996
0.00060996
0.00000000
0.00351100
0.00351100
0.00042042
0.00031815
0.00006900
0.00020926
0.00020926
0.00030018
0.00030018
0.00034233
0.00034233
0.00025881
0.00025881
0.00021260
0.00015111
0.00019642
0.00019642
0.00021299
0.00021381
0.00024763
0.00025864
0.00025864
0.00020926
0.00031038
0.00031038
0.00018625
0.00018625
0.00022646
0.00022646
0.00018205
0.00019181
0.00000000
0.00000000
0.00000000
0.00038773
0.00004477
0.00017210
0.00017210
0.00015092
0.00015092
0.00000000
0.00038773
0.00017104
0.00000000
0.00014311
0.00014311
0.00017339
0.00017339
0.00021316
0.00033412
0.00033412
0.00019078
0.00016733
0.00016733
0.00007765
0.00022615
0.00022615
0.00031143
0.00050978
0.00050978
0.00023978
0.00012725
0.00012725
0.00018719
0.00018719
0.00035347
0.00035347
0.00019212
0.00015361
0.00017254
0.00042040
0.00042040
0.00029536
0.00026810
0.00021004
0.00030740
0.00030740
0.00036722
0.00036722
0.00034104
0.00031603
0.00031603
0.00024544
0.00003002
0.00030381
0.00030381
0.00027425
0.00027425
0.00035095
0.00035095
0.00015104
0.00022229
0.00026489
0.00026489
0.00017962
0.00020231
0.00020231
0.00029907
0.00029907
0.00034248
0.00034248
0.00030509
0.00030509
0.00027632
0.00030354
0.00035351
0.00035351
0.00031646
0.00038821
0.00038821
0.00020443
0.00025833
0.00050541
0.00065466
0.00065466
0.00033672
0.00014736
0.00014736
0.00017577
0.00044547
0.00044547
0.00037569
0.00025730
0.00008791
0.00037482
0.00037637
0.00037637
0.00009644
0.00009491
0.00017427
0.00022024
0.00029335
0.00029335
0.00023138
0.00031491
0.00031491
0.00035148
0.00035148
0.00032167
0.00012200
0.00015721
0.00015721
0.00021595
0.00035720
0.00035720
0.00012103
0.00016004
0.00018291
0.00023164
0.00023164
0.00011144
0.00033589
0.00058946
0.00058946
0.00029301
0.00012466
0.00025387
0.00025387
0.00016556
0.00016556
0.00015066
0.00026183
0.00026225
0.00026225
0.00027715
0.00027715
0.00033437
0.00033437
0.00024603
0.00023264
0.00009714
0.00022460
0.00022460
0.00035271
0.00035271
0.00033468
0.00022073
0.00034995
0.00034995
0.00020903
0.00002908
0.00025951
0.00025951
0.00020080
0.00022295
0.00022295
0.00008096
0.00028499
0.00056608
0.00056608
0.00037397
0.00026875
0.00016583
0.00024634
0.00024634
0.00016770
0.00012889
0.00017624
0.00017624
0.00021565
0.00021565
0.00026777
0.00026777
0.00028320
0.00049206
0.00052073
0.00052073
0.00037233
0.00031616
0.00031616
0.00021760
0.00022079
0.00016050
0.00014397
0.00035796
0.00035796
0.00020500
0.00022992
0.00022992
0.00023768
0.00033230
0.00033230
0.00023053
0.00023053
0.00021990
0.00021990
0.00018977
0.00018867
0.00018867
0.00015541
0.00011738
0.00011738
0.00012894
0.00018990
0.00018990
0.00030960
0.00030960
0.00014245
0.00014245
0.00001810
0.00004590
0.00012570
0.00000000
0.00014391
0.00014391
0.00014193
0.00023876
0.00052638
0.00052638
0.00022102
0.00022102
0.00012570
0.00025249
0.00025249
0.00019916
0.00034859
0.00034859
0.00027349
0.00024680
0.00024680
0.00015372
0.00024444
0.00027074
0.00027074
0.00009030
0.00020097
0.00020097
0.00007469
0.00007469
0.00018595
0.00018910
0.00018910
0.00021757
0.00035533
0.00035533
0.00023522
0.00019516
0.00019516
0.00031141
0.00031141
0.00010288
0.00010288
0.00028754
0.00028754
0.00009249
0.00011973
0.00018773
0.00018773
0.00025509
0.00037401
0.00042930
0.00042930
0.00022335
0.00032464
0.00041963
0.00041963
0.00041781
0.00041781
0.00024339
0.00037070
0.00037070
0.00032130
0.00021847
0.00023514
0.00045790
0.00045790
0.00040781
0.00016866
0.00039638
0.00039638
0.00035923
0.00032656
0.00032656
0.00030353
0.00028001
0.00026144
0.00029898
0.00029898
0.00022658
0.00015117
0.00028563
0.00052268
0.00072741
0.00072741
0.00048494
0.00033919
0.00033919
0.00029582
0.00029582
0.00027069
0.00023108
0.00018567
0.00002708
0.00100700
0.00117638
0.00000000
0.00042337
0.00100700
0.00117638
0.00089461
0.00018497
0.00000000
0.00028301
0.00044057
0.00044057
0.00024934
0.00022100
0.00030775
0.00041024
0.00041024
0.00027358
0.00036264
0.00061899
0.00061899
0.00056101
0.00026700
0.00020277
0.00039875
0.00039875
0.00033016
0.00033016
0.00030060
0.00030060
0.00022691
0.00047931
0.00047931
0.00027967
0.00013951
0.00018179
0.00020224
0.00020224
0.00004984
0.00016807
0.00034092
0.00034092
0.00022117
0.00040275
0.00040275
0.00019905
0.00038060
0.00038060
0.00020922
0.00020922
0.00019454
0.00019454
0.00036226
0.00036226
0.00001955
0.00014758
0.00014758
0.00042261
0.00076262
0.00076262
0.00046728
0.00051195
0.00051195
0.00034121
0.00032993
0.00044648
0.00044648
0.00021693
0.00023737
0.00023737
0.00010558
0.00020181
0.00020181
0.00027988
0.00027988
0.00024345
0.00033419
0.00033419
0.00033729
0.00033729
0.00030418
0.00025117
0.00025117
0.00048759
0.00048759
0.00035626
0.00016349
0.00022391
0.00035443
0.00035443
0.00029959
0.00015741
0.00004488
0.00019212
0.00000000
0.00010411
0.00019212
0.00035646
0.00035646
0.00020271
0.00020311
0.00030226
0.00030226
0.00028567
0.00015636
