0.00012583
0.00012583
0.00043430
0.00058905
0.00058905
0.00046455
0.00036381
0.00012654
0.00004854
0.00018148
0.00029468
0.00029468
0.00022074
0.00013259
0.00026230
0.00027865
0.00027865
0.00022369
0.00018117
0.00018960
0.00018960
0.00017729
0.00016145
0.00005531
0.00015761
0.00021658
0.00021658
0.00033978
0.00033978
0.00031231
0.00027007
0.00027007
0.00013988
0.00025801
0.00025801
0.00014895
0.00018023
0.00018023
0.00010172
0.00016737
0.00020469
0.00020469
0.00013190
0.00013190
0.00016230
0.00023664
0.00023664
0.00021116
0.00015627
0.00019844
0.00019844
0.00016804
0.00016094
0.00021372
0.00021372
0.00023779
0.00023779
0.00017680
0.00004047
0.00014757
0.00014757
0.00018487
0.00018487
0.00018303
0.00019198
0.00021839
0.00021839
0.00017074
0.00017074
0.00014549
0.00020933
0.00027101
0.00028576
0.00028576
0.00018913
0.00018913
0.00019852
0.00019852
0.00019755
0.00014290
0.00030337
0.00030337
0.00023966
0.00028773
0.00028773
0.00017417
0.00018886
0.00019026
0.00019026
0.00014402
0.00014402
0.00020935
0.00022021
0.00022021
0.00022753
0.00023952
0.00023952
0.00016457
0.00016457
0.00014494
0.00014054
0.00020253
0.00020253
0.00021654
0.00021654
0.00021204
0.00021204
0.00022640
0.00022640
0.00019885
0.00018151
0.00044903
0.00044903
0.00035190
0.00035190
0.00025305
0.00012117
0.00014229
0.00016689
0.00039885
0.00039885
0.00025706
0.00024638
0.00014612
0.00014612
0.00018008
0.00018008
0.00018671
0.00018671
0.00010800
0.00014562
0.00018760
0.00018760
0.00016183
0.00016062
0.00022448
0.00022448
0.00026142
0.00029053
0.00066485
0.00105167
0.00105167
0.00074241
0.00032362
0.00014459
0.00014075
0.00022738
0.00031401
0.00031401
0.00023127
0.00020021
0.00020021
0.00019821
0.00022578
0.00039508
0.00039508
0.00025430
0.00017309
0.00017309
0.00035641
0.00035641
0.00012814
0.00013488
0.00041535
0.00041535
0.00014148
0.00008490
0.00010402
0.00016560
0.00023171
0.00026662
0.00026662
0.00025296
0.00037793
0.00037793
0.00025215
0.00020183
0.00034615
0.00034615
0.00032899
0.00024500
0.00024500
0.00021769
0.00017668
0.00025085
0.00027335
0.00027335
0.00016181
0.00035497
0.00035497
0.00025565
0.00039248
0.00057368
0.00057368
0.00033194
0.00070725
0.00135606
0.00197003
0.00217596
0.00217596
0.00180045
0.00112758
0.00020245
0.00019117
0.00023270
0.00023270
0.00022993
0.00047493
0.00047493
0.00036351
0.00008152
0.00000000
0.00000000
0.00243687
0.00334109
0.00000000
0.00000000
0.00000000
0.00003205
0.00021127
0.00023497
0.00023497
0.00026967
0.00296088
0.00334109
0.00000000
0.00000000
0.00000000
0.00011905
0.00025820
0.00033033
0.00033033
0.00032470
0.00035451
0.00039003
0.00039003
0.00030541
0.00030541
0.00028188
0.00038939
0.00038939
0.00028212
0.00013988
0.00023667
0.00024321
0.00039691
0.00039691
0.00022226
0.00045941
0.00045941
0.00040745
0.00037070
0.00039786
0.00065238
0.00081126
0.00081126
0.00066382
0.00066382
0.00044526
0.00037296
0.00049539
0.00086031
0.00110922
0.00111950
0.00171652
0.00200509
0.00200509
0.00175482
0.00138458
0.00135178
0.00108251
0.00059581
0.00036146
0.00036146
0.00050704
0.00050704
0.00037957
0.00031054
0.00025401
0.00025401
0.00035276
0.00035276
0.00013870
0.00013870
0.00024327
0.00024327
0.00023843
0.00010513
0.00023893
0.00023893
0.00021236
0.00021236
0.00019978
0.00019926
0.00036831
0.00036831
0.00013533
0.00023208
0.00031148
0.00031148
0.00030465
0.00022234
0.00022234
0.00016298
0.00016298
0.00014578
0.00014578
0.00022464
0.00031759
0.00031759
0.00025707
0.00025707
0.00021688
0.00036085
0.00036085
0.00025208
0.00037091
0.00037091
0.00014431
0.00021655
0.00023234
0.00023234
0.00044580
0.00044580
0.00027376
0.00027376
0.00026500
0.00026500
0.00017186
0.00016859
0.00018113
0.00018113
0.00008000
0.00030773
0.00030773
0.00031958
0.00031958
0.00026659
0.00058899
0.00100606
0.00100606
0.00072580
0.00045071
0.00036334
0.00018534
0.00020749
0.00024492
0.00036112
0.00036112
0.00041054
0.00041054
0.00023936
0.00004302
0.00028806
0.00028806
0.00042741
0.00042741
0.00020222
0.00020222
0.00016922
0.00016922
0.00014513
0.00016191
0.00018673
0.00030645
0.00040703
0.00044600
0.00044600
0.00023663
0.00017502
0.00017130
0.00027738
0.00028702
0.00028702
0.00023346
0.00018273
0.00036059
0.00036797
0.00036797
0.00020286
0.00032622
0.00032622
0.00033636
0.00033636
0.00039898
0.00039898
0.00017367
0.00025505
0.00025505
0.00024706
0.00031484
0.00033470
0.00033470
0.00022297
0.00019654
0.00029538
0.00029538
0.00017490
0.00020589
0.00020589
0.00018800
0.00011205
0.00032832
0.00032832
0.00039678
0.00039678
0.00024671
0.00015604
0.00013721
0.00012320
0.00012320
0.00000000
0.00000000
0.00032934
0.00000000
0.00000000
0.00000000
0.00018199
0.00029767
0.00039107
0.00039107
0.00016359
0.00012427
0.00032256
0.00006554
0.00019557
0.00023902
0.00025753
0.00025753
0.00020836
0.00025545
0.00165825
0.00165825
0.00034542
0.00005703
0.00013659
0.00020309
0.00025337
0.00037933
0.00037933
0.00023220
0.00010011
0.00020990
0.00020990
0.00032934
0.00020403
0.00021518
0.00024921
0.00024921
0.00073326
0.00100302
0.00100302
0.00093015
0.00058819
0.00037580
0.00032497
0.00024424
0.00019964
0.00028240
0.00029976
0.00029976
0.00024785
0.00013934
0.00019628
0.00019628
0.00019843
0.00025477
0.00027179
0.00027790
0.00027790
0.00022282
0.00022357
0.00047157
0.00081917
0.00081917
0.00046604
0.00027022
0.00032618
0.00032618
0.00036207
0.00059755
0.00146874
0.00146874
0.00017879
0.00028253
0.00028253
0.00000000
0.00031199
0.00036920
0.00036920
0.00037106
0.00037106
0.00033099
0.00033852
0.00033852
0.00026049
0.00026049
0.00022704
0.00022704
0.00020929
0.00036132
0.00036132
0.00026789
0.00013242
0.00000000
0.00046543
0.00000000
0.00000602
0.00016772
0.00036483
