1.49999
2.17985
2.95785
2.56850
1.09248
1.08222
1.71242
2.59418
4.07924
4.96258
6.37978
7.18747
7.88955
8.74986
10.24080
10.83788
10.64879
9.98952
9.34645
9.37897
10.16296
10.96920
11.27428
11.02754
10.13680
9.32034
8.11169
7.52625
8.52794
9.03879
9.98607
10.38822
9.94109
10.02839
10.33032
11.15691
12.43205
13.26628
14.66780
15.45326
16.73012
17.02594
17.08631
17.09071
16.68857
17.53889
18.19025
18.38647
17.90086
17.48576
17.44812
17.38560
17.36945
17.43277
17.51894
17.42157
17.00864
17.28445
17.87660
18.45835
19.31364
20.08479
19.56353
19.99541
20.77945
21.42258
22.71795
23.16497
23.04624
23.28529
23.94731
24.28103
24.78781
24.87949
24.58822
24.73497
25.49466
25.55785
24.95763
24.73506
24.96566
24.57843
23.46248
22.61408
22.49587
22.61015
23.31249
23.67696
23.70473
24.59076
25.25160
25.80640
26.34790
27.14239
28.16512
28.78398
29.39660
29.39065
28.73773
28.30542
27.96124
27.57200
27.05387
26.23655
25.68086
25.07939
23.93584
23.49364
23.67584
24.29482
25.58344
26.35070
27.37089
27.44488
26.26484
26.53083
28.00585
28.64675
28.36298
28.20636
27.70766
27.57958
27.69762
27.55541
27.33012
27.49707
28.23413
28.61145
28.60837
28.37846
27.65974
27.11392
26.11546
25.76077
24.97594
24.56138
24.18356
23.98526
23.73615
23.70832
23.56775
24.32295
25.03206
24.65944
24.70684
24.29472
23.89502
23.61198
23.31716
23.11942
23.01333
22.52164
21.94893
21.40854
20.29835
19.88082
19.68278
19.63673
19.71048
19.80178
19.61831
20.24827
21.63721
22.16187
21.72525
22.49463
23.20785
23.98189
25.05147
25.38255
25.32305
24.91659
24.68052
24.36524
24.59644
24.82957
25.67471
25.72357
24.73452
23.94989
23.57887
23.28689
22.91699
22.52252
21.98541
21.41339
20.59865
20.14029
19.96065
19.57495
18.65790
18.18823
17.49681
17.24988
16.83785
17.60496
18.77751
19.15674
18.41059
