0.00116152
0.00132858
0.00142807
0.00193664
0.00193664
0.00164614
0.00159620
0.00185051
0.00234151
0.00234151
0.00283754
0.00283754
0.00282405
0.00260688
0.00235996
0.00235996
0.00196905
0.00287789
0.00339584
0.00339584
0.00268159
0.00207361
0.00205961
0.00225280
0.00267593
0.00305147
0.00305147
0.00269226
0.00212400
0.00189366
0.00178084
0.00175910
0.00280853
0.00281655
0.00281655
0.00230982
0.00211239
0.00161847
0.00161847
0.00178941
0.00202466
0.00210737
0.00210737
0.00176274
0.00246806
0.00246806
0.00164060
0.00210984
0.00210984
0.00189218
0.00145198
0.00245329
0.00252192
0.00252192
0.00138027
0.00170238
0.00289131
0.00289131
0.00269902
0.00269902
0.00323416
0.00323416
0.00227663
0.00129942
0.00133230
0.00133230
0.00150100
0.00161019
0.00161019
0.00142636
0.00135349
0.00156466
0.00185437
0.00226581
0.00226581
0.00257817
0.00257817
0.00206289
0.00248159
0.00314350
0.00314350
0.00255485
0.00223337
0.00215989
0.00215989
0.00158685
0.00143320
0.00151779
0.00151779
0.00103781
0.00066154
0.00103244
0.00155749
0.00168042
0.00168042
0.00095499
0.00108921
0.00192758
0.00248975
0.00248975
0.00196729
0.00088388
0.00076789
0.00125206
0.00182993
0.00250005
0.00250005
0.00287456
0.00293893
0.00293893
0.00251807
0.00200476
0.00145159
0.00131584
0.00138162
0.00188822
0.00257513
0.00257513
0.00226206
0.00211843
0.00243562
0.00299378
0.00299378
0.00221034
0.00189492
0.00229668
0.00229668
0.00195666
0.00215787
0.00215787
0.00201536
0.00153368
0.00155874
0.00178527
0.00241183
0.00308727
0.00354575
0.00354575
0.00350185
0.00350185
0.00316304
0.00262653
0.00219805
0.00157788
0.00175162
0.00208278
0.00271627
0.00271627
0.00258459
0.00208085
0.00157287
0.00139295
0.00155949
0.00213017
0.00283930
0.00289144
0.00289144
0.00249619
0.00248689
0.00174049
0.00177663
0.00189104
0.00189104
0.00186383
0.00195550
0.00225153
0.00281819
0.00281819
0.00228906
0.00154118
0.00129748
0.00166644
0.00186837
0.00211287
0.00228799
0.00228799
0.00244476
0.00244476
0.00207503
0.00150319
0.00127623
0.00164198
0.00164198
0.00126662
0.00157426
0.00157426
0.00153116
0.00129003
0.00144482
0.00168442
0.00168442
0.00147662
0.00195836
0.00284789
0.00311833
0.00311833
0.00196290
0.00184021
0.00184021
0.00177643
0.00227940
0.00227940
0.00179722
0.00179722
0.00183700
0.00183700
0.00211794
0.00293280
0.00293280
0.00210943
0.00234110
0.00317899
0.00317899
0.00248722
0.00248722
0.00162015
0.00280132
0.00280132
0.00256850
0.00233158
0.00218777
0.00306289
0.00306289
0.00248629
0.00251123
0.00251123
0.00169440
0.00323087
0.00323087
0.00244782
0.00388285
0.00388285
0.00259911
0.00159851
0.00222506
0.00222506
0.00207654
0.00188960
0.00229652
0.00229652
0.00221120
0.00145174
0.00158415
0.00217808
0.00244533
0.00244533
0.00236877
0.00162987
0.00145526
0.00199898
0.00202320
0.00244659
0.00244659
0.00207116
0.00205232
0.00248579
0.00248579
0.00237569
0.00237569
0.00205519
0.00160858
0.00167388
0.00230140
0.00230140
0.00225489
0.00225489
0.00148241
0.00120376
0.00201585
0.00270691
0.00270691
0.00238357
0.00172386
0.00219624
0.00219624
0.00214087
0.00187374
0.00187374
0.00167856
0.00167856
0.00162008
0.00274233
0.00338302
0.00338302
0.00300563
0.00242671
0.00242671
0.00269601
0.00269601
0.00199864
0.00141356
0.00136677
0.00137024
0.00147962
0.00147962
0.00135794
0.00188613
0.00191489
0.00191489
0.00206967
0.00261449
0.00261449
0.00228520
0.00180610
0.00187747
0.00229123
0.00229123
0.00212811
0.00212811
0.00210281
0.00160465
0.00174316
0.00174316
0.00131467
0.00183967
0.00183967
0.00169424
0.00138939
0.00129716
0.00164674
0.00170664
0.00170664
0.00157637
0.00174082
0.00174082
0.00149098
0.00171250
0.00205582
0.00257107
0.00257107
0.00231877
0.00202793
0.00197554
0.00197554
0.00177291
0.00131146
0.00125702
0.00174263
0.00179356
0.00179356
0.00127196
0.00168173
0.00181752
0.00252445
0.00312403
0.00312403
0.00271848
0.00273740
0.00273740
0.00257401
0.00200282
0.00141387
0.00126260
0.00122315
0.00167445
0.00199618
0.00199618
0.00149570
0.00162491
0.00162491
0.00145877
0.00203983
0.00270410
0.00270410
0.00207121
0.00145878
0.00133504
0.00133504
0.00131758
0.00152952
0.00152952
0.00143541
0.00135654
0.00157191
0.00211198
0.00212806
0.00212806
0.00146291
0.00133290
0.00169401
0.00195614
0.00195614
0.00209476
0.00209476
0.00200956
0.00162377
0.00169594
0.00179648
0.00179648
0.00162727
0.00159044
0.00214606
0.00214606
0.00200113
0.00154507
0.00139349
0.00195814
0.00196079
0.00209350
0.00210893
0.00210893
0.00222673
0.00265719
0.00265719
0.00194299
0.00180038
0.00309256
0.00309256
0.00269113
0.00334937
0.00365577
0.00365577
0.00339156
0.00310694
0.00204561
0.00135006
0.00155820
0.00155820
0.00189314
0.00189613
0.00222269
0.00262045
0.00262045
0.00240237
0.00124846
0.00165692
0.00208975
0.00234542
0.00234542
0.00197350
0.00189812
0.00224442
0.00224442
0.00219566
0.00213687
0.00160518
0.00180286
0.00241139
0.00241139
0.00212550
0.00176851
0.00133195
0.00120222
0.00191697
0.00191697
0.00188251
0.00145298
0.00145298
0.00145221
0.00199893
0.00199893
0.00193476
0.00143173
0.00164671
0.00226024
0.00232586
0.00232586
0.00178615
0.00209350
0.00209350
0.00204110
0.00141144
0.00141144
0.00124766
0.00124766
0.00121866
0.00146018
0.00214403
0.00214403
0.00143974
0.00143974
0.00115586
0.00115586
0.00148479
0.00211132
0.00211132
0.00141608
0.00154968
0.00213810
0.00213810
0.00209628
0.00209628
0.00188517
0.00171048
0.00164273
0.00164273
0.00156371
0.00206080
0.00206080
0.00183494
0.00150183
0.00150183
0.00146549
0.00126765
0.00133896
0.00193733
0.00193733
0.00192633
0.00185170
0.00166185
0.00207217
0.00220572
0.00259940
0.00304951
0.00304951
0.00249925
0.00167634
0.00153351
0.00153351
0.00172676
0.00220917
0.00220917
0.00199596
0.00258554
0.00258554
0.00230653
0.00192551
0.00139492
0.00118436
0.00131772
0.00131772
0.00126975
0.00159336
0.00159336
0.00180305
0.00180305
0.00167193
0.00167193
0.00154374
0.00193953
0.00249882
0.00249882
0.00126353
0.00136167
0.00181435
0.00218504
0.00267208
0.00297990
0.00297990
0.00287256
0.00292353
0.00292353
0.00211319
0.00157723
0.00188554
0.00188554
0.00194945
0.00275893
0.00275893
0.00256417
0.00173638
0.00174986
0.00239207
0.00239207
0.00164288
0.00194850
0.00233900
0.00236146
0.00236146
0.00191155
0.00175121
0.00169448
0.00228429
0.00228429
0.00225019
0.00225019
0.00146108
0.00190325
0.00190325
0.00170781
0.00210594
0.00210594
0.00163027
0.00129820
0.00182476
0.00182476
0.00162986
0.00196920
0.00202304
0.00202304
0.00180727
0.00153379
0.00176184
0.00318896
0.00318896
0.00345431
0.00345431
0.00290639
0.00190346
0.00128851
0.00233916
0.00233916
0.00228656
0.00253777
0.00295831
0.00364143
0.00364143
0.00332459
0.00290241
0.00288178
0.00245365
0.00187279
0.00136050
0.00134121
0.00170117
0.00170117
0.00211156
0.00211156
0.00294306
0.00294306
0.00178185
0.00143205
0.00143205
0.00174259
0.00181273
0.00181273
0.00127271
0.00097637
0.00150023
0.00202187
0.00202187
0.00147320
0.00115544
0.00122767
0.00122767
0.00122184
0.00125064
0.00125064
0.00182712
0.00198441
0.00217900
0.00217900
0.00256914
0.00256914
0.00210959
0.00142216
0.00142216
0.00180007
0.00213127
0.00271734
0.00330977
0.00339047
0.00339047
0.00255872
0.00177496
0.00143571
0.00169631
0.00169631
0.00160603
0.00250011
0.00250011
0.00222901
0.00189667
0.00200843
0.00247999
0.00308835
0.00308835
0.00308425
0.00291032
0.00300892
0.00300892
0.00277390
0.00206411
0.00247473
0.00247473
0.00205379
0.00233409
0.00233409
0.00200256
0.00248451
0.00356054
0.00356054
0.00256477
0.00255934
0.00255934
0.00305364
0.00305364
0.00311527
0.00311527
0.00220130
0.00240783
0.00311140
0.00311140
0.00238191
0.00244037
0.00244037
0.00243319
0.00337044
0.00337044
0.00249251
0.00277593
0.00277593
0.00199867
0.00176476
0.00175396
0.00209022
0.00209022
0.00205230
0.00222791
0.00222791
0.00229027
0.00255305
0.00255305
0.00251236
0.00251236
0.00290602
0.00361616
0.00361616
0.00284638
0.00260244
0.00260244
0.00217110
0.00213547
0.00242157
0.00242157
0.00234419
0.00189566
0.00210881
0.00210881
0.00204481
0.00253013
0.00327428
0.00379104
0.00406888
0.00406888
0.00342973
0.00265271
0.00227835
0.00261171
0.00261171
0.00195700
0.00155307
0.00225927
0.00225927
0.00222898
0.00296613
0.00296613
0.00232898
0.00232898
0.00199353
0.00199353
0.00213026
0.00282517
0.00292340
0.00317886
0.00317886
0.00296555
0.00296555
0.00229086
0.00174982
0.00196588
0.00270241
0.00270241
0.00233094
0.00209669
0.00198770
0.00256960
0.00316989
0.00316989
0.00192557
0.00164024
0.00253782
0.00253782
0.00344165
0.00344165
0.00229740
0.00206917
0.00224095
0.00249594
0.00333653
0.00333653
0.00263793
0.00207254
0.00207254
0.00178723
0.00178723
0.00141237
0.00151828
0.00230645
0.00274544
0.00274544
0.00267743
0.00208490
0.00213159
0.00270376
0.00270376
0.00222545
0.00221457
0.00211268
0.00211268
0.00167880
0.00192642
0.00240672
0.00260620
0.00273799
0.00273799
0.00253824
0.00187479
0.00243441
0.00354633
0.00354633
0.00286483
0.00254534
0.00273185
0.00273185
0.00279677
0.00408983
0.00408983
0.00288609
0.00227054
0.00336137
0.00397091
0.00397091
0.00434350
0.00434350
0.00464023
0.00464023
0.00341879
0.00343488
0.00399516
0.00402626
0.00418938
0.00475018
0.00475018
0.00435926
0.00441632
0.00441632
0.00474824
0.00474824
0.00409514
0.00392299
0.00324295
0.00324295
0.00285598
0.00249771
0.00306818
0.00409063
0.00489505
0.00489505
0.00369378
0.00299968
0.00268411
0.00264879
0.00356195
0.00356195
0.00385864
0.00385864
0.00303386
0.00223639
0.00230373
0.00361067
0.00361067
0.00282632
0.00297688
0.00304124
0.00304124
0.00239282
0.00274217
0.00274217
0.00251164
0.00338675
0.00338675
0.00337571
0.00354991
0.00399094
0.00399094
0.00385701
0.00345191
0.00372055
0.00465075
0.00465075
0.00398786
0.00320643
0.00348755
0.00430041
0.00430041
0.00372702
0.00283367
0.00290822
0.00335858
0.00415663
0.00425193
0.00425193
0.00394772
0.00345450
0.00357485
0.00376235
0.00376235
0.00326560
0.00228338
0.00275552
0.00409292
0.00492645
0.00492645
0.00436059
0.00389163
0.00344089
0.00286909
0.00323819
0.00323819
0.00252394
0.00297151
0.00380942
0.00380942
0.00393823
0.00393823
0.00311004
0.00397518
0.00397518
0.00328498
0.00350299
0.00489702
0.00497361
0.00516910
0.00516910
0.00450543
0.00325717
0.00259512
0.00318303
0.00419000
0.00419000
0.00322376
0.00339374
0.00339374
0.00378224
0.00378224
0.00281007
0.00255722
0.00326228
0.00326228
0.00317904
0.00317904
0.00314227
0.00349508
0.00349508
0.00297196
0.00343052
0.00406802
0.00406802
0.00317585
0.00368332
0.00449392
0.00504346
0.00504346
0.00325989
0.00348377
0.00348377
0.00303234
0.00280544
0.00280544
0.00332261
0.00332261
0.00261765
0.00317800
0.00317800
0.00295271
0.00419240
0.00419240
0.00363933
0.00352727
0.00352727
0.00308611
0.00371402
0.00391577
0.00391577
0.00273397
0.00262270
0.00240616
0.00264693
0.00293869
0.00293869
0.00237567
0.00262232
0.00262232
0.00251710
0.00294780
0.00329920
0.00329920
0.00303807
0.00303807
0.00326180
0.00411299
0.00420686
0.00420686
0.00347566
0.00260166
0.00215307
0.00245042
0.00310209
0.00310209
0.00263932
0.00189416
0.00189416
0.00224257
0.00311465
0.00311465
0.00295122
0.00257885
0.00153474
0.00089830
