0.00007682
0.00018227
0.00032074
0.00036863
0.00036863
0.00005875
0.00020959
0.00038248
0.00038248
0.00034171
0.00028814
0.00030455
0.00035693
0.00035693
0.00026182
0.00019437
0.00014804
0.00018022
0.00018022
0.00020018
0.00027962
0.00027962
0.00030152
0.00039330
0.00049589
0.00049589
0.00034911
0.00021698
0.00016550
0.00021606
0.00021606
0.00020482
0.00020482
0.00018797
0.00024322
0.00028061
0.00028061
0.00022034
0.00021125
0.00019913
0.00012946
0.00012946
0.00011323
0.00016060
0.00024603
0.00024603
0.00022043
0.00018496
0.00006641
0.00025705
0.00039899
0.00039899
0.00024924
0.00017580
0.00016312
0.00019944
0.00019944
0.00019215
0.00019215
0.00020019
0.00020019
0.00008089
0.00016218
0.00016218
0.00020613
0.00039414
0.00039414
0.00037993
0.00037993
0.00032221
0.00014849
0.00009991
0.00012820
0.00017208
0.00017208
0.00008303
0.00014145
0.00014145
0.00015013
0.00016310
0.00016310
0.00027954
0.00027954
0.00009612
0.00012604
0.00020617
0.00023098
0.00023098
0.00021595
0.00022846
0.00022846
0.00019184
0.00019184
0.00012872
0.00007559
0.00020058
0.00020058
0.00021640
0.00023996
0.00023996
0.00012981
0.00012501
0.00012501
0.00016265
0.00017373
0.00028147
0.00028147
0.00023401
0.00015852
0.00019285
0.00019285
0.00021582
0.00021582
0.00021200
0.00014820
0.00014039
0.00024377
0.00024377
0.00028458
0.00030381
0.00030381
0.00020701
0.00021914
0.00021914
0.00011296
0.00007766
0.00020990
0.00021767
0.00021767
0.00020413
0.00020413
0.00011912
0.00028658
0.00028658
0.00019989
0.00020270
0.00020270
0.00016925
0.00016925
0.00015816
0.00009770
0.00011881
0.00016953
0.00016953
0.00013276
0.00009024
0.00006795
0.00005802
0.00016235
0.00016235
0.00009833
0.00010218
0.00012094
0.00015175
0.00015175
0.00002624
0.00005616
0.00011142
0.00011142
0.00010145
0.00006004
0.00006004
0.00006592
0.00023494
0.00023494
0.00005859
0.00009680
0.00015366
0.00019652
0.00019652
0.00017976
0.00017976
0.00007991
0.00018009
0.00018009
0.00013246
0.00015966
0.00015966
0.00013076
0.00010661
0.00005906
0.00003932
0.00003932
0.00003634
0.00009064
0.00016457
0.00020981
0.00026849
0.00044458
0.00044458
0.00029130
0.00014262
0.00006453
0.00009668
0.00009668
0.00007908
0.00012293
0.00014885
0.00022330
0.00022330
0.00013923
0.00013620
0.00027857
0.00027857
0.00015677
0.00028826
0.00028826
0.00030942
0.00030942
0.00020805
0.00019428
0.00022162
0.00022162
0.00018932
0.00033167
0.00033167
0.00022732
0.00024026
0.00024026
0.00021660
0.00019946
0.00019946
0.00017323
0.00031286
0.00031286
0.00020172
0.00026577
0.00042207
0.00042207
0.00022146
0.00018788
0.00018788
0.00024048
0.00025549
0.00025549
0.00018372
0.00005754
0.00012100
0.00012100
0.00030252
0.00030252
0.00024940
0.00016064
0.00026018
0.00032486
0.00032486
0.00020851
0.00017013
0.00017013
0.00020808
0.00020808
0.00027278
0.00027278
0.00025857
0.00022862
0.00015020
0.00014474
0.00033320
0.00033320
0.00036892
0.00036892
0.00026714
0.00035873
0.00035873
0.00031163
0.00014525
0.00013663
0.00029116
0.00029116
0.00011886
0.00019097
0.00021647
0.00021647
0.00013537
0.00028397
0.00032134
0.00032134
0.00019784
0.00009792
0.00009792
0.00014751
0.00017010
0.00021894
0.00021894
0.00019751
0.00017462
0.00017462
0.00020728
0.00038291
0.00038291
0.00037397
0.00037397
0.00031089
0.00015092
0.00023602
0.00023602
0.00023551
0.00018618
0.00022026
0.00022026
0.00021943
0.00028811
0.00028811
0.00037138
0.00040609
0.00040609
0.00036770
0.00012928
0.00022257
0.00022257
0.00017298
0.00017298
0.00012016
0.00028061
0.00035545
0.00035545
0.00014303
0.00020640
0.00025322
0.00034529
0.00034529
0.00028051
0.00028051
0.00016922
0.00032307
0.00046589
0.00046589
0.00029663
0.00035764
0.00035764
0.00033530
0.00023617
0.00018296
0.00018160
0.00016459
0.00016459
0.00030679
0.00030679
0.00023915
0.00023915
0.00023567
0.00036033
0.00036033
0.00025498
0.00025498
0.00020694
0.00020694
0.00019709
0.00043204
0.00043204
0.00039120
0.00039120
0.00035106
0.00016275
0.00023033
0.00023033
0.00019875
0.00020935
0.00023337
0.00033140
0.00033140
0.00032550
0.00032550
0.00012849
0.00041763
0.00041763
0.00039889
0.00039889
0.00026479
0.00017953
0.00017125
0.00017125
0.00028492
0.00041995
0.00055853
0.00065272
0.00065272
0.00040840
0.00035723
0.00049515
0.00049515
0.00020206
0.00041724
0.00041724
0.00020227
0.00036390
0.00036390
0.00036300
0.00022290
0.00000000
0.00000000
0.00000000
0.00080657
0.00000000
0.00000000
0.00000000
0.00000000
0.00000000
0.00000000
0.00080657
0.00074665
0.00000000
0.00000000
0.00000000
0.00000000
0.00010535
0.00041742
0.00041742
0.00040586
0.00044844
0.00044844
0.00022959
0.00037137
0.00046035
0.00046035
0.00038329
0.00036676
0.00036676
0.00024394
0.00039964
0.00066142
0.00066142
0.00038428
0.00019961
0.00023023
0.00025506
0.00028732
0.00028732
0.00023405
0.00032876
0.00043415
0.00066342
0.00066342
0.00039779
0.00026660
0.00023455
0.00032702
0.00032702
0.00028017
0.00049324
0.00049324
0.00035422
0.00029729
0.00029729
0.00021568
0.00029867
0.00029867
0.00030434
0.00033207
0.00041225
0.00041225
0.00029884
0.00029884
0.00025187
0.00025187
0.00023426
0.00019117
0.00008190
0.00000000
0.00025112
0.00009959
0.00000000
0.00011937
0.00025112
0.00027409
0.00037319
0.00037319
0.00032197
0.00044053
0.00044053
0.00047701
0.00047701
0.00044192
0.00024621
0.00023317
0.00043336
0.00071929
0.00079314
0.00079314
0.00046077
0.00031126
0.00031126
0.00023708
0.00040970
0.00040970
0.00027471
0.00048746
0.00048746
0.00036250
0.00011015
0.00036008
0.00046572
0.00053799
0.00053799
0.00033447
0.00049039
0.00049039
0.00040939
0.00034543
0.00042758
0.00042758
0.00035388
0.00035388
0.00033267
0.00030780
0.00022897
0.00016559
0.00022193
0.00030646
0.00035552
0.00039092
0.00039092
0.00019543
0.00037909
0.00041191
0.00041191
0.00040516
0.00020894
0.00024031
0.00046705
0.00046705
0.00041841
0.00021427
0.00048855
0.00048855
0.00038241
0.00025192
0.00018551
0.00018551
0.00021091
0.00021091
0.00028065
0.00042420
0.00042420
0.00030297
0.00019092
0.00019092
0.00027559
0.00027559
0.00031403
0.00050870
0.00050870
0.00041802
0.00074920
0.00074920
0.00041559
0.00020041
0.00042206
0.00060166
0.00060166
0.00037387
0.00023121
0.00023367
0.00023367
0.00022380
0.00037395
0.00037395
0.00026527
0.00035760
0.00035760
0.00008665
0.00020064
0.00027030
0.00034033
0.00034033
0.00036226
0.00036226
0.00026578
0.00020382
0.00020382
0.00021617
0.00033290
0.00057475
0.00057475
0.00039278
0.00026186
0.00021196
0.00021196
0.00010461
0.00021044
0.00021044
0.00019984
0.00019984
0.00022904
0.00022904
0.00017850
0.00023446
0.00031861
0.00031861
0.00023280
0.00012825
0.00014520
0.00026386
0.00026386
0.00024440
0.00018683
0.00030261
0.00035404
0.00035404
0.00049533
0.00049533
0.00047107
0.00038737
0.00038737
0.00036561
0.00036561
0.00019010
0.00018368
0.00037076
0.00037076
0.00048073
0.00068821
0.00068821
0.00044913
0.00020209
0.00031594
0.00031594
0.00034537
0.00034537
0.00029073
0.00037687
0.00058978
0.00058978
0.00037318
0.00029965
0.00032440
0.00032440
0.00027737
0.00027737
0.00021307
0.00016160
0.00019256
0.00019256
0.00016447
0.00022587
0.00043783
0.00062062
0.00062062
0.00039372
0.00019792
0.00029984
0.00043190
0.00073225
0.00073225
0.00044113
0.00031521
0.00036810
0.00042803
0.00044227
0.00044227
0.00047503
0.00047503
0.00027669
0.00013878
0.00029885
0.00044044
0.00044044
0.00021813
0.00000000
0.00018904
0.00392350
0.00392350
0.00036171
0.00041281
0.00041281
0.00041519
0.00041519
0.00038743
0.00038743
0.00025969
0.00025969
0.00037650
0.00065484
0.00079223
0.00079223
0.00055292
0.00035443
0.00015455
0.00026632
0.00033212
0.00033212
0.00031945
0.00055014
0.00055014
0.00048221
0.00032560
0.00030827
0.00030827
0.00030493
0.00046622
0.00046622
0.00045096
0.00045096
0.00041745
0.00041745
0.00025575
0.00031536
0.00031536
0.00031209
0.00034564
0.00044833
0.00044833
0.00036476
0.00033066
0.00033066
0.00023403
0.00026672
0.00027339
0.00027339
0.00032658
0.00032658
0.00025249
0.00024936
0.00044543
0.00044543
0.00044491
0.00012280
0.00007589
0.00042942
0.00000000
0.00017820
0.00046854
0.00046854
0.00031467
0.00025656
0.00037816
0.00037816
0.00032845
0.00032845
0.00029506
0.00029506
0.00041506
0.00041506
0.00032814
0.00020447
0.00020447
0.00025753
0.00025753
0.00016708
0.00016708
0.00000000
0.00000000
0.00000000
0.00000000
0.00031044
0.00031044
0.00026754
0.00029681
0.00029681
0.00038881
0.00038881
0.00023501
0.00043124
0.00043124
0.00036625
0.00028260
0.00025586
0.00025587
0.00025587
0.00035290
0.00035290
0.00032606
0.00030541
0.00042082
0.00048036
0.00048036
0.00036288
0.00036288
0.00012314
0.00012419
0.00036473
0.00036473
0.00031671
0.00035335
0.00035335
0.00023085
0.00027459
0.00031738
0.00031738
0.00029802
0.00036750
0.00036750
0.00032955
0.00032955
0.00032842
0.00034732
0.00034732
0.00020751
0.00034281
0.00034281
0.00025477
0.00029584
0.00029584
0.00036880
0.00036880
0.00030646
0.00021473
0.00045309
0.00045309
0.00042349
0.00040352
0.00035921
0.00035921
0.00030027
0.00030027
0.00036226
0.00036226
0.00023183
0.00023183
0.00026686
0.00026686
0.00037018
0.00037018
0.00035840
0.00032857
0.00035190
0.00035190
0.00022879
0.00035387
0.00035387
0.00046151
0.00057950
0.00057950
0.00036745
0.00036745
0.00023401
0.00040695
0.00052696
0.00052696
0.00037406
0.00022832
0.00022832
0.00045404
0.00077629
0.00077629
0.00066982
0.00042274
0.00041196
0.00036809
0.00036809
0.00031019
0.00022556
0.00010670
0.00016360
0.00007731
0.00000000
0.00030383
0.00030383
0.00024830
0.00024830
0.00049007
0.00078440
0.00097390
0.00097390
0.00065921
0.00040453
0.00035211
0.00045156
0.00045156
0.00020105
0.00026362
0.00026362
0.00026687
0.00026687
0.00023953
0.00014309
0.00022705
0.00038332
0.00038332
0.00024477
0.00026180
0.00036296
0.00036296
0.00027255
0.00027255
0.00032074
0.00032074
0.00024669
0.00022431
0.00022431
0.00028198
0.00028198
0.00021928
0.00011363
0.00025322
0.00029991
0.00029991
0.00045167
0.00045167
0.00042834
0.00033593
0.00012077
0.00416839
0.00416839
0.00045263
0.00023118
0.00022069
0.00061618
0.00026045
0.00051930
0.00051930
0.00045802
0.00027466
0.00027466
0.00039678
0.00039678
0.00043188
0.00043188
0.00040982
0.00024087
0.00029701
0.00041176
0.00041176
0.00029364
0.00025523
0.00020669
0.00030287
0.00048764
0.00048764
0.00049161
0.00066274
0.00066274
0.00036403
0.00032806
0.00033917
0.00033917
0.00017483
0.00025894
0.00025894
0.00019162
0.00019059
0.00041307
0.00041307
0.00040650
0.00034833
0.00057983
0.00057983
0.00030837
0.00025687
0.00025687
0.00023776
0.00031298
0.00031298
0.00034669
0.00053702
0.00053702
0.00050912
0.00025377
0.00025377
0.00025333
0.00025333
0.00051714
0.00051714
0.00049164
0.00024296
0.00042481
0.00042481
0.00036306
0.00038035
0.00038035
0.00035371
0.00038412
0.00038412
0.00025926
0.00027942
0.00027942
0.00016360
0.00000000
0.00000000
0.00028244
0.00028244
0.00032073
0.00032073
0.00031160
0.00031160
0.00036041
0.00054696
0.00054696
0.00028576
0.00021332
0.00021332
0.00016380
0.00037234
0.00037234
0.00029531
0.00056439
0.00066311
0.00066311
0.00050058
0.00030750
0.00023556
0.00035045
0.00036572
0.00036572
0.00037972
0.00054778
0.00054778
0.00042183
0.00039591
0.00017734
