1.49986
2.37660
3.76790
4.60192
5.95439
6.81916
8.27636
9.14355
10.51592
11.36929
12.82083
13.65551
14.97657
15.78301
17.15270
17.90880
18.99342
19.62409
20.57945
21.31444
22.70794
23.55709
24.98557
25.87353
27.26301
28.07035
29.18742
30.00304
31.43071
32.27146
33.65144
34.43725
35.66342
36.38187
37.49072
38.29272
39.76095
40.58279
41.78248
42.48991
43.61992
44.31207
45.48768
46.16841
47.22225
47.91487
49.15288
49.89334
51.11865
51.92692
53.36259
54.17245
55.40542
56.17339
57.39088
58.22996
59.63783
60.50389
61.96572
62.80591
64.00331
64.79822
66.15360
