1.49999
2.34590
3.56872
4.31774
5.43182
6.12084
7.03771
7.71700
9.10680
8.95472
7.48135
7.19691
8.55961
9.33698
10.42845
11.11330
12.14324
12.93263
13.72892
14.21515
14.61191
15.49776
16.18147
16.37931
16.63842
16.07401
15.59693
15.45483
15.54996
15.98678
16.37613
15.72259
15.33141
15.08272
15.12343
15.32391
16.13713
16.56105
16.55017
16.14981
14.75249
14.29156
15.69407
15.65655
14.38554
13.77301
14.15080
14.81624
15.59440
16.45862
17.58901
17.65025
16.43035
15.66238
14.18919
13.49889
13.25053
13.15511
12.87217
13.72565
14.61778
15.37980
16.74116
