0.00014636
0.00027782
0.00035869
0.00041085
0.00041085
0.00027207
0.00038525
0.00038525
0.00036041
0.00052158
0.00062444
0.00079631
0.00079631
0.00063557
0.00033126
0.00026744
0.00029489
0.00064455
0.00087348
0.00106392
0.00106392
0.00094141
0.00058770
0.00028859
0.00041720
0.00051966
0.00064603
0.00078606
0.00078606
0.00072109
0.00039325
0.00026741
0.00012707
0.00009298
0.00014374
0.00039616
0.00046435
0.00046435
0.00024332
0.00056996
0.00098192
0.00112441
0.00112441
0.00102750
0.00103962
0.00106892
0.00170028
0.00203342
0.00203342
0.00199293
0.00190045
0.00141836
0.00069603
0.00043481
0.00089425
0.00109653
0.00109653
0.00091569
0.00050040
0.00029544
0.00045757
0.00046080
0.00046080
0.00024439
0.00016149
0.00016759
0.00016759
0.00021635
0.00052814
0.00147313
0.00209295
0.00215538
0.00215538
0.00155625
0.00087394
0.00066344
0.00048960
0.00058699
0.00058699
0.00037594
0.00030188
0.00069638
0.00087872
0.00087872
0.00104313
0.00154601
0.00164096
0.00164096
0.00146756
0.00123198
0.00125672
0.00125672
0.00124854
0.00104690
0.00059598
0.00023985
0.00017365
0.00009920
0.00007208
0.00004152
