0.00009153
0.00009153
0.00014677
0.00014677
0.00013308
0.00005392
0.00009387
0.00012734
0.00030772
0.00030772
0.00022368
0.00009741
0.00019081
0.00028972
0.00029546
0.00029663
0.00029663
0.00009637
0.00018629
0.00020861
0.00020861
0.00018405
0.00022533
0.00028750
0.00028750
0.00015483
0.00013411
0.00035476
0.00035476
0.00007651
0.00015444
0.00015444
0.00015336
0.00015326
0.00009292
0.00010700
0.00015992
0.00026987
0.00031051
0.00031051
0.00015454
0.00015308
0.00008761
0.00017442
0.00017442
0.00015406
0.00010270
0.00019405
0.00036047
0.00036047
0.00020511
0.00011606
0.00020770
0.00020770
0.00016862
0.00016862
0.00014931
0.00005145
0.00000000
0.00246762
0.00246762
0.00020975
0.00014113
0.00014113
0.00015700
0.00015700
0.00017985
0.00017985
0.00019463
0.00020299
0.00030966
0.00032452
0.00032452
0.00016487
0.00017712
0.00033976
0.00033976
0.00019276
0.00016183
0.00032566
0.00032566
0.00018836
0.00010707
0.00010911
0.00010911
0.00009824
0.00006492
0.00015404
0.00029546
0.00030716
0.00030716
0.00024850
0.00007536
0.00006012
0.00009659
0.00009659
0.00005798
0.00000000
0.00000000
0.00017239
0.00045076
0.00011083
0.00001790
0.00011921
0.00045076
0.00000000
0.00000000
0.00000000
0.00018069
0.00018069
0.00016754
0.00018350
0.00018350
0.00012953
0.00012246
0.00017281
0.00017281
0.00014717
0.00015810
0.00015810
0.00065919
0.00065919
0.00007639
0.00007639
0.00015944
0.00022522
0.00022522
0.00017652
0.00003652
0.00007046
0.00016221
0.00016221
0.00012783
0.00017652
0.00015664
0.00014242
0.00014242
0.00016777
0.00016777
0.00020248
0.00020248
0.00018218
0.00026507
0.00026507
0.00015670
0.00006912
0.00001872
0.00009318
0.00012289
0.00017450
0.00017450
0.00011123
0.00009090
0.00014481
0.00014481
0.00000000
0.00013961
0.00000000
0.00031415
0.00021665
0.00008857
0.00031415
0.00021665
0.00000391
0.00015094
0.00022289
0.00022289
0.00019322
0.00014114
0.00012184
0.00007536
0.00009251
0.00009251
0.00010148
0.00010148
0.00016696
0.00016696
0.00002488
0.00000000
0.00000000
0.00022975
0.00018776
0.00000000
0.00009980
0.00000000
0.00000000
0.00005810
0.00008170
0.00000000
0.00001267
0.00017392
0.00000000
0.00006253
0.00006253
0.00000000
0.00002350
0.00010186
0.00002921
0.00008727
0.00008727
0.00007987
0.00006149
0.00006149
0.00003819
0.00006407
0.00011077
0.00012109
0.00012109
0.00010124
0.00007771
0.00010675
0.00010675
0.00009078
0.00009078
0.00017392
0.00008380
0.00010792
0.00010792
0.00002303
0.00004843
0.00014576
0.00003675
0.00000000
0.00004841
0.00004843
0.00008607
0.00014576
0.00006247
0.00002167
0.00009980
0.00000129
0.00007406
0.00011434
0.00022975
0.00006970
0.00013948
0.00013948
0.00010780
0.00008572
0.00009459
0.00017676
0.00017676
0.00010873
0.00010873
0.00009605
0.00013857
0.00013857
0.00003373
0.00003908
0.00006338
0.00006338
0.00004831
0.00012301
0.00012301
0.00004616
0.00006204
0.00006204
0.00009541
0.00007191
0.00007191
0.00015827
0.00015827
0.00013120
0.00008723
0.00011761
0.00011938
0.00011938
0.00009953
0.00012645
0.00015426
0.00015426
0.00009293
0.00008444
0.00012701
0.00013608
0.00018934
0.00018934
0.00013373
0.00013373
0.00007764
0.00012533
0.00012533
0.00014244
0.00015420
0.00016240
0.00016240
0.00008232
0.00006070
0.00012638
0.00087265
0.00087265
0.00012638
0.00011975
0.00008093
0.00011323
0.00015491
0.00015491
0.00003109
0.00008036
0.00000000
0.00009973
0.00037980
0.00000000
0.00000000
0.00007524
0.00020711
0.00020711
0.00008471
0.00000000
0.00025949
0.00006550
0.00000000
0.00037980
0.00014998
0.00002524
0.00014998
