 0.40000	 10.42446804	 12.70523548	 18.32162476	 10.77642918	 12.32255363	 16.91461563	           0	           2
 0.40000	 11.07438374	 12.41121674	 16.06991577	 11.57205200	 13.19805336	 14.89381027	          -1	           3
 0.40000	 12.10173035	 13.76010132	 14.43175316	 13.55624771	 13.67886066	 14.07441521	          -2	           4
 0.40000	 14.32752991	 13.79525089	 13.62562370	 15.40501213	 14.22541428	 12.67494583	          -3	           5
 0.40000	 16.19287872	 14.24636364	 12.24085140	 17.58187866	 14.01896954	 11.72269821	          -4	           6
 0.40000	 18.09194756	 14.74327660	 11.56258583	 19.18613052	 15.28374577	 10.69035435	          -5	           7
 0.40000	 19.00720978	 14.72151852	 10.00861073	 18.00699043	 14.09304619	 10.93302155	          -6	           8
 0.40000	 18.47506332	 13.91946411	 11.68266296	 19.65439415	 14.57616997	 11.02894020	          -7	           9
 0.40000	 19.46271133	 13.97173405	 10.38116837	 18.34677505	 13.23964214	 11.06627274	          -8	          10
 0.40000	 18.82165146	 12.51514149	 11.32892990	 19.94810867	 13.27043247	 10.68832588	          -9	          11
 0.40000	 20.26729584	 13.90113354	 11.24555302	 19.30755424	 13.85946465	 12.39755535	         -10	          12
 0.40000	 19.22761917	 12.97752571	 12.22543430	 20.46953773	 12.96221733	 11.38425064	         -11	          13
 0.40000	 20.67900085	 12.73256588	 10.53426552	 19.58536339	 11.72749424	 10.74263096	         -12	          14
 0.40000	 19.09973907	 10.97683144	 10.84439373	 18.41213417	  9.66440392	 11.07810783	         -13	          15
 0.40000	 18.58315277	  8.92388344	 11.56026554	 19.63779831	  8.71885586	 12.60701752	         -14	          16
 0.40000	 20.47086716	  8.50519753	 12.34188175	 20.08484459	  8.52067280	 10.89248085	         -15	          17
 0.40000	 19.64169884	  9.28249168	 10.70972729	 19.02879524	  9.82646561	 11.96619606	         -16	          18
 0.40000	 19.31154251	 10.68288803	 11.88429451	 20.21455002	 10.06897736	 10.85606956	         -17	          19
 0.40000	 20.88788414	  9.92171764	 10.27766991	 22.12118912	 10.28190517	  9.50370407	         -18	          20
 0.40000	 22.62326050	  9.94659233	  8.83634472	 23.53446960	  9.00306320	  8.10875225	         -19	          21
 0.40000	 24.22037888	  9.28904724	  8.61666298	 23.27714729	 10.09603786	  9.45873833	         -20	          22
 0.40000	 22.84875107	 10.86259937	  9.26148033	 23.16565323	 12.00994682	  8.34868813	         -21	          23
 0.40000	 23.39815903	 11.72346497	  7.52778006	 23.49779701	 10.23261642	  7.65987635	         -22	          24
 0.40000	 23.09774590	  9.50291824	  7.31694365	 21.82386398	  9.12168789	  6.62270069	         -23	          25
 0.40000	 21.05841827	  8.87605000	  6.21761274	 19.80852699	  8.63351822	  5.42445374	         -24	          26
 0.40000	 18.92043877	  8.49447918	  5.47354794	 17.58432007	  8.02221298	  5.96550560	         -25	          27
 0.40000	 17.60957336	  7.17613840	  5.64433718	 19.05957794	  7.50757694	  5.45105743	         -26	          28
 0.40000	 19.43075943	  8.01588917	  4.80783415	 18.65986633	  9.11132145	  4.13276672	         -27	          29
 0.40000	 17.83551407	  9.35391235	  4.40036345	 17.21315575	  8.77269268	  5.63521719	         -28	          30
 0.40000	 16.81891060	  8.33819675	  6.31777382	 15.87308502	  8.00477695	  7.43320990	         -29	          31
 0.40000	 16.18395042	  7.21605492	  7.73534870	 17.30858803	  6.46452665	  8.38374138	         -30	          32
 0.40000	 16.74701118	  5.76115274	  8.42420483	 15.49049473	  6.31712246	  7.82245922	         -31	          33
 0.40000	 15.09462261	  6.97911644	  8.28619671	 16.39606094	  7.54344130	  8.77382660	         -32	          34
 0.40000	 16.81220818	  7.04844666	  9.39983273	 17.14317894	  6.04361916	 10.46322250	         -33	          35
 0.40000	 17.50818634	  6.66712618	 11.00125790	 16.96151352	  7.69329023	 10.05352783	         -34	          36
 0.40000	 17.57355118	  7.63058043	  9.38962364	 18.05014610	  6.46629572	 10.20624638	         -35	          37
 0.40000	 18.30383492	  7.11247778	 10.78549290	 17.67142105	  8.26343536	 10.06049442	         -36	          38
 0.40000	 16.92949677	  8.56354713	  9.64804649	 15.66730213	  7.80461979	  9.36354065	         -37	          39
 0.40000	 15.02126312	  7.17874670	  9.39179039	 14.21695805	  6.59361172	 10.51448727	         -38	          40
 0.40000	 13.54123783	  7.03487444	 10.10513115	 14.05225945	  7.71000338	  8.86715508	         -39	          41
 0.40000	 14.06943417	  6.85430431	  8.56856537	 13.61667252	  6.13816929	  9.80659676	         -40	          42
 0.40000	 13.13039589	  6.22751665	 10.55942535	 12.47635841	  7.55760145	 10.79031849	         -41	          43
 0.40000	 12.26107025	  8.41652775	 10.95251369	 12.31212425	  9.86807346	 11.32741070	         -42	          44
 0.40000	 12.18758488	 10.65724850	 11.74210930	 12.02421665	 11.71769905	 12.79034996	         -43	          45
 0.40000	 11.16233730	 11.97198296	 12.84123611	 10.54078293	 11.21314430	 11.70639420	         -44	          46
 0.40000	  9.70775795	 11.04029083	 11.99994469	  9.65966892	 11.44323921	 13.44399643	         -45	          47
 0.40000	  9.47912884	 11.91368961	 14.18968201	  9.60937881	 13.23901367	 14.88001442	         -46	          48
 0.40000	  8.92394543	 13.33318901	 15.45559311	  8.26673412	 12.00498962	 15.22350216	         -47	          49
 0.40000	  7.45536137	 11.65566921	 15.05202770	  6.10637379	 12.07460880	 14.54774094	         -48	          50
 0.40000	  5.31031704	 12.04744625	 14.12979317	  4.20615101	 11.47135544	 13.29426956	         -49	          51
 0.40000	  3.79554176	 12.22682762	 13.58672619	  4.63510132	 12.71562958	 14.72982788	         -50	          52
 0.40000	  4.80323839	 13.46467590	 14.25979137	  3.98042274	 12.97079945	 13.10693169	         -51	          53
 0.40000	  3.15256667	 12.96109676	 13.46026230	  3.51090860	 12.77224255	 14.90455437	         -52	          54
 0.40000	  3.94853044	 12.67610168	 15.68524170	  4.26317787	 13.00965786	 17.11346436	         -53	          55
 0.40000	  4.75545835	 13.49604130	 17.68898392	  5.79992867	 14.56914997	 17.77584839	         -54	          56
 0.40000	  6.46116066	 15.16835976	 17.65866089	  7.48234987	 15.96122837	 16.89805794	         -55	          57
 0.40000	  8.17746830	 16.41882706	 16.55545616	  8.87001419	 17.35509682	 15.61010456	         -56	          58
 0.40000	  9.09499073	 18.21586609	 15.74546242	  9.08731842	 19.71380043	 15.66888142	         -57	          59
 0.40000	  8.87574768	 19.56566620	 14.80271149	  9.21492386	 18.10486031	 14.76861095	         -58	          60
 0.40000	  8.94479084	 17.33808327	 14.38229275	  7.94080019	 17.46846008	 13.27549267	         -59	          61
 0.40000	  8.10889816	 16.62138748	 13.02123165	  8.99406624	 15.48921776	 13.45153618	         -60	          62
 0.40000	  9.39392662	 14.84603977	 13.94023514	 10.56537819	 14.31065178	 14.70972252	         -61	          63
 0.40000	 10.94540119	 14.65281677	 15.45393372	 10.32942963	 15.98013973	 15.78576565	         -62	          64
 0.40000	  9.60897923	 16.26687050	 15.31900215	  8.83680916	 15.09338188	 14.79199982	         -63	          65
 0.40000	  9.32728195	 14.35444641	 14.96537495	 10.11260796	 14.48620892	 16.23690224	         -64	          66
 0.40000	 10.20354271	 15.33330536	 16.53796577	 10.96296692	 15.98503017	 17.65555191	         -65	          67
 0.40000	 11.61719227	 15.99431038	 18.27834320	 10.73836899	 15.01022720	 18.99185753	         -66	          68
 0.40000	 11.19932652	 14.28583050	 18.72239494	 12.29233360	 14.18187809	 17.70061493	         -67	          69
 0.40000	 11.57393169	 14.16090679	 17.14665222	 10.46239376	 14.17123699	 18.15380859	         -68	          70
 0.40000	 10.51796341	 15.06691647	 18.04023361	 11.89645863	 15.07529259	 17.44872093	         -69	          71
 0.40000	 11.92904758	 14.80182266	 16.59183121	 11.39557552	 13.80443192	 15.60677624	         -70	          72
 0.40000	 11.73229694	 14.38279438	 14.99897575	 12.12781811	 15.57571316	 15.81805897	         -71	          73
 0.40000	 12.36181545	 16.33571434	 16.24198723	 11.70487404	 17.16004562	 17.30935860	         -72	          74
 0.40000	 10.86948109	 16.93133545	 17.04438972	 11.55111790	 15.71341896	 16.49493599	         -73	          75
 0.40000	 12.39928532	 15.55192184	 16.75266457	 13.56809616	 15.49161530	 15.81435013	         -74	          76
 0.40000	 13.74345684	 14.61964607	 15.67661095	 12.58287907	 14.04517651	 16.43372536	         -75	          77
 0.40000	 12.23543262	 13.31232166	 16.82512093	 11.13227463	 13.25690651	 17.84012222	         -76	          78
 0.40000	 10.25977707	 13.41839504	 17.66619873	 10.78982067	 13.87207508	 16.33842087	         -77	          79
 0.40000	 10.97353935	 14.67785263	 16.69704247	  9.78912258	 14.50579453	 17.60127449	         -78	          80
 0.40000	  9.06870174	 14.84289360	 17.17835808	  9.51348877	 15.28707218	 15.81632423	         -79	          81
 0.40000	  9.94867992	 15.14440060	 15.03599167	 10.60180950	 16.32968330	 14.38886738	         -80	          82
 0.40000	 10.72745514	 17.22136307	 14.38646126	  9.87389374	 17.95533752	 15.37797642	         -81	          83
 0.40000	  9.73981857	 17.28502655	 15.97575760	 10.85677433	 16.68294334	 15.17630863	         -82	          84
 0.40000	 11.53750801	 16.55588722	 14.60158730	 12.20036697	 15.30211353	 14.11308861	         -83	          85
 0.40000	 12.72029209	 15.18488216	 14.83830833	 12.35884762	 16.56295204	 15.30763245	         -84	          86
 0.40000	 11.55619240	 16.29938698	 15.61799431	 11.20485020	 15.17456436	 14.68988419	         -85	          87
 0.40000	 10.94567108	 14.82990932	 13.89978790	  9.75990677	 15.74710655	 13.84744930	         -86	          88
 0.40000	  8.97526264	 15.97924900	 14.22275066	  7.50577402	 16.27266693	 14.29024696	         -87	          89
 0.40000	  6.81552029	 16.48722267	 14.82654095	  5.58672237	 17.30832291	 15.08319759	         -88	          90
 0.40000	  5.06842852	 16.59852219	 14.88939571	  6.09355259	 15.56505013	 14.52726173	         -89	          91
 0.40000	  6.68353033	 15.94555378	 13.95976162	  5.81978083	 17.16306114	 14.10636425	         -90	          92
 0.40000	  5.96566153	 17.99745178	 13.80223751	  6.60981846	 18.39565277	 12.50737953	         -91	          93
 0.40000	  6.99016380	 17.64218712	 12.18264008	  6.08885384	 16.97478104	 13.17858219	         -92	          94
 0.40000	  5.42848921	 16.46613312	 13.51772594	  4.31301498	 16.06130219	 14.43520641	         -93	          95
 0.40000	  4.51594162	 15.25712299	 14.78467083	  5.81990194	 14.74010372	 14.25321388	         -94	          96
 0.40000	  6.67568398	 14.60676956	 14.00788975	  8.10984516	 14.55849743	 13.57082558	         -95	          97
 0.40000	  8.87342262	 14.46017933	 13.10409832	 10.34454727	 14.74887848	 13.05306721	         -96	          98
 0.40000	 10.99320984	 15.37001514	 13.11349869	 11.65477657	 16.55724525	 12.47888565	         -97	          99
 0.40000	 10.95993137	 16.59360695	 11.90729237	 10.34220886	 15.27993011	 12.28502083	         -98	         100
 0.40000	  9.81607723	 15.64612579	 12.91667080	 10.44110584	 16.97179031	 13.23589611	         -99	           0
