0.00004321
0.00011968
0.00037574
0.00087651
0.00121734
0.00138043
0.00138043
0.00110143
0.00058643
0.00020615
0.00003739
0.00007959
0.00020621
0.00020621
0.00018977
0.00010965
0.00020793
0.00023682
0.00023682
0.00015558
0.00005690
0.00007366
0.00007366
0.00005439
0.00008450
0.00008450
0.00006838
0.00012106
0.00015650
0.00015650
0.00012732
0.00011707
0.00011707
0.00007294
0.00013147
0.00013147
0.00007280
0.00011796
0.00025890
0.00025890
0.00027774
0.00027774
0.00023428
0.00012784
0.00012784
0.00015112
0.00015112
0.00010614
0.00014949
0.00014949
0.00008448
0.00016565
0.00016565
0.00035234
0.00056811
0.00058220
0.00058220
0.00056291
0.00048938
0.00026659
0.00024780
0.00021992
0.00035096
0.00035096
0.00020288
0.00016146
0.00016146
0.00019076
0.00026454
0.00026454
0.00023427
0.00023427
0.00019540
0.00015879
0.00022293
0.00022293
0.00018518
0.00022169
0.00022169
0.00006364
0.00019255
0.00019255
0.00014586
0.00014681
0.00014681
0.00020566
0.00024099
0.00024099
0.00016898
0.00010680
0.00023445
0.00036833
0.00036833
0.00021364
0.00010619
0.00010619
0.00010750
0.00010750
0.00010999
0.00010999
