1.49985
2.37280
3.74463
4.59599
6.02117
6.90493
8.35798
9.23667
10.70927
11.58630
12.99717
13.84079
15.19643
15.89198
16.71895
17.45514
18.89735
19.66364
20.70739
21.44648
22.78967
23.59363
24.92152
25.78385
27.20742
28.00601
29.12715
29.92934
31.37745
32.20047
33.46568
34.23572
35.48871
36.35325
37.79924
38.66172
40.02489
40.84322
42.21336
42.91852
43.80473
44.41229
45.47555
45.93295
46.32820
46.61994
47.11397
47.54245
48.39258
48.89930
49.74881
50.26121
51.05304
51.63141
52.72552
53.29054
54.09302
54.45935
54.85249
55.11194
55.56700
55.81724
56.18999
